21.37058830
25.37842560
25.19019508
23.49019814
22.79411697
22.29803848
21.30195618
21.48039055
21.38430786
22.65294647
24.83332825
24.63725471
25.43529510
18.63921928
25.70784187
25.16274261
26.36078262
23.79019737
25.81567955
24.69215393
24.84117508
25.06863022
24.31372833
24.79412270
25.01568604
24.64313126
20.82941437
21.64901924
24.79804039
25.27842903
25.77450752
25.14313889
25.39608002
24.62549019
25.42941475
24.24706078
23.86666679
24.86666489
24.37451172
24.80391884
18.83725357
25.23529434
23.81764793
24.34509468
22.53725624
24.57451248
22.73333359
23.27842903
22.10000229
21.98824120
22.67647171
23.58039665
23.96078491
23.11568069
22.08627319
22.18431091
22.16470718
20.04509926
19.32352829
19.36470795
18.68235397
18.78235245
18.80588531
20.45685959
21.49803925
22.46470833
22.85686111
15.88627434
22.40196419
19.26666832
18.89411926
16.55490112
16.57646942
15.29215813
15.01372528
16.61176682
16.31176567
17.98627853
19.64509583
19.90588379
17.14901733
18.61176300
18.11372375
17.99999809
14.70784378
14.04509830
13.80588531
14.34313774
13.55097961
14.45294285
15.11176300
16.25294304
18.19215584
18.06470871
13.35294151
18.48431778
16.77647018
15.46078396
13.82941151
12.84902096
13.67450809
13.48431110
13.64117718
14.11960793
14.50588226
16.01568794
17.92941284
14.37058735
17.10980797
17.04901886
16.42157173
15.08627510
12.99804020
13.43921375
14.05882263
13.30000019
14.14117622
14.43333340
15.31372643
17.37647247
17.60784340
14.02352905
17.36078453
16.92745018
16.11569023
14.37059021
13.89019680
14.86274529
13.87843323
14.31960773
15.17058945
14.79804039
16.29216003
17.66862869
14.59999752
16.57843018
16.48235130
16.65490150
15.25097847
13.97254848
14.79608059
15.08823490
15.02745247
14.66666412
15.16862679
15.48627853
17.03137589
17.64902115
15.50588131
16.14117432
16.15686035
15.33725548
15.01764679
14.84706020
15.60784435
15.30980492
15.76470757
15.67451096
15.59019470
16.02941322
17.71569061
16.41960716
16.28039169
16.19411659
15.83333397
15.28627777
15.25686264
15.55489922
15.87647057
15.94706154
15.95097923
15.81960583
15.51568890
17.02941322
17.80784035
16.79607773
15.92352962
15.86274433
15.55294323
15.27450943
14.96274853
16.50980377
16.19019318
15.94705677
16.03725624
15.78627586
16.88823891
17.37647247
16.79215622
16.21176338
15.90588379
16.13725662
16.13725662
15.14509678
15.74509811
16.49215889
16.55294228
16.04901886
16.17058563
16.69803810
17.80588341
18.18039322
13.28627586
16.12745094
16.37058830
16.69019508
15.59999943
15.51176453
16.42940903
16.34118080
16.46862984
16.05686188
16.74705887
17.82745361
17.52745247
13.12353134
16.17450905
15.89411736
16.58235359
16.92157173
15.49411964
16.39215660
16.63529396
16.86274529
16.14117622
16.09803772
17.70784569
17.99608040
17.42745399
14.98823452
15.34510231
16.34509659
16.61764717
15.73137093
15.60196304
16.93529510
16.60391998
16.90392113
15.90784454
17.00980377
18.20588303
17.65882683
16.83529472
15.64901924
15.85882282
16.26078606
16.89215851
15.09411812
16.72941399
16.94117355
17.45490265
16.25294113
16.04706192
17.82157135
18.15489960
18.29607964
16.06862450
15.97842789
16.39607811
16.21568680
15.77647114
16.08431435
17.77647018
17.20195961
17.46078682
16.69411850
16.99411774
18.46666908
17.94902039
17.82156944
15.85882378
16.50000000
16.71372795
15.96666527
15.33725452
17.77255440
17.29215431
17.45882607
17.68627739
17.04901886
17.86666679
18.54509544
18.41372299
16.82549095
16.43529510
17.09019852
16.19803810
15.61176586
16.92941475
17.79803848
16.88235283
17.80196190
17.92940903
17.11568832
18.52941513
18.65098381
18.54902267
16.15097809
16.94117737
16.99607849
18.01372528
15.82549286
17.83333206
17.40391922
17.86274719
17.76078415
18.10195923
17.71961021
18.85097885
19.05686760
17.06863022
16.70980644
16.64705849
18.83137321
16.43333244
17.19607925
18.54117775
17.83921623
18.21176338
18.23529434
18.21961021
19.45882416
18.25882339
18.29215622
16.06470299
16.96862602
17.88431358
18.94117737
16.38627243
18.27255249
17.83333397
19.19607735
17.99215508
17.99411774
19.18823433
19.09215736
18.87254715
16.80196190
17.51568413
16.31372833
19.44117546
16.86862755
17.95294189
18.55097771
18.21372604
19.06274796
17.47843170
18.57059097
19.52157211
17.76862907
18.34118080
16.96470642
17.49803734
17.97647285
18.67255020
16.68235397
18.96078682
17.81372452
19.33137321
17.26862907
18.67254639
18.80980682
18.12745285
18.84313965
16.91960716
18.11176300
17.45098114
19.68431664
16.77058792
18.63137436
18.74705887
19.12157059
18.98038864
17.74509811
17.89019775
19.84902382
17.04902077
18.27058411
17.19803810
17.60980415
19.08431435
19.07451248
17.46470642
19.47451210
19.19411659
20.58235359
17.32156944
18.76274300
19.12941360
17.38627243
18.40392303
17.27058792
17.11176109
17.87647247
19.80784225
17.50196075
19.34313774
18.95686531
20.10392570
19.59607887
17.81568909
18.94705963
19.80000114
17.02157021
17.75098038
17.93725586
17.49411774
19.20000267
18.50588226
18.01176453
19.56078529
19.26274300
20.60588646
18.24117470
19.75294113
19.07451248
17.02549171
17.91176987
16.91372490
18.52352715
18.10391808
19.71961021
17.34901810
19.52156830
18.14313698
20.91763878
18.20392227
19.24706078
19.27255058
18.86274719
17.60980797
16.98235321
18.61764908
16.75490189
19.88627815
18.49608040
18.20588303
19.24510193
18.52353096
19.52940750
17.93529510
20.37059021
19.62940979
16.78235435
18.65490341
16.99019814
18.84313583
17.79411697
20.34902573
17.44901657
19.50784683
17.69019318
19.42745590
17.82744980
20.19411850
19.01568794
19.15686035
18.54705811
17.58823586
19.37450790
17.33333015
19.51764488
19.08039284
18.63529778
19.46470451
18.16666985
19.31176376
19.22940826
19.89019775
20.19608116
17.65882492
18.70392418
17.78823280
19.79803848
18.20980644
20.21764755
17.54117775
20.59999847
18.84313583
19.87843323
18.81764603
20.25490189
19.45686722
19.05294037
19.66078568
17.57646942
20.34705925
19.40980148
19.17451096
18.92352676
20.54117584
20.02548981
19.56470490
19.15882874
19.71961021
19.96470642
20.74313354
18.07450867
19.69215775
18.36862755
21.56470490
19.64510155
19.54509926
19.07059097
21.48823166
19.61765099
20.35294151
19.37647247
20.62548828
20.59999847
19.89803886
19.73333168
17.51960754
20.65882111
21.29216003
19.80784225
18.63725281
21.98039246
20.79216194
20.94117928
19.87059212
19.56274605
20.83725548
21.79216003
18.60784531
20.41960907
18.63725471
22.58235741
21.00196266
20.15882492
19.54117584
22.31764984
20.49019623
20.74117661
19.54313850
21.04509926
21.58823395
19.77058792
19.52745056
18.79999924
21.36078644
20.75490379
21.88431549
19.99019432
21.92549515
20.58235550
21.11568642
19.63921738
21.18235207
21.54313660
21.01372719
19.10980415
20.59215546
19.82941055
21.72352600
21.89216232
20.63333702
20.09608078
21.04117775
20.28038979
21.22156906
20.73725319
21.76863289
21.77451134
18.97451782
19.88431740
18.61176300
23.00392151
21.32744980
22.31960678
19.40980339
21.55097961
20.07646942
22.25098419
20.96078300
22.09607697
21.72157478
20.41765022
19.32548904
19.37059212
20.66863060
22.23921204
22.81569290
20.25294495
20.58627319
21.76666832
20.25294304
22.31764412
22.03921890
21.45490074
22.03725815
19.08823967
19.38235474
19.74706078
23.10980415
22.07059479
22.18823624
19.67450714
21.89607620
20.78431129
21.62352943
21.86078262
22.05686760
21.70980263
20.54510498
18.53921890
18.95882225
21.05686760
22.40392494
21.76863289
21.15882301
21.08823395
22.72156525
20.07254982
22.89411926
21.69804001
22.43725586
20.72549057
18.88627625
19.37451363
19.38039589
22.24117661
22.47450829
21.43333054
20.58823586
22.66078758
21.11765099
21.92745209
21.74509239
22.43725967
21.13529205
19.88235474
19.34117508
17.43921661
21.44118309
22.03137589
21.80195618
20.76862717
21.18235016
22.87450409
20.93725777
21.99803352
21.69019318
21.23529816
20.11765099
18.28627396
19.01372147
18.93921280
21.99608421
21.44901657
20.91176224
20.24705887
22.63921928
21.18824005
22.15294838
22.66863441
21.60784340
20.08431816
20.03528976
18.80000305
17.04313660
21.42941284
21.81176567
21.01960564
20.56666565
20.84117889
22.61568832
21.30784607
23.02941513
22.15489769
20.36862564
21.12940788
18.75882530
18.05882454
19.39607620
21.82156372
21.83921623
20.79411697
20.40000153
22.53529739
21.76666451
22.81764984
22.73529625
21.69019318
20.35294724
20.57647133
18.48431778
16.96471024
21.63333511
21.90784264
21.33137131
20.62353134
21.73921776
22.60195923
21.63922119
23.34510422
22.01176834
20.69607735
21.98627472
20.40784264
18.20000076
19.14117813
21.88430786
22.01961517
20.80196190
19.87255096
23.19020271
21.96863174
23.05098534
21.81960487
21.96470070
20.79216003
21.10980225
19.45098114
17.73332977
21.70000076
21.57058716
21.47058868
20.66863441
22.05098534
23.10196686
21.66274643
21.63529968
21.52941513
20.67255211
21.18039513
20.12744904
18.35882378
19.72745132
22.44902229
22.37843323
21.85293961
20.30588341
23.33725929
22.43725204
21.29216003
21.18235207
21.83921242
21.07646942
21.42745399
19.95490074
16.90392303
22.93333817
22.26862144
21.98627281
20.64902115
22.25098038
23.53137589
21.03725052
21.96862221
21.90588760
22.14117813
22.55490112
20.08431053
17.53529930
20.75294304
23.03334045
22.00980949
20.95686722
20.20784187
23.52941132
21.48823929
22.41176987
21.80979919
22.74902153
23.05098343
21.60980225
19.41176224
17.76862717
23.35490799
22.41568756
22.69019508
20.05294037
22.21765137
22.74510193
21.82745361
22.93529320
22.74706268
22.55490494
23.48823738
20.01960373
17.89019585
22.40783882
22.45490646
22.60392380
21.62353516
20.53529358
22.99804115
21.48823547
24.30391884
22.79411888
23.25686455
23.95489883
21.36470795
19.80980110
18.64117813
23.02941513
21.94313812
23.56863213
20.07058716
22.58431816
23.49411964
22.77450943
24.18039513
23.40784264
23.54510307
23.67843437
20.51764870
18.09804153
20.60196304
22.61372948
23.08431244
21.52353096
20.84117889
24.17255020
22.71176529
24.99215508
23.49019623
23.77647400
23.77058983
21.59019279
19.20588493
18.37450981
21.89804459
21.77842712
23.80196762
20.38627434
23.19608116
23.22352982
24.78235054
24.56666946
23.62156868
23.81176758
23.51960564
19.67843246
17.99019432
19.91764450
21.93333435
23.37254715
22.06862640
21.20980835
24.83725357
23.28627205
25.28038979
23.90196037
24.02352905
24.19019508
21.91764259
18.57843399
17.86274910
20.96470642
22.89216042
23.65490341
20.62940979
23.32352638
24.64706039
24.34705162
24.67450714
23.48039055
23.68627930
23.00980377
21.06470490
17.97646904
19.60588455
22.20785141
23.92941284
21.80000114
21.40195847
24.86862564
23.75098038
24.57450867
23.62745285
24.27254486
23.97059631
22.73529434
19.15098190
18.41372299
21.81568909
22.14902115
22.07646370
21.49020004
23.29411888
24.66666985
24.09411621
23.46078491
23.95882225
24.90392113
22.48038864
21.77647591
19.44314003
20.35098076
21.07646751
22.75490379
21.60784340
22.06862831
24.43333435
23.15294075
23.35882568
23.45882416
24.22744751
23.97255325
22.38234901
20.27647400
20.35685921
20.89019394
21.17058945
22.32745361
21.55686569
23.58039284
23.18235588
23.25293922
23.41961288
23.82744789
24.57843399
23.53333473
20.50980759
20.13333321
21.39999771
19.59608269
22.96862793
22.07842636
22.77647209
23.10587692
21.96863174
23.72549057
23.42548943
25.04509544
23.64509392
22.46077919
20.11372948
21.10588264
20.16862869
20.84510040
21.58039474
21.52157402
24.37450790
21.53529549
23.87451172
23.80588531
24.43528938
25.44313812
22.13725662
20.89803886
20.43333054
21.11764145
20.98235321
23.08039284
20.55685806
23.25097656
23.52745247
23.28235245
24.34901619
23.62156677
25.17058372
23.00784683
20.99019432
20.20588303
21.71569252
21.03725815
22.06471252
21.92745781
21.30588341
24.10391808
23.70392418
23.99215698
22.61764336
22.76274681
23.53725433
20.27058792
20.07647324
20.55490494
21.44313431
22.19411850
23.23137474
20.37058830
22.47843170
23.76666451
23.95686340
22.45098114
20.86863327
21.73333359
21.94313622
20.68235397
19.90196037
22.02353287
21.71372604
22.02745056
23.46863365
21.50784683
23.00784492
22.48823547
24.79607773
21.03921890
21.24117851
22.25686836
21.30196190
20.13725662
20.98824120
21.95489883
22.88235664
23.86862946
21.51372910
22.80588150
21.77058983
24.63333130
22.58431244
20.59215927
21.75686073
23.02941704
21.11764526
20.44117165
21.67647552
21.49020004
22.69803619
24.43333244
22.68235779
22.70392036
22.39019394
25.40392303
20.94510269
21.80980492
22.68432045
21.11176300
20.30784225
20.91568184
20.73333740
22.51176834
24.51764488
23.58235168
22.92549515
22.13529396
25.06078529
23.17647171
22.05882263
21.73921394
21.92156601
20.65490341
20.02745247
21.08431435
20.76666641
22.25686455
25.23529434
24.39608383
22.48823738
22.69020081
24.94118309
22.85490799
22.89411736
22.48235703
20.98627663
20.23137283
21.09020233
18.40980530
21.76078415
24.59803963
24.62352943
24.94314194
22.41373062
24.44705963
24.21176529
23.67254829
22.18823433
22.10980606
19.34901619
20.60784149
19.65294075
19.54901886
20.14510155
25.79019928
25.30392265
24.63921547
23.09215736
25.90784454
22.71961212
22.90391922
21.96470451
21.49608231
18.08431435
21.43333817
15.86078548
18.51568794
23.10587883
22.45686340
25.47647285
22.61764336
23.36862564
24.16666412
23.30392075
21.08823204
21.71176529
19.11568642
19.64901924
17.13529587
16.41960716
18.65882492
20.70783806
22.95490265
24.42941093
21.95098114
23.69803619
20.32156944
21.64706039
22.46862793
20.28823853
18.35490417
19.60980415
13.48823547
16.37451363
18.99216080
20.88235283
22.92941475
22.60980415
22.01372528
19.92941284
21.10784912
21.79999542
21.49608040
17.53921700
20.12940788
14.09999943
14.29019737
16.89608192
19.37254906
21.08235550
22.87058640
22.12745094
20.70588303
19.61176300
23.09019470
21.49411774
19.15294075
16.76862907
18.74313545
12.78627300
14.79804230
17.99607849
19.96667099
20.75097656
23.02353477
21.50391579
23.83333969
22.79411507
22.61176109
20.92353058
16.47647095
20.00000381
12.16666698
14.66078377
16.48235512
19.73333549
19.42353058
21.51569176
21.05098343
23.90195847
25.38431549
24.96667099
20.99412346
18.35294342
16.88431358
15.31372643
12.09803772
14.87647057
17.74117851
22.93921471
21.44509888
21.18039131
24.34509659
25.36862373
26.50196457
22.01372719
19.82549286
16.39999771
15.90392017
10.66274643
13.90196037
16.29215813
26.61764145
26.74118042
21.98235512
22.79216003
26.10784149
25.97451782
24.00587845
21.10784340
18.03725624
15.54313850
11.88235188
12.18431473
15.46666527
22.60391808
29.54902077
27.54706001
22.84313583
25.72941399
26.48235893
26.15686417
21.64509392
19.77451134
16.47647095
13.63529301
10.48235512
14.56078339
19.22353172
25.11960411
29.86667633
27.90588570
25.84509659
26.40784073
27.59019279
22.48039627
20.40784645
18.31961060
14.77450943
11.18039322
12.75686455
18.69019318
22.24509430
25.23136902
29.55097771
28.64705849
27.38236237
27.48823738
24.39803505
20.41176224
19.37059021
16.61372566
13.27255058
10.15294075
21.20588303
21.61764717
21.49019241
27.68822861
29.70979881
27.91372299
27.06470490
26.11960983
20.56470871
20.67646980
18.92156982
14.48235226
10.84117603
16.18627548
24.62549591
20.87450600
22.96862793
27.54117393
26.93333435
27.91568756
25.46274185
21.72352600
20.30980682
20.66470718
16.45686531
13.65882778
12.25882339
23.59411621
22.28235054
21.73333740
24.34509659
25.55686569
27.27450752
26.36862946
22.42941093
20.69411659
20.82157135
18.77254868
14.25490189
12.73921585
19.88431931
23.21372986
20.49019623
22.78039551
23.90783691
25.43921852
29.20783997
22.03137398
21.42940903
21.17646790
20.41176987
16.56666946
13.15490246
17.60980225
22.76667404
21.59606934
21.91961098
23.28824234
23.92745399
26.40000153
22.40000153
21.43333054
20.88823700
21.16470718
18.73725319
13.75882339
14.84117603
22.26078796
22.17842865
21.19607735
22.78823853
22.94509888
22.67647362
20.80195999
21.45686722
21.26666451
20.30980682
20.53529358
16.83137321
13.26078320
18.65293884
22.46470642
20.47843361
22.07255173
22.78431320
22.53725052
20.94902229
20.71568298
21.25490189
20.86078835
20.18823242
18.80000305
15.33137321
15.90392208
21.87843323
21.07450676
21.14313507
23.07451630
22.72941399
21.89216042
19.97843170
21.26078033
20.90195656
19.81176376
19.54314041
17.38235474
15.55490208
19.54117966
22.12940979
20.80784035
22.66863251
22.64118195
21.87842751
21.15097618
20.90784454
21.49215317
20.21961212
19.91764832
17.57059097
17.41372490
17.13137245
22.00000191
21.24901581
21.90588570
22.92353439
22.70195961
21.64706421
20.98235130
21.16470528
21.29607391
19.76274300
18.37647247
17.31176567
17.79999924
19.81372833
21.78627205
20.88038826
22.62156868
23.36862755
21.89215660
21.48039436
21.10195923
21.50980568
20.23333359
18.81765175
18.14509583
18.19019318
17.95490074
22.12352562
21.13725471
21.77647400
22.68235970
23.49607658
21.53921890
21.93528748
21.61175919
20.95490646
18.79608154
18.59411812
18.38235092
16.29019737
21.30784416
21.33725166
21.30392075
23.03137779
23.37843132
21.67058563
21.86862373
21.56666946
21.40980530
19.61372566
18.01765251
17.41372490
18.30980301
18.12940979
21.62941360
21.71961021
22.84509659
22.60392380
23.04117584
21.18627167
21.63529015
21.38823700
21.15490150
18.30391884
17.55686188
17.46470642
19.38823700
21.83922005
20.95490646
22.59804916
22.65881729
23.51568794
21.18038940
21.75882530
21.26666451
21.33529854
19.77450943
17.77647018
16.43529320
20.67843628
22.08627319
21.32156372
21.82157516
22.33725929
22.97646904
22.47058105
21.02941132
21.69607544
21.36274529
21.45294571
18.59608269
17.63921356
16.47254944
22.26078796
22.16666222
20.99803925
22.51569176
22.99216270
23.50196266
21.25882339
21.32353210
21.16470718
21.45294189
19.96079254
17.93528938
15.42156601
19.78627396
22.77451134
21.51568985
22.00196457
23.40000534
23.42745209
22.04509926
21.10784340
21.80587959
21.10980225
21.27842712
18.39215469
17.48431206
15.63137245
21.35881996
21.39607430
22.01568604
23.55293655
22.19999695
23.87450600
21.20783997
21.63529587
21.04706192
21.40588570
19.95490456
18.11568642
15.84902096
18.34117889
20.73137474
21.18235588
21.18039322
25.45490265
24.18823433
21.22352982
21.62157059
21.33724976
20.93725204
21.39019394
18.45882797
18.20196342
16.08431435
19.82156944
20.24705315
21.23921204
22.42353058
25.21372414
23.68431091
21.67842674
21.88823318
21.23333168
20.99411964
19.66862679
17.85882187
16.01764679
18.73725700
21.51764870
21.07646942
20.43332863
24.64706039
24.15293694
21.91372490
22.21569061
21.98823738
20.85489845
21.04117393
17.56274796
17.94510078
16.19607925
21.24313927
21.82744980
21.48039246
21.52156639
23.85882568
22.67646980
21.60979843
22.09019089
21.62940788
21.42745972
19.85686493
17.60391998
17.00980186
19.40980148
22.36079025
22.25490570
20.18823433
21.91373062
22.56666946
21.35293770
21.90000153
21.95882797
21.11960220
21.50588226
18.11568642
18.36666870
17.37255096
21.14509964
22.36666870
21.42941284
20.51764679
22.57843208
21.52549171
21.21764755
21.83725166
21.99215698
21.00979996
20.16862869
17.54901886
16.85490036
20.53921700
22.14706421
22.51372910
19.89215660
21.34118080
22.21764565
21.39411926
22.48431396
21.88431740
21.01372528
21.33333206
17.78823471
17.81764793
18.34313583
21.51176071
22.11764908
21.38431358
20.48235130
22.74509621
20.82352829
22.45686913
21.57058334
22.19804764
20.48038864
19.74313927
17.49411774
17.31568718
20.70784378
21.95882607
23.16470718
19.96666336
21.97451591
22.22940636
21.93922043
21.86862183
21.77450943
21.38823891
21.25293922
17.76666641
17.52941132
18.95882607
21.32157135
22.63137627
21.07059097
20.82352257
22.63334084
21.29215240
22.41176987
21.54509735
22.32549477
20.89608002
19.09607697
18.45686150
18.76078606
19.79607582
21.92744827
22.83137321
19.43921471
21.74706078
21.65685844
22.16666603
22.27450562
21.99411964
20.88039017
20.65098190
17.54313850
19.53921890
18.94313812
20.84117699
22.10000229
20.34314346
21.20588684
22.53529739
21.18431473
22.05097961
22.23921967
21.78627396
20.74705696
18.40196037
19.28823853
18.08235550
20.09607887
21.56274605
22.32941055
19.58431244
22.61764908
21.57646561
22.03333282
22.02941513
22.40784073
20.89804077
19.86470222
18.34117889
18.34314156
18.74902534
21.32352638
22.23333740
20.24902153
20.97255325
22.37058830
22.08235168
21.39019012
21.82157516
21.46470070
19.99019241
17.94705772
19.21960831
17.57058907
20.12353516
21.34510422
21.94314003
20.00000000
21.87254715
20.89607811
21.40784073
21.39411545
21.05490494
20.29215622
19.61372757
18.83529472
17.81176567
18.69804192
20.75686455
22.15882683
20.60392570
20.51961136
21.13333702
21.44313622
21.26666832
21.03137207
19.92156792
20.78627014
17.99215698
19.27843666
18.05294418
19.71764755
20.90783691
21.98823166
20.51960564
21.81764984
21.19019318
21.37450790
21.41764641
19.67451096
21.27842903
19.78431511
19.80196381
16.65294075
18.72549248
20.30980301
21.93921852
21.70392227
20.85294724
21.61568451
21.67058372
22.11960983
20.16470718
20.44509888
20.62549019
18.42156982
17.66470718
18.60980797
19.54117584
21.09803963
21.65882301
20.80391884
21.71960449
21.72353363
22.93529510
21.36274529
19.61372757
20.89215851
19.24509430
19.39411736
16.80196381
19.13726044
20.31764412
21.19019318
20.85098076
21.19804001
21.32156372
21.80980110
23.17647743
20.53333282
21.04510307
20.64901924
19.02156639
16.72745514
18.73921585
19.90784645
20.77450943
20.79019737
20.55686378
21.23921394
21.53137398
21.29215431
20.95686340
21.22156906
20.56077957
19.50196266
18.96078491
16.01960945
20.07843399
20.78235626
20.32744980
19.50196266
21.32156754
21.51960373
21.48431778
20.83921242
20.59607506
20.45293808
20.29215813
19.43333435
16.27059174
19.42352676
19.81960678
20.41176414
19.41568756
19.50392151
22.04902649
22.39215469
20.96274948
21.38823128
20.01176834
20.40195847
19.19804192
18.62157249
17.62353134
20.03921509
20.09411621
19.57451439
19.75686646
20.55881882
22.77842712
21.44509697
21.94509888
20.31764412
20.23332977
20.01765251
18.87255287
16.38039207
20.87842941
19.77646637
20.19215584
19.47058868
20.37255096
21.56274796
21.66666794
21.42549515
20.77843094
20.34313583
20.60980797
19.07059097
18.71176910
18.07450867
19.09019661
19.55098152
19.60392380
20.05686378
21.01568604
21.30784225
21.08235168
20.81960869
20.14117622
20.52941322
19.93137360
20.03529358
16.25098228
20.05686188
17.90588570
19.75882339
19.03529549
19.60392570
21.47059059
21.37450790
22.07843018
20.50392342
19.96666527
20.47647476
19.26470566
17.71568489
17.44117737
18.82353020
19.27843094
19.45490456
19.36274529
20.56470680
21.07254601
21.48431015
21.53921318
20.36666489
19.92549133
19.99608231
20.31960869
15.90784359
19.41372871
18.67451286
19.44902039
18.69607925
20.01568413
20.96274757
21.45293999
21.47843170
20.29215813
20.65686035
20.39019585
19.66078568
17.06862640
18.43529510
19.20784187
19.03725815
18.64509583
18.68039513
21.43334007
21.39607620
20.63921547
21.55097961
20.90196037
20.92352295
19.64118004
19.12549210
16.69411850
19.33921623
19.41372681
19.31176567
18.31960678
19.87059402
21.38039398
21.72941589
20.64901733
20.83724976
20.83725548
19.99411964
19.47843552
16.63921738
18.67255211
19.52549362
19.67059326
18.55294418
18.70980453
21.41372490
20.79019356
21.27451134
20.80000114
20.93332863
20.58235550
19.39804649
18.12353134
16.81568718
18.69411850
20.03921509
19.47647285
17.34902382
19.80588150
20.54313850
21.70392418
20.68235397
20.52157211
21.18431091
20.59019661
18.78627586
16.35098267
18.67451286
19.10000038
20.06470490
18.37646866
18.66274261
20.46470261
20.79607773
21.72156906
20.22941589
21.21372604
20.28235435
19.23921776
18.43529701
18.15686226
18.49019623
20.24509430
19.90784454
18.60195923
19.14313698
20.01961136
21.54510117
20.38039207
21.01372719
20.30196381
19.69804192
18.67647362
16.69215775
19.07058907
19.99607468
19.91960907
19.08235168
18.79804039
19.23333359
20.73921204
21.29607964
20.01176453
21.70588112
19.95490074
19.41176796
18.14314079
17.63921738
18.91960716
21.13333130
19.56078911
18.26078606
19.44510078
19.49019814
21.49215508
20.19803810
22.36078644
20.56666756
19.58235168
19.68823433
16.99411964
19.30588722
20.99019432
19.55882645
18.56274605
18.55097961
18.94705963
21.34902191
20.52548790
20.67254829
21.92941284
19.70392609
19.86078644
19.12353325
18.63921356
19.46862793
20.61372948
19.37254715
18.12156868
19.02157211
19.27451324
21.13333893
19.97059250
22.15686035
20.88235092
20.21568871
19.81372643
16.80392075
19.68039322
22.24117279
20.58039093
18.26862526
18.91372681
18.53725433
20.98039246
20.40980530
21.22941399
21.68235016
20.79804039
19.99411964
18.22549438
19.69411659
20.62941170
22.20195961
19.82548714
18.09804344
19.15294456
19.45098114
21.00588799
19.63529587
22.25490570
21.51371956
21.14117432
19.70392227
15.97254848
21.27058411
22.76667023
21.78431702
18.57843208
18.55098343
18.51961327
20.90981102
19.09607697
20.69608307
22.15882492
21.21568298
21.25294113
16.68627548
18.92549133
19.48039246
22.97843170
21.11568451
18.07255173
18.51568604
19.28627396
20.05098724
19.11764908
21.70000076
22.02745438
22.35098267
19.37255096
15.53333282
19.81960678
22.24314117
21.86078644
19.41372681
19.55294228
18.15686417
20.85294151
18.07647324
20.33921242
21.71176147
21.82745171
23.38627243
16.92548752
17.90588188
18.84313965
22.63921165
21.43529510
19.00195885
18.12940979
19.91568756
19.34706497
19.34313393
21.51176262
21.62940979
24.75490189
19.28627014
15.13136959
18.60980225
20.37254715
22.00392914
19.86274338
19.14509773
17.64117813
20.90000153
18.58235550
20.32352448
21.89411163
24.00784492
21.81961060
16.07058716
16.28039169
18.41176414
21.43136787
22.41960907
18.77058601
18.50195885
19.24705696
19.24902344
19.18235207
21.62353134
21.90980148
24.95294571
18.69803810
15.26078415
18.67255020
19.36274529
22.51176643
20.06666565
19.85882950
18.00784683
19.80000496
18.36078453
20.86666679
22.34510040
25.11371803
20.71960831
16.09803963
16.75490379
18.97451210
21.33725166
22.90784454
19.29999733
19.44705582
18.75490189
19.10000229
19.17843056
21.59803963
24.41568947
22.68039513
18.15294266
15.20196247
18.46862793
20.67842865
21.97058678
20.63137054
20.89607620
18.81372833
19.55294037
17.95686340
20.55294037
23.09804153
25.10784912
19.78038788
15.29803944
17.20980263
20.47254944
21.63137436
22.13529015
19.73725510
20.76470757
19.52548599
17.94314194
19.22745132
21.81373024
25.85098076
21.63333321
17.20980835
15.34901714
19.06078339
21.62353134
20.97254944
22.01568604
21.28823662
19.38627625
19.35294151
17.65490150
21.44509697
23.49411964
25.07059479
18.12352943
14.75490379
17.38039207
20.03725624
21.18039513
21.82744980
21.24314117
20.84510422
19.13333511
19.00784683
19.38431549
23.29999733
26.58235359
19.03725433
16.48823357
15.73725700
18.50980377
21.16079140
19.66078377
21.80980492
22.02549171
18.89215469
18.90196609
18.09019470
22.60000229
24.85882187
22.25097847
17.95098305
15.70196152
16.77646828
19.01960945
21.81960869
20.42156982
21.23333549
20.00000000
19.76862907
18.03921509
21.27647018
23.36274719
23.71568680
17.90784645
17.52549362
15.53529453
17.38235283
20.39215851
19.86275101
22.21372604
21.06862831
19.76470566
18.75098038
18.43137550
23.67059326
23.13529396
19.63725090
18.58627319
15.56470490
17.08431435
17.72745514
22.00000000
20.58823395
21.64901543
20.74313545
20.21176720
17.71372795
19.92352867
22.76862907
21.93333435
17.49216080
16.97451019
17.03137398
16.46470642
19.91568947
19.30980492
22.59412003
21.01568604
20.07059288
18.96274376
17.56666756
21.77254677
23.00784683
18.09607887
17.59019470
16.95490074
17.31176567
16.80000114
21.08431435
20.02548790
22.01568604
20.14118004
20.51960945
17.53528976
19.65686417
22.62353325
19.92549133
17.48823738
16.75098228
17.87058830
16.35098076
19.19804001
19.63333511
21.94705582
20.93333626
20.56470680
19.28823853
18.49411774
20.40980339
21.09412003
17.62744904
18.14706230
16.90588379
14.72352982
16.56666565
20.91960716
20.02549553
21.28431702
21.27646828
20.84314156
17.24902344
20.70392227
20.24902344
17.91960716
18.22941017
17.70784569
15.18235493
15.77451229
18.86274529
19.35686111
22.73921394
20.17058563
21.57450867
19.14901543
19.11372757
21.56078148
18.22352982
16.36666679
21.15882492
16.56666565
14.62745285
15.96274853
19.95881844
20.77255058
21.36862755
20.79412079
21.78627777
17.67451096
21.98627281
19.89215660
17.51764870
17.68627548
18.73529434
15.75686550
15.70588398
18.09608269
18.45490265
23.01176834
21.11176491
22.42549133
19.01764679
19.03725624
21.97254562
18.23725510
15.23921585
20.80196381
16.97842979
15.30588341
15.48431110
18.30588150
21.95685959
22.08823395
22.40195847
20.89804268
17.84510040
20.31960869
19.82548904
17.36274338
18.38627625
17.95686340
17.20392227
15.38627243
17.20000076
18.21961021
24.14118195
21.65882874
21.25490189
18.57647514
17.18039703
21.01175690
20.49019814
14.38627625
21.23921776
17.60784340
15.77843094
15.49608231
17.90588188
22.00391579
22.31764984
21.41372299
19.59019661
18.00000000
19.43725777
20.70000076
19.38431358
17.90980530
17.41568565
17.16078377
15.87059021
16.45686531
18.16667175
23.50784492
22.41568184
20.76862717
18.58039284
17.22941208
20.69804192
25.41372490
13.48627663
21.33333588
16.92156982
15.35294056
16.06078720
16.99215698
21.43921471
23.98823166
21.95293999
19.30588150
17.99215889
18.77647209
22.84901810
19.79019356
19.29999924
17.97647095
16.04510307
16.28823662
16.20195961
18.27254868
23.75686073
23.90196228
20.78823280
17.90392303
16.49411964
21.76274300
27.20000458
15.50980377
20.00588417
16.36274529
15.47647095
17.01764679
16.75098038
21.69215775
23.60391998
21.57451248
19.45294380
17.69804192
18.15294266
26.12745094
19.26862717
20.22353554
16.75686646
16.27647209
16.34313583
16.53725624
18.78235245
22.33137512
23.40195847
20.80588150
18.23725700
16.58039474
22.41176414
22.91764641
19.62745094
18.24901962
16.24117851
16.22157288
17.09215927
16.31372643
20.86078453
23.12549210
21.44314003
19.37842941
17.59411812
18.72549057
23.40195656
21.99019623
19.35294342
17.09607887
16.55686378
16.98627663
15.92353153
18.03333473
20.32156372
24.20588493
20.11960602
18.42548943
16.90980339
23.02941513
20.91960526
21.87451744
18.71176529
16.98235130
16.59019661
16.59215736
15.54313564
19.90195847
21.71569061
22.01372528
18.83528900
18.46666718
19.49411774
22.99411583
22.58039284
18.93921661
17.77646828
16.85490417
17.09412003
15.94706154
18.47059059
18.53725243
23.15882492
19.74902344
18.63333511
17.56078720
21.90784454
21.63725281
21.02548599
18.32941055
17.68823433
16.62352943
17.01568413
16.83529282
19.56274605
19.38235092
21.07843399
18.64706230
18.31568909
19.60195923
20.80588722
23.59411240
19.11764717
18.14117813
16.77255058
18.27058792
16.54706001
19.14509964
15.89215565
22.58628082
19.27450562
18.95686531
18.09803963
20.92745399
21.50195694
20.74117661
19.12156868
16.67255402
17.56078339
17.41960907
17.59607887
18.41764641
17.55686188
21.35686111
18.42353249
18.17254829
19.95686722
20.43725204
23.35686111
18.97059059
17.12157059
15.90196133
19.57647324
15.77647209
18.90784264
14.55882454
21.53725243
19.52941322
19.43725586
17.48627663
20.51372719
22.97254562
20.19411659
19.88431168
15.97059059
18.67843246
17.03529739
16.60588455
17.41372490
17.24706078
21.55489731
18.72745132
17.77059174
19.84509659
21.58823776
22.58235168
20.82549286
18.02157211
17.17254829
20.50196266
15.40980339
17.53137207
13.28823662
22.37255096
19.60392952
19.00784492
17.14117622
21.24117470
24.26078033
19.72745132
21.85686493
15.89607811
19.77451324
18.44313431
16.79019547
15.80784321
17.68235397
21.12156868
19.41764641
17.41764641
19.68235779
22.77842903
21.22549057
21.32549477
18.44510460
17.72156906
21.62745094
16.05490303
18.38431358
12.36078453
22.04509926
19.36078835
19.06274414
16.67647171
21.01372147
22.38430786
20.14705467
21.39019966
15.59607697
18.11372566
20.04314041
17.23333359
15.93529797
17.51176643
19.60392570
19.09608078
16.74117661
19.97255135
22.31372452
20.59804344
21.09412003
16.64901924
16.75098228
20.70000267
17.65098190
17.57254982
11.58823586
21.25490379
18.81176758
18.98823357
16.78235435
21.24902344
22.61569023
19.48823357
19.67450905
15.59019566
17.59804344
19.64509773
16.95098305
14.22353268
17.34902000
19.74510002
20.06470680
16.64509964
20.19411850
22.43725586
20.52745056
20.26862335
15.93137360
17.15686417
19.58431244
18.30392075
15.55294132
11.37450695
21.65490341
19.73137093
19.26666832
17.66274452
21.98039436
21.61960793
18.66078568
18.99804115
15.00000286
18.00784492
19.24901581
15.94117546
12.42353058
17.43137360
19.86470795
20.49607468
16.81764793
20.95098305
22.51568222
19.29411507
19.65294266
14.84117794
17.00784492
18.20392418
17.87255096
13.28039074
11.62549019
21.96862793
20.33529282
19.76862717
18.22549248
22.49803925
19.82744980
17.30392075
19.38627434
14.66078377
17.30196571
16.78039360
14.90392017
11.85294056
17.90980339
20.02745247
20.03921700
17.90784264
21.74902344
21.64509392
18.19804192
19.50196457
14.58627605
16.51176453
17.00784492
15.99607754
12.11176491
11.30784321
22.64313507
19.58823586
19.11176300
18.54314041
22.84313965
20.29803848
18.17843437
16.98235512
14.05686665
17.40784836
15.21176434
13.63725281
11.05882263
18.30392075
20.42156601
19.79411888
16.03921890
21.81372643
21.70784378
17.35882568
19.11764908
13.37647152
16.35882187
16.32352829
14.25490189
11.76078606
11.07843208
22.28823280
19.12353325
17.58431244
19.12744904
20.88823700
19.09411621
19.14705849
14.95686340
14.37255001
18.39804077
15.07451248
12.93333435
10.50980568
18.34313774
20.11960793
18.99607658
15.45098019
22.47647667
18.79215813
17.42941284
18.49019623
12.85294247
18.53725243
16.46078491
13.62352943
10.89215755
11.46274567
22.29412079
18.78431511
16.71764755
20.90195847
20.60588455
17.86274529
20.00196457
13.80392265
15.93725491
18.65294266
14.41764832
10.97843170
10.47647095
18.53137398
20.25098038
18.63921547
15.61372471
23.31568718
19.10000038
18.30980682
17.91764832
13.35882187
18.00195885
16.70784187
12.53725624
10.82353210
12.04117680
22.55685997
19.20000267
16.36078644
20.66078568
20.88039589
18.46470642
19.46470642
13.71764755
14.95098209
19.29803658
13.56666851
10.67254925
9.82353020
19.87254524
19.93921661
18.59020042
16.25686264
20.47451019
18.45098114
18.93529701
15.78235054
13.77646923
17.01176643
17.01372528
11.29019737
10.35294342
13.28235435
22.09607697
19.81568527
15.65882301
19.07843018
18.63921738
17.64509392
18.27255249
13.91372490
15.16078377
19.77843094
13.15098286
10.43529320
9.23333359
20.02941322
19.82744980
18.26470375
16.31176186
17.25294113
18.66274643
18.70000076
14.44509792
14.54705906
17.78627586
16.24510002
10.88235569
10.55098057
13.80980396
20.85882568
18.66275024
15.87647247
17.22745132
17.25882149
18.01960945
15.60980511
14.14313602
15.59019661
19.74901962
12.07843113
10.79803944
9.50784302
19.89215660
20.19411850
18.06862831
15.78235245
16.76862717
17.28038788
16.56078529
13.76862812
14.81960678
18.47646904
16.45097923
10.48823547
10.56470680
14.41764641
21.58823204
19.03725624
15.78431511
16.31372643
16.90980339
17.01176453
14.42156792
13.75098133
16.10588264
20.49608040
11.87843323
9.33921528
9.69607925
20.62157059
20.80392265
17.88627625
15.43333244
16.82353020
17.01960945
15.77450943
13.42745018
14.23921776
18.85882187
16.27254868
9.61960602
9.12353039
14.16862774
23.52156639
20.93333626
15.46470547
15.66078568
17.37843323
16.74901772
14.05686378
13.82549000
16.36863136
19.81764793
11.29607677
8.75294113
9.77451134
21.29215813
24.08431435
17.39019585
15.53921795
16.85490417
16.87647057
15.89411736
13.22156811
14.56470585
19.12941360
15.41764545
9.15882397
9.35098267
14.71568680
25.67646790
20.62352753
15.17647171
16.00000000
16.65686607
16.69804001
13.66666603
13.96078682
16.64902306
19.41960526
10.98627472
9.10980320
10.68235207
23.85686874
24.90196419
16.85098076
15.52941322
15.89215565
16.95294380
15.92353249
12.83725357
14.78235245
19.72352982
14.89411831
9.10784340
9.82549000
15.43529701
29.64509773
19.99608040
15.34313583
15.65294075
16.57647324
16.46666527
12.95686340
14.60196114
17.13529587
18.60392570
9.97451019
9.83921528
12.21176529
23.17255020
25.56470490
16.94705582
14.51176453
15.25882244
17.96078110
14.39607620
12.89607811
16.01568604
19.76666832
13.29216003
9.11568737
10.26666737
16.63333321
26.50391769
20.45882607
13.70784378
15.21960926
16.82941055
16.06862831
13.15490055
15.12352943
17.97843170
17.61960983
9.41372585
9.48039436
12.76274395
21.75098419
24.08627701
17.21764755
14.42941189
15.99411678
17.24902344
13.16666889
13.34901810
16.91764832
20.17843056
12.14313507
8.84902096
9.61176491
16.69411659
25.65097809
20.92156982
13.80980301
15.97255135
17.06470680
15.08039379
12.90196228
15.60392284
17.98039436
17.21764755
8.87647152
9.00784206
12.56862926
22.02745438
24.25685501
16.97450829
14.61568642
16.43725395
16.76274872
12.95294094
12.48627567
16.81176758
19.70196533
11.28823471
8.26470661
9.65490150
17.65098000
24.69216156
21.67843437
12.90195942
15.53333569
17.40980530
14.59215832
12.29803944
14.69608021
18.56862831
15.87843227
9.10588360
8.48235321
13.18235588
22.19215393
22.32548523
15.74117661
14.65686703
16.72744942
16.75490379
12.44117737
12.63529301
18.47059059
19.50392342
10.96078300
8.12745094
9.78235340
15.91568661
23.28823471
19.96078682
12.60588169
16.05882454
18.17058754
14.30391979
13.14510059
14.72941303
19.90000153
15.49019527
8.51372433
8.80980396
11.04901981
20.14313698
21.98235321
14.45098019
14.14509773
17.15490532
18.05686378
12.63529396
13.98039341
18.64117432
19.20784378
10.42941284
8.32156849
9.18823624
14.09019661
23.78823471
18.66863060
12.17254925
15.60000038
20.67647171
14.40000057
14.18627357
14.90196228
19.11568832
14.67451191
8.55882263
8.30392265
10.46078396
21.25098038
20.85882950
13.38431454
14.84509563
20.85293961
16.50980377
13.50392056
13.20980167
18.08235550
18.46862984
10.15686226
7.76274443
8.69999981
15.37647247
22.46470451
16.84117889
12.99019623
17.98627472
22.11176300
13.39607811
13.06274414
14.99019432
18.42157173
14.20980167
8.16666603
7.67647028
11.21568680
20.86274910
20.52352905
12.73725605
15.06470585
23.63921547
16.26078606
13.31568623
12.60980320
18.46862602
17.65098190
9.86274624
7.54902029
9.36078358
16.31176567
23.03529739
15.97451115
13.29411888
21.00196075
20.75293922
13.10195923
12.85294247
16.60392189
19.35293961
13.95294285
7.81372547
7.92548943
13.12548828
21.92745399
20.72549438
11.98823357
18.29804420
23.68431664
14.78038979
13.11960697
12.61764908
20.80588150
17.60195923
9.40784359
7.59803963
10.26078510
17.21961021
22.71568680
15.33529568
15.37451077
22.82353020
20.17451096
13.25098419
11.66862679
16.93529510
21.11568832
12.79019356
7.59607887
7.94117689
12.50000095
22.86862946
20.70588112
12.29215431
21.59607697
22.97843170
12.92549038
12.96078491
12.63725567
21.80784225
18.21176529
8.66862679
7.70784330
10.22941303
18.40000343
22.82352829
15.63333321
16.65294266
21.78431129
15.81176662
13.97843266
11.24902058
17.88627243
21.96274567
12.75490284
7.38823557
8.28039169
14.57059097
21.61177063
20.91765213
13.49019623
18.64117622
19.34705734
13.71960831
12.01568508
13.61176682
20.87059021
17.39411926
8.41568565
7.99607801
10.40784168
19.68431282
21.02941132
17.26274300
14.51176548
20.74902344
13.65098190
14.12352848
11.09607983
17.45490456
18.93529892
11.10000038
6.95882320
8.11568832
15.61176491
21.04705620
20.77254868
14.26470757
18.13725471
17.61568832
14.67058945
10.75490189
14.16274643
18.14509773
13.92549229
7.78235292
7.36274624
10.62745094
19.66470909
21.24705887
17.94706154
15.09607792
20.91177177
13.64313889
13.48627758
11.03333473
18.48234940
15.35686207
9.50588512
6.87255001
7.93333435
15.24313927
21.33529282
20.92549133
14.05098057
20.95490265
14.87843132
14.37450981
10.49411774
15.07254982
17.20588112
11.67255020
7.41960716
7.13529301
11.28431320
18.68235207
21.66666794
16.64313698
16.86862755
17.90391922
14.53921700
12.27255249
11.81960773
18.36862946
13.79608154
8.80196190
6.67254877
8.13921738
16.08431244
21.28431129
19.67842865
14.18235493
20.91176224
13.42352867
14.97058964
9.69999981
14.98235321
18.48235130
12.40980148
7.11960745
7.27843237
11.72157097
20.02352905
20.74901962
15.62156773
19.21176529
13.33921528
14.09607887
11.53333282
11.70000076
20.64902115
15.25097847
8.73921585
6.96078444
8.06078529
16.25294495
21.39411736
18.37451172
14.75686264
16.42941284
12.05490303
15.03921795
9.34509850
16.55098152
19.41765404
11.24509907
7.01372671
7.01372576
12.03137302
20.12352753
19.82156944
14.31568718
16.89019394
12.11960697
14.55098343
11.05490303
12.02745152
20.59608078
14.82156849
7.62941170
6.74901915
8.37058735
16.75098228
21.28823280
17.40196419
14.36862850
13.21568584
12.98431492
15.15098000
9.58431530
16.18823624
19.09607887
10.31764889
7.44509935
7.29607868
12.97843170
19.22156715
20.03725433
13.50784206
14.14902210
11.97647095
17.02745247
10.35098171
11.79803848
19.57451057
13.60588264
7.80980396
8.06470585
8.97254944
16.83529663
21.29019547
16.05098152
13.41764736
12.21372604
15.49019814
13.98431492
9.90588188
15.74313736
17.55882454
8.92941284
8.60196114
7.75098085
13.16862774
19.47254944
19.82549095
12.97058868
12.78823280
12.97647095
17.54902267
9.62156963
11.85294151
18.07646942
12.74509907
8.00000000
8.54901886
9.55686283
17.07450867
21.74901581
15.37646866
11.88235092
12.46274376
16.84902000
12.92156696
9.58823586
15.12745094
15.98039341
8.57843208
8.62549019
8.84705925
13.67843246
20.46274567
17.31176758
11.86470509
12.36666870
15.06862545
16.54902077
8.19215870
12.06862640
16.38235474
11.57843208
7.53921556
8.90000057
9.94313717
18.74313736
18.91568756
13.39607906
11.70196152
13.19215775
16.90000153
11.93921566
9.37843227
13.80196190
13.66078472
8.01960754
8.71176529
7.94313812
14.24117565
21.30392075
15.30000019
11.26470566
12.99215794
14.73529243
14.85294342
8.24313736
12.25490284
14.24509907
10.14313793
8.01764679
7.59607792
10.55686283
20.20980644
18.54117393
10.87255001
11.69999790
12.75098038
16.06862831
10.70196056
10.27254963
12.70980263
11.42157078
8.29019642
8.61176491
7.64901924
16.24902153
20.79215622
13.64902020
10.16274452
13.05098152
14.84313774
13.72548962
8.23137283
12.53725529
12.04901981
10.25490379
7.82353067
7.93529510
10.75294018
20.98627472
17.79411888
9.24902058
12.15686321
12.98039150
15.57255077
9.92352867
10.93137169
11.89607811
10.92353058
7.90784407
9.55294228
7.85882378
16.95294189
20.11372375
12.25294113
9.53137302
11.44901848
15.53137302
13.47058964
8.93137264
12.09216022
11.40196037
9.17451096
8.74901962
8.63137245
11.83137321
19.91176987
15.96078777
8.55686188
10.06666756
13.43725586
15.63529015
9.69215775
11.76078606
11.95098209
10.00588322
6.99999952
9.47843266
9.35882473
17.04706192
18.49411201
11.45293903
8.66470623
10.21960926
15.77647018
12.95098209
9.44901943
12.44705868
10.46078777
8.30784225
7.89607906
9.17058945
12.89019680
19.57450867
15.36078358
8.61568737
9.28039169
13.99215698
15.34902096
9.17451191
13.20980263
11.34902191
9.08431625
6.58235264
9.35882187
9.81568623
17.09019661
17.70391846
11.17255020
8.74902058
11.56470680
15.64313698
11.88627625
9.88823700
14.11764526
10.75294113
6.96078300
8.11568546
9.27843094
12.61568546
18.15097809
15.11765003
8.83137226
9.64117622
15.21960926
14.03333378
8.96666813
14.87647247
12.40588188
8.60784340
6.46470594
9.41568661
10.32548904
16.31568718
17.25686264
10.97254944
8.86078644
12.37450886
15.40784264
10.74117851
9.86470699
15.99215889
10.29803848
6.71764755
8.59803963
9.24509621
13.11764717
17.63725281
13.83529472
8.85490131
10.25294113
15.99803734
12.94901752
8.43921566
14.50000095
12.92940998
8.17843056
6.06470585
9.41372490
10.93921661
16.82156944
16.56470680
9.98235512
9.26666641
13.42353058
15.87647152
10.04313850
9.16470528
16.13333511
10.51764870
5.54705954
8.74901962
9.85098171
14.70195866
17.58627319
13.02549171
8.93529415
11.32941055
17.23725510
12.43921757
7.69607735
13.28627586
12.85490036
7.62352943
5.28235340
10.54313660
11.71176338
17.73529053
16.95686722
10.54313755
9.59803867
15.39215755
14.74313831
9.31960964
8.60000038
15.45293999
10.14705944
5.09607792
8.12156868
10.32156944
14.45294285
18.54313850
14.04901886
9.40784359
12.53529453
16.56078529
11.02156830
7.52745104
12.84902191
12.84117699
7.06666708
4.75294113
8.96274471
11.82156754
17.10000038
18.26863098
10.66862869
9.41372490
16.71960831
13.27843285
8.91764832
8.70196056
14.73921394
8.94705868
5.02156782
6.42745066
10.20588303
14.50000000
19.74313927
13.66078472
8.21568680
14.42353153
14.11764622
10.48431206
7.50784349
12.42548943
11.84313774
6.91960716
4.88823557
8.15294075
11.66666508
18.79411888
17.70588303
9.82549095
10.11960793
14.30980492
12.19607735
8.27255058
8.51764774
14.93137360
7.91372490
5.10196114
5.75097990
10.31764603
14.22941113
19.55489922
12.43529224
7.46078444
13.65098000
12.45294094
10.19804001
7.41176558
11.99804020
11.76470375
6.18235254
4.93137264
7.97058868
11.35686207
17.85686684
15.54509830
7.68039227
10.87254906
12.76078320
11.69607925
8.09215641
8.36078358
14.07451057
7.50000000
5.07843161
6.19215775
9.71176624
13.33921623
17.72941208
11.33725357
8.47647095
12.66078663
12.34706020
9.37451077
7.95686293
11.22156715
11.47450829
5.61568642
4.99411774
7.82744980
10.47254848
16.48627472
15.00784492
7.70392084
11.04313946
11.87058544
10.49804020
8.00784302
9.10392094
13.56274605
7.35686302
4.74705887
6.32941198
9.64313793
12.88039112
16.10196304
10.24117947
8.48039246
11.44706154
11.45490170
8.82549095
8.29411888
10.87647057
10.83333206
5.59411764
4.92941141
8.79607868
10.79215622
14.69411659
13.90784454
7.12941122
10.79999924
11.93529510
10.42549038
7.59411812
10.16862774
13.14509869
7.20000172
4.61176443
6.85686302
10.48039341
12.03725529
15.74509716
9.21764660
8.19804001
12.04117966
11.15294170
8.34313774
9.57843399
11.46274376
11.14313602
5.08235312
5.14901924
9.27254868
10.40784454
13.46862602
12.73333263
7.09215593
10.25294209
11.76862812
9.72941017
7.62548971
10.60980415
12.98431396
7.43137312
4.20196009
7.21568680
10.10784245
10.73137379
14.26274681
8.81568718
7.73137283
11.59607983
10.67843246
7.81176567
10.05490112
11.15686321
10.90980530
4.80392170
4.77450991
10.00784397
9.53725529
11.85882378
11.77451134
6.87843084
10.54705811
11.11960793
8.68823719
9.15098095
9.22157001
12.40000153
7.10196161
3.56862760
7.88039351
10.65882397
9.76666641
13.13921452
7.86078405
7.79411793
11.46862793
9.69411850
7.42941141
10.01960659
11.13921642
9.56666660
4.82549047
5.54901981
9.99215794
9.70392227
11.71372700
10.71765041
6.67843199
9.71764660
9.72353077
8.36470604
9.77843094
8.84313869
11.18431664
7.23529434
4.53333330
8.51372623
10.36666775
9.47058964
12.54706001
7.04705906
7.92352962
9.35686111
8.95294189
8.27451038
9.56274414
10.68627644
9.10588264
5.16666603
7.29019690
9.92941380
9.73725510
11.39019585
9.32353115
6.55490208
8.57451153
9.27451038
8.00196171
10.02745247
9.22941208
10.01568604
7.10000038
5.04117680
9.27843189
10.57058907
9.62156963
11.54901886
6.69019699
7.31960869
9.15294266
8.65294170
8.44509888
8.86470509
10.61960888
8.64705849
5.49607849
7.26666641
10.21568680
9.60196018
10.41764641
8.56274509
6.28235197
8.05490208
9.65294266
7.97058868
9.36274529
9.33921528
9.52157021
6.95098209
5.91176510
8.61960793
10.27255058
9.52941418
10.15098000
6.32549095
6.55294132
9.54705906
8.52941227
8.36078548
8.43725491
10.38823700
8.60588264
5.50392151
6.99607897
9.72745323
9.76470757
9.62549019
7.40588188
6.08823538
8.00784397
9.42157078
7.92156839
8.33529377
8.82941246
9.18823528
6.52549028
5.26666689
7.56274462
10.59411812
9.22352982
8.71176529
6.18039227
6.81960773
9.19215775
8.37451077
7.88235426
7.54901981
8.79608059
8.32156849
4.81960773
4.90000010
9.64313507
10.03725529
9.31568718
7.12745094
6.46470547
8.04705906
8.52156830
7.62548828
8.10196304
7.90588379
8.76862812
6.03137302
3.84901953
6.93529463
10.31960964
9.79607773
8.57254887
6.24313784
6.63529348
8.40784359
8.22156906
7.29019642
7.99803877
8.42353058
7.65882206
4.05490255
5.01372576
9.65294170
9.60196114
9.49019718
6.70980310
5.73333311
8.15294170
8.53333473
7.09411716
7.82745171
7.46274519
7.68823624
4.67058992
3.76666713
7.87254906
9.81372452
10.01568604
8.71764851
5.31372499
6.99411774
8.91176510
7.64313650
7.08039236
6.61568642
7.22745132
6.51764822
3.29803991
5.22941303
9.80196190
8.89607906
9.75098133
6.48823547
5.84117699
8.37843132
8.23137188
7.20196104
6.72156906
7.00196075
6.68823481
4.75882387
3.28627491
7.03137302
8.90588188
10.51176548
8.87646961
5.17254829
7.43333244
8.86666679
7.40588188
7.48627472
7.03137207
6.88235426
6.08823538
3.85686350
4.55098057
8.86666679
9.60196018
11.01176453
6.10196018
5.56666660
9.13333321
7.75098038
7.55490255
6.95882416
6.98823643
6.68627501
5.27058887
3.81568670
7.12941170
8.65882301
10.94901943
8.75294304
5.05686188
9.53333282
8.44313717
7.42549038
6.63921595
6.81372595
6.56666708
5.70196104
4.96470594
4.20588207
9.11176491
8.51568604
11.69215775
6.05098152
8.07647133
10.83333206
7.30392265
7.01372480
6.43529415
6.79019690
6.20980358
5.35490131
4.03137255
7.19215631
8.10392094
10.69215584
8.85490322
5.50392199
12.38039207
7.96666670
6.95686102
6.37647009
7.23725462
6.13529444
5.46862793
4.63529444
5.09411860
8.53137302
8.41960907
11.46470547
5.59803963
9.38235188
9.52745152
6.90196133
7.16666603
6.32745028
6.88235331
5.50784254
4.27843142
4.44705915
7.51960754
7.69803858
9.70392227
8.21960831
5.60196161
9.28235245
7.98235273
6.47254896
6.03333330
7.06470490
6.17843151
4.53725529
3.68235373
5.33921623
8.34117794
7.66862679
10.26666737
5.11176538
7.01960659
8.16274548
6.98823500
6.08823538
6.24117756
6.47058868
5.35490274
3.42156887
4.51960802
7.06470585
6.91764784
9.08431244
7.12549067
5.16078424
7.35097980
8.13725471
5.82156801
5.46470499
6.96666670
6.27058840
4.25098085
3.44901943
4.70000076
7.32156897
7.28039265
8.96078491
4.88039160
6.02353001
8.00196075
6.39607811
5.33529472
6.31960773
6.57058811
5.36862803
3.20784307
3.82941198
5.40196085
6.62745142
8.75490189
6.48431492
4.83137226
6.51176500
8.05882263
5.13529396
5.46470642
6.36274338
5.73137331
3.80000043
3.35686302
4.22156858
5.84117603
7.75490236
7.96862745
4.67843151
5.82549000
8.61960793
6.21176434
4.88235331
6.01372528
5.83725405
5.18823576
2.77451038
3.04705930
5.39411783
6.17058802
8.39215755
5.56666660
4.70784426
7.54509830
8.41568565
5.57451010
5.32352972
5.79019594
5.07843161
3.28431416
2.69803929
3.97058845
5.83333302
7.05098057
6.74902058
4.23725557
6.29411745
10.19804192
5.65686321
5.17647171
6.37450981
4.90000057
4.36666727
2.65294147
3.06274509
5.32549095
5.67254877
7.47646999
4.46078491
4.88235331
9.78627586
7.12745047
4.94117737
5.59215689
5.63137293
4.65686226
3.10588288
2.45098066
4.34313774
5.47647047
5.87647057
5.79607916
4.24705839
7.61960697
8.62353039
5.78627396
4.75490284
6.49803925
4.51176500
3.90000033
2.55882406
2.40980411
4.95686340
5.31372499
5.80196190
4.93529320
5.03725529
9.27647114
6.73921585
5.32352924
5.56078434
6.02549028
3.76078415
3.04509807
2.25098085
3.71764779
4.80784321
5.54313803
5.24509859
4.34117651
7.34705973
8.32353020
5.41176414
4.65098095
6.78235340
3.96470571
3.59019613
2.57843089
2.96666718
4.42352915
5.28431463
5.34705973
4.92745113
5.42156839
8.37254906
6.70784283
4.63137341
5.58627415
5.34705973
3.66078448
2.40588260
2.74509811
4.08823586
4.81176424
5.46078444
5.76274586
4.45490217
7.42745066
8.10784245
5.30392122
4.36470604
6.77450991
4.11568594
2.65686297
2.62156892
2.85686255
4.82549095
5.17843199
5.50000048
4.96274614
5.65686274
8.61764717
6.76666689
4.60000038
5.91372633
5.50392199
3.20784378
2.24509835
3.14117646
3.77058864
4.78235292
5.42941093
5.13921642
4.80392122
8.04901981
8.03529549
5.19607830
4.46470642
6.76862669
4.02941179
2.53725553
2.37451029
3.75098038
4.78823566
5.11764669
5.35098124
4.71372604
6.66274500
8.16274548
6.85882425
4.36078453
6.05294085
4.64509869
3.14705920
1.89411771
3.21764684
4.11372566
4.81568670
5.50784302
4.93921614
4.92156887
8.67647076
7.85490179
4.84117556
4.88627481
6.43529367
3.33529449
2.02156878
2.28823566
3.51372600
4.50784302
5.30392170
5.50980425
4.69019604
7.28823614
8.60000038
6.41176510
4.22352982
6.29607821
4.34117699
2.58823562
1.98823595
2.56078434
3.80588269
5.32549000
5.51568556
5.15882349
5.60392189
10.29215622
7.73137283
4.28431416
4.40392113
5.74313736
3.48823547
2.06078434
2.20588255
3.22352982
5.26862764
5.25294161
5.26666641
5.43921661
9.70392132
8.38039398
5.64509821
3.78235316
5.47647095
4.44901943
2.60196090
1.78627467
2.81960797
3.95686245
5.56862688
5.33725500
5.17254972
6.63921595
9.76666832
7.92941284
4.05882359
3.76666665
6.17843199
2.95882416
1.89215708
1.95098066
3.13529396
5.07058907
4.85686398
5.54117680
5.42352867
8.14313698
9.00784302
5.39607906
3.25686288
5.18627453
4.33725548
2.35490251
1.85294151
2.58627486
4.11764717
5.10196018
5.38627529
5.41568613
6.68627453
8.31960773
7.57058859
3.48235297
3.46078444
5.61960745
2.83725500
2.08627462
2.01568651
3.40784311
4.65294075
4.86470652
5.55294180
5.61176491
7.21176577
9.35882282
4.48235321
2.93137264
5.52353048
3.91176486
2.17451000
1.92549026
2.20784330
3.77254939
4.71372604
5.02941132
5.51764727
6.51960754
8.28039169
7.40588188
3.29215693
3.59411764
5.33333349
2.89019680
1.91372573
1.71568680
2.84509802
3.92352962
4.82941151
5.84509850
5.84117699
7.17647076
9.17058849
4.05294132
2.69019628
5.23137236
4.07843161
2.02745128
1.74705911
1.96274543
3.29215693
4.65686321
5.71568680
5.53529406
6.67647076
8.47254944
5.90196085
2.84313774
4.05294132
4.73725510
2.81372571
1.78039265
2.20196104
2.31568670
3.65294123
4.73921633
5.79803944
5.88823462
7.54509878
7.55294132
3.81176496
3.04313707
5.15098047
3.08823538
2.16470599
1.94313765
2.28627515
3.09019661
4.54901981
5.44509792
5.15098000
6.72352839
8.39607906
5.11568594
2.80392170
3.82941198
4.21176529
2.79411793
1.92745125
2.10392165
2.74509835
3.97058845
5.12941122
5.48823500
5.56470585
7.59804058
6.58431292
3.62941217
2.31176472
5.07254934
3.28235316
2.44509840
2.01176500
2.10980415
3.11176467
4.67843151
5.30784369
5.39607859
6.18823481
7.36470652
4.90196085
2.65098047
3.70980406
4.12156916
2.58235312
2.33921623
1.79215705
2.58235312
3.70980430
4.84902000
5.54509783
5.26666689
7.04313755
6.27254772
3.22352934
2.25686312
4.90196085
2.78431416
2.30392170
1.69803965
2.10196090
3.08039212
4.23529434
5.08235264
5.32156801
6.60784292
6.94705868
4.37254953
2.28039217
3.52549052
3.73137259
2.21960831
1.82549036
1.87843180
2.77254939
3.43529415
4.72352934
5.38627386
5.32352924
7.17843199
5.38039255
2.95686364
2.35490227
4.49019670
2.73137259
1.82156885
1.76274526
2.35882378
3.22156858
4.20196104
5.05882454
5.34705877
6.55490255
6.59019613
3.70784330
2.31176472
3.94705915
3.47647142
2.31960821
1.50784338
2.01176500
3.12352920
3.37647080
4.77843094
5.37254953
5.92745209
7.35490322
4.83137274
2.76666689
3.15098095
4.22941256
2.49411798
1.83333361
1.70392203
2.71372581
3.03529429
3.75490236
4.97843122
5.42941141
7.23529434
6.22549009
3.43137312
2.33921599
4.20980453
3.31372571
2.22549057
1.84313762
2.21960807
2.63137269
3.26666689
4.31372595
4.54117632
6.77058792
6.92549038
4.53921604
2.85098076
2.72745109
4.10000086
2.52156854
2.31372547
1.77058852
2.52745152
2.75098062
3.85882354
4.38235331
6.02352953
6.76862764
5.37451077
3.32941151
2.25098062
4.01372528
2.99019623
2.54313755
1.85686314
2.23529410
2.50980401
2.95882392
4.53921604
4.99607944
6.37058783
5.65490246
4.23333406
2.82549024
3.11764741
4.10392189
2.60000038
2.16666722
2.49411798
2.23725510
2.58431411
3.62156820
4.84117699
5.77647018
5.82941246
4.50588274
3.26862812
2.30784345
4.13921595
3.19607902
2.56862807
2.42352986
2.51568651
1.95098042
2.84117699
4.52352953
5.35294199
6.08823490
4.93529415
3.74313760
2.41764712
3.09803963
3.96078467
2.60588288
2.07450986
2.65490198
1.87254906
2.37843180
3.69411778
4.61764717
5.62549019
5.71176434
4.11960840
2.99411821
2.40588284
4.19803953
3.11372614
2.07647085
2.41568661
2.24313784
1.75098062
2.85098052
3.95490217
5.01764727
5.87254906
4.26862764
3.29803967
2.68039274
3.51568699
3.62745166
2.28235316
2.54705906
2.30980444
1.69019628
2.40980387
3.40196061
4.45294189
5.25882339
5.16470718
3.50392199
3.11568666
2.46862769
4.09607840
2.20588279
2.31372571
2.42352962
2.09019637
2.19019628
3.13333368
4.08431387
4.76078367
5.46274519
4.25490236
3.33921552
2.62745118
3.08627510
3.33137250
2.41176486
2.32156897
2.46078467
2.00784326
2.61568618
3.44901991
4.58431387
5.51176500
4.22549009
3.88039207
2.91372585
2.32549024
3.91176510
2.51764727
2.12549067
2.43921590
2.37254906
2.23529434
3.04901958
4.16470575
4.66666651
4.43137217
3.97058845
3.44509864
2.35882378
3.38823533
3.06078434
2.30588269
2.41176510
2.24313760
2.09803963
2.62549043
3.73921609
4.50392056
4.62352943
3.80196142
4.07843161
2.61372566
2.10392189
3.94705939
2.44901991
2.20392179
2.49411774
2.18823528
2.38039255
2.95490217
4.46862793
4.59411812
3.82352972
4.01176500
3.21176529
2.31960821
3.23921585
3.08039236
2.16666698
2.63333392
2.15490222
2.23725510
2.47647095
3.91568685
4.62549019
4.21568632
3.59215713
3.67058802
2.59803963
2.68235326
3.80000043
2.36078453
2.20392203
2.42352939
2.03137279
2.30588245
3.22941184
4.46078444
4.79607868
3.48823571
3.82156873
3.00588226
2.37254930
3.53529406
2.91372538
2.08823562
2.15490222
2.12156868
2.25098085
2.67647076
4.08039236
4.70000029
3.77843142
3.99803948
3.50784349
2.81372571
2.82156944
3.37843108
2.43137264
2.20588279
2.48039269
2.10000038
2.43725491
3.49607873
4.44705868
4.45294142
3.82745171
3.86274529
3.23725462
2.82156897
3.49019575
2.61960816
2.51960826
2.20392179
2.72156858
2.17451024
3.08431387
4.27254963
4.67451000
3.59215736
4.00784302
3.64117670
2.90980434
3.22549033
3.12352967
2.74901962
2.08431387
2.81764746
1.93137288
2.58431411
4.15882349
4.62352896
3.87254906
3.62156844
3.69803905
3.21568656
2.61176515
3.60980368
2.63333344
2.28235340
2.50588274
2.52549052
2.06666708
3.29215670
4.74509811
5.02549124
3.32549024
3.42941189
3.45686293
2.90784335
3.20000029
3.10000014
2.28235340
1.85294151
3.25294137
1.37254930
2.03529453
4.67843151
6.14705896
3.03529453
3.46078420
3.64705896
2.98627496
2.45294142
4.02353001
2.12549067
2.11960816
2.57058835
2.63725543
1.42549026
3.31960821
6.17058897
4.48039246
2.84902000
3.78823519
3.56666684
2.40000033
3.58039188
3.16666722
2.32156897
2.41960835
2.70000029
1.78431416
2.41176486
4.87058830
6.42745018
2.41960788
3.68431377
4.13921595
2.93137240
2.37843156
4.84509754
2.64705873
2.61960816
2.29019618
2.54509783
2.34117627
3.49019599
6.27843142
3.62352967
2.93725514
4.11372519
3.76862812
2.68431401
3.88235283
3.72745132
2.62549043
2.78627515
2.82156897
2.03921604
2.78235316
4.98039293
5.52745152
2.49607897
3.49803948
4.21372557
3.06274509
2.76470637
5.47843122
2.38431406
2.72352958
3.02745152
2.33725500
2.20196152
3.35686302
6.18039131
3.13529420
2.73921609
4.19411802
3.87843156
2.71764755
3.97647095
3.51372576
2.29803920
3.44705963
2.62745094
1.87451005
2.60196090
5.04509878
4.50196075
2.81568670
3.51372576
4.64313698
3.25882363
2.97843122
3.77254915
2.38823509
2.66862750
3.33529449
2.15686297
2.05490232
3.70392156
5.31568623
3.00392127
2.98431373
4.37254906
3.94901991
3.10588288
3.42941189
2.91568613
2.47254968
3.18235302
2.89215732
1.99215710
2.57451034
5.25294161
3.67451024
2.80784321
3.89215708
4.39215660
3.26274490
2.70784354
3.71176457
2.83529449
2.55686307
3.20392227
2.21960831
2.29411840
3.76862788
4.97843122
2.39607859
3.39411759
4.37058878
3.69215655
2.74902010
3.55882382
3.29803944
2.14313769
2.95882368
2.95490217
1.94509816
2.72156906
5.25490284
2.92352986
2.56666684
3.96470594
4.16862774
3.41372561
3.32549024
3.91176534
2.74705863
2.14901996
3.57058835
1.95098090
2.09019589
4.09607840
3.68627477
2.61372542
3.43921590
4.44705820
3.59607887
3.18039227
4.01176500
3.24313760
2.29607892
2.76666689
3.30588245
1.95490217
2.71372581
3.64902020
2.69215679
3.25490236
4.16666746
4.07058811
3.36862803
3.37843156
3.52352953
2.76274538
2.26862788
3.64901972
2.20980430
2.29019618
3.35098100
2.87254930
3.02352953
3.94117713
4.75882339
3.53333354
3.06274486
3.89607859
2.86078453
2.25294137
2.86862779
2.82156897
1.95490229
2.75686312
3.18235326
2.71176505
3.81568670
4.83333397
4.24509764
3.10980439
3.69607854
3.25882339
2.65686321
2.55490255
3.11960793
1.78039277
2.44117689
2.62156844
2.62156844
3.36078405
4.97451067
4.80196142
3.34313750
3.03333354
3.49803925
3.14509821
2.34313774
2.76274538
2.41176462
1.78823555
2.61764741
2.50784349
2.65686321
3.89215732
5.61176443
3.74901986
2.93921590
3.59019613
3.25686312
2.66078448
2.48235345
2.40392208
2.02941203
2.27647114
2.78431392
2.72352958
2.84313726
4.77647114
4.47450924
3.06470656
2.90784311
4.13333321
3.05098081
2.59215760
2.37451029
2.55294156
2.01764750
2.48627543
2.74705935
2.92941236
3.57647085
4.77058840
3.50196147
2.94902015
4.42745018
3.52549005
2.63921571
2.54509854
2.89803934
2.42941213
2.21176505
2.49803925
2.74705911
3.27843165
4.49215651
3.61764765
3.38823557
3.69803905
5.06666756
2.86470604
2.60980392
2.90588307
2.65098047
2.29411769
2.48431396
2.73529434
3.05686307
3.43725538
4.17254925
3.36274529
3.67058825
5.39607859
3.52156878
2.77058840
3.11960864
2.80392146
2.14313722
2.42549062
2.79215717
2.82549024
3.29411817
3.94313741
3.38235354
3.48627472
3.99215770
5.77450991
3.19607902
2.73333383
2.78235316
2.26862764
2.62745142
2.54705882
2.63333344
2.94117641
3.58627462
3.74509883
3.40000033
3.51372552
6.14705896
3.73725462
2.54117680
2.80588269
2.49803925
2.43333340
2.95294166
2.65294147
2.68039250
3.10000062
3.77254915
3.55882359
3.24902010
4.39411831
6.33137369
2.80784321
2.60392189
2.94901967
2.29411793
2.79019642
2.92745185
2.85098076
3.05098033
3.74705887
3.43333316
3.49019647
3.54509783
6.18627453
4.12941217
2.71764755
2.95686293
2.85882378
2.65098095
2.90000057
2.73333335
2.59019613
3.60000038
3.79215717
3.29019618
3.23529363
4.27058840
6.21372509
2.75882411
2.86470580
3.08823586
2.77254939
2.42352939
2.95490241
2.87843156
3.05098033
3.51764727
3.50196123
3.49215722
3.45294142
5.07058907
4.07058859
2.77450967
2.77843261
2.98823595
2.35098076
2.86470628
2.66470599
3.11176515
3.58039212
3.73137283
3.38627481
3.10784364
3.91176486
4.89215755
3.02352953
2.62941217
2.74705911
2.60588264
2.56470585
2.85294127
3.01764703
3.04902029
3.94117618
3.54509830
3.03921652
3.25882363
4.36274529
3.99607897
2.87450981
2.76470590
2.62941241
2.24117708
2.61176515
3.19803905
2.72941208
3.60588312
3.73529434
3.65882373
2.94509840
3.43333387
4.98235464
3.23921609
2.77647114
2.95686293
2.19019628
2.32549071
2.85294151
2.95294094
3.16666675
3.60980463
3.13529420
3.31764698
3.06470585
4.72352982
4.02941179
2.87647128
2.74509811
2.66862774
2.38039279
2.65686297
2.93137264
2.87254906
3.70588255
3.55490208
3.29607916
3.18627524
4.00196075
4.80196047
3.53333354
2.63137293
2.74509811
2.40588284
2.55686283
2.81764722
2.97254920
3.41764736
3.48039269
3.57254910
3.15294123
2.96078467
5.02156878
4.19999981
2.80784392
2.80588269
2.37647057
2.36470628
2.43529415
2.79019618
3.15490246
3.24313760
3.40392232
3.21764684
3.24509788
3.76470590
4.60588264
3.14901972
2.77843165
2.57058835
2.45098066
2.37843156
2.60784340
2.70784330
3.46078396
3.27058887
3.38627481
3.07451034
3.09607887
4.51176453
3.68627453
3.00784326
2.65882349
2.53725481
2.53137279
2.53921628
2.75686312
3.05686307
2.96470618
3.25098038
3.41176534
3.04705954
3.74901938
4.32941198
3.07254934
3.17843175
2.62549043
2.25294137
2.23137283
2.70784330
2.85294151
3.24705863
3.09607887
3.44705915
3.25882363
3.10196090
4.61176491
3.82156897
2.90980363
2.93333387
2.08431363
2.23137283
2.68627477
3.08823538
3.02352977
3.23921585
2.80980444
3.23529434
3.33333373
3.79411745
4.28627443
3.19803905
2.66078448
2.49803972
2.22156906
2.51372600
3.04901981
2.95490217
2.97058845
3.07451057
3.11568666
3.07254910
3.07058883
4.28039265
3.75490189
2.65882397
2.71960831
2.67843199
2.29019642
2.50000048
2.84117675
2.63725519
2.87843156
3.24313760
3.12156892
3.01764727
3.78235364
3.96274567
2.89215732
2.64705920
2.79607868
2.17647052
2.50392175
2.58627439
2.77451086
2.74509835
2.97647071
3.26470542
3.17058825
3.21176481
4.07058811
3.07647061
2.47647071
2.78823543
2.49607897
2.22352982
2.35294127
2.89215732
3.03725529
2.69411826
2.94509840
3.20196128
3.16078472
3.79803944
3.53921580
2.77451015
2.59019661
2.74509835
2.09019637
2.43921590
2.59411788
2.86470652
2.79803967
2.83725500
2.82352948
3.20000029
3.49411845
4.21176434
3.03137279
2.68431377
2.82941175
2.17254925
2.26274586
2.38823605
2.63921571
2.64117646
3.29411745
2.99019647
3.06470633
2.83333349
3.88039231
3.73529482
2.94705915
2.50980377
2.19607854
2.29411817
2.46078467
2.51568627
2.69607854
3.02549028
3.38431430
3.24509835
2.86078382
2.78235316
3.89607859
2.98235297
2.47254896
2.48823595
2.36274552
2.07254934
2.92156863
2.98039174
2.74117684
2.94901943
3.33137298
3.18039250
2.77254939
3.11372614
3.25490212
2.80392122
2.44705915
2.66666675
1.96078467
2.41176510
2.93333316
3.07647085
2.73333359
3.11568666
3.15490174
3.05686283
3.02549076
3.51764727
2.55686283
2.71176481
2.11960816
2.39019656
2.22352958
2.31764722
3.02549076
2.95490265
2.93333387
3.05686283
3.22549081
2.88823557
3.65490198
2.94705915
2.48627448
2.28627515
2.49411798
2.30000019
2.33921599
2.53725481
2.83333325
2.99019575
3.01372600
3.35294127
3.04901981
3.19019628
3.70000029
2.86470604
2.43333340
2.64313722
1.67647099
2.51176524
2.77058864
2.87647104
2.73137283
2.83725500
3.14705896
3.23529410
2.72549057
3.82941198
3.26470637
2.72941232
2.50000048
2.14705896
2.06274533
2.70980430
3.24313760
3.07451010
2.89607882
2.95098042
3.47647047
2.96862793
3.00588250
3.30196095
3.15882421
2.49019670
2.36078453
2.27058864
2.39019632
3.19607878
3.35294104
2.86078453
3.22745156
3.74509859
3.14902020
3.01176476
3.06666660
3.20196128
2.36862779
2.62156892
2.20392179
1.93725502
2.60784340
3.60980415
3.15686297
2.54509830
3.36862779
3.35490203
2.72941184
3.18823576
3.23333359
2.90588260
2.44509792
2.46666694
2.12156892
2.12156892
3.06470656
3.72549057
2.55490208
2.91764760
3.31568646
3.05294132
3.22352982
3.16862798
3.38431382
2.31764746
2.38235354
2.23725510
1.76078475
2.76078415
3.41372561
2.81960797
2.72549057
3.71764731
3.10588169
3.00588274
3.38235283
3.27843213
2.62941217
2.71176505
2.23137283
2.00588250
2.30196047
3.24117637
3.17254925
2.44902015
3.62549043
3.41764641
2.73921633
2.83725500
3.49607825
2.87254953
2.18235326
2.48627448
2.36666703
2.07254958
2.59411788
3.41372585
2.54313731
2.82156873
3.48039269
3.13137341
2.56078458
3.32549071
2.77451015
2.59411812
2.48235321
2.48235273
2.27647090
2.18039250
3.73137283
2.64705873
2.62745142
3.08431435
3.15490198
2.66274571
2.92352939
3.48235297
2.82156873
2.76666689
2.55686283
2.62156868
2.07058835
2.82352948
3.20588207
2.57647085
2.81960797
3.49411821
2.64509797
2.68039227
3.41764712
3.11176443
2.81764770
2.81568623
2.37451005
2.38235331
2.57058859
3.03137279
2.57647061
2.64509869
3.46862745
2.84705901
2.85098028
2.75490236
3.40784287
2.56470609
3.23137259
2.34313798
2.56078458
2.41960812
2.91960812
2.72941184
2.89019656
2.90980387
3.18235326
2.84901977
2.53725505
3.42156863
2.81568670
2.84705877
2.61764741
2.54901981
2.57058811
2.75882411
2.51372552
2.59019661
2.99215698
3.42941213
2.83529449
2.64313793
2.84117699
3.05294132
2.46274519
2.80784345
2.34509802
2.30196118
2.46862817
2.68627477
2.70980406
2.70196104
3.18039227
3.11960816
2.64901996
2.82745123
3.28627419
2.78627467
2.58823538
2.47254896
2.11764741
2.22352934
2.65098047
2.76078439
2.70000005
2.79607844
3.27843213
2.65490198
2.71764708
3.16862774
3.11764741
2.80392194
2.63137293
2.34509802
1.94705915
2.26078463
2.95882440
2.67058849
2.54509830
3.25490189
2.71568656
2.92941236
2.83725572
3.40588236
2.94117713
2.71176505
2.64313745
2.02156901
2.29607868
2.69803977
2.90392137
2.55882359
2.71568632
2.84901977
2.64705896
2.70980430
3.26666665
3.11764765
2.59803963
2.73333359
2.40000033
2.14313745
2.49803925
2.58039260
2.69411826
2.61372566
2.75098062
2.42156863
2.47451019
2.52156878
3.32745099
2.94901991
2.58235312
2.57843137
2.39803982
2.19803953
2.60196090
2.53725576
2.70000029
2.67647076
2.42352915
2.56862760
2.35882378
3.10784340
2.77843142
2.80000043
2.59411788
2.20588255
2.41764712
2.30588245
2.51372576
2.74117708
2.45294118
2.77450991
2.45882392
2.78823566
2.76274514
3.11568666
2.58431411
2.57254934
2.39215708
2.28823566
2.06862783
2.18431377
2.42549062
2.76470637
2.62352967
2.72156906
2.75882411
2.76274538
3.20000076
2.58627439
2.47058845
2.38823605
2.43333387
2.10784316
2.09411812
2.43333411
2.59019613
2.44509816
2.29215765
2.67254949
2.53137279
3.00196099
3.15490246
2.71176529
2.32941198
2.75882363
2.20588255
2.22745132
2.35490203
2.35882401
2.50588250
2.39215708
2.27254915
2.62941217
2.97451019
3.36078477
2.82941222
2.72941208
2.41764736
2.38431382
2.32352972
2.30980420
2.37451005
2.44509840
2.33137274
2.50000024
2.79019594
2.56666708
3.08431411
3.07647061
2.65294170
2.67647099
2.35294151
2.03137302
2.29019642
2.40392208
2.40196109
2.33137274
2.60784340
2.59215713
2.43921614
2.39607859
3.15098071
2.58823538
2.38823581
2.42156839
2.39019632
2.20980406
2.43333387
2.54117680
2.13921571
2.50980425
2.44313765
2.44705892
2.32352972
3.04313707
2.77254915
2.52156878
2.45098090
2.50392175
2.37647104
2.15686321
2.46078467
2.38823533
2.58823562
2.14509821
2.41960764
2.42745113
2.74509835
3.07647133
2.78235316
2.71176481
2.38235307
2.26666713
2.19411802
1.94509840
2.31764746
2.65294147
2.41372561
2.17647123
2.35490227
2.46862721
2.63921618
2.78235316
2.72549057
2.62941170
2.14509821
2.40392184
2.22352958
2.18235350
2.21176481
2.61764741
2.56274486
2.19019604
2.58823609
2.72549081
2.94117689
2.39411759
2.89607835
2.59411812
2.24117661
2.18235326
2.34117675
2.18823576
2.57451010
2.25294161
2.38823581
2.48431396
2.45490217
3.01568651
2.57843137
2.69607878
2.36274552
2.28431392
2.28823543
2.22156858
2.38823557
2.69411755
2.11372566
2.58235312
2.32941198
2.55882382
2.75882411
2.91372633
2.54117656
2.42745137
2.30784345
1.86274529
2.08235312
2.48039246
2.40196085
2.38627505
2.51764727
2.55882382
2.52745104
2.51764727
2.80196118
2.94313717
2.48627472
2.27843165
2.11176491
2.02941227
2.13529468
2.12352967
2.60196114
2.57647109
2.42745113
2.44901967
2.73333311
2.52745128
3.11372590
2.42941236
2.51372576
2.09607863
2.02352977
1.99607861
2.25686312
2.37843132
2.72156858
2.36862755
2.54705930
2.83333302
2.95490217
2.69411778
2.61372614
2.30392170
2.25098038
1.96666706
1.98039246
2.27647042
2.46078467
2.51960778
2.38627505
2.81960797
2.62745118
2.82549071
2.83725500
2.75490212
2.68431377
2.29411769
2.12156940
1.91764748
2.19019651
2.30784321
2.48823547
2.50000024
2.66078424
2.66274524
2.47254920
2.84509826
2.72549081
2.97647071
2.48039246
2.34705925
1.81568646
2.14901972
2.00784349
2.57647085
2.30392194
2.51764727
2.66666722
2.61372590
2.27843142
2.56862736
2.98627496
2.60392141
2.47451019
1.97058868
1.92941189
2.15686297
2.54313731
2.43137288
2.29019642
2.26274514
2.57450986
2.37843132
2.74313712
2.80000019
2.56078482
2.74117708
2.21568680
2.11176515
1.99019623
2.46470618
2.39803910
2.33333349
2.13725543
2.59019661
2.26274538
2.37058854
2.74509835
2.89019656
2.41372538
2.65294170
2.31176496
1.71568644
2.32549047
2.34509897
2.24901962
2.46470642
2.38823581
2.53529429
2.08627486
2.78627491
2.94901991
2.51960802
2.61176538
2.22156882
1.96666706
2.22941184
2.19803929
2.36862803
2.64117646
2.33921599
2.56274557
2.07058859
2.61960793
2.86862755
2.53529429
2.64705920
2.49019623
2.05294156
1.98627472
2.37451005
2.14509821
3.04117680
2.41960812
2.35294151
2.47058821
2.50392175
2.59215689
2.53333330
2.61372590
2.66470647
2.09803939
1.91372573
2.31764746
2.27058816
2.91960812
2.78823590
2.25882387
2.59019637
2.41568613
2.37647080
2.76862764
2.77058816
2.69215727
2.24705935
1.88627458
1.96078479
2.53529453
2.28039217
2.83137298
2.67058849
2.20784330
2.62745142
2.30980396
2.72549081
2.90980458
2.73529387
2.72156882
2.06470609
1.83725536
2.32549071
2.23333335
2.76666689
2.54705906
2.01764750
2.61176491
2.65098119
2.77254915
2.72745132
2.87254953
2.88039255
2.29411769
2.01176524
2.21176481
2.26862717
2.03137279
2.69215703
2.30980420
2.69411778
2.71960783
2.83529425
2.86666751
2.59019613
2.59411788
2.62941217
2.40588260
2.29411793
2.11960816
1.96078444
2.20588279
2.55294132
2.68039227
2.67450976
2.64901972
2.74901962
2.82352996
2.81176567
2.44117689
2.60588264
2.42549038
2.00392199
2.18823576
2.44313741
2.12549043
2.42549062
2.69803977
2.29411769
2.78235316
2.87451029
2.78627467
2.56078458
2.70588303
2.46666694
1.90196121
2.13529468
2.58235383
2.27647090
2.16274500
2.60784316
2.44117689
2.46666670
2.80196142
2.51960826
2.65294147
2.60000014
2.51960802
2.15294147
2.13725519
2.58235359
2.32745123
2.02549052
2.07647085
2.38431430
2.53137279
2.31764722
2.51764727
2.69803929
2.48823524
2.69803929
2.01764727
2.13529420
2.52549005
2.31568694
2.11176491
2.01960802
2.01960802
2.49215674
2.12941241
2.55294132
2.44901991
2.58823538
2.64117694
2.52745104
1.76078486
2.12745094
2.32549024
2.02352977
2.19019628
2.38039279
2.40784335
2.24705911
2.43529439
2.41764736
2.81568670
2.51568651
2.31568623
2.07647061
2.03725505
2.13137269
2.16274548
2.28431368
1.96862745
2.62745118
1.98431396
2.56470656
2.62156868
2.73137259
2.63725519
2.55294132
2.21176505
2.12745094
2.19803953
1.84901977
1.95882368
2.29999995
2.23921585
2.42156863
2.60588217
2.37647104
2.76666737
2.99607897
2.56274509
2.43137264
2.23921561
2.07058883
2.01372576
1.80196118
2.01764727
2.29607892
2.32941222
2.48039269
2.62941241
2.42745090
2.87058878
2.76274514
2.56470585
1.79411805
2.43529463
1.70196092
2.01568675
2.06862760
2.21372557
2.43137288
2.35882378
2.42941189
2.79803944
2.92549086
3.02745104
2.71372557
2.21372604
2.08823562
1.81176484
1.69215715
2.22352982
2.35294175
2.35686255
2.10588264
2.58039236
2.67058849
2.91764736
3.08039236
2.62745166
2.60784292
2.40588260
2.00784326
1.97647083
2.06666684
2.31176496
2.04705882
2.09607863
2.04509854
2.34705877
2.69803953
3.17843175
2.86078429
2.61176467
2.25490212
2.31960773
1.74901998
2.09411764
2.12156868
2.24509859
1.88823557
1.77254927
2.13529444
2.38235331
3.20784307
2.93137240
2.59411788
2.05882382
2.15098071
1.81372559
1.69019628
1.95294130
2.25686288
2.12941217
1.80392194
2.23921585
2.51372576
2.53333330
2.67450976
2.21568632
2.27451015
2.06470609
2.10784340
1.89803946
1.80196106
2.23725510
2.25294137
1.78627479
2.02549028
2.62941194
2.43921590
2.73333335
2.09411812
2.41764712
2.02549052
2.29803944
2.14313769
2.13529444
1.97843146
2.37451029
2.16274548
2.33137298
2.38823533
2.48431373
2.33137274
2.63921618
2.50980401
2.37058854
2.02941179
2.31568670
1.94901979
1.85098052
2.08823562
2.29803944
1.80588269
2.44117665
2.32549047
2.30196071
2.64313698
2.73921585
2.56666660
2.10000062
2.02156901
2.32941198
1.86470640
1.75098050
2.34705877
2.14313793
2.29411793
2.10196090
2.21960807
2.33921623
2.62745118
2.74705911
2.32352972
2.01764727
1.89607882
2.46470594
1.96470642
1.91764736
2.06862783
2.32941222
2.17451000
2.03725505
2.44509816
2.31764722
0.32352942
