19.07254982
21.49411774
20.73333168
20.58823586
20.88039017
20.68038940
20.44705772
21.69019699
22.11764717
22.07646942
21.44117546
19.22156906
21.02352715
21.52156448
21.09804153
21.31372452
22.66667175
18.16470337
20.45882225
20.13137436
19.64509773
20.02745438
19.01765060
18.31372452
18.01960945
19.01372719
20.25686264
20.12548828
18.59607887
19.34117508
19.57647324
19.67843246
21.34509277
22.51961136
18.02157021
20.25294304
20.35490608
19.66666794
19.96078873
18.22745132
17.90784264
16.69804001
17.24313545
19.37059021
19.62941170
18.43529320
18.63725662
18.71764946
18.96666718
21.23921967
22.73137665
18.66078758
20.05882454
20.07647133
19.62745285
19.93333435
18.68823624
17.41372490
16.88627625
17.04705811
19.59804153
19.81372261
18.36274338
18.19411469
18.07843399
18.91372681
21.31372261
21.84509850
19.07451248
20.86862946
19.78431320
19.78039742
20.20392609
19.15294075
17.00000191
17.49608040
17.29215813
20.40000153
19.75882339
18.83725739
18.21960449
17.59215546
19.58039093
21.20391655
21.35490417
19.09215736
20.15294075
19.64509773
20.20000458
20.76274490
19.34118080
17.38431358
17.72744942
17.49215889
20.72548866
19.94705582
19.55882263
19.04117584
17.72548676
20.64901733
20.77451324
21.61372375
20.59803391
19.88039780
20.47646713
20.06667137
20.62353516
19.55882454
17.57843208
17.71568680
17.53333473
20.99020004
21.31177139
20.12940979
19.23529434
17.92156982
20.99411583
20.97451019
22.27059364
20.96470833
20.95294189
21.62353134
20.10392380
20.76470375
19.65294075
18.13333321
18.33921623
17.73726082
20.89804459
23.32548523
20.90784454
19.79804230
18.03529358
21.08431244
22.78431320
23.25686836
20.87450600
21.15489960
21.86470795
20.66471100
21.40392113
19.99215508
19.29019928
18.80392265
18.40392113
21.20391846
24.65881729
21.35097885
19.90784264
19.35490417
21.17843628
25.53921509
25.19607353
21.65686989
20.87058830
21.67255402
21.56274414
21.70391846
20.18235207
20.34314156
19.38039398
18.80980492
21.51961136
24.66470337
21.86274529
19.99411583
20.83333206
22.67255020
27.38431740
26.90980339
19.17843437
21.69803429
21.05881882
22.38824272
22.27843094
21.23333359
20.76666832
19.37647057
18.76863098
21.72745323
24.93136597
22.18627739
20.48234940
21.03333282
24.40000343
27.46470261
26.88236046
17.60980415
22.17451477
22.00196457
22.63137054
23.06666565
22.34705544
21.30980301
19.52352905
19.80980492
22.58431435
25.14313126
23.13921928
20.51176453
20.70392227
25.09411621
26.97451591
25.24509048
19.90980530
22.36470604
23.16470718
23.22941017
23.72745323
23.60980988
22.28627014
20.38823509
20.93529510
23.78627205
25.36077881
23.75490379
20.20196152
20.68430901
24.67059135
27.40588188
24.02353096
20.65490723
22.47254944
24.00195694
24.19020081
24.44902039
24.76274109
23.12156677
21.52745247
21.41764259
23.84313965
25.62352753
24.07451248
20.32549095
20.47843170
25.38431358
28.37058449
24.19215965
20.21176720
23.10392189
24.28038788
25.46274185
24.92352867
24.58627510
23.99019623
22.56274605
22.26862717
23.54510117
25.12548828
24.77058601
21.34510040
20.81176758
25.73724937
27.91568565
23.86862564
20.93137360
23.67647362
24.13529396
26.11765671
24.98038864
24.30392075
24.87843323
22.74118042
22.69215775
23.53921509
24.29803848
24.90587997
22.55882263
21.30196571
24.52941513
26.28039169
23.09020042
20.90980721
23.75490570
24.07843590
26.32941055
25.72744751
24.00784302
25.29019547
22.57254982
22.88823700
23.52156639
23.57058525
24.52745247
23.31961060
21.87843132
23.29216385
24.48627853
22.51373100
21.61764908
22.99020004
23.88038826
25.30392075
25.30392075
23.68039131
25.47255135
23.05882645
23.34510231
23.49215698
22.56666756
23.82156563
23.18235779
22.53332901
23.31568336
21.56666565
21.88039207
20.95490265
22.51961136
23.89019585
24.50392914
25.84313583
23.33137321
24.91764641
23.60980988
23.70784760
23.74901199
22.27647209
22.52156830
23.32745361
22.60196304
23.79019547
19.54706192
20.59216118
21.24510002
21.58432007
23.16470909
23.91372871
26.02157021
23.05882263
23.39019966
23.01960945
23.29608154
23.43136978
21.21568680
20.75098038
23.92745781
22.63921928
23.51764488
18.53725624
18.81372643
21.05686378
21.31372643
23.22745705
22.45098114
24.51372528
22.92941284
21.75686264
22.34706306
23.15098190
23.13725281
20.73529434
19.28039360
23.62157440
22.66275024
22.56666946
17.52941513
18.49020004
19.39216232
20.91764450
21.98234940
20.53921700
22.78039551
23.10784149
20.60196304
21.67450714
22.55294228
22.76471138
20.60391998
17.92549133
22.70588684
22.69411850
22.27255440
16.97059059
19.00392342
18.67647362
19.85686684
21.90000153
18.98039436
20.14902115
22.05686569
19.72156906
21.27646446
21.97843552
22.06274605
19.26470947
16.45686531
22.07058907
23.15294075
21.77646446
16.27843094
19.29215622
18.63725853
19.17646790
21.09411621
18.28824043
19.04314041
20.35098457
19.07647324
20.72941208
22.40980911
22.31568909
18.43137169
15.34117603
21.17058945
23.12156677
21.93725395
15.82353115
19.52941132
18.50392342
18.64313889
19.92156982
18.35686684
18.67255402
19.43921471
18.84901619
19.26274681
23.32941437
22.39019394
18.01764488
15.04902077
20.91176987
23.72352791
21.81568146
16.40000343
18.69216156
18.01176453
18.05686378
19.61372375
18.35882378
18.45882225
19.27451134
18.65293884
18.91373062
23.50980568
21.60195923
18.11568260
14.16470623
20.63529587
23.67843246
21.46274567
17.45294189
18.37647438
17.73725319
17.93333626
19.77647591
18.26666641
18.32744980
20.00392151
18.85882378
20.15098000
22.68235779
21.53921509
17.64705658
13.60588264
19.27843475
22.05098534
20.70784187
17.72941399
19.28039551
17.19411850
17.42549133
19.06274796
18.94509697
18.64706230
20.42548943
19.06078529
20.56078529
22.46274567
21.44705391
16.88235474
13.14313984
17.86470795
20.22549438
20.16274643
16.94510078
19.25098038
16.25686264
16.92941666
18.42549133
18.58235550
18.38627815
20.88039398
19.32353401
19.88039207
22.71373367
21.16470337
17.08235168
12.59019661
17.43333435
19.08234787
20.19019699
16.27058983
18.02941322
16.70784378
16.80000305
17.97842979
18.75294685
18.16667175
20.72353363
19.39411926
18.65686417
22.16863060
20.49411774
17.30784607
11.51372814
16.92745209
18.46862602
19.61372948
15.62157059
17.41765022
16.63333511
16.68235397
17.18039322
19.18823242
18.01176453
19.43137169
19.35294342
16.81568527
20.71960831
18.96470642
17.00784492
11.23725700
15.67843246
18.13137054
19.23921585
14.50196171
17.07254982
16.62549019
16.30392265
16.52941132
19.32941437
17.30392265
18.38823509
20.38627625
16.27058983
19.03921890
18.02548981
17.05490112
10.77058887
14.93921471
17.78823853
19.63921738
13.78039360
16.44705963
16.13137436
16.60196114
16.42745018
19.29411507
16.54313660
18.13921738
22.28823662
16.49019814
17.93921852
17.68235397
17.01568604
10.19215775
13.49804020
17.13529205
18.68235779
13.58039188
16.07451057
16.02549171
16.62941360
16.15882111
19.97451210
16.70588112
17.22353172
22.65294075
16.68235016
16.81568527
17.15490532
16.78627396
9.92744923
12.09215832
16.78235435
18.20980072
13.54313660
15.27647305
16.12353134
16.46666718
16.19412041
19.79999733
16.89215660
15.23921490
22.33921814
16.93137741
15.71372318
16.74117661
16.15294075
9.69215679
10.93725491
16.72156906
18.64313889
13.80784416
14.33333397
16.39607811
17.01765251
15.36078453
18.25293922
18.24705887
15.63137245
20.82940865
16.95490456
15.56666660
16.15098190
15.39215755
9.18627453
10.23529530
16.29804039
19.31372833
14.04706001
14.96274662
16.26078796
17.11568642
14.85490322
16.91568756
19.66666985
16.56274605
20.02941132
17.14706039
15.37843037
16.24117470
14.77450943
9.18627548
9.65490246
16.10588074
19.18627357
13.79215622
16.80784416
16.57451057
16.69607925
15.09804153
16.00392151
20.01568604
18.29019737
18.91568947
17.80392265
15.88431549
15.72941017
14.98823547
9.30392265
9.36470604
15.67451096
19.04118156
13.76666832
18.44509888
16.93137360
16.40000153
14.99607754
15.47255135
19.07254601
20.45490265
17.66863060
18.30588341
16.70000076
16.00392151
15.34902191
9.27451038
8.91568756
14.94313812
19.17059326
13.95686626
18.39019775
17.15882874
16.38823509
14.81568623
15.17843246
18.14902115
21.51960564
18.43137169
18.29607964
16.07058907
15.57059002
15.10392380
9.23725510
8.32352924
13.80588150
19.13529205
14.07647038
16.80196190
17.75294304
15.85294151
14.80784607
15.06274414
17.39019585
20.75490189
20.05686188
18.08627510
15.40196133
14.92352867
14.93137455
9.27451134
8.38627529
12.85294247
18.73725700
13.97646999
15.07255077
18.26274681
15.00000000
15.20588112
14.78235054
16.60000229
19.89215851
21.06470871
17.67843056
15.22352791
14.53921890
15.37255001
9.13725758
8.53725624
11.77450943
18.40588188
13.37843037
14.55686283
17.36666107
14.71764374
15.39804173
14.70980453
16.12745094
18.55098343
21.10196304
17.02941322
15.57843113
14.02156925
16.09020042
9.08431530
8.27451038
10.69411850
18.14706039
13.71568775
14.84901810
17.62745285
14.71960449
15.36274147
14.65098190
15.67450714
17.76078606
20.10784912
16.22941017
15.69999886
13.41372395
16.68039322
9.42548847
8.14117622
10.05686378
17.48235512
14.59607887
14.65490055
18.14706230
14.79803944
15.25294399
14.52941132
15.21176434
18.54313660
18.92941475
15.63137436
15.72941208
13.21960640
17.07647133
9.99019527
7.91372585
8.82156944
16.15490150
14.73529148
14.84705925
19.18823433
14.76666737
14.82353115
13.87843132
15.17058945
20.70588303
17.25098228
16.14117813
16.01176453
13.42744923
17.30784416
10.21960735
7.60980415
8.08431339
15.19019890
14.67647076
15.25294304
19.52353287
14.96666908
14.63725662
13.75882530
15.25490093
21.56667328
17.22941208
17.06470871
15.98431396
13.57451057
17.09215927
10.51960754
7.60392189
7.77647018
14.88039398
14.88823891
14.80980682
19.32549095
15.84117699
14.71176434
14.05293941
15.07647324
21.25882530
18.47255135
17.64509773
15.47842884
13.71960831
16.63921547
11.32353115
7.58627462
7.88431406
14.18627357
15.12156963
14.60392189
18.45294189
16.64509964
14.85097885
14.52745438
14.99411964
19.87058640
19.39216042
17.65490150
15.57058716
14.30000114
16.05686188
11.87451077
7.67254782
7.91372585
13.22352791
15.60588360
14.63137341
18.60196495
16.30195999
14.92745209
14.18627453
15.42549324
18.25686455
18.69803429
16.75097847
16.18039513
13.97843075
15.94117546
12.01960945
7.65098143
8.54117680
11.77255058
15.60784435
15.25490570
18.60196114
16.31568718
15.00392246
14.47058964
15.12549019
17.65293884
17.30196381
16.23333168
16.77058983
14.45490360
15.75490189
12.26470566
7.73333454
8.65098095
10.98823547
15.50784492
14.46666718
17.95098305
16.19999886
15.08431244
14.89215851
15.37254715
16.91764641
16.43137169
15.92352867
16.90980530
15.06666374
15.34313774
12.51960945
7.61960888
8.68823624
10.60784435
15.77058887
13.60980415
17.12156868
16.21764946
15.14117432
15.63921547
15.87647057
15.91372299
15.90000057
16.67450905
16.36863136
14.96666527
15.09607887
12.14117527
7.37058830
9.27647114
9.86274624
15.88235569
12.78627300
17.07255173
16.49020004
15.24509716
16.73137283
16.95098305
15.33529663
15.40196037
16.77647209
16.09216118
14.63921642
14.85098171
11.76666737
7.24705982
9.54313850
9.56470585
15.28235531
12.52941132
16.84706116
17.22941208
16.03921700
16.78431511
18.17843246
14.79607773
15.00195885
16.17451096
16.10980606
14.99215984
14.74705982
11.93725586
7.05882311
9.12941074
9.47254944
14.98235321
12.61960888
16.40392113
17.73529816
17.44117546
16.89411926
19.01960945
14.13137150
14.87451077
16.43333244
15.83921528
15.25686455
14.85686111
12.44509888
6.83529472
8.60196114
9.02941132
14.84510040
13.15490055
16.79411697
17.91373062
18.11568451
17.28235435
19.03725624
15.07058620
14.83921623
16.66666603
16.25294304
15.47843170
14.69019699
13.37254810
6.70784283
8.41176510
8.49215794
13.63529587
13.83529472
16.76666832
18.39608192
18.17843056
18.20000267
18.54117584
17.76470566
14.72352982
16.35882568
16.42941093
15.60000134
14.31764698
14.29411888
6.91764736
7.89215612
8.04313755
11.84509754
14.54117680
16.64706039
17.95882797
17.18823433
18.77647209
17.51960945
20.27451134
15.24705791
15.58235455
15.70392036
15.80000210
14.21961117
15.00980473
7.40980339
7.73529530
7.84313631
10.59215641
14.70784378
17.69804001
17.19215584
16.50980377
19.59215927
16.22157097
20.76667023
15.53333092
15.54706192
15.19019508
15.50195885
15.14313602
15.52548981
7.70588207
8.50000000
8.19411850
9.97450829
15.39215565
18.45490265
16.58627510
15.44509792
19.80195999
15.26274681
19.75490570
15.21176147
15.56078625
15.29803848
14.78235531
15.76078320
15.89607906
7.73921585
9.04902077
8.58627415
9.31960583
16.23725510
19.07255173
16.29019737
15.15098286
20.26667023
15.02941132
19.88823509
15.34117413
15.44313908
14.91960907
14.10587978
15.71568871
15.71961021
7.64901972
9.04117870
8.91176319
8.82745075
16.69412041
20.48431396
16.07058716
14.98039341
20.62353516
15.30392456
19.39803696
15.68627357
15.14509773
14.61568642
13.96078300
16.21764755
15.24117661
8.01176453
9.21960926
9.32940960
8.73725319
16.55294418
21.39019966
16.00588226
14.21764851
20.21568871
14.96078491
18.27059174
15.53137207
14.20980549
14.77647018
14.18038845
16.88235474
15.67843151
8.38627529
9.41764832
9.93725586
8.42549133
15.73529434
21.02352905
16.17646980
14.02156925
20.23921585
14.19019508
18.35882378
15.66470718
13.46862793
14.26078415
14.23137188
16.60784340
16.14901924
8.62745094
9.22941303
9.77059174
8.71568584
14.62745285
20.88235664
16.12156868
13.88627529
20.13529587
14.52941322
17.39411926
16.05098152
13.29411888
13.73725510
14.18627262
16.03333473
16.30000305
8.90392113
9.48627472
9.77842903
9.11176491
13.57647133
20.38824081
15.74902344
15.07450867
19.59215736
15.03137302
17.13921547
16.78039551
13.71764660
13.63137341
14.11764908
15.82549286
16.61176491
8.68235302
9.62941170
9.81372547
8.91764641
12.57647133
19.67255020
15.57647133
18.22157097
20.33725166
15.57843208
16.59215736
17.37450981
16.39215660
13.45686150
13.99804211
15.70587921
17.35686111
8.69999981
9.75686264
9.97254944
8.76470661
11.39999962
19.23725510
15.40000057
21.70196342
24.44901657
15.90784168
15.74117661
16.45098686
17.65882301
13.07647228
14.07647133
15.69412041
17.25098038
9.03921604
10.13921547
10.18627453
8.61568737
10.48431396
18.45490456
15.45686340
22.71569061
27.69803810
16.52156830
15.24705791
16.91960907
17.36274529
13.99803925
14.05098057
15.58039188
16.74117851
9.48039436
10.44313622
10.22941208
7.94705868
9.81960773
17.22941208
15.83529186
23.00392532
27.47059059
16.32353020
14.29019737
18.34706116
16.37451172
16.57843018
13.74117470
15.17843246
16.80980301
9.82940865
10.17843151
10.17647171
7.29803991
8.86666679
16.51176643
15.80784416
22.15686035
24.02941132
15.19019699
14.10392189
18.38235474
14.72156906
18.46470451
12.91568756
15.71372795
16.39607620
10.34706020
9.81764698
9.88431358
6.83333349
8.06274509
16.28823662
16.10980415
20.95490265
19.94117737
13.46666813
14.14313507
17.93333435
14.19411659
19.14706039
13.33725262
16.17843056
16.09803772
11.04902267
9.51764774
9.59607983
6.72549057
7.63333368
16.25098228
16.41765022
20.10784149
17.32941437
12.99411488
14.10392094
17.83921623
13.64706039
18.89608002
15.21372318
16.32156944
15.93529129
11.45294285
9.17058945
9.66078472
6.75490284
7.28823566
15.97255039
17.07058716
19.91568375
15.98627377
13.45294189
13.50000000
17.16078568
13.38823700
18.12745285
17.00196266
16.60196114
15.83529377
11.69607925
8.19999981
9.43725491
7.23333263
6.77843142
15.72352886
17.43137169
20.65294075
14.77058887
13.72352982
13.20000076
15.46862888
13.80000114
16.96274948
18.61568832
17.50392342
15.86862755
11.35686398
7.61568642
8.88823509
7.53921509
6.71568632
15.10588169
17.49019814
19.71567917
14.48235321
13.80784225
12.70196056
15.26470566
14.31176472
15.63921738
19.90784645
18.09215736
15.39411736
11.40784359
6.87647104
7.99999952
8.40000057
6.09411812
14.38039303
17.27843285
18.43529320
13.99019909
14.20980167
12.09019566
15.14706039
14.64313889
14.22941303
18.52549171
17.88039398
15.24117661
12.98235321
6.21960831
6.69215775
9.79607964
6.00784349
13.46862888
17.86078644
17.89215469
14.24901962
14.58431053
12.95686340
14.84313679
14.90195847
13.68823433
16.59215546
17.13137627
15.42156792
13.64902020
6.18627405
5.99215698
9.88627338
6.17451000
12.40000057
18.05686569
18.07451057
14.43725681
14.73333359
12.85097980
14.83921719
14.94314003
14.76470661
15.01764679
16.53137779
15.11764812
13.79215527
5.72745037
5.80000067
9.32745171
6.18039179
11.71764755
18.49607849
17.40785027
13.78627491
14.60392284
12.27450752
14.65098190
15.17254925
14.75686169
14.18235302
15.35686493
14.92745209
13.81764603
5.60980415
5.42548943
7.99804068
6.05098009
10.99411774
18.43921661
17.10000229
13.58823776
14.29804039
12.58627605
14.43725586
15.23333359
13.42941380
13.78039074
14.26470661
15.00392151
15.35490227
5.85490274
5.30392218
7.09215689
5.79999971
10.41568756
18.03137207
16.74705887
14.00392246
14.53921700
12.63529491
14.49803925
14.96862793
13.19019604
13.59411907
14.10392189
15.07254791
15.63137436
6.38823509
5.32548904
6.54509830
5.61372614
9.29999924
18.37255287
16.81176376
14.11764717
14.59215641
12.66470814
14.16666698
14.17255020
13.10784149
13.73725414
13.99019337
15.04705811
16.00392342
7.25686216
5.49215794
6.70980310
6.11960793
8.61372471
18.69412231
17.05686378
13.67451286
15.98235321
13.25686169
14.70392132
14.43725395
13.07646942
14.02549076
14.11176491
14.88823605
16.10000038
8.02941227
5.40784407
6.62745142
5.97843075
7.99607849
19.09216118
17.45294380
14.45490265
16.70196152
12.98235130
15.55294037
14.88235283
13.37842941
14.35686302
14.12156773
14.47255135
15.51568604
8.71568584
5.37255049
6.40980434
5.26274490
7.49411821
18.73921776
17.39804459
15.15294266
16.39999962
13.31961060
15.65490150
14.99804020
13.82156849
14.72156811
14.13333416
14.19804001
14.93921471
9.61960602
5.43137264
6.18039274
5.49019718
7.22549057
17.47843361
17.41568947
15.09999943
15.62941360
13.75882721
15.21568775
14.78431416
13.67646790
14.46666718
14.09215736
14.52548981
15.33921719
10.48431015
5.13529444
5.61764717
5.79999971
6.64509869
16.45098114
17.24901772
15.87254906
15.48235512
13.80980301
15.54313850
15.08431244
13.47058868
13.89019489
15.55490112
14.97058964
14.38235188
11.18823528
4.92745161
4.95098066
5.81176567
6.64705896
15.32941151
17.37842941
16.22549248
15.37058926
14.10392475
15.53725815
15.99803925
13.70000362
14.02941418
16.72941208
15.38431454
14.01568794
11.67647266
4.57254934
4.49607897
5.68235302
6.79803944
14.50195885
16.89412117
16.11176300
14.92353058
14.45686150
14.58627510
16.02548790
13.49803925
13.87451077
15.69215775
15.27843094
13.69803810
12.24509621
4.47450972
4.23921537
5.32745028
6.22941256
13.99019623
15.92352867
15.83921719
14.58235168
14.69019508
13.61960697
15.49607849
12.77647209
14.66274738
14.93137169
14.73529434
13.67451000
12.66274357
4.50588226
4.89411736
4.89607954
5.77450943
13.11176586
15.07451057
15.68235397
14.04901791
14.41372490
13.13333511
14.80000019
12.59411812
14.62352753
14.60587978
13.73333359
14.29804039
12.88627529
4.75686407
5.09607887
4.59411764
5.80588245
12.07843113
13.86470604
15.21176910
14.06274319
15.59999943
12.93725491
14.40196133
14.45490265
14.21372509
14.96470547
12.86666679
14.89804173
13.46470451
5.22745085
4.98235369
4.76274490
5.65097904
11.36862946
14.05098438
14.95882225
13.90195847
16.15882301
12.71372414
14.73137474
17.02549171
14.51176357
15.94117451
12.51568699
14.62941360
13.90392208
5.71568680
5.15882444
4.98823500
5.31372643
10.49607944
13.83921337
14.81372643
14.24901962
16.83333397
12.40980530
14.55294418
17.76667023
15.56666756
16.03725624
12.05882263
13.97059059
13.91568756
5.93529415
4.90196085
5.00195932
5.03725672
9.74901962
13.59803963
14.17058468
14.27451229
17.65294456
12.03333378
13.79999638
16.88235474
17.36667061
15.43725491
12.02941036
13.52352905
14.19411755
6.33725452
4.90196085
5.00588322
4.93725491
9.20196152
13.60000038
14.36666870
14.44902229
17.09803772
12.72941303
13.08431339
15.85686493
17.32941055
15.12352848
12.35882473
12.63529301
14.98039055
6.62745142
5.01372671
5.33725500
4.77058887
7.99607897
13.85293961
14.22352982
15.19803810
16.44902039
12.56862640
13.45294285
15.48235321
16.90000153
14.89411736
12.46666622
12.17450905
15.84902096
6.52352858
5.20588255
5.42352962
4.78039265
7.07255030
13.21764565
13.42156982
15.76274490
15.81960964
12.76666737
14.05098343
14.74705696
16.70784378
14.80392361
12.71960831
12.55294323
16.29019737
6.96274471
5.06274509
5.29411745
5.24901962
6.49215698
13.01176643
12.92156792
16.91372681
15.74117756
13.12745190
14.16666889
14.44902039
16.74117661
14.92549324
12.68823624
12.62941551
16.35490227
7.99803829
5.05490255
5.18431425
5.44901991
6.18235302
13.24313927
12.70000267
18.07059097
17.22353172
13.11764717
14.05490112
14.17058849
16.90392303
15.24313736
12.88039112
11.86470699
16.37255096
9.14313602
5.19411755
5.55882406
4.87843132
6.27647114
13.23529434
12.72352982
19.15490341
17.73137283
13.27450848
14.59215927
14.13921547
15.64118004
15.04706097
12.56470394
11.49019718
16.16078568
10.29411983
5.39607859
6.18039179
4.65882397
6.38235235
12.83725548
12.91372871
19.22549248
17.35882187
14.36470604
14.17451000
14.40980244
14.22157097
15.26274586
12.00980377
11.80588341
15.66470718
11.24706078
5.76274538
6.49215746
4.79607868
6.08627462
12.09215546
12.78823280
18.75686073
16.75882339
15.02352905
13.01764870
14.12744999
13.45686340
15.97255135
12.74313736
11.66470623
15.78235340
12.01568985
6.13333273
6.48431444
4.95490122
5.44902039
10.89019680
13.23137474
17.91961098
16.30980682
15.30588436
13.24705791
13.37450695
13.07843208
16.13333511
15.21764565
11.30392170
15.75882626
13.12352753
6.11176491
6.23921490
4.80196047
5.03529501
10.22744942
12.94313717
17.09411621
15.53333378
15.74510002
13.48039150
12.99019623
12.68431377
16.01176643
17.64706039
11.03137398
14.81568527
14.15686131
5.91372633
6.32745171
4.75098085
5.30196095
9.81568623
13.02156639
16.24509621
14.45098114
16.02352905
13.72353077
13.18431091
12.76862812
15.64705849
18.51961136
11.54313660
13.71568584
15.18235397
5.63333368
6.37843132
4.62745094
5.67254925
9.94510078
13.90392399
16.17646790
14.65098190
16.27647400
13.33529568
13.86078358
13.18039322
15.52745247
17.87059021
12.01960850
12.77647114
15.69019794
5.55490160
6.45686340
4.55490160
5.50588274
9.54901981
13.47647095
16.40392494
14.85098171
16.56470680
12.62156677
14.39803982
13.23529339
15.66862679
16.98235512
12.57647133
12.26470661
15.67058849
5.74902010
6.20000029
4.64705992
5.13725567
9.09607887
13.27451324
16.72941399
14.77647114
17.21372795
12.38627529
15.08431339
13.69411564
15.83529472
17.10196304
13.02353096
11.73137188
15.62352848
6.65882254
5.70588303
4.78627443
4.90784359
8.91372585
13.24902153
16.62940979
14.98235416
17.39411545
12.38039398
15.57058716
13.49019623
16.40392113
17.17646980
13.24902058
11.58823299
15.00392342
8.26274490
5.70980358
4.95098066
4.95294094
8.57843208
12.98823547
16.10392189
14.97058868
17.38627625
12.14705658
16.69019699
13.36078167
16.70392418
16.69215584
13.00980282
11.77842999
14.40980434
9.99019432
6.26666594
5.44117689
4.82156849
7.77058840
12.84705925
15.52156830
14.15490246
16.71961021
12.43137455
16.89215660
13.96078587
16.97255135
15.60000038
12.69411850
12.33529377
14.00588131
11.18039131
6.54705811
6.18431377
4.59215736
7.22549009
12.67255020
15.88431740
13.58627415
16.56666565
13.54705715
17.51960945
16.16862679
16.88431549
13.31568718
12.20588112
12.21960640
13.76078510
12.53529644
6.34117651
6.60000086
4.56470585
7.12745094
12.08627510
15.57254982
13.75686455
15.51764679
14.24313450
18.29411697
20.42549133
17.19215775
11.87647057
11.19999981
11.99411774
13.80588531
13.58823395
6.69803953
6.58823490
4.40784311
6.80980396
11.74117851
15.07451153
13.94705772
14.90980530
14.40196419
17.10196114
22.56862831
18.15097809
10.93529606
10.74901962
12.17451000
13.30392265
13.79019451
7.27254963
6.51568651
4.60980415
6.73921585
11.14117718
14.01960945
13.66078568
13.31176472
15.33529472
15.56274605
22.36666489
18.52941132
10.45098209
10.90588284
11.78431511
13.37843227
13.97058964
7.38039303
6.57647133
4.54705811
6.92941141
10.30980492
13.97451210
13.72549057
12.63921547
15.41961193
14.20784378
20.42745209
18.94313812
10.39019775
10.70784569
11.95490360
13.40980530
14.44509792
7.03333378
6.58823633
4.32549047
6.79215717
9.76274586
14.42352772
13.36274338
11.77451038
16.04902267
13.93333244
17.29804230
18.70980644
9.50392246
9.96862984
11.91176319
13.12156868
15.47843170
7.29999971
5.94706059
3.99019647
6.36078405
9.44313717
14.01568890
12.39411736
10.87843132
16.83137131
13.99607944
16.33333397
18.12941170
9.19607925
9.98627567
11.53529263
12.27254963
15.77058792
7.60392141
5.87254953
4.45490170
6.00588226
9.16666698
13.51764584
12.11176300
10.47843170
16.66078186
12.69803905
15.86470699
16.74705887
9.15098095
9.63921738
11.59607792
10.57647038
15.96470547
8.19215870
6.11960888
4.57843161
5.88431358
8.70980358
13.15489960
12.25882244
10.29803944
16.42352867
12.41176605
15.33921528
15.24902058
9.12157059
9.16274548
11.50195885
9.32156754
16.63725662
9.30588436
6.49019670
4.65686321
5.64705944
8.00000000
12.70784473
12.20980453
9.90392208
16.33333397
12.55490208
15.75489998
14.54901886
9.16078281
9.32156849
11.67255020
9.10196018
16.24705887
10.35294056
6.86470604
4.63137293
5.32941294
7.28039217
12.39607906
12.01960850
9.41176605
16.49607849
12.91764736
15.43529415
13.80784130
9.49019623
9.80784225
11.97647190
9.13529491
14.65882683
11.63137341
7.09215784
4.51960754
5.16078472
6.39215708
11.32745075
11.94705963
9.63725471
16.58823395
13.09215641
15.69019699
13.88039112
9.74313736
9.88627434
12.10000038
9.11764908
12.06862640
13.59804153
7.71372509
4.80784369
5.31176424
5.89019632
10.65686321
12.12549210
9.28235435
16.28823471
13.28235245
15.69804001
14.48627472
9.82353210
9.32352924
12.28627396
8.90000153
9.71960735
13.85294151
8.44313717
5.22352934
5.67843056
5.76666737
10.37842941
12.66470432
8.86274529
16.31372452
13.32745075
15.78627110
15.56078529
10.07255173
8.80196095
12.25686264
8.86470509
8.92745113
13.72941017
8.91764736
5.41764688
5.48431396
5.27254915
9.60980415
12.12352848
8.71568680
16.19608116
13.92745018
15.87843132
15.64902115
10.18039322
8.86078358
11.98235416
9.21960926
8.85098076
13.49019909
8.81372356
5.53529406
5.71568632
4.85686302
8.77843094
12.13136959
8.45098019
15.20784378
14.40784359
15.87646866
16.13137436
9.49607849
8.94902039
11.33137226
9.29411888
8.58823776
12.51372719
9.05294228
5.41568613
5.88431311
4.88627481
8.42941284
11.91568661
8.72745132
14.10195923
14.38039398
15.97451019
16.09215546
9.50000000
8.76470470
10.96274662
9.19804001
8.47058964
11.54313850
9.49215698
5.81764698
5.51568460
4.80196095
8.04313660
11.27451038
8.46470547
13.22548962
14.77450752
15.88627338
16.07254791
9.38235474
8.50980568
10.40980339
9.63137054
8.53137302
10.71372604
9.88823700
6.16274548
5.26470613
4.54117727
7.80000114
11.18823624
8.47842979
12.25882435
15.41764736
15.28235340
16.67451096
9.49019623
8.56274700
9.96666813
9.97451019
8.41960907
10.05098057
10.01764774
5.98823595
5.01372480
4.70000076
7.71176529
11.18235302
8.56470490
11.52549171
15.78627682
15.39803886
16.72745323
9.72745228
8.00392246
9.87647057
10.08823299
8.04313660
9.66078377
9.70000076
5.90588284
5.43137312
4.50980425
7.82941294
10.49411964
8.28431416
10.87058926
16.11764717
15.75294304
16.71764565
9.80392265
7.79607868
9.51372719
10.06078529
7.76666594
9.45882607
9.72156906
5.87254906
6.29019642
4.07843208
7.41372538
9.87646961
8.70980453
10.44902039
16.83137512
16.28431511
17.17646980
9.26274490
7.96862745
8.73333359
9.44901943
7.65882444
9.47058868
10.41568661
5.89019585
7.27058840
4.40000010
6.70000124
9.45686245
8.52744961
10.37647152
17.02156830
16.30196381
16.28823471
8.92941093
8.07843208
7.73921633
9.60588074
7.38823509
9.52156830
10.25294209
6.48039293
7.64705896
4.45098019
6.30196142
8.87058830
8.71568775
9.71960735
16.68823624
16.43137169
15.10195923
9.08431339
7.89804029
7.34117651
9.61372662
7.61568642
9.37255001
10.11372566
7.27843189
8.30588245
4.59607792
6.23529339
8.54901886
8.60392094
8.76862717
16.37255096
16.70588112
14.90980434
8.91176414
8.23529434
7.54509878
9.06470776
7.95294237
9.59411716
10.80784416
8.30980492
8.45490170
5.55490255
5.47451067
8.69804096
8.29019642
8.03529549
15.60980511
16.76274681
15.05098057
8.46470642
7.97451115
7.59215784
8.28235340
8.10000038
9.65490150
11.24509716
8.74117756
8.06862736
6.33137321
4.67254925
8.08627510
8.46666622
7.27451086
15.37254906
16.73137474
15.01176643
8.51764774
7.95882320
7.67647076
7.82156897
8.29803944
9.47843170
11.34510040
9.47058868
6.90392113
7.24509811
4.53529453
7.61960840
9.03333569
7.24509716
14.84902191
15.79607868
14.89215660
8.72156811
8.56862736
7.92353058
7.84902000
9.27451134
9.17255020
10.90196037
10.82156944
6.08627510
7.45490170
4.30196095
7.39607906
9.28823662
7.49215746
13.97842979
15.12157059
14.54705906
8.42156982
8.52548981
7.98235369
7.69607830
10.05882359
8.73921585
10.12549019
11.60196114
6.10392189
7.90392065
4.67647123
6.81372547
9.30784416
7.46078444
14.11176491
14.44705963
14.65686226
8.47647095
8.23529530
8.26862717
7.53137302
9.88431454
8.17843246
10.08431530
12.23921680
5.98627472
8.27255058
4.34902000
6.94313717
9.12156963
7.19804001
14.21372795
13.32941246
15.00588512
8.31568623
7.86470652
8.03137207
7.47058821
9.88039303
7.82745123
9.93333340
11.89607906
5.87254858
8.06666756
4.42941189
7.05882359
9.13529396
7.10196114
13.76078415
13.31765079
15.03137398
8.01372623
7.61960840
8.06470585
7.32941151
10.19804001
7.20784330
9.44705868
11.55294228
6.02745104
7.92745161
4.41568661
6.40980482
9.13333511
7.31372547
13.52745056
14.03921795
15.34117699
8.07058811
7.28627539
8.32941055
7.13921595
10.89804077
7.21372509
9.65882397
11.77058887
6.43725538
8.62352943
4.42549038
6.16470623
8.86470699
7.06862736
12.57451057
14.61568832
15.56666756
8.09411716
7.24117661
8.02548981
6.99215603
10.82156849
9.32352829
10.68431377
12.13137245
7.11764717
9.59803963
4.50588274
6.36862755
8.84117603
7.48823643
11.77254772
14.79215717
15.90000057
8.16470623
7.59803915
7.97450972
6.87450981
9.67843151
11.88235188
11.82745075
11.89411831
7.88823557
9.75294304
4.32352972
6.03725529
8.54510021
7.38235188
11.25882244
14.95293999
15.89608097
8.73921585
7.98431396
7.98431492
6.83137274
9.07450962
13.76274776
12.56078339
10.76862717
9.33921528
9.57450962
4.20392179
5.31960821
8.12156963
7.25098038
10.83137321
14.51176262
15.60392284
8.89608002
8.10588264
7.41176462
7.02352953
8.27843189
14.88823700
13.80000114
9.94313622
10.71764851
9.63529491
4.50196075
5.25882339
7.92156887
7.04313660
11.05490208
14.56666756
15.85882282
9.25490284
8.28627586
7.14509773
7.20196104
7.46862793
14.73725414
16.22548866
9.87647057
11.68039227
9.37058926
4.94509840
5.32941151
7.33921576
7.03529358
10.54509926
14.28235435
15.89411736
9.70980453
8.06862831
6.92941189
7.34705830
7.36470509
13.93529510
17.31372452
9.74117661
12.52352810
9.01372528
5.33725500
5.10392141
6.93921614
7.44509697
10.85882282
13.51960564
15.58234978
10.47843170
7.59999990
7.62352896
7.99607801
7.17647076
13.01176357
16.54313660
8.97647095
12.82156754
9.00784302
5.87647104
5.09215689
6.82352972
7.44901943
11.16274452
13.37254810
15.40196037
10.86078358
6.88431358
7.92156887
9.46470642
7.22352982
11.75294304
15.29215622
8.75882530
12.58823586
9.86470795
6.48823547
5.10980463
7.09607887
7.27254915
11.07843208
13.44705868
14.22157001
11.34509945
6.71764755
7.54902029
10.44509888
7.02156925
10.53137398
13.40000153
8.91568661
11.83725452
10.20000076
7.09804010
5.41960812
7.05490208
7.24509811
11.27254963
12.75490475
14.26470375
11.66666698
6.39999962
7.36274529
10.22352886
6.77254915
10.27058697
11.31960773
9.09999847
11.87450790
10.73725510
8.30392265
5.80588293
6.99607897
7.28431368
11.60195923
12.76274395
14.06666470
11.76862526
6.17254877
7.43921614
9.76862812
6.72156954
10.51176262
10.16863060
9.01176453
11.98235321
10.43529510
9.62352943
5.99607897
7.56470633
6.98823595
11.36862850
12.27058697
14.06274605
12.61568546
6.00196028
7.30392122
9.56078434
6.40784359
10.20392036
9.92352772
8.59607792
11.49607849
10.54705811
10.36666489
6.15686274
7.85686302
6.83921432
10.85490227
11.91568565
14.38039589
13.61764431
6.46274471
7.14117718
9.57647038
6.22745132
9.69215679
9.60784245
9.01176453
10.73333454
13.57646942
11.24706173
6.55686283
7.60588312
6.93333387
9.97843361
11.37058830
14.62352943
13.77843475
7.60392237
7.13921595
9.77058792
5.80980492
10.19607925
9.51568604
10.27842999
10.29019642
14.39019775
12.03921700
7.00588322
7.45882416
6.70196009
10.21764660
11.55686188
14.15490150
13.38627434
8.37450886
7.42156887
9.39215660
5.99411774
10.60392189
9.45097923
11.73725605
10.15882492
13.34901905
12.57254982
7.07843161
7.22156763
6.96274519
10.00000191
11.31372547
13.69411755
13.09803772
8.76666737
7.41960812
8.97843075
6.07058859
10.17058849
9.36470604
11.66274548
10.18823624
12.74705982
12.96274471
7.18823576
7.30980396
6.75686312
9.34705734
11.48235226
13.29215622
13.10784435
9.24117661
7.49411869
8.62745094
5.85882282
10.00980473
9.27450848
11.28823662
10.00196171
12.44313812
13.49607849
7.08039284
6.61372519
6.45098066
8.82549095
11.63137245
13.56274891
13.22941113
9.58235455
7.12745094
8.27843094
5.89411831
9.44117737
9.36470604
11.12549114
10.75882435
12.08039284
13.93529510
7.22745085
5.65686369
6.45490265
8.16274548
11.90588093
13.30784321
12.86078358
9.91961002
6.60980415
7.95098019
6.31960773
8.64705944
9.79803848
10.88627625
11.50980377
12.08431339
13.26470470
7.57843113
5.18823528
6.60588217
8.09607887
12.17646980
13.25882053
12.90980530
10.63137150
6.25490236
7.87450886
6.57254887
8.73921680
10.33725357
10.88431358
11.26666737
11.47450924
11.83725739
8.05686283
5.63529348
6.89019632
8.36666584
12.97451019
13.15098000
13.11372757
10.71960735
5.71176386
7.91764688
6.55882406
8.75686359
10.68627262
10.56078434
10.78431416
10.66862583
10.74705887
8.81764603
5.89607906
7.16274500
8.37255001
13.56666470
12.70588207
12.93137360
10.92549133
5.92156887
7.54509926
6.45294142
8.36862850
10.53333473
10.70784378
10.72156906
10.35098267
9.57450867
9.56666660
6.34901953
7.00588274
8.33529377
12.80000114
12.19999981
12.33725548
11.42941284
6.16078424
7.23725414
6.42549086
8.09607887
10.02549267
10.95294285
10.69999981
10.78039265
9.25098133
9.86666870
6.40784359
6.71568632
8.38431358
12.31764793
11.41372585
11.59999943
11.92744923
6.65882397
7.02745056
6.49607754
7.74705887
10.04509735
11.52745056
11.44313622
11.48627472
9.24705887
10.26274490
6.83529520
6.69607878
8.05490303
12.16078472
11.12745094
12.12353230
11.76078415
6.80000114
7.30000019
6.76078558
7.43333292
10.12157059
11.46862698
11.79019642
10.87451077
9.97647190
10.73529339
7.72745180
6.66470575
8.00392246
12.11764526
11.25097942
12.12745094
11.66078568
7.01960802
7.14705896
6.59215689
7.07647133
10.41568661
11.04706001
11.70980453
9.75882435
9.82941151
11.30980492
8.60000134
6.50392103
8.01960945
11.75097942
10.55490303
12.33725548
10.81176472
7.62548971
7.10196161
6.37451077
6.70588255
10.69215775
10.75294018
12.15098190
9.14902020
9.03725529
11.94705772
10.25294304
6.53921604
8.14509869
11.22157001
9.95490360
11.77843094
10.62353039
8.18039227
7.36666679
6.90588236
6.56078434
10.02745056
9.67255020
11.70980263
8.83137417
8.40000153
11.61764717
10.83725452
6.70196056
8.60588360
11.94509888
10.04117584
11.73529434
10.63137436
9.16078377
7.40588236
6.96470642
6.45686340
9.05294132
9.39607906
10.62549019
9.04706001
7.76862669
10.81176662
11.14509773
6.70392132
9.00980568
12.18039322
9.92352962
12.04313564
10.29019833
9.84117508
7.05882311
6.84313536
6.85294008
8.74509907
8.66666794
10.03725529
9.16470623
7.76274586
10.22156906
11.23921490
6.67843199
8.95882320
11.95294189
9.35490227
12.25685978
10.19412041
9.94509792
6.97450924
6.58627462
6.81568670
8.94313812
8.84313869
9.79411697
9.08431244
7.85294008
9.50000000
10.79411888
6.92156839
8.30588341
11.45490074
9.55686378
13.10588169
9.98431396
9.93921566
6.75097990
6.58431482
6.83725405
9.03921509
9.27451229
10.10980225
8.62156868
7.86274576
9.05490208
10.53137398
7.20392132
8.14705944
10.97843361
9.98235416
14.69999981
9.84706020
10.17647076
6.72156906
6.89411831
6.75098038
9.35686493
9.29804039
10.07254887
8.40196133
7.64509773
9.42941093
9.82941341
7.08039236
8.26078510
9.92156887
9.61176491
16.01764870
10.30784416
10.30195999
6.56862736
6.95294142
6.86078453
9.15098000
9.54901981
9.99215698
7.98039293
7.42941189
9.83137226
9.21372414
7.00784302
8.65294361
9.53137302
9.58431339
17.09803772
10.99607944
11.03333378
6.49019575
6.83921623
6.75294065
9.02549076
9.68235397
10.09804058
8.10784340
7.91372585
11.70588398
9.24705982
6.97450972
8.37647247
9.28627396
10.06666565
18.17647171
11.42352581
11.84901810
6.52745152
6.83921528
6.41176319
8.58431435
9.44509792
10.03529549
7.95686245
7.98627520
13.16666794
9.36470509
7.13921595
8.03529358
8.45294189
10.24902058
17.90784073
12.36078739
11.86862755
5.83725500
6.88235188
6.58627462
8.25294209
9.80980492
9.95686436
8.11176395
7.03921604
12.92353058
9.30000019
7.69411755
7.58823586
8.61568832
10.78627396
17.50588417
12.74510002
12.11372471
5.58823538
7.20588160
6.88431358
8.78627491
10.29411697
10.24705791
8.63137245
6.58431387
11.41176414
8.94509888
7.50980473
7.54509687
8.20000076
11.44117641
17.85490227
13.50392342
12.08039284
5.70980406
7.23725462
6.61176395
9.30980396
10.61372662
11.06078339
9.40980339
6.91372633
9.81372547
8.56274509
7.43921614
7.87843132
7.73333216
12.73725414
17.01568604
13.61961079
12.22745228
6.20588160
6.74117708
6.64705801
8.76274490
10.61372852
12.09411621
10.11764526
7.49803877
8.81372452
8.50392056
7.96470547
7.92745113
7.63333416
14.17451000
15.70980263
13.83921814
12.44705772
6.96274519
6.80588341
7.35490274
8.43725491
10.80000210
12.98823547
10.46078396
8.31176472
7.86274576
8.41764736
8.51176548
7.80392218
7.78235292
14.08823586
15.48039341
13.84117699
12.38039017
8.01372528
6.95294094
7.10392094
8.24705887
10.93333435
13.71176338
10.29999828
8.52353096
7.10980320
8.66470528
8.60196114
7.97058964
7.94509745
14.64705849
14.51764774
13.58235455
11.66078472
8.66470623
6.79411793
6.71764708
7.81764603
10.35490322
14.49999905
9.48823738
8.46078396
6.60980368
9.12549114
8.70980549
8.17843246
7.89803934
14.60392189
12.79019547
13.37843132
11.29019642
8.67450905
6.60196114
6.52549028
7.74117565
9.87255001
14.81960773
9.36274529
8.35490227
6.58823538
8.83529472
9.90196133
7.96666622
7.76078415
14.10980511
12.80980492
13.32941055
10.94705963
9.27451134
6.42941189
6.35882425
7.74509859
9.71568584
14.22941017
10.30392075
8.02941227
6.88235235
8.62941170
10.51764488
7.64901972
7.97843170
13.07254887
13.30784130
13.26078415
10.46274662
9.06274223
6.47843122
6.38823462
8.76470661
9.70392227
13.66862869
11.86666584
7.75098038
7.04313803
9.55490208
10.67059231
7.19019699
8.21960831
12.70588398
13.46274567
12.84509659
10.55686188
9.50196171
6.54509735
6.14705944
9.83725452
9.56274605
13.33333397
13.34706020
7.68823528
7.62745142
9.55490208
10.95294476
7.36470652
7.98627520
12.59999847
13.94509792
13.11960983
10.90784168
10.01568508
6.34117651
6.10588312
10.68235302
9.27255058
12.62156868
14.51372719
8.60392189
7.20196104
9.37255001
11.17843437
7.94117689
7.47843170
13.05490303
14.79019737
13.31372833
10.89804077
9.87254715
6.09999990
6.36862755
11.06862736
9.20195961
11.84313679
14.90196037
10.50000286
6.45098019
9.60588360
10.95882320
8.52353001
7.34705877
13.06666660
15.76274681
12.95294189
11.21764851
9.74509811
6.25490236
6.35686302
11.22941303
9.59803963
10.82156849
14.54705715
12.34902000
6.27843094
9.81764793
10.66078377
9.07843113
7.44901943
13.08235359
16.08627510
12.73725414
11.49999905
10.08627605
6.11960840
6.23333168
11.09411716
9.92156982
10.08039284
14.02353001
13.05294132
6.66470480
9.29803944
10.57254601
9.30980396
7.81372547
13.32156944
16.46862602
13.04705620
11.33921528
10.31960964
5.74902010
6.10784388
10.92156887
10.17058754
9.90980530
13.48627281
13.07647228
7.45098066
8.87647057
10.12941170
9.31372738
8.54705906
13.54902172
17.02941322
13.33921432
11.11176491
10.57059097
6.03137255
5.87254906
10.59803963
10.55686092
9.71764660
12.90391922
12.95882416
8.06862640
8.92549038
9.71176529
9.69804096
8.97058964
13.84902096
17.18235588
13.26470470
10.92941284
10.49411964
5.84509850
5.99215698
10.00980377
10.51764679
9.71960735
12.22352791
13.94901943
8.88627338
9.60196018
9.83529377
10.22745228
9.24117756
14.10784340
17.17647171
13.05490303
10.51176453
9.98039055
5.91568613
6.40196085
9.28039169
10.47254848
9.92549038
11.75098133
14.43137360
9.59803963
10.05686283
9.92549229
10.60000038
10.00784206
14.34117794
16.86666679
13.06862736
11.12941265
9.53921509
6.20196247
6.20196199
8.73137188
10.95686245
9.84509754
11.72352886
13.83921623
10.21176434
10.94509792
9.91764641
10.65098000
10.94313622
14.16862774
16.89019585
13.36078262
11.18039322
9.67451096
6.22745037
5.81176472
8.25882435
11.96862888
10.07843113
11.98235416
13.74902058
11.69999981
11.78823566
9.28039074
10.79607868
11.73921585
14.40980434
16.66862869
13.37646866
10.80784225
9.88823605
6.14706039
5.57843161
8.07843113
12.17059135
10.88039589
11.73529243
14.44509697
13.08627605
12.17254925
8.86666679
11.00000000
12.30195999
14.91176605
16.22941017
13.47254848
11.09411716
10.55294037
6.32548952
5.57843161
8.27058983
11.96078682
10.97842884
11.35686398
14.72745037
13.64902020
12.23921585
8.91960812
10.77843094
12.81764698
15.07058907
16.05098152
13.87254715
11.44117641
10.49803829
6.68039322
5.71568537
8.23529434
12.36862850
10.81568623
11.24509811
14.41764641
13.64901924
12.69019699
9.06666756
11.18431187
13.51568699
15.01568604
15.60196114
13.83137226
12.05490208
10.59411716
6.70195961
5.46666718
8.23333359
12.74117470
11.36666584
11.16274548
13.49804020
13.27646923
13.23137283
9.30784512
12.21764755
14.16862869
14.84901810
14.98823643
13.38627434
12.22941017
10.76470470
6.95490217
4.94313717
8.54313850
13.27254772
11.49999905
11.64313889
12.71176624
13.08823395
13.31372547
8.66078377
13.80392170
14.18627262
14.83725357
14.13529396
13.06470680
12.63529396
10.65490246
7.02941132
5.25882339
9.82941246
14.08039093
11.59804153
12.51568699
11.61960983
13.13333225
13.19215488
8.21176529
14.51372719
13.74902248
15.39804077
13.24902248
13.15293980
12.74509907
10.69215679
7.19411755
5.80196095
11.36862755
14.46078300
11.76470566
13.15490055
11.28823566
13.38039017
12.98823643
8.21176434
14.50000000
13.45098114
15.34313869
12.63921738
13.06078243
12.70000076
11.61176205
7.51960897
5.60980415
13.64313793
14.49804020
11.88823509
13.27842999
11.38431358
14.27647209
12.55097866
9.22745323
14.52941322
13.12941456
15.18235207
12.13333225
13.28823471
12.41764736
12.12156868
7.81176519
5.61764765
15.41372776
14.37254906
12.39803982
13.41764641
11.60588264
14.87254620
12.66470623
9.79411793
14.54117584
12.50392151
14.76274204
11.61960983
13.62941265
12.92745399
11.65686417
8.19215775
6.09215641
15.50392151
14.26666546
13.44313812
13.56862831
11.73725510
14.72352982
14.00980282
10.09215927
15.05294228
11.68823433
14.73333168
11.39019775
13.82941246
13.14509678
11.49215698
8.60588169
5.97450972
15.27451038
14.46666718
14.11568832
13.78235626
11.84705734
13.79411888
15.29215813
10.57254791
16.78235245
11.89804077
15.21372890
10.93725586
14.34117699
13.09999943
11.75882244
8.96666622
5.58039284
14.84313774
13.61960983
13.76274681
14.11960697
12.20784378
12.59411716
15.63529491
11.59215641
18.37254715
12.66862774
15.09804058
10.47843170
14.52745342
13.02548790
11.83529282
9.68235493
5.62745047
13.90980148
13.27647018
12.78627205
14.37058735
12.25294209
12.24313736
15.25490189
13.29411697
19.65882492
12.91568756
14.97647095
10.63333416
15.44509888
12.70196056
11.68627548
9.84902096
5.73333359
13.31568718
12.99215603
12.09607887
14.06862736
12.11176491
11.73333168
14.13725281
15.79607677
20.62745285
13.33725548
14.33725548
10.93333244
16.28235245
12.30784416
11.87254715
9.80196095
6.49411726
12.83137417
12.77254963
11.81960964
13.50392056
12.48235416
11.54313660
13.48823547
19.80980492
20.08038902
14.21960831
13.39999866
10.67843056
15.57059002
12.49999905
12.24313736
9.83529568
7.68235207
12.72156906
12.57254887
11.96078300
13.03137207
12.76470852
11.29215813
12.78431320
21.60784531
18.67058563
15.52941322
12.58823776
10.28627491
15.26862621
12.52157021
12.37254906
10.04117680
8.06862640
12.81960773
12.70392323
11.63529491
12.33921432
12.91372299
11.19215775
11.99804115
21.03529739
18.00588226
16.26862907
12.02745247
10.11764717
14.45097733
12.96470451
12.16274548
10.20196247
8.37058830
12.09215641
12.94901848
10.91176224
11.49999905
12.82745075
10.17843151
11.27058792
18.56274605
17.61568642
16.63529396
11.67451096
10.34509945
13.36274433
14.09215832
11.28823566
10.79215813
9.01372623
11.50980282
12.87647057
10.90196037
10.97843075
11.89803886
9.79215813
9.74117661
16.12548828
16.70588303
17.25098038
11.02549267
10.57058811
13.23529434
14.89215660
10.83725548
11.48235321
9.18235397
11.91372681
13.46666718
11.07254982
11.23725414
10.71764660
9.80784416
9.01568699
14.54509926
16.15882683
17.74117661
11.37059021
10.54313755
12.87647057
14.83529377
11.19411755
11.38627529
9.34902000
11.53725433
14.30000210
11.50980568
12.00000000
10.21176529
8.98431396
8.20196152
14.29019737
16.92548943
16.53921700
12.57451057
10.53921604
12.91568947
14.91176510
11.69804096
11.04313755
9.80196095
11.11176586
14.61764908
11.16666698
12.80980396
9.74117756
7.81176424
7.83137274
13.16078472
17.14313698
15.05097866
13.03137302
10.68235302
12.91372585
14.89804077
11.76862812
10.84901905
10.57647324
10.99803925
14.58039379
10.40588093
12.49215698
9.07647133
7.68431377
8.42745209
11.58627415
15.89019680
14.66274452
13.10980415
10.92745304
12.63136864
14.53725433
11.53921413
11.12156963
10.65294170
10.85294437
15.29607868
10.36666679
11.08431339
8.86078548
7.23725557
8.80980396
10.91176510
14.76470661
15.23137569
13.22941208
10.36470604
12.18823433
14.40392017
11.61372471
10.61176491
10.62353039
11.07647133
16.11764717
10.83137035
10.17254925
8.82549095
7.56078482
9.55294037
11.02941322
14.83333397
15.53725624
13.69019508
9.58627510
11.50784492
13.91960907
11.63529301
10.08627510
10.55490303
11.26078320
16.80980492
11.74509811
9.17058945
8.64705849
7.42744970
10.84901905
10.70980549
14.92156792
15.77450943
13.89019966
9.19803905
10.82156944
13.23529148
11.44902039
9.78431416
9.99411869
10.96862793
18.12156868
12.59999752
8.87451077
8.31960678
7.53725433
11.33529377
10.95686245
15.38823318
16.11176491
14.07255173
8.90392208
10.07843113
13.26470757
11.84705830
9.50392246
9.70784473
10.18039227
18.02157021
13.14902020
8.09607983
8.20588303
7.30588102
9.93921471
10.75097847
16.42156982
16.05882645
13.57647038
8.88823509
9.67647171
13.08627701
12.42745304
9.43137455
9.68627357
10.20196056
18.12745285
13.04313850
7.52549028
8.62156963
7.33725452
9.09607887
9.87450981
16.85293961
16.12745285
13.04313469
8.91568756
9.19215775
12.47450829
12.22156811
10.04902077
9.84313869
10.50784397
18.03137207
12.95490265
7.13725424
8.89411831
7.39411831
8.47254944
9.75098228
15.75686264
15.83529377
12.51960945
9.04706097
9.64117622
12.06274605
12.00000095
10.70588017
9.92352867
11.54117584
17.93137169
12.69803905
6.88039255
9.00392151
7.10784292
8.73529339
10.00980377
14.05490303
15.00980568
11.65882492
9.22353077
9.90392399
12.05490208
12.63921642
10.93725395
10.42156792
13.41176510
17.18627548
12.36862755
7.24901962
8.59803963
7.45098162
8.82941246
10.56274509
12.48431301
14.20980358
10.86862755
9.48823452
9.86666679
11.59412003
13.28627491
11.48235416
11.01568699
15.69607925
16.75293922
13.27254868
7.62941122
8.24509811
8.11176491
9.68823528
10.86078262
12.27647400
14.89607811
11.10784435
9.86274529
9.58431339
10.26078606
14.10392189
11.19803810
11.11176395
16.02941322
16.58823395
14.47843170
7.65294218
7.74901867
8.05097961
10.92548943
11.77254677
12.47255135
15.97647095
11.68823624
10.25098228
9.21568775
9.18431377
14.23333168
11.22745037
10.89803886
15.72941208
16.04902077
14.48823357
8.05686092
7.19607735
7.78431320
10.61372566
12.70980453
12.28823376
17.52549362
11.84901905
10.53137207
9.11764908
9.86470604
14.28823471
11.53725529
10.71961021
15.76470852
15.24901962
15.00784492
8.74509811
7.23333406
7.58431387
10.49019623
12.56862640
11.96666622
18.70588303
12.30196190
10.80980587
8.86862946
10.15882397
14.66078281
11.85490131
10.70784187
15.19804001
15.17451000
15.50000095
8.88039207
7.26274490
7.10392046
10.30196190
12.05294323
11.98039246
19.66666794
12.80784321
10.85294247
8.79804039
10.25490379
15.44509888
12.00195885
10.79411697
14.52745056
15.93921566
15.64901924
8.52157021
7.12156820
7.06862736
9.71568584
11.92548943
13.15294075
19.73725700
13.26274395
11.20784378
8.55294228
10.16078568
15.20195961
11.65294266
11.35294151
14.76666451
16.76862907
15.95489979
8.94509697
6.86470556
6.95294094
9.59411907
11.79019737
13.92745209
18.86078644
13.77646923
11.53529453
8.21176434
9.85490322
15.07451153
10.88431454
11.94901752
14.84117508
17.53137207
17.19215775
9.65490150
7.04313707
6.89215708
9.58627510
11.74509811
14.06666565
18.77646828
14.34901810
11.66274738
8.42941284
9.70196152
14.60392189
10.90784359
11.78627491
14.48235416
18.07451057
18.63529587
9.70980358
7.42549038
7.02352953
9.34117699
11.37058830
13.56862831
21.28823090
14.13137245
12.76470661
8.37058830
9.03921604
13.73333168
10.78823662
11.16274738
15.07843113
18.03333092
18.84902191
10.06470680
7.12941217
6.81960773
9.82156849
10.54313660
13.17451000
22.48235321
14.29215813
12.77647209
8.39607906
8.87647247
13.37843323
10.27450848
10.89999962
16.00000000
17.53921890
18.30392456
10.87451363
7.15882206
6.37647009
10.43137455
10.22941208
13.35490036
22.55294037
14.29999828
11.87843132
8.82352924
9.13921547
13.87450790
10.66274452
10.81568623
16.61568642
16.97843361
18.58431816
11.21568680
7.57647181
6.43137217
10.04901886
10.61372757
13.74509811
21.34313774
14.24902058
11.38235283
8.74117661
9.65686321
13.89803982
11.44902039
10.20784378
16.84313774
17.40980530
18.87843323
10.76666546
7.71176529
6.60980368
9.56470776
11.73137188
14.66470718
20.83921623
13.74705887
10.95686436
8.38039207
9.29019547
13.42352867
11.96274757
10.63725662
16.67450905
18.10980225
18.58235168
10.57059002
7.57647228
6.91176462
8.64902020
11.81568623
15.10588360
20.59412003
12.62941074
10.74509907
8.35686398
8.37058830
12.73529339
12.55294323
11.12745094
16.73921204
18.32549095
18.16078377
11.23333454
7.58235359
6.53921604
7.88039160
10.94509888
14.57647038
18.65490150
12.39608002
10.57843208
8.34902000
8.49215794
11.59804058
12.27254772
11.26862621
15.58431530
18.38823700
17.37450981
12.18235302
7.69019651
6.15686274
7.62156916
10.08235359
14.30980587
15.84706211
12.24117565
10.89999962
8.44705963
8.80980301
11.45882320
11.95882416
10.79607677
14.41764927
18.13333511
17.56274796
12.93725777
8.27058792
6.20980453
7.60980320
9.91568661
14.31372356
14.19411564
11.80000019
11.37450981
8.15490150
8.58235455
11.08627796
11.74901867
10.03921509
13.65882301
18.61176682
17.84706116
13.66666889
8.71960926
6.29019547
8.22941208
10.60980511
13.69411850
13.18235397
11.87058735
11.41960812
7.67254829
8.10980606
10.40392113
11.35294247
9.63725567
13.18823528
19.05882454
18.69412041
12.81568432
8.52745152
6.40588188
9.03921700
10.97255039
13.30195999
12.77450943
12.46078491
10.98039150
7.65490246
7.56078434
10.22352982
11.03529453
9.28627586
12.68431377
19.28627396
18.84117699
12.09215736
8.36078453
6.38431406
8.99019718
11.34313965
13.21372509
12.51764774
13.25098228
10.04901981
7.88627338
7.13921452
10.25098038
9.99803829
9.41568756
12.36862659
19.06078339
18.85686302
12.71960926
8.40784359
6.56078339
8.52745056
11.76470375
12.97647190
12.61960888
14.56078339
9.46470451
8.15490246
6.83725500
9.57647038
9.55882454
9.38823509
10.92352962
18.90392303
18.33333588
12.31372452
8.28235435
6.35098076
8.90392113
10.68039227
12.85686493
11.94509888
15.00588322
9.34313774
8.54117584
6.71960735
9.39019775
9.80588150
9.32941246
9.52353001
17.81960869
18.54117966
11.35686398
7.16274595
6.42745113
8.83921528
9.43137264
12.71764660
11.96470547
14.49019623
9.20588398
8.63725471
6.77843189
9.19019604
10.15294170
9.45882320
8.93137360
16.36862755
19.36862564
11.19215870
6.04509878
5.98823500
8.43137264
8.92940998
12.46666718
12.60980606
14.46274662
8.95098019
8.20784378
6.93725395
9.60392189
9.87451172
9.10784340
8.45490265
14.73529434
19.15098190
10.84902096
5.57058954
5.32352972
8.30196095
8.65490246
11.40784454
12.42745113
15.50784492
8.45490170
7.96274519
7.16666746
10.00588226
8.95294189
8.38823509
7.69411802
13.64509773
18.09411812
10.68627357
5.60784340
5.44509745
8.37450981
8.51176453
10.45294285
12.16274643
16.34313774
8.61568642
8.30784225
7.37450933
9.58627510
8.76078415
7.57450962
7.89019585
11.08627605
16.06078529
10.40000057
6.26862717
6.16862679
8.42353058
8.90196323
10.15882206
11.80588245
15.92745113
8.61372566
8.79215717
7.13725519
8.35882378
8.65098095
6.91176510
7.87451029
9.02353001
12.77450752
10.79411888
6.34313679
6.93529510
8.49019623
9.01764870
9.56862831
11.91764832
14.57451057
9.02157021
9.15293980
6.88431358
7.80980539
8.47647095
6.95686245
6.92352962
7.70784378
10.28823566
11.63921547
6.18627501
7.67647076
8.18823624
8.79607868
8.85097885
11.25490284
13.14901924
10.30588245
8.71176624
7.18431377
8.20000076
8.38039207
6.69999933
5.94117641
6.52549028
8.97255039
11.64901924
6.03333330
7.96862793
7.66274500
8.29019737
8.85098171
10.19607925
11.55098152
11.18235397
8.73333454
7.66470623
9.13529396
8.72156811
6.80392170
5.00000048
6.48235369
8.13137245
11.00196075
6.06274557
8.60980320
7.11764812
7.96470642
9.14117622
9.58235359
9.50196171
11.01568604
9.53725433
8.15490246
9.45686436
8.30980396
7.25294209
4.88235283
6.61372566
8.06078529
10.30196095
6.62156868
8.70196152
6.90196180
7.62352896
8.86274433
9.64313602
8.98823547
10.06274700
10.06666756
8.66078568
9.02941132
8.03137302
7.07451010
5.52745056
5.96078444
8.20588207
10.30392075
7.62745237
8.33725643
6.93725395
7.05686188
8.56078529
9.58823872
9.63137245
10.86470604
10.15294170
8.90392399
7.34313631
8.49215698
7.03529358
5.88431454
5.60980415
8.47451019
10.03529453
8.89411640
8.38627625
7.48431444
7.03137255
8.40784359
9.42156982
9.94902039
12.53921795
10.46862507
8.77647114
6.47647095
8.80196190
7.08823633
6.13529491
5.55882406
8.20784283
9.75294113
9.36666775
8.16274452
8.30392170
6.75686169
8.60196018
9.06078434
10.60784340
13.87058830
10.40588188
8.45882416
6.29803991
8.27843094
6.66666698
6.50784254
5.50196123
7.47843122
8.97450924
8.46470547
7.50588322
8.47451019
7.36274481
9.11960602
9.16470623
10.65098095
16.58627701
9.86470604
8.20392132
6.30784273
6.98039150
6.43725538
6.90392017
4.92745113
7.45490217
8.55882454
7.71176529
6.60980320
7.27450943
7.99607801
9.34117699
8.63137245
10.36666489
17.65882492
9.50392056
8.11372566
6.29803944
5.87058735
6.39803934
6.56470537
4.52549028
7.76078367
8.54509830
7.54117584
6.20000076
6.34117746
8.05686378
9.61960602
7.96666813
10.33137226
16.22941208
9.18235493
8.14705944
6.33333349
5.37450981
6.61960745
6.47646952
4.20784378
7.20392275
9.88235474
8.25098133
5.90392256
5.67254972
7.96470594
9.58235550
7.51960707
10.10588074
12.87451172
8.67843151
7.78039169
6.02156925
5.15294075
6.60196066
6.86470556
4.23921585
5.99019670
10.65098190
8.58039188
6.02745152
5.87254858
7.57843208
9.52941227
7.39803886
10.53529358
10.48431396
8.72156811
7.71960688
5.79803991
5.06862783
5.89215708
6.67843151
4.77647114
5.41568613
10.11568642
8.85882473
5.83333349
6.59215641
7.11568594
9.25294113
7.35882378
9.60588264
9.19019699
9.06862831
7.72745085
5.98039150
5.43725443
5.35882378
6.03921509
4.62745094
5.42352867
9.28039265
8.49215698
5.26078415
6.97058821
6.78235292
9.00784302
6.87843132
8.34313774
8.93921661
9.48235321
8.47843170
6.36274433
5.79215670
5.68431473
5.58627510
4.16666651
5.99019623
8.34902096
7.86666775
4.84117699
7.23725414
6.39019632
8.87058640
6.06274462
7.42745113
9.70784378
9.58627605
9.14902115
6.67647123
5.56274509
5.89607811
5.59019613
4.22156906
5.79411793
7.72549057
7.35294247
4.89019632
6.12941170
6.27058840
8.40980339
6.29411745
6.91176462
9.81960773
10.12156963
9.47058868
7.18039227
4.84705973
5.77058840
5.37647152
4.43921566
5.51568699
7.38431406
7.36666679
5.35882330
6.08431387
6.05098009
7.79607821
6.24313641
6.80588293
10.00392151
10.86078453
10.03921795
7.28235340
4.53137255
5.37255001
5.14117622
4.59803963
5.18235397
7.70980406
7.38235331
5.45098066
6.28823662
5.56274605
7.97450972
5.73529387
6.91176462
9.40196133
12.03921509
10.54705811
6.44705963
5.06078482
4.99411821
4.98235273
4.68235254
4.77647066
8.05882454
7.86078358
5.61568594
6.03529501
5.07843161
8.13725471
5.91764784
6.32941246
8.58039188
14.10000038
10.58039093
5.92352867
5.08627462
4.78039312
4.60392189
4.53921604
4.44117689
7.92745209
8.46862602
5.90784311
6.13921595
5.34117651
8.07647133
6.31568670
6.21764708
9.05686283
15.02548981
11.19019413
6.20784378
4.85490274
4.63333368
4.98823452
4.65882349
4.25098038
7.80196095
10.01568699
5.74117756
6.31960773
5.54313612
7.66274548
6.08431387
6.63921547
9.63529396
14.91764736
11.67843151
5.98039246
4.75098133
5.00784302
5.39215708
4.35686302
4.13333321
7.13137341
12.38431454
5.75098038
6.93137264
5.74313736
7.83725357
5.60784292
6.73725414
9.17254925
13.05490112
11.90784359
5.77058840
4.95490217
5.06862736
5.92352915
4.29607868
4.37843180
5.99019575
12.97843170
7.00588179
7.23333406
6.15882206
7.67058754
5.42352962
6.87254810
8.99215698
10.65294075
12.55882263
5.35882378
4.54313755
4.38823557
6.00000143
4.21568680
4.69804001
5.56274557
12.33921432
8.76274490
7.00980425
6.58823586
7.32156801
5.36078405
6.98823595
9.26666641
9.28431320
13.06862831
5.26666594
4.40784359
4.20784378
5.75098038
4.06078434
4.56078434
5.76470661
11.52156639
9.68431473
6.81176472
7.00000048
6.71764708
5.41764688
6.82745171
9.25882339
9.43137264
13.76274490
5.26078510
4.54509878
4.08627510
5.50000048
3.92941213
4.71176481
5.53921509
10.27450848
10.03921604
6.98627520
7.37450933
6.58235359
5.48627424
6.78627443
8.62353039
10.33725548
13.41176605
5.20588255
4.59019613
3.92352986
5.21960783
4.17647028
4.69607782
5.26078510
9.94706059
9.81568718
8.01960754
7.77450943
6.68431377
5.43333292
7.02549124
7.79215670
10.19607925
13.32549000
5.43137407
4.51764727
4.01764679
5.27254915
3.83529472
4.68431377
4.95098066
10.73921680
9.73333263
8.80196095
8.47647095
6.84117699
5.33529425
7.55098104
7.22745132
9.70980358
13.45882511
5.62156916
4.45098019
3.77450967
5.21372557
3.53137279
4.40392160
4.85882473
11.62156963
10.13137245
9.06078529
9.35098171
6.90980434
5.14117718
7.71176481
7.15098047
9.82548904
13.27646923
5.75490284
4.23333359
3.70000029
4.98039246
3.80392170
4.24117661
4.80392170
12.00196075
10.60392189
9.24509907
9.74313641
6.98235321
5.12941217
6.88039112
7.17451000
10.55490303
13.52941418
5.86666679
3.90980411
3.86274505
4.66666698
3.90588284
3.84901953
5.12745142
11.90588284
12.01764870
9.71568680
9.96862602
6.75490189
5.30588293
5.77647114
6.93333435
11.30392170
13.15490055
4.98039198
3.87451005
3.73725486
4.12156916
3.80196118
3.13529420
5.53333330
11.40784454
13.24313545
9.34902000
9.66274548
6.32352924
5.35294151
5.30980492
6.65490198
11.21372414
12.18235302
4.36274529
3.98431373
3.64901996
3.95882392
3.87254930
3.06078458
5.80980349
10.97647095
12.79019642
9.88235283
8.77646923
6.09215641
4.88039303
5.17451000
6.49411726
11.89607811
11.84117889
4.44117689
4.12352991
3.15098071
3.60588264
3.96274543
3.34117675
5.92745113
10.32549000
11.41568470
10.15882492
8.13725567
5.62156868
4.59804010
4.95098019
5.82352924
12.43333435
10.38823605
4.36862755
3.98627472
3.21568656
3.51176524
4.33725500
3.34901953
5.33921576
10.62353039
9.94509792
9.65294075
8.50980473
5.56470633
4.60392189
4.72941160
5.10196114
12.61764908
9.59607887
4.47451067
3.93529415
3.32941198
3.79019618
4.76470613
3.37254977
4.94705963
12.04117393
9.95098305
9.57254887
8.80196095
5.19607925
4.97058821
4.61960793
5.21372557
11.16274548
8.69019604
4.28431368
4.03137302
3.10392165
3.88039231
5.05882406
3.59803939
4.72941208
12.03725624
11.03725338
9.57058907
7.95294094
4.92549133
5.08431435
4.49803877
5.45686388
9.63529491
7.72353029
4.02156878
4.00196075
3.19607830
3.71176505
5.18823576
3.76470613
4.56274509
10.57843208
11.61764908
9.05882263
7.64705944
4.99607849
4.71568680
5.11176395
5.31960869
8.70392227
7.49607849
4.11764717
3.97843146
3.52156878
3.55882382
5.38627529
3.98235345
4.84901953
8.94313812
11.15686321
8.82941151
7.90588284
4.85882378
4.65098143
5.86274529
5.43529463
8.03725529
7.18431377
4.23137331
4.38823509
3.38627458
3.29215741
5.44509792
4.47254992
4.72549105
8.06470585
9.47843170
8.51176548
7.70588350
5.09803915
4.86078453
5.79999924
5.56078434
7.05490208
7.78431320
4.33529472
4.97450924
3.45294118
3.21764708
5.29019547
4.09607840
4.64705896
8.63725471
8.06470680
8.89411736
7.00000048
4.99019623
4.94509840
5.51764774
5.64509821
6.04509783
8.69411850
4.70196104
6.14117670
3.62745118
3.43529415
5.09215736
3.82941175
4.52941179
9.06274605
6.57843161
9.77254868
7.35882282
4.51372528
5.02941275
5.48823500
5.18823481
5.53921556
8.39215755
5.71372509
7.52353001
3.53529429
3.70784354
5.59019661
3.89019608
4.40000010
9.17255020
5.64705849
9.35882282
7.47450972
4.66862774
4.86274433
5.33333397
4.61176491
5.51960802
7.13921690
6.06274509
8.76274490
3.01960802
4.02353001
6.04901981
3.86666656
4.24117708
8.64117622
5.29019547
8.70000076
7.11764717
5.06274509
4.45686340
5.06666708
4.26274443
5.14313698
6.51176500
6.23333311
9.02353096
2.85490227
3.90980363
5.90196037
4.24901962
4.04509830
7.73333406
5.31568670
8.53725529
6.52941132
5.06666660
4.34117699
5.20784330
4.53921556
5.39019632
6.73529434
6.37843180
8.32156754
3.52549148
3.74901962
5.79411793
4.16862822
4.12745142
7.35294247
5.23529387
8.48039246
6.00196123
5.26274538
4.40196133
5.10980415
5.08823538
5.85490322
7.31568718
6.15490150
6.69607830
3.79803967
3.82745147
5.44117689
4.25686312
3.84902000
7.35098028
5.59215689
8.93921566
5.88823509
5.55097961
4.36274529
4.52549028
4.83529425
6.36470604
7.21568680
6.28431368
5.86862707
3.27254915
3.65098119
5.10392094
4.13921595
3.03137231
6.48823404
6.71372557
10.39215660
6.08431292
5.22352934
4.48235369
4.33725548
4.56274557
6.00196075
6.22745085
6.90392113
5.85490179
3.49215674
3.53725481
4.93137169
4.41568613
2.95490217
5.42352915
7.65686321
11.58627415
6.04509783
5.09607840
4.66666651
4.27450991
3.46470618
5.75882387
5.83137226
6.75490236
5.98235178
3.82941222
3.51372576
4.94705915
4.67647028
3.08823562
5.35490227
8.19803905
11.50588226
5.93921566
4.61568594
4.39607906
4.57058859
3.52745128
5.17647076
5.89804029
7.51960802
5.82745075
4.18823528
3.50588298
4.92941141
4.72156906
3.50784326
5.33529425
9.06274605
10.87255001
6.00980377
4.46274567
4.64117670
4.70000029
4.47254992
4.94705915
5.04902029
8.79019547
5.80588341
4.32941151
3.40392160
4.86274576
4.38039255
3.64117694
5.23333311
9.51176453
10.51764679
6.19411755
4.54901981
4.92941093
4.69215727
4.81372595
4.87058830
5.36078453
9.93333244
6.21764708
4.01372576
3.60196066
4.69999981
4.52745152
3.69411778
5.16862726
8.71568775
9.36862850
6.18627548
5.02156878
4.84902000
4.78431368
4.69019604
4.51960802
7.07058859
11.69999981
6.87254858
3.81372595
3.48235297
4.67058802
5.09607887
3.72156906
4.81372547
7.59803867
7.96078396
6.29215717
6.48235321
4.78431463
4.53529501
3.93529439
4.48627520
8.80588245
12.86274624
7.44706011
4.07647133
2.94117665
4.33333349
5.57646990
3.48823524
4.70980406
6.85490274
7.59215641
6.35490227
7.92941284
4.64901924
4.01960802
3.83137250
4.70784378
8.05098057
13.89215660
8.02353001
4.65294218
2.98039246
3.85294151
5.63725567
3.34902000
5.18431425
6.54901981
6.89411736
6.19215727
8.10980415
4.60196066
3.70196080
4.44313717
4.82156801
6.12352896
13.27255058
8.07647038
5.35490084
3.33725476
3.94509816
5.14313698
3.48235297
5.13333321
6.41568565
5.98039103
6.31764746
7.37843180
4.62745094
3.16078448
4.70000029
4.71960831
5.24705887
10.51764774
7.13921595
5.57843161
3.40784359
3.78823495
4.86470556
3.50588298
4.80588293
6.11764669
5.94509792
6.68627405
6.97254992
4.74509811
2.66274548
4.61764717
4.34705877
5.95882368
7.38431454
6.57254887
5.37647104
3.68823552
3.59019637
4.94117641
3.67843175
4.46862745
6.29019594
5.91372538
6.41764688
6.63725424
4.22549009
2.75294161
3.99411798
4.59607792
6.73921537
5.63137293
6.34313679
5.47647047
3.58431435
3.57254887
5.16666651
3.99607849
4.18235302
6.53921461
5.90196037
6.22156858
6.53333330
3.67254949
2.96078396
3.81568670
4.74705839
6.83529425
5.47058725
6.97450972
5.32941151
3.58823538
3.44509816
4.84705877
4.42745113
3.91372585
6.36470604
5.85294056
6.03725529
6.34117651
3.71764708
2.85490251
3.84901953
4.58235359
6.91764784
5.76862764
7.58823538
4.50784349
3.78235340
3.18627477
4.47058868
4.59803963
3.57451057
5.86274481
5.62745047
5.62352991
5.84902000
3.81764722
2.53529429
3.51176453
4.28823519
7.03137302
6.84705925
8.71764565
4.11960793
3.72745132
3.03529429
4.73725557
4.64313793
3.87843180
5.47058964
5.31372547
5.44509840
5.46274519
3.93137240
2.40392184
3.05686307
4.02549028
6.72745085
7.30392122
8.83333302
4.30588245
3.89215708
3.18431377
5.01960754
4.91176558
4.55882359
5.75490189
4.90392256
5.50196075
5.36470652
4.43725491
2.85882378
3.04313731
4.01176453
6.29803944
7.27450991
7.36078405
4.39019632
4.42156982
3.57451010
4.70588207
5.24117708
4.95882368
6.61568594
5.01764631
5.57451057
5.42941236
4.98039341
3.37647128
3.57647085
3.85882306
5.52156878
6.96078444
6.25294161
4.18039179
4.50588322
3.52549028
4.50196075
5.08823586
4.63529396
7.05882311
5.09804010
5.39019632
5.21960831
5.50980425
3.64117694
3.57254910
3.46862745
5.43333292
6.20000076
5.54117680
4.02745152
4.36470699
3.59215689
4.02156878
4.52941227
4.15882349
6.76470566
5.20196056
5.29999971
5.44509792
5.58431435
3.68627477
3.26470637
3.66666698
5.35294056
6.58431482
4.24901962
4.07450962
4.41176510
3.71568632
3.95686316
4.01372480
3.74509859
6.22745085
4.95294189
5.43333340
5.56078386
5.04705858
3.31176472
3.33529425
4.01176500
5.36274576
6.31764650
3.96470571
4.43725538
4.62352991
3.69804001
4.25098085
4.05686283
3.43333411
6.01960850
4.43333340
5.12745047
5.56470537
4.33333397
2.85098028
3.73333383
4.54313707
5.52548981
6.39803934
4.42941141
5.53529453
5.05490160
3.71568656
4.46078396
4.37254906
3.52549052
5.36078548
4.76078367
5.11960793
5.78627491
4.05882359
2.58235335
3.85686302
5.13921595
5.27843189
6.34901905
4.88039255
7.01764727
5.83921623
3.90588212
4.41372585
4.78235245
3.86862755
4.59607887
5.30195999
5.65098143
5.73333359
3.91960788
2.65490222
3.58235335
4.92156887
5.60784292
5.56470537
5.81960821
7.81960869
6.10784292
4.08431435
4.34313726
4.77451038
3.98431373
4.75490332
4.97058821
5.65098000
5.23921537
3.35686350
2.81372523
3.13921571
4.57058859
5.49019575
4.98627472
6.79019642
7.77254868
5.58627462
3.99607873
4.44509840
4.29803944
3.68627477
4.92156887
4.36274529
5.63725424
4.64902020
3.50588274
3.52549076
2.70000052
4.81960821
5.22156858
4.96470594
7.19019699
7.14705849
5.13725567
3.83333349
4.37255001
4.42745113
3.96078467
5.17647076
4.62941170
5.66274452
4.59607887
3.52352977
4.34509802
2.88627458
5.09019566
5.30196095
5.09411764
6.34117651
6.89607811
4.84509850
4.08235359
4.06666708
4.30980444
4.36666727
5.29999971
4.80000067
5.27450991
4.47451019
3.19607878
4.42941189
3.27843189
4.53137302
4.83921623
4.69607830
5.58823490
6.25490284
4.99019623
4.50196123
4.17058849
4.40000105
4.46274519
5.16078472
4.59411764
5.04313755
4.25098085
2.90196109
4.00980425
3.27843165
3.71764708
4.42941236
4.66274500
5.11764765
5.41176462
5.26470661
4.36078453
4.45098066
4.36470556
4.01372528
4.99019670
4.25098038
4.65882349
3.85882378
3.11176491
3.77843165
2.82941151
3.63333344
4.35490322
4.65098047
5.02745056
5.46666813
5.49019670
4.18627548
4.82745075
4.35882378
4.07647038
4.58235359
4.00392199
4.12156963
3.65294194
3.54509854
3.92745137
2.85294127
4.04509783
4.29411793
4.17843199
4.86666679
5.49411774
5.69215679
4.39215660
5.43137169
4.46862698
4.33921576
4.42352962
3.67647052
3.47843170
3.84117675
3.39607859
4.32549143
3.21176481
4.16078424
4.31960773
4.32353067
4.60588264
5.27843142
5.57058811
4.54509783
5.81568623
4.54509735
3.94705892
4.49215698
4.05098057
3.49999976
4.06274557
3.29607868
4.20784330
2.99215698
4.03921604
4.20980406
4.46470642
5.10392189
5.49215746
5.74313736
4.79607868
5.79019594
4.71764755
3.54117727
4.44117641
4.25686312
3.46470594
3.83529449
3.54509830
3.61764717
3.04902005
4.08235264
3.88823557
4.41372585
5.31960773
5.71764708
5.76470613
4.79019642
5.16862679
3.78431416
3.59215713
4.18039179
3.92549062
3.51960850
3.25294185
3.19803953
3.41176462
3.16862798
4.18431425
4.45882368
4.18039227
5.06470633
6.34117746
5.85294151
4.75686312
4.89215612
3.32352996
3.89803958
3.64117599
3.57647109
3.70980477
3.34313774
3.17647052
3.30784345
3.25490189
3.84901977
5.02941227
3.95294094
5.26078415
8.13529396
6.77647066
5.02156878
4.31568670
3.26862788
3.97450972
3.58235288
3.41176510
3.32745099
3.39803934
3.50392199
2.99607897
3.31960773
3.57450938
5.23333216
3.88431430
4.78235340
9.02156830
7.64117575
5.46666622
4.25294209
3.72941208
3.76666737
3.40784335
3.44705915
3.59019661
3.20980430
3.58627486
2.95294166
3.13529372
3.68431377
5.09803963
4.11372566
4.91764688
9.83137321
7.84902048
5.51372528
4.41764736
4.01960802
3.84117723
2.91176462
3.54117656
4.79215717
3.17451000
3.01372623
3.36274529
3.28823519
3.80196071
4.68039227
4.27843142
5.48431301
10.67255020
7.70000029
5.33137226
4.29607868
4.24117708
4.12941217
3.10784316
3.62156916
5.00784302
3.07254887
2.76078439
3.69019628
3.60784340
3.92941189
4.09607887
4.15686274
5.66666698
11.01960754
7.22353077
5.24509811
4.15882349
4.44901943
3.97058845
3.66274571
3.50392199
4.17647076
3.05882359
3.35686255
4.07058811
3.38823557
3.95882392
3.76862788
3.87843108
6.00000048
10.05882549
6.68627405
5.16862774
3.97450995
4.20392179
3.81960821
3.58627486
3.21176505
3.30588269
2.98431420
3.35686350
4.44117689
3.62941217
3.74117661
3.82156873
3.30784321
5.70000029
7.64313650
6.25490141
5.30784369
3.66470671
3.71176553
3.97451043
3.20588255
2.86862731
3.21568680
3.37647080
3.47843170
4.49803972
3.94509792
3.73137379
3.81960821
2.94117665
4.97450972
6.58431244
5.90196037
5.18431425
3.45294118
3.67647052
3.81372571
3.12941194
2.95294166
3.19607878
3.86274576
3.78823543
4.41568708
4.36470604
4.31960821
3.61568642
2.92352962
4.25294161
6.10980272
6.36862707
5.17647123
3.13529396
3.96470666
3.70392227
3.24705911
3.36470628
3.11960769
3.92941189
3.86470628
4.42156887
4.64313793
4.73921585
3.56078506
2.92745161
3.71372557
5.45490122
6.95686340
5.33921528
3.17254925
3.65882373
3.47451019
3.76078439
3.63529372
2.92941189
3.65294123
3.70196080
4.72352934
4.62353039
4.26470613
3.45686269
2.82352948
3.50392199
5.39215755
7.33333349
5.36470652
3.43725491
3.14509821
3.07450986
3.53725576
3.53529453
3.31372571
3.78039289
3.85490227
4.89803934
4.40000057
3.51568627
3.13725567
2.89607859
3.64902020
5.80784369
7.22548962
5.11568642
3.48627448
2.95686269
2.89215684
3.34902048
3.17058849
3.12941217
3.91960812
4.01764774
4.92745066
4.23921537
3.41568661
3.06274509
2.97254896
4.10588264
6.19607735
6.79411793
4.62941170
3.45490289
2.99411774
3.09411836
3.05882406
2.58235312
3.15882397
3.64509892
3.82941175
4.86666679
4.35882425
3.75294137
3.24509788
3.02941251
4.33333349
6.35490084
6.62941217
4.19411755
3.86274552
3.32156897
3.28235292
3.10588264
2.43137264
3.20588279
3.69803953
3.97450995
4.76470613
4.75294113
3.83333373
3.13333321
3.14117694
4.49803877
6.18627405
6.52549171
4.48235273
3.94313741
3.48235273
3.20980453
3.12352967
2.57058835
3.27058816
3.57647061
3.96666765
4.49215698
4.63333368
3.63921642
2.94705915
3.04313779
4.86470604
6.02745008
7.00196075
4.60784340
3.86274576
3.73137307
3.15098071
3.27451038
2.72352958
3.00392199
3.36274505
4.02549028
4.50000048
4.42352962
3.43921590
2.76078463
2.61372542
4.60392189
6.46274471
7.46078348
4.57058811
3.92549038
3.62156892
3.19411802
3.24902034
2.78039193
2.67843151
3.57647085
4.32549095
4.42941236
4.77450991
3.29607892
2.98431396
2.09803939
4.32941198
7.15098000
7.57647133
4.34705877
4.09215689
3.02352953
3.03725505
3.26470613
2.71764708
2.82352972
3.76274514
4.74705887
4.01372480
4.76862764
2.99411774
3.14509821
2.77843165
4.00000000
7.47058773
7.68039227
4.32352924
4.19411802
2.69215727
3.11176443
3.11960769
2.91372585
3.16470647
3.43725491
4.49411774
3.77843142
4.26274490
2.78235316
3.04313731
3.61372542
4.09803915
7.44313765
7.47450972
5.01764822
4.22353029
2.87451029
3.20000029
3.00588250
3.29411817
3.34117723
3.11960840
3.88235331
3.94902015
3.94313741
2.72549009
2.79019642
3.45686316
4.08431339
7.19803953
7.27058887
5.48627520
4.23137331
2.88823557
3.11568666
3.10784316
3.50392151
3.30784369
2.84117675
3.82941222
3.97843122
3.39803958
2.62352943
2.55098057
3.22352982
4.47058773
6.73333263
7.64509916
5.15490198
3.92156887
2.97843170
3.15686297
3.05686283
3.26862764
3.41764712
3.01372623
3.80000019
3.53921580
3.44509840
2.42352986
2.56470633
2.90588307
4.77647066
6.39215708
7.57450962
4.68039227
3.22352958
2.85098028
2.80392194
2.82156873
3.10196114
3.52745104
3.18039250
3.62352991
3.73921609
3.57450986
2.26666713
2.10392189
3.00588274
4.20784330
6.65490246
7.39215612
4.62352991
3.16862774
2.77647066
2.81372571
3.12156868
2.86274529
3.09411764
3.02156949
3.30196118
3.81960869
3.59019661
2.10196090
1.68235326
2.56862760
4.01372623
6.41372585
7.47843218
4.62156868
3.49019623
2.63921595
3.11372566
3.29411793
2.54117703
2.65294147
3.12352991
3.38039279
3.55686235
3.37843204
2.05098081
1.86470616
2.39411783
4.14705896
5.72156906
7.25294209
4.74313784
3.58431411
2.64117694
3.21568680
3.06470585
2.69607878
2.72156930
3.00196028
3.26078439
3.25686336
3.08627462
2.35098076
1.84313726
2.40000010
4.33333397
5.63725471
6.45686245
4.79803991
3.45686340
2.69607854
3.29607892
2.92352986
2.76666689
3.36274576
2.83333373
2.64901996
3.10980415
3.31568623
2.51176453
1.82352984
2.72156882
3.98235297
5.88627481
5.65490246
4.74705887
3.60392213
2.77647090
3.22156906
3.15098023
2.83137250
3.76274538
3.13529444
2.61176491
2.99019623
3.41372585
2.54705906
2.14705920
2.63137269
4.06274557
5.33333349
5.62745142
4.63333416
3.77647090
2.80000019
2.99607873
3.25686288
3.11176515
3.80000019
3.24705887
2.60588264
2.98627472
3.00000048
2.64117718
2.59215689
2.40000033
3.83725476
4.51764631
5.95686245
4.72745275
3.58235335
2.75490260
3.19019628
3.00196099
3.21568656
3.33137274
3.77843165
2.70000029
2.64509797
2.91176534
3.07450962
2.69803953
2.28431368
3.71372581
4.00784349
5.81960821
5.15098000
3.88627458
2.84509826
3.05882359
2.72745132
3.07451057
2.98039269
4.26274586
3.06274533
2.40392184
2.88431406
3.41764736
2.82549071
2.47058868
3.53137279
3.81960750
5.47058916
5.00588322
4.05098104
2.94117641
2.93529391
2.83333397
3.17843151
2.38823557
4.66078472
3.45490241
2.38627481
2.78823543
3.55098033
2.58823586
2.80588269
3.44117713
3.82549071
5.12941217
4.47254896
3.86274529
2.73725533
2.97450972
2.69607854
3.20784354
2.13333344
4.43725491
4.35098076
2.61568618
2.66078472
3.17254925
2.37058854
2.95686293
3.65294123
4.05882359
4.61568546
4.31568670
4.17843151
2.82352948
3.00784373
2.98235345
3.26078439
2.52352929
3.91568613
5.00980473
2.75686312
2.54509783
2.74117661
2.51568699
2.90980458
3.84117723
4.20588207
4.30000019
4.90588284
4.50588179
3.17254949
2.62156892
3.18235326
3.29803991
2.52352929
3.54901934
5.57843256
2.79215646
2.75686264
2.79215693
2.60588288
2.84509802
3.65294099
4.11960840
4.48431349
5.17647171
4.34313774
2.98431420
2.44705915
2.84509802
3.32549071
2.43725562
3.24705911
4.70000029
3.22549033
2.89215684
2.97254944
2.73529410
2.67451048
3.34117675
3.96862793
4.64117670
4.93725538
4.25098038
2.82352948
2.86078429
2.91960812
3.42352962
2.44313741
3.44705892
3.62941217
3.45882392
2.65882349
3.52549028
2.49215698
2.32156897
3.23333335
3.98235297
4.59411812
4.88235235
4.28039217
3.02352977
3.21372557
3.20196104
3.31568646
2.64901972
3.51568604
3.30392218
3.09803963
2.30392194
3.66470599
2.44901967
2.29411769
2.74117684
4.02352953
4.24705887
4.71568680
4.46862745
3.36862731
3.50000095
3.03921604
2.94705892
2.82352948
3.30784321
3.30588245
3.35882401
2.14705896
3.20000100
2.55294132
2.29411793
2.40000010
4.10196066
3.96666646
4.72941256
4.70784330
3.57843184
3.23921585
3.10392165
2.93921590
2.60784316
3.13921595
3.15686345
3.68627501
1.95294130
2.49803948
2.19607854
1.90784311
2.36666679
3.73529387
3.75686264
4.81764746
4.48431396
3.15098047
3.37254953
2.96470618
3.17058873
2.39019656
2.94117665
3.01372528
3.42352986
2.23725510
2.14902020
2.21568656
1.90000021
2.41960835
3.47647142
3.82549000
4.80784416
4.15294075
3.04313731
3.47843170
2.87254906
3.29411817
2.53529429
2.81764746
3.24509835
2.91568685
2.65490246
1.94901991
2.26078463
2.15882373
2.45294166
3.48235345
4.05686283
4.72745037
4.28823614
3.47843170
3.26274514
2.68823576
3.09019637
2.95098114
2.55686307
3.35294151
2.92549062
2.73529410
1.83333337
2.32156897
1.95490229
2.58823538
3.46078444
4.45686293
4.78235340
4.43137312
3.99803877
3.04705906
2.90784359
3.01960802
3.26274586
2.44705915
2.94117665
3.26862741
2.66078496
1.85294151
2.69019651
1.93529439
2.72745156
3.16862822
4.58823586
4.75098085
4.43725538
4.37254953
3.08039284
3.22156930
3.25098014
3.35490227
2.69215751
2.80392170
3.20392227
2.80196095
2.06274533
2.62549043
1.98235333
2.94313741
2.90980434
4.05490208
4.61568689
4.40784311
4.29411840
3.16078448
3.15098095
3.33921552
3.39607882
2.77254915
2.59215713
2.61176491
2.70000052
2.27451015
2.79019618
2.11764717
2.78627467
3.01568651
3.63529420
4.19019651
4.95686245
4.21764708
3.27451015
2.98039222
3.35098004
3.50980401
2.72352982
2.41372585
2.52352977
2.65882349
2.47058868
2.92156887
2.08039236
2.80392194
2.97254944
3.69803929
4.25294113
5.47647047
4.28235435
3.41372585
3.02549005
3.22549033
3.31960750
2.77647066
2.41568637
2.41176486
2.68431377
2.08235288
2.73921585
2.12352991
2.92549014
3.03137255
3.35490251
4.30588245
5.65882349
4.86078453
3.96470594
2.99019623
3.04705882
3.55490208
2.74313760
2.58823609
2.29607868
2.72549057
2.47843146
2.78823590
2.37647104
2.77451038
3.27843142
3.06470609
4.15294170
5.56274509
5.51764822
4.46274567
2.99215722
2.88431406
3.59999990
2.69803977
2.54509878
2.44313765
2.51960826
2.86470604
3.08235288
2.55882406
2.33137298
3.46470594
2.91960788
4.09215689
5.58627510
5.84705877
4.45686340
3.00000024
2.90588307
3.34509873
2.82156873
2.40392184
2.74509859
2.42156911
2.43137264
3.58039260
2.53921580
2.39019656
3.49411774
3.11764789
4.14117670
5.64313698
6.33137321
4.39019632
2.85490203
2.99411750
3.13529444
2.87058854
2.45294142
2.84902024
2.38823533
2.61372590
3.01764727
2.72156835
2.62941217
3.25294161
3.95882392
4.20980453
6.08823586
6.87843227
4.31960773
2.90196133
3.13333344
3.68823576
2.75686264
2.68235302
2.56862783
2.61764741
2.72745132
2.79803920
2.77058864
2.68627429
2.92156887
4.51176548
4.27843142
6.62745047
7.16470575
4.20196152
3.10980415
3.26666689
3.80196142
2.90588260
2.89803958
2.45098090
2.74901986
2.50196123
2.42745161
2.82941151
2.63137341
2.73333383
11.27058887
16.46862793
13.21568775
7.21176481
4.46078444
3.23725510
3.29803967
3.58431411
3.08823514
2.85294127
2.49411774
2.94509864
2.67647099
2.47843146
2.81960797
2.27843142
2.65882373
9.58235264
17.51960564
18.40196228
6.87254906
4.62549067
3.09215665
3.32941198
3.56862783
3.05294108
2.85882401
2.70784354
2.76470590
2.72941184
2.25882387
2.59803963
2.44117689
2.61372566
8.07254982
18.26274681
21.96862793
6.84313631
4.52549124
3.14313722
3.42941213
3.68235278
3.21372581
2.79215717
2.82941222
2.62941217
2.78235316
2.39804006
2.06078458
2.58627462
2.62745166
5.90000057
11.37058830
18.99019623
7.38823605
4.75098085
3.74117661
3.40784383
3.94901967
3.34117699
2.84117675
2.61960816
2.60588288
2.95294142
2.31176496
1.83529449
2.58235335
2.43921638
5.44901991
11.53921509
16.35882568
7.55686140
4.90980482
3.84705973
3.48235369
4.08627510
3.29803991
2.81176496
2.67647052
2.40980434
3.03725529
2.04901981
2.04902005
2.38235307
2.15686297
5.45294094
11.91764641
14.99803925
8.70392132
4.89607906
3.62941170
3.46078420
4.13333368
3.42156887
2.65098095
2.88627481
2.51372576
2.63725495
2.25490212
2.40980434
2.25294137
2.32745123
5.55294180
10.91372490
15.15097904
9.23725605
4.86274481
3.99215794
3.35686255
4.16078472
3.63137269
2.70000029
2.79215717
2.72549009
2.10980415
2.51960802
2.57843137
2.53333330
2.85490203
5.31764746
9.67058849
15.43137264
8.68823528
4.51372623
4.34117699
3.37450981
4.04117680
3.73725462
2.91960907
2.60392189
2.51372576
2.39215708
2.51372600
2.78627515
2.42352939
2.81568670
4.78039217
9.25882435
15.43529320
8.07451057
4.37255001
4.67058849
3.59215736
4.10588312
3.64705920
3.01372623
2.72745132
2.36862779
2.72352982
2.32352996
2.75686312
2.69803953
2.49411798
3.36862755
10.41960812
15.74117565
8.00980377
4.50784397
4.55882311
3.65686297
3.98627472
3.65294147
2.99803996
2.73921633
2.26666689
2.85490227
2.21568680
2.56862760
2.48039222
2.39803958
2.88235307
10.34509754
14.66862869
10.14117718
4.77843142
4.37450981
3.67058849
3.92352962
3.92352986
3.09803963
2.98039174
2.40392184
2.72745132
2.07843137
2.33529401
2.21568656
2.73725510
2.84117675
8.94902039
15.93137264
13.12941456
5.27254868
4.29803944
3.65098095
3.90196061
3.92156887
2.98627472
2.77058911
2.83921599
2.48431396
2.45294166
2.27647066
2.11764717
2.59019685
2.42156911
8.59999943
18.17646980
13.52745342
5.42352962
4.37058830
3.74509835
3.87058783
3.78039217
2.68823600
2.36470604
3.16862798
2.35490251
2.51764750
2.54901981
2.04705930
2.20588279
1.98431385
13.85490131
21.65489960
14.36274147
5.41764784
4.48431396
3.66666698
4.12549067
3.88235307
2.58627462
2.53529382
3.09215713
2.69411802
2.82745147
2.72745132
2.13529468
2.05294156
2.57058859
13.63333321
18.49215508
15.34117508
5.53725481
4.84902000
3.79411793
4.11764717
4.08823586
2.71372604
2.41372561
2.80980420
2.87647057
2.91960835
2.69803953
2.12549043
2.13921595
2.76862788
13.46078587
13.53529549
13.90784550
5.71372557
5.21764660
3.95098066
4.02352953
4.12549019
2.55490208
2.33333349
2.92156911
3.10196114
2.94117665
2.37647057
2.41568661
2.69607878
2.42941213
3.29607844
4.50588226
6.11960745
5.81372452
5.36470556
3.87647152
4.09411812
3.98039269
2.76078510
2.38235354
2.94313741
2.71372557
2.83529425
2.39607882
2.32941198
2.90784335
2.91176486
3.45686293
4.09411764
4.69803905
5.94705915
5.73529387
4.14705849
4.15686321
4.00392199
2.92352986
2.79999995
2.77254939
2.81764722
2.45490241
2.57058859
2.25686312
2.52352977
2.73137259
3.27647114
3.52941203
4.28235340
5.79215717
5.53725481
4.56274557
3.78627515
4.06666708
2.84901953
2.90588284
2.67058873
3.40784359
2.60196114
2.46862769
2.55882406
2.30392170
2.49411821
3.23137259
3.54901981
3.91764712
5.55098057
5.24117613
4.73529434
3.82745147
4.00980473
2.76862788
2.62352943
2.74117661
3.22156882
2.63137293
2.26470613
2.41960812
2.57843137
2.63725495
3.16862774
3.95294166
4.18431425
5.32352972
5.42156935
4.65686274
3.67843175
4.23333359
3.13333392
2.69803929
2.81372571
3.22352958
2.48627472
2.30784297
2.66078472
2.52352953
2.44117641
3.26078510
4.33725452
4.67843151
5.09215593
5.53333330
4.78431368
3.43137336
4.31176519
3.53725481
2.89019656
2.80980372
2.93725467
2.71372557
2.64705896
2.68235326
2.35686326
2.62549067
3.30980468
4.39607859
4.97058773
5.85490179
5.45882416
4.92941332
3.68039298
3.95490193
3.67843199
2.69411778
2.72156882
2.70980430
2.91764712
2.99215698
2.74117708
2.39607882
2.95490217
3.08431387
4.32352972
5.07254887
6.99411821
5.56078482
4.99019623
3.64117670
3.89215708
3.71960783
2.89411759
2.89019656
2.32745099
2.77647138
2.86078429
2.80784369
2.36078453
3.03137279
3.43921566
4.38235378
5.15882349
7.08235264
6.00196123
5.10588217
3.74313760
4.15490246
3.68627477
2.76274562
2.81960821
2.58431411
2.56078434
2.55490208
3.01176524
2.22941208
3.05098033
3.41372585
4.37254906
5.08039331
6.68039227
6.21372461
5.08627415
3.68039274
4.37058783
3.72353005
2.66274595
2.67843175
2.60588264
2.62549019
2.31764746
2.83333373
2.26078486
2.91568637
3.21568632
3.93725514
5.38823509
6.23725462
6.11764717
5.08235359
4.12156916
4.39803886
3.79411769
2.78431439
2.84509873
2.73333359
2.51764727
2.29215693
2.70784307
2.17254925
2.31960821
3.07451010
3.82941175
5.93529415
6.44117641
6.11568546
5.19607878
4.32941246
3.93725538
3.99019575
2.80000019
2.96274519
2.70588255
2.25490260
2.44705915
2.48823524
2.34902000
2.68235350
2.93333340
3.84313679
5.79607821
6.63529444
6.54117680
5.55098009
4.23921585
4.10392189
4.11568642
2.83529449
2.69019675
2.78039241
2.47843194
2.69411778
2.35882378
2.52352977
2.91568685
2.97647095
3.59411788
5.50588369
6.46862745
7.07058764
5.98627424
4.41176558
4.45097971
4.25098038
3.10784340
2.40980411
3.29019666
2.90588260
2.81568646
2.81568646
2.64901924
2.86078477
2.85294151
3.65294123
5.78039265
6.57843113
7.66666651
6.19607878
4.36666727
4.01764727
4.30588245
3.16078424
2.78039289
3.18431425
2.93137264
2.73529434
3.24705935
2.82745123
2.67647099
2.97058868
3.47647119
5.86666727
6.67450953
8.26666832
6.41568661
4.13137341
3.46274519
4.10392141
3.15882373
2.98039222
2.80588269
2.82156873
2.51960802
3.25490189
2.79411817
2.63921547
3.17451000
3.52549028
5.91960812
6.49804068
8.89411831
6.21372652
4.30588245
3.73529506
3.89607906
3.18627477
2.73529434
2.36862779
2.98431396
2.51568675
3.52941251
2.75490236
2.43725538
3.27058864
3.77255011
6.47058773
6.93529320
9.06862736
5.94313717
4.30980492
4.01960802
4.04705906
3.37647104
2.66274524
2.43137264
2.73921633
2.73529482
3.33137274
2.72941184
2.41176486
3.44117713
4.28823566
7.19019556
7.37843132
8.61176586
5.86470699
4.24117661
4.05490208
3.94313717
3.41960764
2.99607873
2.60000038
3.17647076
2.95686245
2.95686340
2.68431425
2.46666694
3.39215684
4.67254877
7.36274624
7.55098009
8.60000038
5.94901991
4.41372585
4.04117680
3.99803925
3.41960835
3.08823586
2.62156868
3.10784316
2.94509792
3.01764798
2.66666698
2.70392203
3.42745113
4.55686283
6.90392160
7.78039265
8.96078300
5.93725491
4.72745085
4.18039227
4.16666698
3.56274605
2.81764722
2.96274543
3.07254958
3.05686307
2.97254944
2.83137298
2.95098042
3.62549043
4.35490179
6.30392218
8.28235245
9.48431301
5.94705868
4.67450905
4.20392132
3.98039198
3.42941165
2.95686316
3.01568651
3.24117684
3.12745070
2.87058878
2.98823595
2.79607868
3.62156844
4.38823557
6.12156820
9.58235168
9.86470413
6.02353001
4.49411726
4.09607792
3.74901962
3.38235307
3.21960855
2.51960802
3.17254925
3.04117703
3.08039260
3.07843137
2.56274533
3.45098066
4.48039293
6.21176481
10.20784378
9.06862736
6.11372566
4.59411860
3.92745113
4.07843161
3.46078420
3.03137279
2.44705915
3.05294156
3.03921580
3.17058802
3.15294170
2.67451048
3.45686293
4.55294180
5.90588284
9.67451096
7.83725452
5.92549038
4.50000000
3.97254920
4.03921556
3.26470613
2.89803934
2.80588269
3.15294170
3.26666713
3.50196075
3.04705858
2.76470613
3.62156916
4.40588236
5.62352991
8.39607906
7.11372519
5.68235302
4.59607887
4.01960754
3.65490222
3.24705887
3.02156901
3.01960850
2.90588260
3.15098023
3.32352948
3.01176524
2.93333411
3.51176524
4.29803896
5.56666613
6.76666784
6.28431511
5.59803915
4.64902067
4.25294113
3.76862764
3.86666703
3.16078448
2.85294151
2.81960821
2.78823543
3.26274514
2.98627496
2.90784311
3.42549038
4.37647104
5.61372519
5.99803829
5.82745028
5.32745171
4.50392151
4.10196066
4.07647085
4.06470537
3.51176524
2.66666698
2.90588331
2.78039241
2.93921590
2.94313741
2.70392156
3.57451010
4.47843170
5.28823519
5.94901991
5.78823614
5.17254877
4.55882406
4.19803905
4.04313803
3.91960764
3.38431406
3.04901981
2.75882363
2.86470604
2.90196157
2.96078515
2.69019675
3.38627481
4.44705915
4.96274424
5.87843084
5.70588160
5.35882378
4.60392237
4.37843180
4.02156878
3.97058868
2.90000033
3.45098114
2.70588255
2.87647080
3.32156944
3.12549019
2.71372557
3.20588231
4.32156849
4.88431358
6.20980358
5.22941113
5.51176405
4.45294094
4.25294209
3.85490203
3.80588293
3.08627486
3.37058854
2.72156882
2.89607882
2.98823547
3.45686245
2.71960783
3.24117684
4.18235302
5.00392246
6.12548876
5.14313650
5.54117775
4.71176386
4.23137283
3.90588260
3.54705882
3.31764698
3.02156901
3.04313755
2.90980387
2.82549047
3.84705877
2.99803996
3.43921590
4.15294170
5.25294018
5.79215717
5.29215670
5.35294247
4.61764669
4.32745075
3.92156959
3.20588279
3.16666627
3.21960831
3.39999962
2.85882401
3.04313684
3.71764779
3.35098052
3.04509807
4.00392199
4.86666727
5.46666718
5.48235321
5.26470613
4.73333406
4.26862764
3.93333340
3.41176462
3.07647038
2.99411845
3.40980434
2.88235331
2.97058868
3.57843137
3.35098076
3.00588274
3.92352962
4.50196075
5.49019623
5.51568651
5.47647047
4.74705935
4.14901972
3.77843189
3.78431416
3.08039212
2.35490203
3.23137283
2.74509859
2.97254896
3.60196066
2.95098042
3.21372557
3.87647080
4.23725557
5.55097961
5.50000048
5.80196047
4.70392179
3.81960869
3.65294170
4.03921556
3.15294170
2.52352977
2.76078439
2.74902010
2.87843156
3.33333373
2.96862745
3.13921595
3.78431368
4.09803915
5.27843094
5.67647076
6.05686283
4.51372480
3.96078515
3.61176491
3.87058830
3.18431354
2.67254925
2.89803958
2.81764770
2.67058873
2.98627448
3.19215727
2.96666694
3.81176448
3.83333325
4.84117746
5.74117613
6.16078472
4.34509802
4.16274500
3.52156901
3.47647095
3.26078439
2.94313741
2.80196071
2.92549038
2.74313736
2.93725538
3.20588279
2.71960807
3.83333349
3.67647076
4.80784321
5.41764832
5.86274529
4.53921509
3.91960788
3.65098071
3.30196071
3.48823547
2.94705915
2.88039207
3.12352967
2.95686388
3.08823538
3.07647109
2.52156901
3.50392151
3.78235340
4.81568670
5.55686426
5.52745056
4.64117670
3.85490227
4.16274548
3.39804006
3.60196137
3.03725481
2.76666689
2.92156935
2.98235345
3.14509773
2.48431396
2.55294156
2.93921590
3.84313750
4.66078472
5.67451000
5.07451010
4.68823528
4.02156925
3.81568646
3.27843142
3.40196061
2.93921590
2.64901996
2.92549062
2.78823543
3.23333383
2.21568656
2.62941217
2.90000081
4.05490303
4.47254944
5.72352982
4.69411850
4.39019680
4.30196095
3.73333359
3.47450972
3.09411764
3.04509807
2.75882387
3.02549052
3.06862760
3.13137293
2.36666703
2.48235321
2.92352986
4.14509821
4.55686331
5.40196085
4.76078415
4.41764736
4.17058849
3.59803891
3.46862793
3.37647128
3.29803872
2.70784307
3.03137302
3.00000048
2.88431406
2.92745161
2.81372523
2.89215684
4.01372576
4.62745094
5.23333359
4.65098095
3.94509792
4.22941208
3.47451043
3.44509840
3.35294151
3.33921599
2.88823557
2.93529415
3.01960826
2.51764750
3.36666679
2.99215746
2.82745171
3.76666665
4.55882406
5.21568632
4.51764774
3.83921623
4.35098076
3.51764750
3.64705896
3.60980415
3.27647066
3.14509916
3.05294156
3.23333359
2.63725519
3.38235331
3.21764660
2.67647076
3.71960831
4.25098038
5.10980368
4.63725519
4.25294161
4.22549105
3.66666698
3.58431339
4.01372623
3.23137307
3.26862788
3.18431330
3.06274509
2.86470652
3.46666670
3.00000024
2.51764727
3.68627501
4.10980415
4.93921614
4.71960878
4.09019613
4.31568718
3.68627453
3.44313741
3.40980387
