18.80588150
24.60784149
24.34313583
24.24705887
23.51960754
21.92745399
24.00980377
24.27254486
24.61176300
23.68039513
24.68039131
24.64117432
24.10392380
25.73725510
26.44117737
23.85686684
24.04313660
21.05293655
23.63725471
23.84902382
23.33529663
23.69412231
22.39019394
21.57255173
22.16863251
22.81961060
22.12744713
22.00392914
22.67647552
22.18431091
22.76470757
25.06471252
24.79412079
24.00980186
25.77450752
16.42745209
25.51960182
23.19412041
22.88431740
23.16275787
21.72352982
21.56078148
21.28627014
22.34510040
20.94117546
22.06666183
21.23725128
21.53137207
22.29412460
25.23921013
23.56470490
24.73529053
25.84705925
15.62352943
25.04706001
22.74510574
22.92745399
22.62744904
22.14902306
21.39999962
21.53725815
22.49019623
22.31960869
21.81960487
21.87647247
21.19999886
22.77843094
24.77450943
23.82156944
24.34313583
22.57646942
20.39411926
24.28823280
22.17255020
22.79020119
22.74706268
22.58039284
21.19019508
22.23921967
22.59020042
23.64314270
21.44705772
21.87646866
21.59412003
24.47842789
24.26274681
23.47059059
25.12156868
17.16274261
24.27254486
23.43137741
21.45293808
22.74902534
22.29412079
21.93137169
21.27059174
22.10588837
22.46274567
22.44117546
21.21372414
21.68432236
22.04510117
24.50784683
23.58628082
23.81176376
25.27451134
16.56862640
24.45882797
21.93333054
21.42352676
21.72744942
21.65686226
20.56470871
20.98234940
20.63333130
21.64117813
20.29607773
20.78431129
20.57450676
22.45882607
22.40979767
22.60195923
23.00980568
23.45686722
16.26078224
22.45882416
20.34117699
20.57451248
20.49804115
21.35882378
20.13137627
20.57647324
20.01372528
20.57255173
20.70784760
20.41764641
20.34509659
21.79608536
20.14901733
21.96666718
22.22941399
19.12745285
19.88039398
19.05098343
19.26667023
20.39608002
20.39411736
20.60980415
21.41176033
20.59020042
20.34509850
20.70980453
21.54313850
21.02156448
20.69019699
21.09019470
19.02156830
21.64902115
21.75098419
17.49020004
20.15293884
18.46666336
19.08823586
20.43333244
20.54509926
21.36470413
22.13333130
21.49804115
21.29999924
21.63137627
22.01960564
21.58627510
21.66078186
20.97843361
19.68039322
21.06470680
21.99607849
17.15490341
19.70784569
18.64902306
20.13921547
19.52941513
22.08039474
23.63529396
22.30980682
21.62745667
22.46274757
23.29215622
24.07843018
21.37842941
23.56470299
21.48823166
21.36470985
20.78430939
21.22745132
18.43921280
18.82745171
19.35098267
19.62353134
20.79216385
23.14117622
26.31764793
22.54509735
23.85686111
24.03333282
25.14901924
24.42548752
23.00195885
23.64313507
22.49411583
23.06274796
22.02941513
15.87646866
18.99215698
19.77647018
19.21176529
19.40980339
24.16862679
23.99215698
26.78235626
25.77647209
24.57058907
27.26862335
27.10589027
23.40391922
23.50588608
25.07450867
24.80980110
23.85881996
24.21764946
14.46274376
21.17450905
21.01176453
19.72941780
20.76470184
27.07451439
25.60000038
26.65098190
27.50196648
26.90196228
29.91373062
27.42549706
24.35097885
24.65686035
26.86863136
25.29019547
24.74510002
26.40000153
19.15293884
22.05098343
22.34117699
24.14313889
23.18627357
27.90000343
27.33725548
27.89803886
29.73136711
29.96666908
28.86274529
28.28627396
26.54117584
25.27254677
27.43921280
26.09411430
26.02353477
24.17647362
21.92941284
23.84314156
24.37843132
25.02745438
26.08039474
27.63137054
28.61176109
30.86666870
29.62745285
31.24509811
27.57646561
29.27842712
27.69215965
27.70196342
27.50195885
26.08627510
26.05882263
21.95097923
24.06470680
25.67254829
26.19215965
24.34706116
27.82744217
26.37450981
29.84901810
29.31372833
30.23137474
28.97254562
27.22745132
30.92549324
26.70588303
29.14313698
28.50588608
25.84901810
25.62745285
20.79019928
24.39999962
26.89216423
27.50195885
24.34117317
25.18823814
26.21764755
28.73725510
25.63137436
30.64509964
26.42352295
27.61176109
30.63137436
26.62156677
28.01960373
27.76666641
25.41372681
22.91961098
21.75294113
25.21176910
27.66862488
27.48038864
23.95490646
21.47843361
24.75293922
23.71372795
23.21176910
27.87058830
24.06862640
29.19019318
28.69019890
24.44705963
25.10783958
25.48038864
24.22157288
20.08431435
23.77647781
24.99411201
27.15686417
25.73333740
20.84117508
22.92941093
20.76470184
20.45882225
23.50980759
23.82549667
23.78823280
27.54509354
24.04314232
20.63333130
23.70392036
23.12745094
21.83529854
19.67646980
24.36862564
24.35686302
26.63137436
23.96471024
18.03333092
25.54509544
18.32745171
19.70392418
22.82745361
24.04313660
24.17646980
23.21960640
20.61764908
19.55686188
21.95882225
22.38627815
19.11960793
21.20588684
24.96273994
21.87842751
24.83921432
21.14117622
17.94313812
25.05490303
17.38431358
19.40980339
22.92941475
23.73333168
26.14706039
20.12744713
19.60980797
18.88823700
21.20783997
19.90392113
17.65489960
21.49215698
23.66274643
21.85490227
22.50000000
18.85490036
19.91176796
20.68039322
18.63921738
19.88235092
22.61764526
24.15882111
26.59216118
20.73529434
18.43725586
19.01764870
20.48039055
18.98823547
17.41568565
20.52941322
19.47843552
21.20196342
20.19412231
18.16666985
21.15882111
16.94902039
19.63921928
20.35490417
22.63921356
26.33333969
24.58627129
22.58823586
18.62745476
18.38431549
19.00588417
18.78235626
17.30392075
18.37843132
17.10392570
20.32548904
19.95686340
15.87843227
20.47842789
18.24117661
21.44117355
22.10588074
24.53921890
28.78824234
22.56078529
23.59215736
18.33921432
17.41960907
17.41568947
18.15686417
16.46862984
16.94117546
16.94705963
19.40000153
19.01960754
16.55294228
19.00196266
21.16862488
21.93333435
25.67058563
30.34706116
27.94902039
25.27843285
19.81372833
17.76666641
17.03725433
17.72941017
16.14705658
15.22549057
16.46470451
17.78039360
18.24117851
18.42353058
18.21568680
17.84313774
21.85882187
23.92353058
28.80980301
30.53529167
26.30980301
25.45685959
17.35490227
17.65098190
16.68627548
19.70588684
14.71568775
15.16274643
16.73529625
18.78823471
18.04313660
17.69411850
20.01568794
18.68431282
22.09215546
26.32744980
29.64902115
29.63136864
25.95098495
22.85881805
18.07843399
17.62940979
17.94313812
19.08431435
14.27843285
15.89215851
17.26274681
18.48039055
19.02941704
16.31568336
23.04313469
20.11765289
22.44902229
26.90392876
30.65490341
27.95882416
26.01960754
18.11176872
22.00000572
17.10195923
19.44705582
16.72745132
14.28627491
16.74314117
18.61372757
17.47843170
18.60391998
16.02548981
27.03333282
21.84902191
22.84313202
27.71765137
30.27058792
25.40588379
22.95293999
19.25686264
23.40195847
17.19999886
20.57254791
14.96274281
15.29804230
17.45097733
19.09019852
16.93333626
18.19411850
17.51960945
27.67451286
22.07843399
22.35097885
28.13921356
26.44902039
23.51568604
21.84902000
25.45882607
19.44117737
18.11960983
20.40588760
14.30392265
15.06862831
18.90980530
18.59019661
17.82156754
16.80588341
21.27058792
25.49804115
21.24705887
22.98431587
24.70784187
21.15489960
21.98039246
24.25882339
27.61960411
17.10196304
19.67058754
18.88235664
14.19607830
17.49411774
19.14313889
17.69019699
18.15490341
15.82352734
23.89999962
23.02548981
20.53921318
22.97254753
18.52156639
18.34509850
22.12744904
26.91764832
23.00195312
18.18627739
20.97647285
16.61372566
14.96666813
19.95490265
17.11960602
18.30392075
17.55490494
15.59412003
24.97255135
21.92156601
20.41960335
21.69215775
15.75686264
18.61372566
22.93136597
26.50196266
18.52745247
19.05882645
20.92941284
14.96078491
14.66078663
20.79803658
18.19999886
17.23332977
16.43137360
16.04706001
24.44510078
21.90980148
20.89999962
19.15490150
17.59215927
18.45098305
23.56274033
22.61372375
17.70784378
19.81764984
18.53333282
14.25882244
14.51176453
20.83333397
17.19215584
17.34313774
15.78627300
16.20784378
24.91175842
22.23921585
20.35489655
18.88235092
19.11764526
17.68235397
22.08431435
18.97451401
17.57647324
19.82745171
16.39608002
14.00588226
15.36470509
17.96470451
17.81568527
17.82156754
15.88431358
18.10000229
25.96665955
20.80195999
18.70588303
19.92156982
17.31568718
17.84509850
20.23137665
17.41372681
18.31372643
19.40391922
15.30196095
13.83725357
16.58823586
15.72549057
19.39804077
17.22352982
16.31764984
20.94313622
25.26078224
20.40783882
17.86078453
19.29216194
16.16862679
19.20196152
19.00784302
16.90195847
19.42940903
17.75489998
14.36862659
13.99411774
16.91568375
16.58235168
19.66666794
16.17254829
16.62941170
23.16470528
22.35490608
19.19412041
18.20784569
17.79215431
15.47647381
20.05882454
17.26078606
17.11960983
20.10000229
16.79999733
13.02941132
14.99215603
16.43725586
16.11372375
20.43921661
15.00196266
16.66470718
24.95490265
20.44706345
18.01372910
17.36666679
15.18039227
16.61372757
19.93921852
16.54117775
18.77254868
18.64509773
16.06862831
13.49607944
16.08627701
15.27058887
17.54705811
19.20980453
15.61176682
16.44902039
23.78430939
20.66667175
16.50000191
16.23725510
14.08627224
17.84902000
18.88823509
16.63137436
20.30196381
17.69019699
14.05490589
14.14705753
16.63529396
14.86470318
21.32744980
16.02353477
16.36470795
16.66274834
21.88039589
21.82156563
15.20392036
15.45294285
14.99804115
18.46078682
18.40196419
17.68823814
19.50000572
18.05294228
13.45882320
15.23725605
16.81568718
14.99803925
20.91960716
15.18039131
16.60980415
17.53529167
22.23137665
19.38431931
14.97058868
14.55098057
15.82156849
17.70392036
18.63725471
18.97254562
18.88628006
16.97843170
14.38431168
15.65686417
16.00196266
16.51960945
18.18431473
15.19215775
16.85098076
18.90392303
23.84117508
16.66078377
14.45686436
12.65293884
17.34706116
18.01176453
17.74509430
19.83137131
18.68627930
15.29607773
14.82352734
16.71568871
14.65294552
17.89019775
16.00196266
15.84902096
17.67451096
20.53333282
24.45489883
15.01568794
12.91960907
12.25686169
18.23332977
18.01176643
17.14901924
20.50980759
18.74705887
14.23725605
15.43725395
16.74902153
14.51176548
18.63921928
14.62352943
17.16863060
17.28039360
24.58039093
20.68431664
14.38627529
10.85490227
14.25490189
18.29019928
17.46078300
18.46470642
19.58627510
18.59411812
14.58431435
15.98627663
15.98823357
14.34313679
18.18431473
15.84118176
17.41961098
17.15293884
25.73333359
18.07059097
13.37843132
10.12352943
17.01568604
18.00195885
16.46471024
20.09999657
19.08235550
16.76666451
14.86078548
17.32744980
15.60588169
16.80588341
16.64313889
18.48823929
17.23529434
18.97254753
25.06862259
15.64510155
16.87255096
10.58431339
19.68039703
17.59215355
16.23333549
20.49020004
18.74902153
15.19019413
15.66078568
17.61960793
15.83921719
18.30196381
17.81372452
17.54313850
17.71372414
23.00392151
20.21177292
18.02941132
18.35098076
13.36863041
19.46862984
17.32156944
17.64117622
19.55294037
18.70588684
14.46862793
16.40588379
17.66666412
15.88823795
18.38431358
18.00588226
17.50000000
17.90000153
24.06078339
17.07843018
20.26470566
16.11372375
15.77255249
18.92941475
16.38431549
19.29804230
18.70195961
17.84117889
14.70784283
20.75098038
17.98431587
16.26666641
16.92549133
16.98431206
18.04902077
19.66666794
23.22745514
14.27254868
18.34902573
12.98823738
18.06863022
18.44313431
16.30784225
18.91764641
18.92549324
16.15294266
17.67451286
25.61960983
18.80784416
16.75686264
15.72157097
16.30392265
18.52157211
21.16275024
20.16666794
12.99019718
15.43529320
11.31176567
19.20588112
19.21764946
17.51372528
17.83921623
18.74313927
15.86862469
22.86862946
24.14313889
18.10195923
16.84902191
15.61176300
16.74313736
19.70392227
21.07843590
16.37647247
13.20588207
12.88235664
14.18235397
19.05294228
18.79019737
17.68823624
17.07450867
18.94313431
16.40588188
25.74314117
21.61372375
18.16078758
15.13137150
15.74509716
17.25490189
20.56274605
20.57254791
13.77451038
12.52548981
13.36274719
15.97254944
18.45490456
17.64706039
16.77843094
17.66470718
17.79019356
18.53137779
24.43333244
21.68823433
16.89999962
14.67058754
15.70392704
17.83725739
19.45686531
20.27647018
12.60587978
12.92940903
12.73137379
17.78627396
18.16078568
16.82352829
16.28431320
18.82744980
16.54902077
17.71764946
23.43921471
20.71960831
15.31960964
15.15294075
16.08431435
17.81176186
19.92353439
18.00784111
13.42745018
12.18039036
13.04313660
18.22941017
19.01961136
15.39804268
16.34117699
19.61568451
16.66666985
15.87646961
20.70588303
18.53725815
15.12549400
15.74509716
16.51764870
17.79607773
20.97843361
15.35098171
14.53529358
11.50784397
14.94901848
17.67646790
18.43921852
15.38627815
18.66470718
19.45686150
14.85490227
15.04117775
15.91372585
18.06862831
15.17647171
15.60000324
16.68823433
17.62353516
21.46078491
13.95686245
14.65882397
11.79803658
15.86078548
17.78431511
17.74313736
15.39804173
22.43726158
16.46274567
14.69019890
15.36078453
16.39607811
16.75882339
15.49803734
16.15882492
16.11764908
18.79215813
19.00195885
14.67843151
14.44117641
11.25490189
17.38823509
19.28627777
16.15686417
17.90588379
20.88431358
14.50000000
15.22941017
14.64902115
17.74705887
16.15098190
16.27843094
16.11961174
15.98431492
21.06078339
16.40196037
15.22353172
13.96274185
12.37254906
17.87254906
18.75882530
15.41176414
19.97646904
17.52941322
14.52548885
15.73529339
13.78431225
17.51372910
16.33137703
16.64509964
16.46666718
16.89804268
21.75685883
14.35490131
15.07843399
13.32353020
14.33921528
18.06471062
17.73333359
15.34313869
20.05098343
15.98823547
15.03921890
15.38039207
13.96078396
17.53529358
15.28823471
16.65686226
16.58431244
17.72352982
19.40588188
12.97451210
15.04313850
12.33137321
16.11568642
17.57451248
17.60000038
17.08431435
17.43725586
15.18431664
15.40392017
14.18627262
15.11960506
16.04313660
15.25882626
16.26274681
16.42353058
19.13921738
15.74313927
12.74117756
14.71176815
11.21764660
17.05490112
18.09608078
16.29019737
17.33921814
15.33333302
15.31764889
16.12157059
13.22156525
15.51960659
15.30196190
15.86274719
15.98823738
15.83529568
20.23137093
12.34705925
13.09804058
12.98235321
13.47450924
17.00392151
17.51176834
15.05490208
16.45882607
14.58823776
15.27843285
16.49607849
13.86862850
15.18627644
15.27058792
16.34705925
16.06666756
16.14117813
19.58039093
9.86470699
13.78431225
11.49019527
14.53921700
17.31569099
17.28823853
14.22745132
15.43921661
14.08039188
15.11176491
16.40588188
14.50980377
14.44117546
15.12352943
16.55686378
16.21568489
17.57843208
16.28627586
10.23529625
13.76274395
10.31960773
16.14902115
17.58039093
16.51764679
13.77255058
15.20588207
13.47450924
16.54313850
14.72156811
14.57843018
14.07058811
16.09607887
15.93725395
15.77647209
19.28431511
13.07451057
11.23333263
11.96078396
11.74313736
16.45882416
17.78235435
14.90000153
14.03529549
14.51372623
14.57646751
16.53333282
14.37450886
14.88627243
14.56470585
16.45686340
15.42941093
15.58823490
20.69803619
10.84705925
12.79999924
10.28235245
12.72941017
17.16667175
16.74509811
13.94509983
14.35489941
14.06274605
14.12940979
17.12745285
14.87450790
13.98627663
14.98235416
16.42353058
15.56078434
16.26470375
18.89019775
11.02549267
12.45294094
9.40588188
14.43137264
17.11372375
15.59019661
14.02156925
14.20784283
14.56470680
14.78823566
17.00588226
15.12941170
13.74706173
15.47647285
16.13921738
15.53333473
18.17646980
15.00980377
11.57451057
10.76862717
9.48823547
15.80784607
17.57058907
14.66470718
13.87843037
13.66470623
15.05686569
16.33921623
15.28627396
15.22352886
13.84313965
16.40980530
16.18039322
15.45882702
20.12548828
12.03333187
12.33529472
8.70000267
10.71960926
16.32549095
17.20784569
14.35098267
14.33529186
15.00196075
14.40588093
18.07451248
14.33529282
14.74706078
14.67450905
16.60980415
16.13529396
15.36666870
19.72352982
10.36078358
12.52549171
7.80784321
13.06078339
16.25490189
16.89411926
14.27254772
14.47646904
13.67647171
15.72941399
18.09608078
14.96470737
14.68823719
15.46470642
16.62156868
16.01960945
16.47647095
17.09412003
11.24117661
10.77451038
8.56470585
14.56666851
17.79608154
16.82941055
14.31764793
14.68235397
13.66274548
16.85882568
16.71568871
15.09411812
14.31764793
16.60000038
15.77647305
16.02745247
19.28627586
12.85882568
12.01764679
10.00980473
9.79215622
16.32941246
19.19411850
16.12745476
15.07254982
15.78627491
13.85097790
17.70980644
15.94705963
14.55490112
14.97254753
16.89019775
15.68627644
15.87843513
21.02549171
10.16078377
12.64705563
9.30392265
11.19215775
17.95686531
18.90392685
15.12352753
17.14313698
15.22156811
13.84509659
18.92548752
15.38039398
14.55882359
15.49608040
16.79216194
15.72157192
16.12549019
19.46274567
10.09607887
11.92549133
8.70980358
13.61764622
18.33529663
18.62157059
14.78823471
17.59607887
15.39411831
15.51372719
17.78431702
15.79804134
14.27843189
16.27843094
15.92549133
16.20195961
18.73333359
14.94117641
11.50392151
10.52549076
9.76274586
14.92156792
17.87843323
17.47843552
15.48039246
17.38627815
14.79607868
16.28039360
17.06666756
14.52157116
14.03921413
16.69019699
15.85882473
16.12156677
21.10000229
11.28627396
12.55882263
9.49215603
11.30000210
15.19608021
20.29215622
16.00588226
17.33333397
16.68235397
14.18039131
17.01176834
16.55294228
13.57058811
14.99412251
16.94510269
16.20195961
15.91176605
21.00196266
9.32156944
13.09607887
9.49215698
13.60784435
16.56666756
21.08823395
14.78823566
17.47058868
16.77058792
14.52549171
17.14117813
16.22352791
13.44705868
16.27058792
17.95882607
16.85490227
17.19019508
17.32941246
10.59215832
12.53137302
11.83725452
15.12548923
18.44902229
19.55882645
15.10784340
16.84706306
16.88039398
15.76862717
16.03529358
15.51960850
13.32744980
16.72745323
18.44117737
16.68039322
19.69412231
13.02549171
11.94313717
13.03137302
12.45686340
15.31372452
22.06862831
15.20980167
16.64705849
19.43725777
15.21960926
16.57647133
15.17254829
14.11176586
14.34509850
16.71960831
19.11176682
15.81176472
20.71372795
9.59019661
12.24509811
13.52744961
12.34509945
16.80392265
21.35294151
14.33725357
17.17058945
21.49215889
14.84706020
16.32941246
15.74705887
13.42941380
15.84901905
15.88235378
18.43725777
16.27843285
18.11764526
9.19019508
11.79215622
13.57450962
13.57059002
19.60000229
18.00588608
15.00588226
19.88627815
20.19411659
15.34901905
15.30784130
15.46470356
12.93529415
16.54509926
16.48627472
17.98627090
18.11372566
14.50392056
9.95686340
11.70196247
13.15294170
15.14902115
21.09215546
15.04901791
15.48235321
23.05882263
17.12157059
15.55882454
15.27843285
14.85098267
12.86078548
16.67450905
17.73921776
17.09215927
19.81372833
10.81568527
11.38431263
12.29411793
12.30588245
16.64510155
20.01176071
13.67647362
17.30980492
22.30196190
15.71764851
15.56274796
16.43529510
13.62352943
13.74902058
16.20784569
17.55882645
16.37254906
18.59803963
9.51764679
11.90784264
11.67450905
12.88823795
18.42745399
17.54705811
13.69607830
19.47254753
22.07451057
14.54901886
15.56274414
17.12156868
12.12156868
15.39411831
16.61372375
16.96078682
16.63137245
14.96666622
10.05686378
11.35098076
11.39608002
15.02157021
19.07843018
15.23529434
14.12353134
20.44902229
19.78235435
14.92157173
15.02941132
17.07843208
11.57450962
16.87254715
16.73529434
16.71764946
18.52353287
12.16470718
10.31960964
11.57843113
12.07255077
15.98039341
19.54706192
14.27842999
15.45882416
20.74901772
16.32352829
14.61961079
15.17646980
15.34902191
13.23725605
16.47058868
16.78823662
16.52745247
18.47647095
9.89215660
10.69999981
12.00784588
12.74117565
17.25098419
18.61568832
14.69215775
17.48039436
19.79411888
14.22549057
14.48431110
16.13333511
13.04509830
14.78823566
16.40196037
17.69019508
17.73921776
15.63921642
9.45294285
11.45293999
11.54510021
14.34313774
17.21568680
19.59608078
16.48627663
17.61960793
17.58627319
14.58431339
13.05882359
17.10391808
12.29411793
15.37255192
16.89411736
17.62745094
19.99411964
11.88039589
8.81764793
11.68823719
11.52549076
14.92745399
16.68039131
19.66078949
19.50392151
17.80392265
14.50784302
14.66666698
12.95882320
16.91764641
12.44117928
15.34706116
17.29019547
17.93725777
19.65294266
9.66274452
9.03529358
12.20588112
12.68823719
15.78627300
15.42156887
18.91764832
19.99803925
16.06666756
13.38823509
14.60588264
14.51176643
15.77843094
13.37646961
15.98431206
17.20784378
19.46470833
17.55490494
9.02548981
10.10980511
12.43333435
13.36274433
15.46470451
16.57254982
18.90196228
18.11176300
15.09019661
14.28627396
14.18431282
16.34313583
13.54117775
15.07843018
16.67058945
18.03725433
19.96274376
14.94509888
9.03137493
10.98038960
12.32744980
14.44901657
14.59019470
17.98823547
19.98039246
17.05098343
14.85097980
14.57255173
13.10784149
16.85882187
13.06078339
15.79411888
17.02745056
18.58823776
19.94706154
11.88235283
9.41176414
12.12156868
12.20392227
14.79999828
13.92352867
17.90980530
20.10980225
16.67451096
14.17451000
14.10980415
14.19607925
15.36862946
13.45098114
15.88235283
17.98431206
19.86274529
18.71176720
10.06470776
9.35882378
12.71960831
12.88823414
14.24901962
13.47058773
17.83921814
20.01372910
16.00784683
14.43725395
14.41764927
15.78627491
13.03725433
15.25294113
16.51372719
19.38627625
19.86274719
16.11764717
10.01568794
9.82745075
12.89019585
13.64901924
13.45490265
14.20000076
17.99803925
21.70000267
14.22549057
14.06862926
13.26862907
15.16078377
12.11372757
16.59411430
17.58431244
19.33529472
20.09019661
13.26666546
9.66862583
11.41568565
12.43921375
14.59411907
12.93136978
14.05294037
19.59215927
18.73333168
13.74510002
13.95294094
12.49215698
14.05882454
11.92353058
17.08823586
18.01764679
20.15882683
19.29019356
11.87058830
9.34706116
12.39411736
13.48823547
13.92352867
12.81568718
13.60980320
19.56666756
15.15293884
13.70196152
13.79607773
13.15490532
13.11960793
14.25686169
17.39216042
18.68823624
19.65098381
18.18039322
11.07058907
9.16862774
12.92549229
14.19607544
12.94902039
12.93529510
13.89019585
17.38431168
13.25686264
14.11568737
13.16666698
14.16862583
12.78823471
15.44117737
18.71176910
18.66862869
18.88627625
16.11176491
10.66470528
10.39215660
15.44313812
12.87647152
12.87647057
11.80196095
14.25098133
15.12157059
13.38823700
14.41176891
12.65490150
13.42549038
13.17451096
16.26078415
18.58039474
19.73529434
19.12353134
13.61176491
10.05490112
13.01568604
16.03529549
12.43529415
12.50588226
10.90588188
14.98039246
12.94705963
13.43333530
14.09999752
12.55490398
12.85294151
14.22548962
17.30000305
18.37843513
20.17451096
18.26862717
12.44705963
9.62745094
15.34509850
14.53725529
12.62549210
11.56666565
11.54706192
14.34901905
12.18039322
14.45490170
13.91176510
13.50588417
12.72156906
14.77451038
18.07647324
18.53529739
19.14510155
16.69019699
11.55882359
10.19019699
17.96666718
12.61960888
12.48627663
10.47255135
12.65098190
13.58823776
12.53137398
14.30196095
12.66666508
13.88823605
12.70196056
16.56078529
18.58823776
18.59019852
18.95098114
14.20587921
10.77647114
12.73137188
18.28431320
11.60588455
12.74705791
10.07646942
13.12745094
12.58039379
13.36863136
14.15489960
12.31764793
13.60588074
12.77843189
18.20392418
18.72156906
19.85098076
17.81176758
13.48431396
10.60588264
16.41568565
15.97843266
11.60196400
12.15098190
9.78431320
12.98039055
11.90392303
13.70392323
13.84509754
12.48039341
12.16862583
13.88039207
19.30000305
19.31568527
20.36274338
15.00980282
13.04901791
10.64117718
19.09019470
13.63333035
11.88039207
10.38431263
10.34902191
12.93137169
12.13921642
14.29607964
12.08431435
13.71372414
11.11176491
15.44117832
20.56863022
19.97646904
19.13725281
13.37843323
11.99019527
12.80195999
19.45294189
11.31960773
13.40784550
9.28823471
11.76862907
12.19607830
14.33137321
12.97646999
11.61960697
13.62941456
12.24509716
16.75098038
22.09608078
20.31568718
16.24510193
13.08235073
11.42745018
16.43529510
16.83333588
10.92352867
13.23725510
8.95490360
12.68235207
11.63921738
15.80784512
11.50196075
12.35686207
12.50000095
14.82548809
18.33529663
21.91765213
20.33725548
13.42744827
12.57451057
11.86666870
17.88627434
14.43921757
12.63921642
11.39412022
9.22156811
12.32744884
11.71372509
16.21960831
10.96274567
13.79607773
11.68823528
17.01765060
19.24706078
21.56274986
18.82548714
12.10980606
12.97842979
12.83333397
18.46862984
12.14705849
13.77843380
9.10392189
10.07254982
11.32745075
13.89608002
15.47255135
11.20196056
14.27843189
11.75686359
18.33529663
18.83529282
21.45097542
15.91960812
11.55098057
13.26862907
16.06274796
17.83529282
10.31568718
13.34705925
7.86274481
10.83921623
11.07254887
16.66274643
13.83529377
11.77843094
13.50784206
13.91176414
17.05686569
19.47842979
21.24117661
12.48235035
11.60196018
12.92352772
19.43921471
15.69411945
10.81568718
11.24313545
7.59999943
11.70980644
11.12352848
19.03725624
12.80196095
12.55098152
13.00588036
16.86274529
14.73725605
19.96666908
18.68627357
11.19019604
12.73529434
14.52745056
19.08039474
13.33725643
12.13333321
8.41568565
8.22941208
11.69804001
12.33333492
20.45294380
10.93529415
14.01568317
12.28235245
19.51960945
13.89411926
20.58824158
15.53333473
10.21372414
14.50784302
16.05490112
18.08627319
10.34313679
11.76470661
7.61568642
9.31764793
11.63921452
14.39607906
18.51568604
11.47254944
14.62745094
12.95490265
17.83725357
15.34705734
21.39411736
11.37843132
9.66666794
14.48235321
16.87647057
16.02156830
9.51568604
11.33333302
7.67843151
10.45098209
11.68431282
16.49215508
15.54509830
12.71176434
13.41372299
15.45098019
15.86862469
17.11372566
18.26078606
9.79019737
10.55686283
14.87647057
16.45882797
13.89215565
10.19999886
9.11960888
8.21372604
10.91568661
11.99215603
16.75686455
12.84117699
13.11372566
12.96274662
17.35097694
13.82353020
19.69215775
14.25490189
8.96078396
11.93725491
14.79019737
15.84117603
11.70196152
10.84313679
8.10588360
9.22156906
10.71176434
13.48039341
15.13725758
11.72352982
13.43725586
13.55098057
16.89215851
13.02353001
19.60196114
11.50196266
9.12549210
11.93137360
13.89019680
15.71960926
9.87058830
11.64313793
7.75686312
9.76470470
11.05490303
14.36862946
14.13725376
12.81568623
12.24313831
15.20784378
14.59019852
14.05097961
17.05097961
10.65293884
8.75882339
11.72352695
14.83333302
13.75294113
10.19411755
9.85686398
7.69411993
9.76666737
11.37647247
14.10588360
13.22352982
13.42352962
11.31960773
15.85882378
13.19411564
15.27843189
14.25882530
9.03333187
11.12549019
11.70980644
15.18627262
11.97059059
9.96078587
8.75098228
8.32941151
10.53725433
11.28627491
15.46666908
11.62353134
14.03137207
11.31176472
16.79607964
12.25293922
16.04117775
12.06666660
8.73333454
13.58235168
12.99803829
14.99607944
9.57843208
10.75490379
8.26470661
8.93333340
10.60000038
12.81960869
14.64902020
10.51568699
13.66862488
13.54117966
14.77843094
13.27843380
15.33921623
10.55294132
9.18235397
13.02156830
14.72157097
13.89804173
8.30196095
10.65882301
7.56666660
9.23137283
10.84313774
14.20392132
12.95882225
10.98823547
12.57254982
15.79215813
13.48039436
13.83137035
14.11764431
8.82156849
10.00196171
12.00196266
15.16274643
12.43921471
8.89411926
10.34117508
7.21960783
10.17646980
11.85686398
15.02549267
12.13333511
12.37843227
12.73725510
17.05686569
12.34901905
14.82352829
12.19215584
9.12745094
11.48039246
12.20392132
15.36078453
10.32549095
10.53921509
8.60588074
7.73725462
10.81568909
13.53725529
15.30196285
11.31372738
13.86274529
14.17843151
16.48431587
13.13137436
14.53921413
10.43725491
9.67450905
11.79019833
13.62941170
14.45294285
9.10784245
10.98823452
7.54705906
7.87254906
10.98627377
14.75490284
13.99607754
12.08627415
13.84509754
15.77059078
14.44313812
14.17255020
13.83333302
9.26274490
9.52744961
11.99411774
14.39411831
13.16274357
8.70588207
10.70980263
6.82941198
8.33921528
11.98823643
15.43529701
13.16666698
13.52352810
13.49215794
16.93725777
13.17646980
14.90392113
12.87843132
8.95686340
9.54509926
11.56862736
14.79607868
10.76078701
9.90196133
8.80980301
6.35882187
9.90784264
12.67451096
15.91764641
12.52744770
14.03529453
14.18823433
17.25294113
12.75490379
15.34313965
10.98235321
8.34313869
10.54706001
11.89999962
13.85294437
9.28627491
10.77255058
7.28431416
6.51372528
10.13529396
13.39019871
14.72353172
13.39411831
13.81372356
15.12941170
14.67058945
14.69215679
15.34313393
9.28823376
8.27058887
11.99803925
13.57843113
12.78039360
7.67451000
10.40588093
6.78627348
7.07255030
10.02352905
14.16274261
13.93725586
15.12352943
12.64117813
16.45686531
13.41372681
15.46274471
14.99803829
8.77647209
8.31764698
14.93333435
13.64313698
11.83529282
7.98627520
8.81960678
6.77058697
7.88235283
11.01372623
14.81568718
13.11568356
16.21960640
11.88823509
18.24117851
13.50980282
15.86666965
13.26862907
8.95490265
9.60392189
15.03333378
14.17646885
9.62745380
9.42941189
7.56470537
6.46274519
8.80000210
12.04706001
14.47254753
13.53725433
15.29215908
13.26666546
17.29412270
14.00784302
15.91176605
10.57646942
8.58823681
12.71176624
13.78039265
14.38039303
7.21764803
9.51764774
7.14705801
6.52353001
9.64901924
13.35686016
13.71176720
13.88431358
14.21960831
14.45686054
14.93333244
14.99999905
15.35685921
9.20000076
8.07843208
15.60588264
12.85882473
12.61372375
6.14901876
9.17058849
6.37647104
6.96666718
11.23137283
13.46470737
13.40980053
14.17647171
13.57058716
15.82745266
13.52353001
14.76274300
13.47451210
8.78235245
8.07450962
15.91176510
12.20784473
10.59019470
7.30980444
7.47058773
5.81764793
8.29019642
12.03137398
14.01764488
12.95490360
14.42352867
12.93137360
15.54902172
13.93921661
14.68431187
11.59803963
8.07058907
9.77058887
14.40392113
12.79411793
8.42745113
7.63921595
6.50392199
6.50588369
9.09019661
12.51960564
14.13333607
12.33333302
13.43725395
13.93137074
13.82745171
15.17058849
14.89608002
9.63333225
8.37255096
11.25490189
13.15294456
12.24509907
6.32941055
7.86078501
6.74705839
7.06470585
9.63137245
12.68627453
14.28823662
12.27058983
13.08627319
14.67646980
13.02941322
15.26274681
14.46862602
8.28235149
8.20588303
12.74705887
12.52744865
10.78431320
5.94901991
7.54313707
6.20980453
8.22353077
10.48235416
13.05882454
13.12941265
12.71568584
12.85097885
14.70588493
13.65490246
14.78039265
12.30000114
7.32549000
7.86862707
13.39215851
11.85097885
8.86666679
6.63137293
7.06274509
6.58627462
8.73333454
10.82548904
13.12745285
11.62156773
13.24706078
13.60000038
13.44117737
14.23529530
14.51568604
9.83137417
6.33333302
9.17451000
13.71568680
12.33529377
7.32352924
7.49607849
6.81372499
6.92156887
9.81568623
11.15098190
12.46862602
11.58823586
12.72941113
14.98627472
11.36666775
14.47451210
14.42156792
7.84902048
5.10588169
12.64901829
13.12156963
11.90392494
6.13529348
7.62156963
6.13529348
7.82156897
11.05686283
11.06862831
11.63137436
12.26078224
13.24901867
14.50392151
12.38431358
14.13725567
12.65490437
7.14313698
5.26078510
14.74509811
11.28627491
10.53333282
6.18627501
6.60588121
6.34901905
8.49019718
10.63529396
11.91176605
10.77058792
12.37450886
14.57451057
13.37843227
13.36862659
14.31176567
10.64313698
6.08235216
6.99803925
13.58039379
10.95098114
7.94509983
6.99607801
5.42745113
6.35490131
9.56078529
11.66470718
11.62157059
10.52548981
12.60196114
15.71568680
11.96274567
13.63529491
13.91176414
8.06274509
5.80784321
9.42549038
11.73725414
10.87058830
6.05294180
6.73921537
4.94509840
6.88627529
10.64117718
11.83529568
10.30784512
11.50000095
12.28823662
15.59411716
12.37450981
13.55097961
12.97646904
7.08627510
5.28039265
12.76666832
10.46666622
9.99019814
5.57647085
6.13921595
4.60000038
7.59215641
10.62352943
11.97842979
9.99607849
11.72941208
13.24705887
14.62549114
13.26078510
14.04902172
11.04117775
6.63725519
6.44313765
12.47254944
9.86862946
8.44313717
5.95294094
5.03725481
4.74705887
9.12352943
9.78627586
12.67843342
9.86862755
12.52941036
14.70196056
13.06862640
13.56078434
13.97451019
8.95294094
6.45294142
7.97647095
11.10980415
10.58431339
6.15882301
6.26078463
4.59215736
6.05490255
9.94313717
10.22745132
11.24117947
10.52156830
12.90588188
14.89607716
12.39803982
13.03137398
13.29607868
7.29019594
5.54705858
10.15686226
9.73921680
9.98627377
4.99019670
6.26078558
4.58431292
7.08627462
9.77254868
11.07843018
10.14705849
11.57058907
13.22745228
13.53137302
12.24313641
12.97058868
11.42745018
5.84117699
5.84901905
11.36274433
8.73333359
8.38823700
4.74901962
5.22941113
4.53333330
8.53137302
9.34902096
12.29019451
9.60784245
11.98235321
13.23725510
12.31372547
12.20784378
13.48823452
9.52157021
5.67647123
6.69411707
11.22549057
8.40000057
7.30000019
4.74117661
4.90392113
5.19019604
9.17058849
10.28235054
11.56666660
10.36470604
12.64509869
13.28627396
11.95882416
12.59803867
13.56666660
7.06470680
5.98627472
8.14313793
10.40784264
9.20588303
4.47451115
5.35097980
4.14901972
6.45294189
8.71372604
10.79803944
10.72549438
10.67843342
13.38039303
12.93333340
11.96862698
12.52353191
11.32156944
5.94705915
6.05686283
10.45490265
9.75686455
8.22745132
3.00196123
5.25098085
4.35294104
7.74313736
7.68823433
11.67255116
10.33529282
11.50588131
13.55294514
12.22156906
11.96274376
12.56666660
9.38039303
5.42352915
6.57647085
12.03921509
8.52352905
6.76470566
3.65490222
4.65882349
4.63529444
7.92156887
7.95882416
11.93725586
10.36862755
12.71176720
13.17646980
11.81764793
11.67450809
12.89411831
7.10000086
4.89215755
7.79607868
11.44117546
8.20588303
5.41960859
4.39215708
4.19411802
5.29607821
7.31372690
9.35882282
11.23921490
10.59999943
13.45294189
12.81764793
11.42156792
11.12941074
12.44901943
5.77058887
5.04705906
10.32156944
8.90980434
8.15490055
3.85490203
4.23921585
4.36470652
5.84509802
6.99019575
10.52745247
10.78627300
11.24313831
13.48039246
12.36274529
11.68823624
11.55490398
10.12353230
5.06470585
5.90980434
11.21568775
7.46078444
7.63137197
3.36470604
4.17254925
4.46666765
6.34117603
7.48823547
12.54117870
10.84117508
11.80588341
13.59411907
11.10392284
11.73333263
11.79803944
8.12549019
4.49607849
7.14313698
10.37843227
8.47058868
6.47843218
3.55686355
4.19411850
4.85882425
6.32156897
8.73333359
12.20980263
11.15490341
12.85882473
13.50980091
10.45686245
11.07646942
11.80000019
6.79019642
4.67451000
9.44705963
9.02549076
9.28823471
4.50196123
4.16666698
4.29215717
5.05490255
6.04902029
10.72353077
10.95686436
11.99803925
13.45098305
12.78039169
10.63725567
10.93725586
11.28235054
5.65490246
5.25882339
10.28431511
7.50000143
8.93333244
3.16862798
4.61568737
3.80980420
5.72941208
6.63921499
12.18039131
10.84509754
12.92156792
13.66862679
11.50784302
11.06470490
10.93725395
9.84313869
4.48039246
6.28235245
8.34117603
7.31764650
7.05686426
3.41764712
4.28431368
3.22156858
5.86078501
7.08235264
13.99999905
10.74117661
13.75490284
13.13921452
11.05294037
10.75294209
10.78823471
7.70196152
4.28431320
7.28039265
7.19019604
7.48823595
5.44902039
3.70392108
3.43921638
3.94901967
5.41568565
10.86078453
11.85686302
11.23333549
14.03333378
12.66470528
10.36470795
10.32745266
10.63137341
6.17255020
4.54509783
9.17058945
6.80980396
7.90588284
3.85882378
4.04902029
3.34313750
4.26274538
5.97647047
13.83529377
11.37843323
12.26666641
14.77647018
10.92353058
10.78627396
10.19999790
9.02745056
5.58039188
5.85686302
9.21960831
6.47647047
7.54901981
2.74509859
3.64901948
3.46470618
4.63333368
6.56470680
16.66666794
11.17647171
14.44901848
14.21176529
9.98039246
11.22745132
10.36666584
6.79215670
4.64705849
6.90196085
8.46078491
6.39804029
6.05294228
2.81568670
3.08235335
3.91764784
5.09019661
9.01568794
16.82941437
12.42353058
16.20980644
12.69607925
10.04313946
9.99019718
10.11960793
5.68431425
4.72745085
7.57451153
7.34509993
5.98039293
4.50588179
2.84313774
3.28627491
4.18235302
4.93333387
14.47058773
13.76274490
14.52156830
15.20392323
10.68823528
10.37058830
9.64313889
8.83137131
5.39215708
5.10784435
8.37058830
6.53529358
6.77843142
2.15294194
3.37843156
3.63921595
4.33137226
5.26666784
19.17843056
12.18823528
14.38431263
12.33529568
9.80980110
11.06666565
9.97254944
7.13921595
4.71764708
5.63137293
8.45098019
6.60784245
5.97647190
1.82549059
3.85490227
3.55882430
4.36666679
7.26666689
21.42745209
11.25882435
12.42352772
10.90784168
8.97254753
11.32352924
9.84902000
5.99999952
4.03725529
6.17843199
7.69999933
6.85098124
4.73529434
2.87058854
3.12156868
3.83529449
4.72352934
10.51568604
19.36274529
10.75882339
10.83137035
10.30784321
9.74509811
10.09019852
8.97451019
5.48235369
3.78627467
7.49019575
6.81176567
6.48235369
3.40980387
3.06078506
2.93725491
3.86862731
5.56862783
12.32941055
16.97254944
10.69019508
9.86078644
9.11176491
10.14901924
9.84706020
7.92745066
4.69607830
4.29803896
7.86078548
6.21568632
5.81372643
2.34313774
2.94901967
3.07058883
4.11372566
6.24705839
15.28039360
13.51960850
9.96862888
9.67058945
8.00392151
10.20196152
9.71372700
6.42156792
3.99607873
5.18431473
6.90980434
6.24902058
5.24313736
2.06666684
2.80784321
3.46078420
4.73137283
6.66470623
16.63921738
10.86274719
9.83333588
8.84705734
8.21176529
9.40196133
8.38235283
5.38627434
3.63333344
6.34509802
6.55097961
5.79215765
3.98039222
2.19607854
3.21764708
3.53725505
5.08235407
7.84705830
14.79411793
9.91176796
9.20392132
8.34313869
8.34509754
8.61764717
7.91960716
3.92941284
3.64117646
7.01764727
5.90980339
5.08627415
2.35490227
2.63921571
3.04117703
3.90196085
5.42548990
10.01960754
12.71176624
9.19608021
8.62352943
7.29607821
8.52941227
8.94313717
6.72156811
3.10784364
3.48627448
6.77647161
5.09607887
4.29215765
1.93137276
2.99607873
3.14509821
4.41176510
6.16274500
11.67058945
10.80784702
9.05686474
8.35294151
6.16274452
8.65686321
8.80000019
5.35882425
2.69215727
4.37058830
6.03137255
4.84117651
3.53921556
2.20392179
3.21960783
3.47843146
4.60980463
7.48823500
11.16470528
9.65882301
8.30195999
8.01764679
5.90000057
8.52745056
8.24117661
4.32352972
2.81568694
5.54901981
4.94509888
5.51176596
2.17058849
2.92745137
2.90392184
3.83137298
5.25882339
8.70588303
10.24705982
8.74902058
7.79215717
6.99607801
6.78627491
7.89803982
7.58431387
3.72745109
3.30980396
5.74313688
4.78823519
5.17647076
2.19215751
2.74901986
2.95098042
4.63333368
5.99803877
9.52157021
9.61568642
8.22549152
7.44313574
6.49019432
7.23137188
8.99607849
6.00392199
2.84705925
3.70392179
5.05686235
4.41764736
4.27647066
1.93921614
2.77451015
3.47647047
4.86862755
6.78235340
9.43333435
9.37451267
7.97646952
6.82156801
5.78823471
7.51372433
9.53725529
4.46666718
2.52549028
4.19215679
4.37451029
4.43137312
3.10000014
2.36862755
3.04509830
4.21372557
4.90588236
8.06470585
9.22352886
9.26666737
7.22745132
6.25882339
6.92941189
7.41372585
8.82941246
3.68431354
2.54902005
5.49411774
3.64313722
4.17451000
2.45490193
2.64509869
3.03137302
4.27647066
5.13921595
9.47451210
8.03725433
8.40784168
6.88235235
5.63529491
8.78823662
8.09411812
6.99215698
2.87254953
3.53529429
5.60588264
3.11372590
3.74313736
2.08823538
2.43725514
3.18823552
4.31764746
5.89019680
9.88235283
7.23137379
7.75490189
6.82156897
5.55686331
9.02941227
8.85098076
5.09607887
2.47843170
4.03725529
5.32352972
3.64117646
3.07254934
2.18627453
2.34705877
3.78431416
4.52353001
7.41176510
9.42549038
7.50784349
7.46274471
5.95098019
6.59607840
8.37450981
8.38235188
3.71764708
2.45686316
4.63529396
4.22549057
4.33921576
2.83725476
2.24117684
2.62549043
4.10588264
4.92156887
8.80588245
8.05686188
7.83529329
6.64313745
5.29411840
7.68039227
7.54902029
7.22156906
3.42745137
2.53137302
5.48823500
3.40000010
4.80000019
1.92352962
2.39215708
2.94509864
4.38235283
5.36666775
9.34705830
7.46470547
7.32156897
6.57843161
4.63529396
7.89607811
7.45882416
5.29803944
2.62941217
3.10000014
5.46470547
3.19019675
4.80196095
1.71960831
2.68431377
3.52549005
4.61960793
6.12549019
9.89019775
7.58627462
7.02941227
5.97255039
4.95686293
7.49607944
7.11764765
3.85686326
2.20980406
4.21568680
3.69019604
3.72352958
4.40588284
1.90588272
2.94705915
4.20784330
4.89803982
8.17058945
8.55097961
7.32941055
6.12156820
5.33921623
5.88823557
6.89607763
6.95882416
2.77058840
1.98039234
5.95098066
2.66274524
4.14117670
3.51372623
2.23529434
2.96666646
4.53529501
5.81568718
8.87450886
7.76470566
7.32941103
5.62941170
4.99215698
6.18431330
7.08627462
6.01764631
2.53137279
3.29607916
6.09607792
2.72352958
4.32352972
2.57647061
2.51372576
3.34117675
4.71960831
5.99215698
9.01764774
7.39999962
7.03137159
5.15686274
4.88823509
6.56666613
7.61568785
4.76078367
2.34705925
4.93333340
4.74902010
3.27058887
4.30784369
2.00784349
2.72549081
4.15098047
4.56078482
6.69215679
8.61960888
7.22941208
6.19999981
5.07058811
5.62548971
6.25686312
7.69803858
3.58235359
2.11568642
6.00588179
2.75098038
4.13137293
3.55490208
1.86862779
2.85490203
4.40588284
4.89019632
8.11372566
7.58039284
7.10588217
5.84705877
4.92156792
6.55098057
6.13921547
6.88823700
2.77843165
2.47451019
5.78823519
2.25098085
5.12352943
2.24901986
2.25098085
3.10392213
4.92745066
5.25098038
8.93529415
7.09803915
6.42156839
5.28431368
5.23529482
6.99999952
6.60784340
5.59215689
2.38823581
3.64117670
4.47058773
2.74509788
4.62941313
2.21176481
2.87647080
3.88627434
4.57254934
6.41372538
8.32156944
6.89019537
6.06078434
4.91568661
5.96470547
7.03725338
6.74705982
4.13529491
2.01960826
4.88431406
3.24705935
3.84509826
3.80196142
2.10392189
2.88235283
4.24705887
4.75490236
8.02353001
6.91372490
6.50588226
5.60784292
4.55490208
7.10980415
5.89607906
6.33921528
2.70000029
2.31960821
5.39215755
2.81960797
4.60784388
2.84313774
2.11372590
2.89215684
4.51960802
5.34705877
8.50784302
6.07254839
6.16862774
5.25490332
4.44705868
7.94117689
5.73529482
5.29215670
2.25686312
3.23137259
4.96862745
3.13725495
4.39215755
2.20196104
2.40588307
3.56862760
4.76470566
5.92745113
8.31960773
6.01372576
6.11568642
5.16078472
5.74705887
7.67843103
6.42352867
4.48823452
2.32941222
4.47843122
3.60588288
3.15294170
4.25294113
2.20588279
2.72352982
3.64313722
4.73333406
6.62745190
7.91372585
6.62156820
5.97450876
4.78823566
7.42548990
6.72353029
6.64901972
3.52745152
2.21764755
5.03333378
2.75686288
3.03921604
3.54117656
2.40784335
2.75098062
4.10000038
4.49803877
8.05294132
7.26862812
6.80588245
5.37647104
4.45490265
8.48627472
5.48235369
6.18235254
2.34509802
2.70000052
5.10980463
2.53725505
3.15294099
2.84902024
2.62745118
2.95294142
4.11960745
5.26862764
8.91372585
6.92745018
6.37843132
4.86862755
4.84117699
7.54705906
5.64117718
4.98235369
2.10588241
3.64117670
4.34901905
2.76078415
3.61568642
2.61372542
2.83921552
3.09411764
4.10196114
5.86078405
9.22941017
6.76862764
5.53137255
4.75098085
5.68039227
7.37647152
5.87843132
3.80392170
1.88235319
4.38823509
3.34117723
3.10392213
3.89803958
2.67647099
3.05294180
3.33333349
4.24117661
7.68039227
8.17843056
6.59803915
5.01176357
4.57254887
7.30980396
6.12352943
5.63529491
2.83529472
2.11764717
4.73921490
2.75098085
2.72156858
4.15686321
2.77254939
3.03137279
3.67843127
4.47451019
9.23725510
7.15882349
6.30196047
4.58039188
4.48431396
7.35882282
5.29607868
4.78039265
2.27647090
2.70000005
4.41372681
2.19411778
3.25686288
3.35098076
2.84117675
3.02549028
3.83333373
5.86862707
9.81372547
6.97058821
5.51960754
4.63137245
4.47646999
6.72941256
4.91176510
3.92549038
2.01176476
3.62549043
3.22549105
2.30980420
3.11960864
2.75294137
3.07843161
3.36666679
4.06666660
6.80784321
9.51568604
6.90196037
5.07646942
4.39019585
5.69411755
5.11176443
5.28823471
3.40196109
1.80980408
4.27843142
2.49411774
2.07450962
3.04117703
2.80784345
3.04509830
3.47254896
4.60196114
8.55490208
8.11372566
6.41372442
4.89803791
4.07843208
6.29999971
4.40000010
5.57450962
2.83333373
2.04705906
4.26078415
2.07058835
2.57058835
2.72353005
2.70392179
2.81176519
3.97058845
5.21372557
9.10392189
7.59215689
5.90392160
4.54117632
4.27254868
6.42352915
4.99019623
4.71764708
2.36862779
2.81176496
3.79019642
2.07451010
2.51960826
2.67254949
2.55294156
2.77058840
3.96666741
6.03333378
9.27843189
7.08431435
5.58627415
4.05490208
4.60196114
6.97647047
5.13921642
3.95490241
2.15686321
3.45294118
3.15882397
2.50588250
2.95294142
2.56666684
2.55294132
2.84902000
4.82549000
7.43137312
8.95686245
6.53333378
4.63529444
3.84117699
6.47647095
5.55882311
4.69411802
3.20784354
2.37647057
3.97254896
3.02745152
2.84705901
3.20784330
2.40980411
2.43725514
3.86078453
5.23529434
8.67255020
8.26274490
5.65098095
4.19803905
3.90000033
7.22156811
4.57843113
4.38823509
2.42745090
2.65882373
4.17451000
3.02156878
2.43725514
2.80000019
2.27451015
2.21764708
4.46862793
5.94313669
9.51372528
7.50196075
5.22156906
3.94313765
3.84509850
7.20000124
4.48039293
4.17058802
2.24902010
3.22745109
3.82352996
2.31568646
2.71568656
2.68235302
2.10588288
2.77843165
4.89215755
7.16274595
9.42745018
7.20196056
4.54313803
3.83529449
4.30392170
6.11176491
4.35294151
3.46078444
2.33333349
3.47254920
3.33529425
2.24705958
2.89215708
2.09803939
2.09803939
3.36274529
5.28627491
8.34313774
8.57450962
6.25686312
4.49803925
3.65882349
5.32549047
4.89411688
4.21568680
2.64509797
2.07647085
4.28431368
2.58235335
1.86666691
2.50980401
1.89803958
2.31176496
4.36470604
5.35294151
9.75686073
8.19019604
5.79411840
4.11960793
3.80980444
5.49019670
4.60392141
3.95098090
2.04705906
2.40784335
3.66274571
1.83529425
2.03333354
2.13921595
2.00196123
2.51960826
4.79607821
6.57254934
10.31960869
7.62941313
5.31372690
3.98039246
4.27254963
5.75294113
4.29019594
3.15294147
1.89019644
2.79019642
2.34705925
1.77647078
2.08823562
1.97254884
1.78039241
2.96274590
5.20196056
8.04509830
9.95098114
6.85098076
4.69411802
3.92156863
5.19804001
5.09803963
4.04705906
2.57843161
1.62745130
2.83921576
1.53137302
1.70588255
2.03725505
1.49215722
1.54901958
3.86078429
5.58627367
9.64509964
8.93529320
6.14117670
4.36078453
3.34509850
5.18039179
4.21568632
3.46470594
2.13333368
1.60000050
2.22156882
1.51960814
1.58627486
1.68039274
1.11372578
1.68235326
4.76666737
5.89411879
10.43333340
7.77647066
5.64901924
4.18823576
3.40000033
4.64901972
3.13529444
2.86666703
1.68823552
1.26470602
1.33921599
1.11960793
1.18627453
1.03333342
1.20392179
2.56274557
4.90784359
6.86274576
9.84117508
7.31764746
5.28431416
3.47058892
3.69019651
3.59411764
2.97843122
2.73725510
1.03921604
0.95294136
0.87843162
0.56470597
0.98431385
0.96666688
1.29019606
3.27254915
4.68235254
8.97647095
9.43921566
6.19215631
5.00000048
2.68431425
4.26470661
2.57843137
3.72745132
1.64509845
0.49215686
0.79411787
0.64117652
0.42941177
1.06470621
0.98627472
1.70588279
3.98627496
5.03529501
10.28823566
8.54901886
5.84509754
4.41176462
2.45294166
3.93725538
2.87254906
3.35686302
0.66862774
0.81568635
0.63333362
0.88235319
0.40588236
1.05490220
1.22549057
2.13333344
4.65490294
6.14117670
10.07646942
7.64509916
5.22941208
3.76862788
2.80980444
3.28627443
3.25882387
2.54313731
0.41568628
0.82156879
0.49607843
0.76274532
0.54313725
1.03333354
1.58823562
2.61568666
5.14313698
7.49215841
8.97647190
6.82353067
4.84117651
2.94117594
3.30196118
3.47058916
3.49215722
1.76078451
0.32156864
0.40000001
0.71372551
0.31960785
0.89411777
0.85686296
1.82352972
3.19019628
4.98627472
8.05686283
8.91960812
6.39019632
4.25294113
2.49803948
4.10980415
3.48039198
3.21372557
0.85098076
0.57647067
0.20196079
0.61764717
0.46862745
0.91764724
1.27451003
1.77254939
4.11372566
5.16470528
8.72941208
8.63137245
5.80392122
3.70784330
2.84117675
4.11764717
3.24901986
2.69607878
0.44117647
0.72549051
0.25294119
0.44901961
0.50588238
0.92156869
1.42156887
1.72549033
4.62549114
5.80588245
9.72352982
7.79019547
5.63529301
3.04117656
3.31568694
3.45490241
3.20392203
1.85882378
0.41960785
0.42941177
0.39411765
0.30784315
0.52352947
1.03921592
1.66470623
2.26470590
5.05882406
7.43333292
9.36274433
7.02549028
5.63333368
2.25686288
4.09411812
3.06078434
3.00000000
0.89019626
0.23725490
0.40588236
0.36274511
0.50392157
0.65098059
1.03725517
1.07058847
3.73921561
5.05098009
8.68627357
8.62549019
7.01176405
4.74509811
2.33529425
3.60000038
2.91372609
2.63725519
0.38627452
0.17843138
0.40588236
0.26274511
0.72745103
0.59411770
1.22156882
1.65686285
4.43921566
5.39019585
9.03529358
7.91960812
6.47451019
3.87254882
2.26862788
3.02156854
2.73921537
2.40784335
0.18627451
0.63725495
0.31372550
0.30196080
0.74509823
0.61568636
1.29019630
2.70392156
5.01764727
6.27058840
9.33921719
7.06666708
5.81764746
2.64509797
2.51568651
2.61568666
3.41568708
1.12941229
0.24509804
0.96470606
0.36470589
0.46666667
0.64705896
0.47647059
1.43333364
3.47254944
5.17451048
7.95882416
9.14117718
6.73529339
5.03333330
2.09215713
2.93529463
2.52745128
2.93333387
0.65490222
0.20588236
0.84901994
0.54117650
0.47058824
0.51764709
0.75098044
1.57058847
3.71568608
5.63137245
8.96274662
8.39607906
6.17647028
4.55098104
2.30980420
2.90392232
2.08039260
2.61176515
0.17450981
0.45294118
0.27843139
0.44901961
0.54901963
0.54509819
0.96470606
1.81764746
5.12745094
5.23725605
9.57647133
7.28823614
6.07254839
3.60980439
2.42549038
2.47843170
2.09215713
1.71960819
0.13725491
0.31176472
0.27647060
0.40588236
0.46666667
0.78235310
1.09607863
2.79019642
5.90000105
6.39804077
9.34117699
6.65098143
5.82941246
3.12549043
2.53137279
2.05882382
2.39215708
1.17254937
0.16078432
0.17058824
0.25294119
0.25098041
0.51960784
0.88039225
1.03529441
3.23725486
6.09215641
7.88823557
8.71372509
6.93333244
5.35490179
2.93725514
2.72549033
2.13921571
2.36470580
0.95098084
0.19411765
0.18039216
0.31764707
0.28431374
0.51764709
1.16862774
1.39411783
4.66470575
5.15098000
9.51764774
7.94901943
6.48823547
4.70000029
2.38823557
2.98823595
2.19607878
2.44313765
0.30392158
0.13529412
0.16274510
0.62549025
0.35098040
0.40392157
1.27058852
1.97451007
5.81568670
5.81372547
9.94509888
7.17646980
5.99215651
4.11764717
2.76470637
2.34313750
1.95490229
1.68235326
0.16470589
0.10980392
0.12941177
0.87843156
0.21372549
0.59215689
1.00784338
2.97450995
6.09019709
7.11176491
8.83137417
6.41568613
5.76274538
3.19411778
3.19803953
1.72549057
2.57843137
0.88627476
0.10588235
0.12352941
0.29411766
0.44313726
0.57254910
0.64901972
1.12549043
4.10784340
5.64117718
8.33529472
8.05098057
6.27450895
5.41568565
2.72745085
3.19411802
1.66470623
2.19019604
0.39607844
0.12549020
0.19607843
0.22549020
0.30784315
0.65882367
1.02549040
1.43333352
5.30588245
5.35490179
10.05882263
7.85686255
5.81764793
4.52352905
2.68823504
2.21960807
1.53333366
1.55882382
0.12549020
0.13921569
0.18627451
0.20980392
0.23529412
0.61372554
1.31568682
2.07451010
6.44901943
6.55098057
9.41960907
7.02745056
5.70196152
3.52941275
1.87843168
1.62941206
1.51568639
1.04705906
0.13921569
0.14509805
0.16078432
0.23137255
0.30784315
0.70980400
1.45882356
3.74705887
5.88235426
7.96274567
7.46862698
6.19607925
5.11764812
2.37647080
1.63725507
1.55882370
1.55882382
0.37254903
0.12549020
0.16862746
0.28823531
0.32941177
0.35882354
0.64313728
1.53529429
5.46078491
5.34117699
8.67254829
7.13921547
6.07058811
4.09019661
1.68627489
1.62745142
1.98039234
1.18431425
0.13921569
0.12549020
0.18235295
0.32941177
0.37254903
0.23725490
0.91764712
1.86470604
6.29019642
5.22156811
9.20980263
7.12156773
5.47058916
2.69803929
1.32352948
1.35490239
2.14117694
1.57254934
0.12549020
0.12549020
0.15686275
0.32941177
0.38823530
0.17058824
1.31176496
3.27058864
6.33333302
7.23921633
7.83137321
6.23333359
4.41568661
1.81176484
1.47647083
1.28627467
2.55490232
0.93333352
0.12549020
0.12549020
0.11568628
0.26078433
0.25882354
0.20980392
1.54901981
5.08627415
6.29215622
7.82745123
7.41372585
5.08823586
3.60784340
1.44509840
1.45882368
1.70196092
2.56274509
0.42745098
0.13333334
0.11764706
0.13137256
0.35686275
0.21568628
0.36274511
1.81176496
6.71960783
5.31960917
8.58823586
6.35098076
4.81960773
2.56862760
1.42549074
1.34117687
1.79215705
2.48431396
0.12941177
0.14117648
0.12549020
0.17450981
0.42156863
0.21176471
0.72745109
3.24901986
6.64902067
6.49803877
7.55686283
5.82745171
3.89803982
2.01764727
1.16666687
1.20392191
1.92745101
1.29411876
0.12549020
0.14117648
0.10196079
0.19019608
0.27058825
0.22156863
1.28823543
4.84902000
6.75098133
7.14705896
7.08039188
5.19411755
3.25882387
1.50196111
1.04705894
1.10588253
2.17058825
0.49215686
0.14901961
0.12549020
0.17254902
0.16666667
0.30588236
0.14705883
1.90392160
5.45490217
6.53333378
7.99607944
6.94117737
4.32549000
2.89607882
1.68235350
0.85882366
1.53725505
2.22549081
0.12941177
0.11372549
0.12549020
0.10392157
0.32156864
0.15686275
0.50392157
3.29411769
6.20000029
6.18627501
8.57647038
6.18039274
3.78627467
2.68823504
1.31960809
1.11568654
2.25686288
1.62156940
0.13333334
0.12549020
0.12549020
0.17843138
0.40196079
0.16862746
0.70980412
5.01960754
7.40392160
6.73333406
7.38627338
5.76274538
3.34313726
2.60392189
1.49411798
1.59215701
2.43137288
0.46078432
0.13725491
0.12549020
0.16470589
0.17058824
0.25490198
0.21568628
2.10196090
5.91176510
7.44313765
7.45882416
7.13137245
5.05294228
3.63529420
2.45490217
1.21176505
1.42745113
1.50000012
0.11764706
0.14509805
0.12549020
0.17254902
0.13529412
0.11176471
0.35490197
3.77843094
7.01372671
7.07451010
7.92745066
6.70392132
6.05294132
2.78235292
2.00784326
1.14705920
1.49411786
0.84705895
0.12549020
0.14509805
0.12549020
0.19215687
0.19607843
0.29215688
0.68431383
5.08431387
8.19607830
6.84117699
8.47255039
6.46470594
6.29803944
2.35490227
1.65294147
1.09019625
1.56078458
0.60000014
0.14901961
0.12549020
0.12352941
0.25294119
0.25294119
0.32941177
2.46274519
5.50196028
8.75490189
6.84509754
7.95490265
6.43921661
5.93137264
1.79607868
1.10980415
1.10000026
1.56666696
0.21372549
0.12549020
0.12549020
0.15098040
0.19411765
0.24901961
0.66078436
3.93529415
6.72745180
7.24313641
8.07647133
6.68627310
7.89607906
4.39019632
1.44509816
1.04705906
1.62745118
1.32156909
0.13333334
0.11372549
0.12549020
0.17058824
0.20980392
0.37647060
1.07058835
4.70000029
7.06666708
6.76274490
9.07647038
6.39019632
7.72156954
2.56666660
1.34901989
1.07254934
2.04117656
0.72549033
0.13725491
0.11764706
0.19215687
0.11372549
0.22549020
0.64117664
2.76666689
4.78823614
9.35294151
6.50000000
8.16862869
6.10588217
5.80196142
1.88627505
1.10392201
1.04902005
1.86666703
0.30000001
0.12745099
0.15882353
0.19215687
0.20000000
0.28039217
0.91764712
3.46470666
7.21568632
8.43137169
7.58235312
7.34313822
5.66470718
4.29411888
1.15882373
1.36274540
0.63921577
1.34509826
0.18823530
0.17647059
0.15294118
0.18431373
0.16862746
0.29411766
1.25098062
3.77843118
8.90196133
7.11372566
9.04901886
6.01568604
5.85490179
2.95686245
1.05490208
0.93725520
0.65882361
0.86862779
0.20980392
0.16274510
0.10588235
0.17647059
0.18627451
0.35098040
2.23529434
4.66078472
12.12353039
5.16862869
8.72156811
5.65882397
4.94901991
2.02353001
1.28235316
0.75686294
1.13333356
0.40784314
0.16470589
0.11568628
0.18823530
0.25294119
0.17647059
0.53137255
2.82352948
6.92941236
10.19215679
6.71176481
7.31764698
5.70392132
3.92352986
1.74509847
1.37254930
0.93725508
1.29019642
0.15294118
0.10588235
0.16862746
0.37843138
0.26078433
0.40196079
0.87843150
3.68039250
9.69803905
7.95686197
8.27451038
6.52352858
5.40784311
3.43137312
1.59607863
0.96862763
1.14313745
0.76666695
0.10784314
0.13333334
0.29019609
0.39019608
0.73529416
0.54705888
1.48627472
5.42941236
13.31764793
4.47058821
8.83725548
5.66274500
5.73333359
2.40784311
1.13921595
0.92156899
1.11372578
0.34313726
0.13921569
0.26470590
0.33921570
0.19019608
1.21764719
0.54705888
2.28039217
7.99607801
10.66863060
6.48235321
6.95686245
5.37058830
5.38431406
1.91372585
1.27254927
0.77058852
1.19019628
0.39411765
0.12156863
0.31568629
0.15490197
0.70196080
0.54117662
0.89215702
3.70588279
11.39019775
6.60392237
7.15294170
6.24117708
5.51372480
4.51960754
1.50196099
1.32156873
0.95294136
1.11176503
0.18627451
0.13137256
0.28431374
0.22156863
1.26666689
0.56274509
1.69019616
5.31960821
12.33529377
4.53921556
8.08823490
5.83137226
5.88823462
3.24509907
1.07843173
1.52745116
0.91372561
0.60784322
0.14117648
0.14901961
0.23333333
0.74509805
1.09607875
0.81960797
2.43725514
8.30196095
8.42352962
5.84705877
8.22941113
5.86666632
5.12941170
2.43333387
0.95686293
1.36862779
0.89411789
0.22156863
0.12549020
0.15882353
0.29803923
1.14313757
0.62352955
1.33529437
3.96470594
9.80392265
5.48823547
7.25490189
6.22549009
5.41764641
4.40196133
1.48431385
1.33921599
0.80196089
1.04117668
0.13921569
0.12549020
0.13137256
0.37254903
1.08627486
1.25882375
1.75490224
5.64117622
7.66078424
6.78627348
6.17058849
5.44902039
5.63725519
3.59999943
0.91372567
1.00980401
0.76666671
0.88823563
0.12156863
0.12941177
0.28627452
0.51568627
0.90196103
1.92941177
2.42745137
6.93137312
6.39019728
6.76862860
7.08823586
5.00392199
6.01568556
2.81372571
0.80980402
1.04901981
0.72156870
0.70000017
0.12156863
0.14117648
0.24313726
0.85098052
0.84509814
1.93137276
4.05882359
7.52548933
6.26666689
6.55882406
6.66862869
5.20784283
4.87450981
2.12352991
1.12156880
1.17843163
0.89803934
0.37843138
0.14117648
0.18039216
0.20980392
0.80784333
1.17843151
2.26862764
5.32156897
5.66470528
8.71568584
6.20588255
5.60196018
4.73529387
3.74902034
1.52156889
1.09215713
0.98039240
0.89215708
0.14509805
0.12549020
0.17647059
0.70196080
0.71960801
1.31960809
2.89215708
5.49411774
6.04901981
7.04313707
7.56078434
5.12352896
4.61372519
2.44509816
1.45294154
0.87647086
0.91960812
0.58235306
0.15098040
0.13137256
0.17843138
1.35882390
1.23725510
0.92156887
3.70784354
5.52745008
7.63529444
5.01568699
8.15098000
4.88039160
4.31568718
1.72941220
1.20980418
0.75686294
1.08039236
0.25882354
0.17843138
0.19215687
0.15098040
1.82941210
1.30588257
1.20000017
5.03529406
5.71960831
8.58039284
5.29803991
7.75490284
4.60392189
3.57058907
1.43529463
1.10000014
0.83725500
0.98627478
0.27058825
0.15686275
0.21764706
0.39215687
1.94901991
1.50196135
1.97843134
6.59019661
6.59215689
7.23137331
6.80588245
7.28039265
4.37058830
2.81960821
1.50588250
0.88431394
0.97450995
0.37058824
0.30196080
0.12549020
0.34509805
0.75882357
1.55686295
1.47450995
2.76666665
6.12745190
8.95490265
4.69607830
9.79215813
5.43529415
4.20000029
2.43725514
1.21372557
0.70588261
0.56666672
0.17450981
0.18039216
0.15686275
0.29019609
0.88235313
1.07647061
1.20980418
4.04117680
5.71764803
9.41764832
4.51960802
8.60392284
4.59019661
4.01960850
1.98431408
1.10392177
0.68235308
0.22941177
0.15294118
0.15098040
0.13725491
0.27450982
0.99411780
0.99411786
1.81764722
5.22745132
6.11176395
7.45097971
4.96274519
6.83921576
5.08627510
2.98039222
1.91960800
0.82941216
0.70196092
0.25882354
0.13529412
0.15686275
0.22156863
0.22941177
1.01960814
1.48823559
3.12352967
5.04509783
8.43725491
3.98627496
5.54705906
5.52352905
4.24117661
2.66274548
1.90392172
0.77647084
0.69803941
0.17450981
0.13529412
0.16862746
0.18431373
0.54705882
1.65098047
1.53529429
4.66470623
4.81568623
8.71960831
3.37450981
6.12352896
5.10784340
3.62941217
2.33921599
1.67058837
0.93137288
0.68823552
0.43921569
0.17647059
0.27843139
0.19411765
0.29411766
2.14509797
2.08039236
4.78627539
6.83921623
5.97843122
4.49411821
5.45294142
5.10588312
2.85882401
1.85098088
1.48627496
0.72941184
0.77647072
0.23921569
0.18627451
0.27647060
0.19803922
0.40000001
2.01568675
3.37450981
4.35882330
8.26078415
3.11764693
5.33725452
4.89607859
4.73921490
2.31372595
1.47058845
1.07058835
0.73333341
0.84117669
0.23921569
0.17843138
0.19215687
0.26862746
0.65098041
1.91568673
3.88823533
4.52745104
7.51176596
2.90588284
5.80392027
4.75882339
4.35294104
2.03725529
1.27843177
0.97451007
0.73137265
0.78627479
0.22156863
0.13725491
0.24509804
0.14901961
1.19803941
2.02745152
3.02352905
7.14509773
5.48431444
3.92941213
5.41764688
5.21960878
3.22156906
1.98823571
1.32156909
0.66078442
1.05686295
0.57450998
0.19607843
0.16274510
0.19411765
0.22156863
1.57058847
2.09019613
3.36078453
9.30392265
2.98235321
5.01960850
5.48039150
4.06862783
2.99607897
1.58627486
0.65294123
0.96862757
1.46862781
0.41372550
0.18039216
0.17254902
0.23529412
0.35882354
1.74509799
2.44901991
4.92745066
7.97451115
2.94509816
5.73921490
4.71176434
3.72156906
2.48235321
1.34313762
0.64509809
0.94705892
1.51176524
0.19411765
0.23137255
0.20980392
0.33137256
0.73137259
2.21568680
1.82941210
8.71764660
4.46470594
3.30196142
5.91176414
4.20196152
3.49019694
1.76666689
1.27451003
0.68823540
0.96470600
0.81764746
0.28823531
0.26470590
0.16470589
0.19215687
0.91372567
1.91176498
3.17254925
8.96274471
2.81960773
4.04509830
4.18235302
4.31568623
2.65098047
1.11372590
0.84705901
0.70196086
1.16470611
0.37450981
0.34117648
0.21960784
0.20980392
0.17058824
1.19411778
1.93921590
5.51960802
5.09019613
2.22941208
4.64705944
3.97843099
3.93333316
2.24902010
0.85490203
0.55294132
0.84117663
0.84313744
0.25098041
0.32745099
0.39607844
0.15294118
0.44901961
1.05686295
2.58627439
5.56862783
3.22352958
2.14901972
5.31372547
3.65882349
3.39607906
1.70980418
1.19803941
0.56470597
0.47450981
1.00980413
0.20784314
0.46078432
0.20784314
0.26274511
0.72745109
0.86862761
3.06666684
4.72549057
2.37451005
3.47647071
4.63529396
3.90784359
2.77843189
1.13529432
1.06274545
0.46274510
0.61960787
0.83333355
0.18823530
0.24901961
0.19803922
0.51764709
0.80000013
1.07843137
3.22352934
3.14509869
2.33529449
4.44901991
4.03529453
3.43921614
2.18823576
1.12941206
0.96078467
0.59803939
0.50196081
0.83333343
0.15882353
0.14705883
0.55490202
0.65490204
0.65882367
1.18823552
2.93725538
2.57647109
2.65098119
5.18235350
3.39803958
3.12352943
2.02156901
1.22156882
0.89019626
0.66666681
0.61568630
0.33529413
0.21176471
0.20000000
0.89607859
0.72941190
0.42549020
1.41372573
2.21960807
2.56862736
3.21960807
4.76666641
3.52353001
3.02549028
1.42549050
1.07254922
0.79019630
0.36862746
0.49019608
0.24901961
0.20196079
0.23137255
0.89215708
0.90000021
0.36666667
1.46274531
1.75882387
2.69411778
4.55686235
4.32156849
3.38039231
2.30980396
1.45294118
0.93529427
0.70588249
0.39607844
0.50980395
0.18627451
0.22941177
0.33529413
0.72745115
0.48431373
0.62352943
1.57058847
2.19411778
3.00980425
5.52745247
3.75490284
3.04901981
2.10000014
1.36274540
0.64313740
0.96470600
0.48235294
0.42745098
0.17647059
0.25294119
0.65098047
0.72352946
0.50392163
1.02941191
1.99803948
2.61568666
3.93921542
5.53725529
3.04117703
2.88823581
2.01764727
1.15294147
0.70784324
0.96078461
0.50784314
0.31764707
0.13529412
0.21764706
0.72941190
1.29411805
0.42745098
1.18627465
2.01176500
2.64313769
6.83921576
4.46274519
3.27843118
2.71764755
1.86666715
1.10392189
0.78235298
0.73529440
0.57058835
0.30980393
0.16470589
0.16274510
0.66666687
1.35098076
0.61568630
1.21568632
1.99019635
4.03529453
6.62353039
4.14901972
3.43529439
2.81764770
1.55098081
0.79803944
0.53921568
0.66666675
0.49607843
0.30000001
0.14901961
0.39803922
0.75098044
0.80392170
0.70000005
1.63529432
2.01960802
6.29607773
5.76274490
3.69411778
3.38039255
2.20588279
1.46274567
0.82745111
0.41568628
0.63137269
0.29019609
0.25098041
0.20196079
0.46666667
0.84117657
0.53333336
1.17450988
1.76862764
2.23921585
9.34313583
4.34509850
3.69019628
3.05882454
1.92156875
1.35098064
0.70196098
0.50980401
0.87647104
0.33725491
0.29607844
0.32156864
0.40588236
0.82941192
0.87058848
1.43921602
1.90588260
7.25686264
6.45882368
3.97647071
3.16078472
2.75490189
1.72156870
1.19019651
0.66078454
0.78431380
0.79019636
0.46470588
0.31176472
0.48431373
0.37843138
0.93333340
1.23333371
1.88431406
2.17843151
9.75098038
5.74313784
3.80392218
2.74313760
2.51764727
1.60196066
1.04901981
0.62745106
0.89803928
0.68235302
0.42745098
0.19215687
0.64509809
0.64705890
1.24705911
1.89411795
2.33529472
4.28039265
9.68235302
4.86470699
3.94117689
3.01176453
2.14509845
1.25098062
0.93529439
0.64901978
0.91176486
0.54901963
0.21568628
0.29411766
1.81176484
0.45294118
1.75294149
2.62941217
2.75294137
8.55098057
5.94313717
4.51372528
3.54902005
2.96274543
1.53137255
1.12745130
0.84901977
0.70196086
0.60980409
0.51764709
0.16862746
0.25490198
3.73529434
0.68823540
1.92549062
3.61568666
3.14705896
8.96862793
5.90784264
4.19019651
3.01372576
2.26274514
1.54901958
0.98627478
0.87058842
0.74313742
0.65490216
0.38431373
0.19411765
2.19803929
2.98823619
1.00980413
3.27647090
4.08823538
6.26470661
6.66470575
5.35686302
3.61960793
2.95098114
2.01764750
1.62941206
0.69607854
1.08039236
0.75686294
0.42352942
0.30196080
0.51568627
4.16274500
1.42549062
1.07451010
4.44902086
4.83137369
7.97254848
5.53725529
4.55490255
3.21176481
2.74313712
1.29803944
1.73137283
0.90392178
0.81176478
0.38627452
0.26078433
0.17450981
0.60980397
3.86078501
1.46470618
1.46078467
4.47647095
5.51372528
8.31764603
5.47843122
3.74117708
3.04313755
2.60784364
1.52352953
1.37058818
0.95294142
0.63333350
0.13529412
0.15882353
0.24705882
1.37254906
2.02941203
1.50000036
2.10784340
4.50980377
7.72745132
6.94117689
4.99803972
3.14509869
2.94705892
2.27451038
1.70784318
1.52549040
1.09607852
0.61764729
0.11568628
0.23725490
0.23529412
1.23921597
1.22941196
2.03921628
2.66274524
5.00588274
8.94117641
5.68431425
4.26862812
3.19411778
2.92549014
1.92549026
2.07450986
1.63921607
0.81176496
0.38823530
0.15882353
0.19411765
0.46666667
0.93137282
1.87254918
2.59019637
3.24313736
5.54313707
8.42745209
5.52352858
3.19019628
3.16078496
2.89019608
1.88039255
2.74117684
1.21176481
0.37254903
0.36274511
0.29411766
0.19019608
0.73921591
0.80000013
2.93137264
2.23137283
3.62548995
6.36274433
7.70392036
5.08235312
3.34509850
3.38627458
2.75882387
2.10196090
2.33333397
0.79019624
0.31372550
0.28823531
0.14313726
0.22156863
1.22352970
0.79215711
3.60000062
2.66078448
3.81764722
7.84705830
6.05490208
4.70980358
3.41960883
3.30196095
2.17254925
1.78235328
1.75882399
0.61372554
0.31176472
0.26274511
0.13529412
0.51568627
1.13725507
1.35294127
3.38627458
3.25490212
5.99803972
7.34509754
5.52548933
4.31764698
2.84509826
3.10000038
2.02352977
1.32941198
1.57254946
0.50980395
0.42352942
0.27647060
0.20196079
0.61372566
1.40588236
1.70196092
3.70588255
4.38039255
8.07843208
7.71568680
5.05686331
3.48823547
2.71764708
2.80196071
2.47254944
1.23137271
1.16666698
0.60196078
0.49607843
0.27843139
0.31372550
0.61372572
2.47058821
2.21372581
4.52941227
6.77450991
7.98431492
7.32745123
4.90588188
2.77254915
2.76078439
2.87843156
2.26078463
1.40196109
0.49803922
0.54117650
0.18627451
0.56274521
0.40980393
1.21176481
3.88431406
3.27647090
4.41568613
7.82941198
7.88627481
6.58823442
4.09019661
2.66078424
2.82941246
3.06470609
1.28039253
1.08627462
0.65294135
0.25098041
0.31372550
0.38823530
0.55686277
4.03921604
3.94705868
3.35686326
5.12549067
7.43529558
7.78431463
5.17451048
3.76274586
2.79803920
2.78235364
2.35098076
1.29019654
0.86666691
0.59607852
0.34313726
0.34705883
0.23333333
0.65098047
4.95882368
4.76274538
3.79215670
5.49411821
7.03921556
6.97450972
4.54313755
3.38039231
2.57451010
2.49803972
1.59411776
1.48039234
0.72549039
0.44509804
0.48627451
0.24313726
0.15294118
2.14313745
4.60392141
5.04313707
4.09803963
6.59019566
7.18823528
5.93529463
3.78431416
2.75686288
2.28823543
1.86078465
2.02549076
1.28039217
0.55882370
0.54313725
0.48823529
0.26470590
0.29411766
3.69803905
4.15686274
4.66470623
5.03137255
7.56862831
7.00196123
4.78039217
3.50588250
2.72156882
1.90784335
1.86470640
1.64705908
1.11372566
0.49607843
0.50588238
0.25294119
0.20784314
0.58039218
3.31568670
3.50196123
4.95098066
6.66862726
7.71176434
6.33333349
4.39215708
3.26078486
2.12745142
1.53921592
1.54313755
1.39019632
1.07058847
0.49803922
0.58431381
0.38431373
0.26274511
0.83921570
1.77647090
3.71764708
5.92745113
7.52549076
6.72549009
5.99019623
4.38431358
3.05490184
1.64705896
1.64117658
0.99607855
1.14509833
1.12941182
0.43529412
0.37647060
0.26862746
0.33333334
0.56274515
1.51960802
5.08235312
5.81764793
7.20980453
7.05490208
5.45098019
3.98627424
2.75882411
1.94313753
1.61372590
0.75686288
1.31960833
0.96078461
0.42745098
0.22549020
0.24117647
0.78627473
0.57647067
1.99803913
5.34902000
6.33137321
6.28627443
7.58431387
4.21764803
3.00196099
2.55098033
1.87451005
0.84509832
0.86470598
1.29803932
0.56666672
0.48431373
0.11176471
0.40000001
0.85490215
0.83333343
2.67058825
5.52156830
5.87450933
6.28039265
6.37254763
4.14901972
2.49803948
2.59411764
1.37450993
0.72156900
1.06666684
0.77647072
0.60000002
0.33529413
0.17254902
0.72352958
0.59607846
1.36078489
3.75294137
4.94901991
5.55882311
6.60980415
5.03921604
3.61568666
2.26862741
1.97254908
1.31960809
0.39411765
1.23333359
0.73921585
0.40784314
0.26666668
0.30392158
1.14117670
1.07058823
1.93333375
3.44901991
5.70195961
5.46862793
6.30588150
4.68627453
2.81960750
2.17647099
1.56470621
1.07451010
0.61764711
1.26274550
0.59607852
0.41568628
0.22352941
0.36470589
1.06078446
1.42156875
1.88627470
4.27843142
5.42549086
5.21176481
6.07451010
4.22352982
2.36274529
1.70392191
1.66470599
0.91372579
0.96470588
0.88431418
0.69607866
0.40000001
0.21764706
0.41960785
1.03921580
1.77843165
2.08823562
5.28039217
4.95490170
5.69215679
5.44509792
3.59019613
2.06078458
1.52549040
1.90784323
0.81764722
1.29607856
0.72156870
0.54313731
0.30980393
0.18039216
0.70588237
2.06666660
1.90196133
2.60980415
4.94705915
5.23921585
5.88431358
4.34705925
2.92941189
2.18235302
1.44705904
1.66078472
0.60980409
0.92352962
0.95882380
0.40588236
0.27058825
0.41372550
1.81568635
2.41764736
1.64313734
3.97647071
3.89215684
5.72941160
5.61372709
3.37254953
2.83333349
2.29019618
1.44117677
1.27451003
0.60784322
0.92549026
0.60980415
0.44313726
0.16862746
0.82549030
2.81960773
2.04313755
2.00392175
4.46666765
3.94705892
6.05686331
5.13725471
3.41176462
2.42352986
2.55490208
1.66274524
0.90392178
0.69019628
0.91960806
0.78235304
0.21960784
0.16274510
1.29215705
2.46078444
1.50980413
3.67451000
4.03725481
4.29019642
5.58039188
4.28235340
3.25098109
2.71960831
1.93137312
1.65882361
0.63137287
0.54901969
0.94313747
0.55490208
0.30588236
0.27254903
1.28431404
2.66274500
1.51176476
4.80980444
2.93137312
4.60392237
5.17647076
3.47254920
2.54117656
2.42941189
1.67647076
1.18431401
0.61372554
0.83725506
0.70588261
0.53137261
0.31960785
0.38235295
0.87058836
2.52745104
2.11764741
4.73921585
3.14509845
5.52549028
4.62156868
3.19215703
2.40784359
2.11372566
1.78823555
0.82941180
0.52745098
0.84509820
0.72549027
0.41960785
0.47647059
0.82745105
1.03333342
2.06666684
4.24705887
4.36666727
3.93333387
5.01372623
4.25098038
3.07058811
2.62156868
1.92549062
1.58627498
1.00784338
0.75882369
0.79411781
0.84313756
0.51568633
0.61176479
0.89607865
1.58235312
3.28039217
4.97451067
4.83333254
4.40588236
4.54902029
3.75490284
2.81960797
2.50784326
1.81568623
1.39607871
0.73725510
0.97058851
1.20980406
0.71960795
0.54313731
0.82549030
0.52549022
1.20000017
4.89803982
5.76470518
5.44313765
4.77647018
3.96470642
3.37451005
2.65882373
2.65294147
1.61960816
1.00000024
0.66470605
0.75490212
1.57450998
0.62941194
0.77843153
0.78823543
0.57843143
1.66274524
6.37843132
6.64509773
5.06470537
4.86862803
3.27450991
3.26862764
2.53137279
2.48039222
1.56862795
0.83137280
0.66274524
0.87843156
1.70392179
0.59215695
0.80196106
0.37843138
0.96470606
3.99215746
6.79215860
6.10588217
5.12156963
4.15294170
2.99411774
2.92156935
2.18039203
2.07058859
1.96274555
0.61764729
0.59019613
1.04705894
1.20784330
0.63725507
0.62745106
0.30588236
1.81960797
5.39411783
6.87058735
5.59999943
4.55294085
3.80980444
3.30784297
2.66274548
2.34313750
1.96274543
1.79215705
0.59803933
0.83921582
1.12352943
0.93921602
0.77450997
0.48039216
0.43921569
2.96274519
5.20392227
6.15294123
5.10784292
4.26274586
3.82549047
3.47058845
2.26470613
2.64509869
1.72941208
1.18039227
0.68039221
1.06862748
1.14313757
0.79803926
0.62352955
0.45882353
1.95098066
3.11568666
4.30980396
5.00980377
4.59803963
3.90196061
3.67843175
2.84902024
2.38627505
2.21176481
1.62745142
1.03529441
0.89803934
1.39803934
0.65686291
0.67450988
0.31960785
1.38627458
3.46862793
3.26078439
3.07647085
4.52745152
4.38039303
3.33725548
3.09411764
2.97843170
2.03333378
1.91960800
1.80784333
0.85294133
1.42549038
1.23725522
0.52352953
0.64313734
0.62941188
2.86078429
3.63333392
2.62745142
2.29411769
3.98627496
4.17058849
3.51372504
3.00588250
2.87254858
2.17254949
1.77058852
1.62941206
1.25882375
1.64313745
0.74117666
0.74313760
0.79607856
1.62941206
3.97843170
3.35882378
1.38235307
2.50196123
3.98627472
4.45294094
3.56078482
2.85294151
2.86862779
1.96666682
1.78235328
1.16470611
1.24705923
2.19215703
0.84705883
0.40196079
1.44313741
2.52352953
4.12941170
2.63725495
1.38627493
2.98627496
4.37450933
4.46470594
3.43921566
2.98039222
2.45686293
1.61176515
1.28039241
1.24509835
1.43137288
1.80196106
0.98823547
0.55686277
1.60392177
2.83137274
4.05882311
2.31764722
2.03725529
3.69215703
3.76666689
4.63333368
3.05686283
2.84117675
2.40980387
1.44117653
1.06862760
1.25490212
1.84313750
1.00784349
0.99215716
1.04705918
1.42549038
3.35294127
3.53529429
2.19411802
3.06666636
4.31960773
3.73921585
3.63725519
2.93921614
3.14705896
1.95686305
1.33725524
1.07254922
1.51568639
1.75098097
0.75686282
1.41372573
0.96666682
1.86862755
3.35294151
3.23921609
2.64509845
3.50392175
4.36470556
4.09803963
3.21568632
3.25490189
2.74313784
1.67451000
1.45882392
1.06666696
1.71568644
1.26666689
2.13529444
1.45294142
0.98235315
2.04117680
3.49607849
2.20980406
3.40588212
4.34705877
4.34705973
3.80980396
3.20784378
3.19607854
1.91176498
1.84313738
1.42156911
1.16470623
1.85686290
2.25490212
3.37451005
1.20588279
1.11568642
1.94705904
2.64313698
1.35686290
4.52941179
4.41764736
4.21568680
3.72941184
2.94117665
3.03725553
2.11568642
1.64117658
1.26078451
1.06862783
2.97058821
4.75490236
3.56666732
1.01764727
1.05490208
2.77254915
1.25098085
2.46470594
3.85882425
4.43921614
3.98431349
3.41764760
3.20392203
2.71764731
2.27843165
1.42941201
1.28431404
1.06274521
4.57254934
6.88039255
2.71960831
0.89803940
1.26078463
2.94313765
0.98235309
3.40784335
3.32156873
4.19019604
4.32941198
3.12745142
3.08431411
2.47647071
1.95686316
1.78431404
1.18431401
1.10980415
6.95490170
6.64117575
1.79411793
1.05098057
1.48235309
1.79607892
0.97450995
3.44117665
3.67647099
3.94117713
4.30000067
2.82745171
2.82156873
2.38235307
1.83529413
1.80392218
1.20980406
2.95686293
7.27647066
5.22745132
1.24901986
0.89411789
1.35490215
1.28039253
1.80392170
2.67254925
4.13529444
3.85490179
3.86078501
3.22156835
2.54705906
2.35098076
1.85882366
1.36862779
1.77058852
4.25686264
5.77647018
4.21960878
0.77254909
0.86666691
1.22745121
1.43529427
2.96078420
2.56470656
4.42352915
3.82549000
3.82548976
3.46666718
2.61568666
2.28823566
1.60588276
1.31960821
1.87451017
3.78627467
4.77451038
2.07058859
0.94117659
0.61568630
1.21568656
1.73725533
2.70784330
3.27058840
4.48039246
3.97843146
4.09411716
3.36666751
2.38627481
2.11960816
1.36666715
1.52156901
1.77843201
2.56078458
3.21960807
1.18235314
0.70980400
0.99019623
1.47451007
1.98235309
1.88627493
3.88431382
4.41568613
4.39607859
3.43921614
3.09803939
1.94509816
2.03333378
1.74509835
1.81372583
1.92352962
1.46862781
2.05686307
1.18431401
0.63529414
1.30000019
1.27058852
1.89803946
2.34313750
4.18627453
4.04705906
3.85294104
3.45882392
2.31568670
2.17843151
2.00196099
1.81960785
1.88823545
1.51764739
1.50980413
1.46862793
1.20000029
1.16666698
1.25882375
1.30392170
2.80588222
2.78235340
3.97647047
4.25098038
3.35882401
3.27451015
2.21372557
2.14117694
1.52745116
2.38039231
2.34705901
1.23137283
1.26078451
1.26470602
1.03921592
0.99607849
1.52745128
1.55098081
3.94509816
2.56274557
3.63921618
3.72549081
2.97058868
2.89803934
2.70392179
2.25098085
1.58235323
2.79607892
2.02941179
1.13921618
0.89803946
1.10196114
0.68039232
1.20196092
1.51176512
2.49215698
3.45686269
2.31764722
3.08627415
2.86666679
2.81764722
3.01176524
2.28431392
2.13137269
2.07058835
2.81764770
1.88431394
0.77843153
1.02549028
1.05686307
0.93921590
1.24313736
1.26274538
3.39019608
2.68235326
2.14313769
2.72549033
2.86862731
2.91960812
2.96274519
2.37843180
1.40588260
2.22352934
2.63529420
1.59607863
0.85882372
1.26862812
1.01960802
0.73333353
1.20784342
1.46666694
3.33921599
2.69803977
2.07058835
2.46078467
2.74705911
3.16078448
2.43725514
2.08235335
1.54705894
1.99803936
2.20784354
1.12745130
1.08823550
1.13529444
1.08039236
0.56470591
1.45490229
2.49215674
3.14705896
2.67254949
2.20196104
2.64705896
2.82941198
2.96862769
2.18823552
2.18431377
1.48431420
1.89019644
2.00000048
0.85294133
1.29215705
0.98431408
1.01960802
1.35490215
1.33529449
2.92549062
3.91372585
2.38431406
2.66274571
3.06274486
2.81960797
2.91960812
2.35686302
1.87647092
1.27451003
1.37058842
1.95686305
0.83333349
1.36274529
0.97254914
0.97647071
1.35686290
1.72941196
3.76666689
3.81960821
2.65098023
2.91960812
3.04117656
2.91960835
2.62352991
2.36274576
1.46078455
1.10588276
1.78235316
1.10392189
1.08431387
1.18039238
0.91176486
1.04901981
1.41568673
2.65882349
4.33333349
3.81372595
3.25098062
3.01960778
2.90392184
2.91960859
2.12549043
1.81568646
1.50392187
0.95294136
1.51764727
1.10784340
1.67254925
0.81960797
0.79019630
1.22549033
1.35686290
4.08235312
3.89019656
4.04705858
3.73137236
3.00392199
2.86078453
2.74509811
1.94705915
1.63333380
1.44509828
1.39803946
1.20196092
2.45686316
1.67647099
0.79019612
0.65882361
0.86078447
2.61568666
4.59999990
3.47450995
4.25490236
3.30196071
2.95686269
3.03921604
2.28235340
1.92549038
1.70784318
1.58431411
1.43137288
1.89411783
4.27843189
1.73333359
0.59019619
0.81764728
0.74313748
3.71372557
4.89215708
3.23529434
3.68431401
3.32549000
3.07450962
3.07254863
2.01372600
1.88627493
1.14901996
1.67058873
1.26274538
4.58235312
3.64705968
1.40000021
0.53725493
0.83137274
1.75098050
4.27058840
4.17647076
3.31568623
3.28431439
3.39411807
3.23333406
2.72549033
2.22352982
2.05882382
1.43137288
1.63333344
1.31568646
6.20980453
3.08235288
1.09411788
0.79411781
0.94705898
2.72156858
4.81176519
3.33725500
3.05294156
3.69411802
3.03333402
3.32745123
2.57647085
2.49411798
1.85294151
1.85294139
1.41176474
2.08431387
6.00784349
2.11176515
1.09215724
1.28039253
0.74313742
3.51764703
4.75098038
3.07451034
3.43921590
3.81960821
2.75686288
3.48823595
2.14705896
2.04313755
2.20000005
1.61960816
1.44902003
2.91176534
4.27451038
1.37647080
0.88823551
1.27450991
1.14509809
3.36078477
4.06078482
2.94901991
4.12549067
3.30588245
3.33529425
2.63725519
2.25098062
1.96274531
2.41568637
1.28039241
1.87450993
4.31764698
2.77450967
1.14705908
1.01176488
1.07647097
1.61764741
3.39215708
3.32352996
3.31176496
4.28039217
3.30392194
3.45882392
2.34902000
2.10784340
2.11372590
2.58039236
1.27647078
2.48235297
4.48431396
1.87254930
1.32156897
1.43137276
0.82549030
1.78235328
3.50000000
3.63333392
3.87843180
3.69019651
3.28823543
3.47450995
2.55882382
1.94117677
2.10980439
2.71764731
0.98235309
3.49215722
3.06666684
1.38823569
1.19607866
1.17058861
1.01372564
2.38431406
3.39803958
3.87843108
3.68235278
3.60000038
3.47254920
3.11176515
2.75294161
2.15294147
2.01176500
2.44509864
1.46470594
3.40588284
1.80000031
1.02941203
1.04901981
1.40980422
1.48235321
2.52156925
3.16078424
3.63921618
3.41372585
3.88431382
3.21960807
3.23529434
2.04509854
2.28823566
2.05098057
2.31764746
2.73725510
2.46470642
1.51764739
0.52156866
1.19215703
1.30000019
1.65294158
2.72941184
2.53333354
3.73529482
3.63333368
3.96862793
2.91764736
2.52549076
2.45098066
2.02549052
2.21764708
2.51372576
2.69803953
2.17254925
1.30392194
0.55490202
1.35882366
1.25294137
1.53137267
2.77451015
2.53725481
3.37843156
3.66274524
3.78431368
2.81176496
2.46470618
2.16470599
1.61372566
2.57843161
2.20980406
2.70588255
2.09411812
0.87843156
0.86078441
1.43137288
1.39019632
1.80784321
2.66470575
2.30784297
3.26078415
3.83137274
3.35490179
2.94313788
2.05882382
2.28039241
1.65098095
2.29411793
2.42549038
2.54705906
1.77451015
0.64313740
0.83333355
1.22156894
1.96470642
2.25882363
2.71568632
2.30784345
3.27647090
4.09019661
3.14509845
2.85882378
1.90000033
2.48235297
1.94705904
2.15098047
2.61372590
2.56274509
1.44509816
0.47843137
1.16666698
1.37254941
2.36470628
2.24901986
2.29607892
2.82941151
3.62745142
4.40588284
3.16274524
2.31176472
2.20000005
2.22941208
1.88039243
1.53137290
2.45294142
2.17451048
1.21176505
1.07843161
1.42941189
1.79607868
2.03529453
2.45882368
2.35882378
4.00392246
3.70980406
4.69411755
2.90784383
2.71372581
1.73725498
1.98039246
1.71960807
1.64509821
1.90980446
1.78039229
1.08823562
1.24117696
1.55294144
2.08823562
1.33725524
3.06078482
2.88235354
5.23529339
4.49803972
3.62156916
2.82941222
2.25490236
1.78039253
1.80588245
1.70196092
2.01960802
1.98431420
1.23333347
1.19607854
1.29019606
1.49411798
1.77843165
1.71568656
3.16470575
3.90392184
4.69019556
5.46274471
2.92156863
2.68431425
2.07254934
1.63921607
1.87843156
1.71960807
2.23725533
1.48235309
1.11960804
1.27254927
1.42745113
1.34901977
1.42549014
3.74117684
3.23921585
4.32156897
4.30196142
4.87254953
2.87843156
2.50588250
2.16274524
2.06666708
1.72156906
1.93725514
2.16078472
1.60588264
1.20196104
1.17647076
1.24901998
1.28039229
2.28039265
4.46666622
3.85294151
4.62156868
4.32156897
3.37451005
3.28235340
2.46862721
2.11960816
1.98823571
1.69411767
1.71176505
2.20784354
1.43921602
1.38235307
1.03725505
1.03921568
1.59803951
4.16274500
3.96666646
3.71764684
3.96078467
4.50196123
2.99215722
3.18039250
2.26470637
2.03529429
1.89803970
1.90784359
1.50980437
2.09607863
1.30980420
1.26470637
0.87451005
1.40980422
1.66274548
4.94117785
3.67647099
3.17254901
4.32941151
3.65882421
2.91960788
2.61176515
2.29999995
2.03529429
1.82156873
1.97254932
1.25294137
2.27058840
1.17254913
1.22549045
1.03921580
1.39019644
2.13725519
3.87451053
3.31764698
3.94509816
3.95882392
3.36274576
2.95686269
2.67843151
2.41960788
1.89215744
1.85294139
1.78627467
1.53725493
2.22941232
1.23333347
0.87451005
1.38627470
1.13725495
2.59215713
3.26470613
3.26470637
3.52156901
4.08235312
3.33529425
2.79607892
3.08039236
2.43725491
1.88627493
2.06666708
1.64705932
1.82941186
2.04117703
1.03333354
1.13137281
1.40000021
1.80196106
2.77058864
2.94509864
3.09411812
3.26666689
4.08823538
3.04901981
2.96078467
2.91764712
2.29411793
2.10784340
1.71764731
1.56078482
2.49019599
1.68823564
1.07647073
1.19607854
1.74117661
2.02745128
2.79215717
2.98235321
3.14117646
3.53921580
3.51176476
3.07058835
2.85882378
2.69803953
1.70000005
1.97647071
1.21372581
1.65686297
3.05294132
1.15686297
0.99803931
1.29411793
1.76862776
2.37254930
2.78823566
3.10980439
3.08627415
4.30392170
2.74901986
3.07451057
2.88823581
2.08039236
1.75490224
1.75098062
1.36666703
2.46470666
2.67451000
0.75098062
0.85490209
1.47058833
1.86666703
2.85294151
2.65294123
2.78431416
3.23529434
4.22156858
2.90000033
3.18627477
2.71764731
1.91960776
2.05686259
1.43725514
1.98627460
2.86078477
1.73921585
0.85686302
1.12745106
1.55098069
2.25686312
2.94705892
2.55098081
2.57647085
4.01764774
3.78627467
3.49607897
2.96666694
2.37647080
2.13725543
1.95490205
1.55490243
2.01372576
2.70392156
1.17647088
1.10196102
1.36862779
1.47647095
3.25490212
2.59215713
2.44313741
2.98823571
4.58431387
3.63921595
3.69411802
2.65098071
2.28039217
2.15098047
1.85294139
1.55490220
2.40392184
2.23921585
1.20000017
1.13725519
1.40588272
1.94705904
3.28823543
2.59215689
2.53333378
3.94901991
4.18431425
3.88235307
3.06078482
2.80588269
1.95882380
2.14117670
1.75294137
1.62549055
2.69215727
1.89803970
1.43333364
0.92941195
1.47647083
2.25098062
2.53725505
2.53333354
2.93333340
4.51568604
3.56470633
3.90980458
3.03921580
2.67058873
2.08823562
1.91568625
1.58823562
2.36666679
1.56862783
1.50588250
1.23529422
1.13333356
1.77451015
1.89019656
2.25686312
2.64117670
3.22353005
4.63137245
3.40980411
3.86666703
2.96078420
2.60784340
1.79607880
2.03137279
1.61176479
1.87058854
1.20588255
1.50392187
1.26274538
1.53529429
2.21568680
1.87058830
2.18627477
2.72745132
3.91176486
4.39607859
3.15098095
3.45490241
2.58039260
2.12745118
1.98823559
2.06078458
1.70784354
1.82352948
1.24313748
1.38235319
1.95882368
1.71372592
1.92745137
1.98039234
2.38823533
2.61372590
4.54509830
3.69019628
3.39607882
3.13137269
2.43921614
1.97843194
2.10588288
2.09215713
1.69019651
1.54509842
1.27254915
1.50392163
1.67058849
1.76078451
1.99607837
1.98039258
1.86078465
3.20000029
4.31960869
3.36274552
3.34313750
2.88039184
2.72156906
1.90784371
2.28431416
1.55686319
1.85686302
1.54705906
1.45882356
1.50392175
1.69215715
1.44705927
1.82941186
2.05490208
2.07843184
3.50392199
4.11568642
3.78627491
3.08039260
3.05098057
2.38039231
1.89019632
1.81176484
1.63921607
1.64313734
1.95686293
1.42745113
1.52745104
1.34901989
1.48039234
2.14313769
2.29019642
2.30000043
4.41176510
3.82352924
3.53333354
2.73137259
2.86274481
2.30784345
1.44313765
1.57254922
1.52941191
1.80392182
1.99411809
1.27254915
1.27254927
1.25294161
1.80784321
3.01568651
2.69215775
2.77647090
4.87843227
3.71568704
3.33333373
2.63725519
2.89215755
1.93137288
1.73921609
1.37451005
1.51568651
2.14705896
1.68627489
1.40588248
1.32549036
1.23529458
3.14117670
3.28627467
2.54901981
3.88431358
4.35097980
3.63921618
3.59411764
2.65098071
2.84117651
1.92549014
1.98039258
1.60980427
1.14313745
2.76470661
1.58823574
1.45882368
1.62352979
1.52549040
3.97254920
3.70196080
2.32549000
3.93725514
4.20784330
3.85294151
3.46666694
2.86274552
2.20000029
2.72745156
1.82352960
1.66666734
1.97647083
2.03921628
1.33137274
1.25098062
1.50000024
2.04313731
4.40980387
3.67451000
1.94509828
3.84509802
3.86470652
3.70784354
2.93921590
2.86078453
2.49019623
2.51372600
1.96274507
1.36666679
2.30392218
1.27843153
1.18627489
1.31568646
1.39803958
2.79607868
3.62353015
2.84705901
2.20392179
3.76666689
3.44509816
3.41568637
2.69019628
2.63921595
2.60980392
2.06274557
1.66862774
1.62745118
1.92156863
1.27451015
1.01764727
1.35490227
1.71764743
2.94901967
3.03529453
2.39803958
2.70196104
3.51372576
3.50588250
3.24902010
2.44509840
2.48627496
2.39607859
2.10588264
1.68823576
1.82352960
1.39607871
1.21568656
1.19803965
1.82941198
1.93529451
2.70392132
2.89607906
2.39215708
2.77255011
3.35490227
3.48039246
3.31960845
2.65294147
2.85882401
2.15294194
2.08235312
1.54509854
1.81372607
1.53529441
1.45686305
1.40784347
1.52156878
1.72352982
2.38823557
2.81568623
2.46666741
2.69019651
3.25490260
3.50784349
3.03137302
2.74901986
2.71568656
1.80000031
2.07451010
1.65882373
1.92941201
1.59215713
1.03921580
1.14117670
1.41764724
1.64509797
2.54705882
2.58235335
2.71176529
2.74117708
3.64901972
3.34705901
2.68431473
2.57254934
1.88627505
2.01372576
2.02352977
1.97451007
1.57058835
1.64902020
1.05882382
1.20784342
1.96862781
1.74117672
2.70784354
2.21372581
2.89215708
2.71568656
3.89607835
3.15098047
2.71176505
2.45294118
1.87451029
2.27843165
2.11372566
1.75294173
1.70000029
1.53725517
1.10392177
1.28823555
1.88627458
2.26078463
2.61960840
1.99607885
2.73529434
3.20196080
3.57058811
3.02941203
2.58431387
2.60588288
2.04117703
2.25686288
2.23725533
2.40196085
1.54901981
1.51764774
1.10980427
1.57254946
1.69215703
2.46666646
2.57647085
2.24509811
2.90196085
3.29803967
3.35686278
2.62941170
3.14901972
2.25098038
2.17647076
2.17254949
2.36470628
2.57058883
1.50392187
1.08431387
1.14117658
1.45686293
1.73529422
2.78627467
2.17647099
2.57843161
2.87843156
3.21764660
3.31372499
2.88627505
2.50588298
2.32941198
2.10980415
2.10980439
2.32156897
2.95490217
1.47254932
1.03921592
1.60784352
1.26078439
1.76470590
2.50980473
2.09607863
2.60392189
2.82352924
3.44313765
3.32352972
2.36470628
2.05294132
2.19411802
2.22156882
2.10392189
2.38235307
2.30980444
1.52745128
1.27647078
1.63725531
1.60784328
2.11372590
2.16666698
2.61568642
2.64117694
2.82549047
3.80000067
3.42156887
2.55294132
2.31960821
2.04705930
2.41176510
2.07843137
2.39411807
1.64705920
1.61764741
1.40588260
1.62156880
1.89411795
2.20392179
2.21960807
2.82156897
3.19607878
3.34117651
3.49215770
3.11960793
2.61372614
2.68627453
2.48627472
2.20784354
1.86274517
1.65098071
2.03137279
1.66078448
1.45490217
1.47254932
1.82745111
2.51764703
2.57254934
2.52352953
3.38039207
3.56274533
3.04901981
3.12745142
2.39019632
2.55098128
1.88431406
2.07451034
2.23921585
1.89215708
1.84901989
1.89019632
1.34117651
1.66078448
2.22745109
2.19215703
2.57058859
2.81568646
3.34313750
3.55294108
3.44705915
2.51960850
2.73529434
2.29215717
1.80196095
1.91764724
2.36666679
2.02156878
1.84705913
1.68039238
1.36666691
1.69411790
2.39411831
2.53529453
2.77058816
3.04705882
3.24509835
3.60196137
3.10980463
2.34509826
2.96078467
1.94705892
2.18039227
1.96862769
2.12941217
1.60784328
1.78039253
1.70000041
1.24313736
1.81960797
2.64901972
2.54705882
2.89019608
3.11372590
3.40980434
3.21960831
2.91764736
2.77254915
2.94509864
2.10000062
2.15294147
1.65686285
1.93921602
1.50980425
1.44313753
1.49411809
1.39215708
1.91372585
2.26078463
2.54901981
2.52549052
3.53333354
3.36666703
3.25294161
2.96078467
2.98627472
2.41960788
1.90196109
2.46862793
1.71764719
1.69411814
1.52549028
1.15882361
1.30000019
1.49215698
2.18823576
2.09019613
2.54705882
2.24313760
3.17843175
3.77058840
3.32352972
2.64313722
2.76666689
2.34313703
2.18823576
1.92941213
2.26862764
1.56862772
1.50392175
1.25294137
1.45098078
1.71960795
2.15294170
2.23333383
2.33137298
2.40784383
3.14117646
3.52549028
3.00588322
2.54117632
2.39215708
2.10784364
2.43725538
2.25490189
2.32941175
1.50000012
1.62352955
1.39803958
1.61176491
2.08039236
2.16274548
2.53921604
2.55294180
2.75490212
3.32352972
3.49215722
2.80784345
2.21764731
2.44902015
2.01176500
2.59803939
2.24902010
2.23333383
1.57647073
1.88039243
1.47647059
1.62156892
2.26666689
2.25686288
2.74117708
2.79607868
2.88431358
3.51764703
3.40196061
2.55686283
2.26470613
2.16666698
2.43725491
2.28627467
2.26470613
1.76078475
1.91176486
1.66078472
1.69607842
1.72941208
2.45294118
2.26666689
2.52745128
3.05490208
2.99607873
3.42352986
2.76274562
2.58235288
2.62549043
1.98039258
2.69607878
1.96274555
2.62352943
1.43529427
2.05490232
1.76078463
1.50196135
1.97254908
2.55686307
2.07451010
2.88823557
2.76470613
3.57254934
3.38627434
2.40980411
2.73137307
2.85294151
2.14509845
2.40000057
2.30588269
2.43921566
1.94902015
1.85686302
1.59019625
1.57450998
2.27058840
2.52745080
1.92549062
3.00980377
2.94313741
3.12941241
3.25490165
2.91764760
2.80784345
2.64313722
2.47254944
2.21568656
2.00980401
2.65490198
1.67058861
1.52352941
1.92156887
1.73529422
2.30588245
2.54117680
1.96470618
2.66666651
3.19607878
3.02352953
3.18627477
3.01960802
2.70980430
2.66274548
2.20588279
2.24901986
2.12941217
2.06862783
1.78627467
1.49411774
1.85294151
1.53529453
2.47843170
2.22549057
2.25294089
2.68235326
3.04117656
3.13529491
2.84901977
3.23725557
2.27450991
2.07254910
1.81176496
2.37058854
2.19607854
2.09019637
1.59215724
1.70000041
1.93137276
1.75882387
2.26862764
2.28235316
2.32941175
2.95098090
2.80980492
3.44509816
2.85490274
2.96862793
2.29607868
1.59411800
1.79803967
2.19607854
2.28627491
1.92745137
1.33725524
2.14901996
1.98823547
2.39803958
2.27058864
2.27254939
2.53137279
2.93529415
3.25294137
3.22941232
2.65686250
2.85686302
2.31372595
1.77058852
1.90980411
2.11372590
2.42353010
1.59803951
1.70980406
2.16470647
2.10392189
2.65882397
2.35882401
2.11176491
3.00980449
2.98039293
3.25294161
3.03333354
2.55294132
2.43333340
2.25098109
2.34902000
2.04117680
2.26274514
2.11960793
1.27254939
2.16666698
2.20588255
2.19803953
2.26862788
2.25098062
2.50196123
3.17451000
2.88431406
3.09411812
3.00784397
2.58823538
2.01960802
2.25882339
2.26862741
1.93137288
2.25686312
1.65686321
1.89019644
2.18235302
1.59411812
2.13921595
2.32745123
2.24901986
2.85098076
3.47450995
3.03137231
3.22156882
2.98039198
2.24902010
1.90000010
2.03725529
2.14313745
2.21568680
2.03333330
1.84509814
1.93725538
2.13333392
2.19411778
2.19607878
2.09215736
2.54313731
2.95294142
3.38627553
3.50196099
3.18235326
2.86078429
2.25490189
2.19607830
1.77451015
2.15882349
2.27451015
1.61372566
2.24117684
1.84901989
2.23333359
2.09411812
2.32156897
1.98627472
2.63137317
3.03137231
3.21764731
3.34705949
2.80784345
3.15294123
2.32549071
2.14117670
1.62156868
2.34117675
1.88431418
2.11568666
2.04117680
1.96862781
2.15098095
2.34117651
2.17451048
2.22156930
2.67843151
2.82745123
3.12549090
3.20392156
2.70196104
2.79803944
2.20980406
2.40392208
2.09019637
2.21372581
1.87843168
2.13921595
1.69607866
1.82352960
2.10196161
2.19411778
1.84705901
2.32156873
2.63725495
3.27647114
3.53529429
3.10980439
2.91176486
2.72745109
2.10784364
2.36470604
2.34509850
2.04705906
2.12745142
1.86666667
1.21764708
1.99411798
1.83137286
2.38627481
1.97647071
2.24509811
3.30392218
3.29411817
3.45490217
3.20392156
2.88039255
2.47647071
2.19019628
2.19607878
1.81176496
2.36078477
1.98431396
1.78039253
1.55686307
2.05686307
1.78823543
2.12549067
2.36078429
2.56470633
3.50980401
3.41568661
3.41960788
3.14705968
2.60784364
2.24509788
2.01764727
2.10784364
1.93529451
2.23921609
2.06078482
2.02352953
1.84117687
2.03333354
1.83529472
2.33921576
2.50980425
3.34901977
3.28039289
3.43529439
3.30392122
2.78039265
2.40980411
2.30392170
1.96078455
2.07451010
2.37450981
2.08039236
2.09019613
1.76666689
1.92352974
1.95882380
1.80392182
2.19803977
2.64705873
3.50000024
3.36862803
3.52745080
3.00196123
2.44117641
2.51764703
2.32745123
2.07254958
1.91960835
2.14705944
2.09607863
1.95686305
1.56470621
1.73529434
2.19411778
1.94901967
2.16078448
2.92352986
3.00196123
3.89019656
3.46470618
3.04901981
2.46862769
2.38627458
2.22352934
2.19607878
2.01960850
2.12745118
2.18431401
1.68039238
1.72156894
2.05098057
1.90196133
2.33137250
2.43725491
3.27058864
3.33333349
3.55490232
3.14902020
3.16274500
2.35686302
2.32352948
2.37254977
2.15686297
1.96862757
1.99411798
1.98431408
1.95490217
1.62549067
1.71960819
2.16274548
2.34117651
2.93333340
3.74117684
3.51764727
3.25294161
3.23529458
2.92352939
2.53137255
2.27254915
2.12549043
2.10784340
2.19607902
1.98627496
1.92549050
1.56666672
1.57843161
1.61568630
2.32156873
2.39411736
3.44705892
3.75098109
3.85882330
3.16078448
2.64902020
2.72549057
2.53921580
2.12156916
1.98039246
2.11764717
2.36470628
1.80588257
2.02745128
1.77843130
1.82549036
1.99019670
2.43921614
2.20196128
3.66470647
3.73921585
3.50392127
3.14313722
2.57843137
2.50588274
2.29607892
1.93921590
2.23333359
2.05882359
2.01960826
2.27451015
1.99019647
1.86078441
1.86274540
2.07058859
2.37647080
2.60588288
3.48627472
3.46862721
3.06666708
2.93725562
2.82353020
2.62156844
2.20784354
1.96666694
2.25098062
2.25294137
1.99803948
2.11764717
1.99019623
1.57451010
1.71568644
2.37451029
2.09607887
3.26078463
3.24313760
3.16470599
3.18627453
3.11176538
2.98235297
2.47450995
2.49803925
1.96274519
2.23529458
2.33921623
2.16078448
2.15490198
1.91372561
1.60588276
1.67058825
2.57058835
2.06666684
3.28627491
2.91960788
3.05686331
3.16666698
3.27647114
2.71568632
2.51764727
2.12549043
2.01960802
2.49803948
2.18823552
1.97058845
2.10196090
2.08823538
1.69215715
2.16862774
2.50196075
2.39019656
2.66666675
2.71176481
3.38235331
3.15294123
2.69019699
2.93725491
2.30784345
2.05882382
1.89803946
2.46470571
1.71176529
2.20588231
1.75098062
1.75490248
1.99215698
2.17451000
2.05686307
2.50588274
2.39215708
2.80588269
3.20000076
3.01372552
2.69411802
2.75098062
2.56274533
2.12745094
2.02352953
2.24901986
2.05882382
2.01960802
2.05490232
1.87647092
1.84901977
1.89019644
1.87254918
2.55098057
2.55098081
2.92745137
3.14313769
2.65882349
2.57254934
2.94705915
2.46274543
2.11568618
2.25686288
2.19411802
2.18627453
2.15490222
2.07451034
1.95098066
1.57450998
2.02549028
2.36666703
2.22352982
2.56078434
2.70196104
3.06666684
2.85686302
2.62156892
2.78823566
2.26274538
1.98431396
2.12549067
2.28039217
2.28431416
1.95490241
1.92941189
2.00196123
1.65294123
2.16666698
2.53921652
1.67254889
2.48235297
2.97843122
2.90588236
2.79215717
2.78431392
2.71176529
2.25686288
2.19019628
1.95686293
2.11568666
2.20000029
1.78235328
1.64117694
1.97450995
1.75686312
2.26078439
2.29019642
2.09411788
2.36078477
3.17058849
2.88235331
2.52549076
2.83529496
2.67451048
2.52352977
2.12549067
1.98431385
2.14313745
1.64313769
1.70392168
1.73725510
2.00588250
1.71764731
2.34117675
2.22352958
2.45098042
2.44901967
3.20588279
0.24313727
