19.71960831
23.37647247
23.61960983
22.01960945
22.82157326
20.59804153
20.16470528
20.50980186
20.98823357
21.53922272
22.05686569
22.06274796
21.75098038
21.96274376
22.30195999
23.30587959
25.05685806
19.73137283
24.68039131
22.71765137
22.16666603
21.88235283
21.72156906
21.41764450
20.55293846
21.80784225
20.94902039
22.76862717
21.95882225
21.14902115
21.93333244
22.78823280
21.84705734
23.70195961
23.74901772
22.01372528
23.38627815
21.25097847
21.43137360
21.86274529
20.66862679
20.60392380
21.62940979
20.75686073
22.08039474
22.03922081
20.82745552
20.59803391
22.94901848
21.53725243
23.19412041
24.80196762
18.55882263
23.48040199
20.83725357
21.08430862
21.45097923
20.57450867
20.19804001
20.10196304
20.00784874
21.25489998
21.60391998
20.91568375
19.19020081
21.76667023
22.05490112
21.72549438
22.47647285
18.92940712
22.75098228
20.80000114
20.56470490
20.86078644
19.49608421
18.86470604
17.88039398
18.68823051
19.31568909
19.58431244
19.61176682
19.36274147
19.22941017
21.78627205
20.42156792
21.67450523
22.76274490
16.88627625
21.36274719
19.22745132
20.52941322
17.96078682
17.59019470
17.30392265
18.25098610
17.64509964
17.83922005
18.89412308
19.16275024
17.86274910
20.51569176
19.35882378
20.69999886
21.07255363
17.30195999
20.92745018
18.50196075
19.03921890
18.10392380
17.43333244
17.06862640
17.54313660
19.46863174
17.99411774
18.74705696
19.20588493
18.01176071
19.04706383
19.68627548
19.53725624
19.14510345
20.31372833
19.02157021
19.11568832
17.76667023
18.77451515
17.12549210
17.28627586
17.29019547
19.62745094
19.29804230
19.23922157
19.08823586
19.50588417
18.38627434
20.43725204
19.47842979
17.97843552
20.24901962
19.11960602
20.33921623
18.53725815
18.19215965
17.04313660
18.05294037
17.05490494
19.52157021
20.24902153
20.69215775
19.75490379
20.63529205
19.52156830
20.65882301
19.08039474
18.48627090
18.86078262
19.90588570
20.26274300
19.77058601
18.43529510
17.84313965
18.39019585
18.06862831
19.09803772
20.93529320
20.84117508
21.06470490
20.60391808
20.10588455
21.23137283
20.26862717
19.90392494
18.59215546
21.53922081
15.65882206
21.66274452
19.04117203
19.19019318
18.30784607
18.84313965
18.60000420
21.48627090
20.80195999
22.82744789
21.16666603
21.25686646
21.25685883
21.09804153
20.68038940
20.91961098
21.88431931
16.02156448
23.18235779
21.75686646
19.75098038
18.42745399
19.34117889
19.79608536
22.01176453
21.19607925
23.32549095
22.72745323
21.32548904
22.83529663
22.81176949
21.79803848
22.71765137
22.88627434
23.88235283
23.11960602
23.00980568
21.66078377
20.34313774
19.21372604
20.97254944
22.45098114
24.49020004
21.85881805
22.70980072
22.32548904
23.62941360
24.03725815
22.32157135
24.57059097
24.21372414
23.98235321
25.11176872
24.42941284
23.93137169
21.71764755
21.45686340
20.89216042
23.41569138
25.99412155
23.09804153
23.55294418
23.68039322
23.47647095
24.10980797
23.84706116
25.75098228
25.64706039
24.74509430
26.76078033
26.21372795
24.36078453
24.62941360
24.35293961
22.66078186
22.95490074
24.52941322
25.22156715
24.04313850
25.50979805
24.04706001
25.06862450
25.27255058
27.12549400
26.24313736
25.66470146
27.28431511
26.89608002
25.37647247
26.18627548
25.31372452
24.68039322
24.78823662
24.28235245
27.37842941
24.39412308
27.02353096
25.53137207
26.12353134
26.08234978
27.79804039
28.61960602
26.38235474
26.48823738
27.75686264
26.97059250
26.77058601
26.19803810
26.38039398
26.16470528
26.78038979
28.25294113
27.89215851
26.81176567
27.22941399
27.60000038
27.92157745
26.82941628
31.13725662
26.50196075
26.42353058
26.92941093
27.11568832
27.51176834
27.04509354
26.40000534
25.44117737
29.40587997
29.08627510
30.52745438
29.00588226
26.59412003
28.55882263
27.41372871
28.65097809
29.92940903
29.01764679
26.72745323
26.12744904
26.21569061
27.55490303
27.01372528
27.11960793
25.67646599
27.07843018
30.70392418
28.78823280
29.78431511
28.83333397
28.58431816
26.57647133
28.62549210
28.93333054
30.90000343
26.38430786
24.76078796
24.72549438
26.81568909
25.94313431
26.75490952
27.06862259
26.23529243
29.10196304
28.59411812
25.05882454
31.35098457
26.37647247
26.71764755
26.07255554
26.04313850
29.28039742
24.79411888
23.20784760
23.95489883
23.00587845
25.41373253
24.82745171
28.48627281
26.30587578
27.84901810
29.44509697
23.77647400
29.43725777
26.93921471
21.68627739
22.98235512
25.05685997
27.47843361
22.30588150
20.53725624
21.10392189
21.37842751
22.69019318
25.59411621
25.47058868
26.70000076
24.10392189
28.06274796
23.69607925
24.44901657
21.98627853
19.06666946
21.36470795
26.14117813
26.90980530
19.97451401
17.90784645
20.56470490
20.69215965
19.55098343
23.28627205
23.38431168
23.30588531
21.56862831
22.30392075
22.65490341
20.62352753
19.56863022
17.30392265
19.14509773
26.69412231
26.50784492
21.01961136
15.14117527
19.48627472
19.44117928
18.20784378
20.36078644
23.83921623
19.68627357
18.43333054
18.05685997
17.58039284
18.51176453
18.40980721
14.65882492
18.09412003
24.44901657
26.10588264
24.62940979
12.82352924
16.59215927
17.61764908
18.32549286
18.60000229
22.07059097
18.53725624
17.09019852
16.82353020
14.40784359
17.56470680
16.83921814
14.88431358
16.52745247
20.71961021
24.42156601
24.80784225
14.30196285
14.14902210
16.37254715
18.43529320
17.26078415
21.46275139
18.79019547
14.98431683
15.10588074
14.31960773
14.41764641
15.05098152
15.73921680
14.51372623
19.17646790
20.47843361
19.25098228
18.27058792
13.47254944
15.61765003
16.23921585
16.44117546
20.38039207
19.46666908
14.59215641
14.52353096
14.05490208
12.79803848
16.04313850
14.48823261
14.86862755
17.44117737
17.23921394
15.95490265
19.41372871
13.82941341
14.63529396
14.60588074
16.75294304
17.49411774
19.63725662
15.04118061
13.92549133
13.93137360
13.52352810
15.60588264
14.22352982
15.11568546
15.89411926
18.74117661
15.01372623
17.43333435
15.89608192
13.52156830
14.45490265
15.75686169
16.09608078
20.81373024
15.48823929
13.85097885
13.72941208
13.58627415
14.93529415
15.49803925
14.04901886
16.33333206
18.52941322
15.81764889
14.23529434
19.36862755
13.71765041
13.55686378
14.92157078
15.56078529
18.20588112
18.58039474
13.85098076
13.10391998
13.24706078
16.08039474
15.50980377
14.36470795
14.66666603
14.84313965
18.19411469
13.74117851
19.86666679
18.44902229
13.50196075
13.81764603
15.31372643
15.30588341
20.50980377
14.47843075
13.50784397
13.88627434
13.77451038
17.32745361
13.76666451
13.31568623
14.52156734
17.22157097
15.77058887
15.31176472
24.44509697
16.53137398
12.43137264
17.49215889
14.58431435
17.67646980
17.75098228
13.44313812
13.05686474
14.31568623
16.87058830
14.79999924
14.40196133
13.40392303
16.03529167
16.64706039
13.32549191
24.73529816
19.49019814
12.85686207
20.29215813
16.33529472
15.65294170
19.82156754
12.36862755
13.18235397
14.68823528
13.38431358
15.82745171
13.31176281
17.48431206
14.69019890
17.02548981
14.41176510
20.63725662
18.56471062
15.94705963
16.27058792
22.29412079
14.19019604
16.11372566
18.31961060
13.51568604
12.32744980
13.55882263
14.81372643
14.44901848
20.42745018
16.01176643
16.32941246
14.93921566
19.08823395
17.03725624
18.17255020
17.29215622
23.82941246
14.43725491
14.13921547
21.93529701
13.61960793
13.09804058
12.72548962
14.23921585
14.88431358
17.74510002
22.43333054
16.02156830
16.40588188
15.08431435
20.44313622
16.48431206
23.61961174
23.82941055
15.61764717
13.78627300
15.02941227
23.36862755
15.92744923
12.84705830
13.84117508
14.44902039
14.89215755
25.86862564
20.29019737
17.31960869
14.89215946
20.04706001
15.60196114
22.07255173
27.73725319
16.36078262
13.01960945
12.48235416
23.41960716
22.27058983
13.33137417
13.14117622
14.39999962
14.57451057
21.01961136
23.05490494
22.22941399
15.28039265
19.86666489
15.29019356
19.04902458
26.78234863
17.35294151
13.73137188
12.60392094
14.71176529
25.98235703
19.16666794
13.54901886
15.65294170
14.14509869
19.16862679
22.05490112
22.15882492
17.40980148
23.11569023
18.11569023
17.00000000
21.41176224
20.56078148
11.50000000
13.44902229
12.15098000
20.88823318
22.25294495
16.40784454
17.00196075
17.11176491
15.65097904
23.20980263
19.09804153
22.16078186
20.50980377
24.23921204
14.70588303
17.42941284
23.12549400
12.65686512
13.69019604
11.57254982
15.22548771
18.50392342
25.14314079
14.22745132
17.05882263
20.32353210
25.64902115
17.95097923
21.88627625
15.46470451
29.36274529
14.56274509
15.43137169
19.30000305
14.84509754
12.04705811
15.42745018
13.39803886
16.56666565
20.03529549
20.24313736
16.67843056
25.27843094
24.66666412
19.05098724
19.22941589
17.66862869
22.84509850
19.66862869
14.97647095
15.90980530
13.59804153
13.10980415
16.37647247
13.28235245
15.99412155
14.26274586
23.56470490
16.28823471
24.89608002
28.65685844
22.27058792
16.23921776
20.40784264
16.36666489
23.50392342
15.08823967
15.61568642
12.75098038
13.86666775
16.61960793
14.39215946
15.39411736
14.24705887
15.63529491
17.44509697
28.28431892
27.52353477
24.52549171
15.27254963
18.95882607
18.81372452
25.44509888
16.44313622
15.04705811
14.20588398
13.71764946
14.29215527
16.45686150
14.73725319
16.59607697
12.14117622
15.34117603
23.96078110
23.20783997
27.42353249
15.46078682
15.79804039
19.15686417
26.43724823
17.84510040
16.29411697
13.67451096
13.33725452
14.61569118
16.97059059
14.88823414
16.18823624
13.21176338
12.68823433
18.45882225
25.95882607
19.68431473
20.27450752
14.17451000
18.68038750
25.35293961
19.62353134
17.86470413
13.85686111
12.47450829
15.58431435
17.38823700
15.22549057
14.79215813
15.89019585
12.52549171
14.28235340
24.87646866
14.82549286
25.26078415
13.63333511
16.80784416
24.85882950
24.18431282
16.65882492
14.65294170
13.42157173
16.50588226
17.12353134
17.20783997
14.84509850
16.27647018
13.16862774
12.05490303
20.93529320
15.04117584
20.92941284
15.26078510
15.62156868
23.01176453
27.01568604
14.69804192
15.91960716
16.28823471
19.65490341
19.63332939
19.30392075
14.08431244
14.63333130
15.11568451
12.61764336
16.39607811
16.64509964
13.99215794
18.53725243
14.00784111
20.46666718
28.06274605
15.97058773
14.72941303
17.37647057
22.93725777
21.34510040
22.34509850
14.33529282
14.91764641
15.55294037
12.87647057
12.50000095
18.28039169
11.86666870
17.15294456
13.66666603
15.79608059
25.70588112
20.00784683
14.13333511
15.86470509
23.12549591
20.54509544
22.58431625
16.89804077
14.39411831
14.93529606
15.12352848
12.19019699
17.30980301
12.76078415
16.09215736
14.40784359
14.62549114
23.61960602
21.43137169
14.06666374
14.10587978
20.40980530
20.94313812
19.11176300
20.39607620
14.20196152
15.01176357
16.03333282
13.15294170
15.12157059
15.57058811
14.98627377
15.99412060
14.33921719
22.56274796
25.39607620
16.22156906
12.96078300
17.54509544
20.00784111
18.14509773
19.88627243
15.09999943
14.34313774
15.74901962
13.88235474
12.81372738
17.16470718
12.97254848
15.85294342
14.25098228
22.21176720
25.19019318
19.41765022
13.38627338
14.92156887
17.35098267
17.48039246
17.48235321
17.19215775
13.90588379
14.54901791
14.78235149
12.98431492
15.29411793
13.79803944
14.73725510
15.99999905
17.24509430
25.20588303
22.38039207
14.89411926
13.45490360
15.56078434
16.91960907
17.26274490
17.96471024
14.54705811
14.70392036
14.43921566
13.00784302
13.81568718
14.50392151
14.70784664
16.50196266
15.03725243
25.63725471
18.45882225
17.22745323
13.47254848
15.00196171
16.52157021
16.96862793
18.47451019
15.65490341
13.98627377
13.94313908
13.38431168
13.52548885
13.94313908
13.85882378
15.20000172
16.83137321
20.83136940
19.66470337
18.45097923
15.66862679
14.86862659
15.75882339
17.87451172
16.71960831
16.41176605
13.97647285
13.42940998
14.18235207
14.01372623
14.36666679
12.68823624
14.72549152
14.88823509
16.86470413
22.93921852
19.21960831
18.95882607
14.72941208
16.00196075
16.43921852
18.40000343
16.73333740
14.68235207
12.70392132
14.46666718
14.14313793
14.39607906
13.84313774
13.79019737
14.29215717
15.52941132
19.46666336
24.12549400
18.70391846
17.37254715
16.47450829
16.07058716
17.49608040
17.46862793
15.00588322
13.54901981
13.09215641
13.66862869
14.93725395
13.82548904
12.72353077
14.08627319
15.38431358
16.82745171
25.42157173
18.17647171
20.05686378
17.01372528
16.31372261
16.69411850
17.30392265
16.53725815
13.62941265
12.45294189
13.06666756
14.28431320
13.09215641
12.38823318
13.22549343
14.89411736
15.30784512
20.17254829
23.92548943
15.54705811
17.19215775
19.58039474
16.11960793
17.48823738
17.22157097
14.35686684
11.98627567
12.84509754
12.89803982
13.64509773
13.66666794
12.12940979
13.44509888
16.36666870
17.84509850
22.01764679
16.47059059
16.84117889
19.68431473
16.41961098
17.15098190
17.42941284
15.66666508
11.79019547
12.09215736
13.01960564
13.07058907
13.96666908
12.13529205
12.74705887
16.87451172
15.18431377
17.91372299
18.78039551
14.37647152
17.61764526
20.94902229
15.67842865
17.89608002
15.84117985
13.62745190
11.91764641
12.95293999
13.40980339
13.49607849
12.80980301
13.13333225
13.55098248
15.55294228
18.45882416
15.95490170
15.39215565
15.45097923
22.55686188
15.74705982
16.71372414
16.04509544
14.43137169
12.04313755
12.12352657
12.98235416
13.74509811
14.47451115
12.25294304
13.93921566
15.39803982
17.51568604
15.11764526
16.22941208
15.53333569
19.42549133
17.96862793
15.51960659
15.71568489
15.37254715
13.77647305
11.38823509
12.64509869
14.09607983
14.91764450
13.21568966
13.58235264
13.80195904
15.81568623
17.94313431
13.47254753
16.30000305
20.42353249
18.06666756
15.58823586
15.75686359
14.70392323
17.19019699
11.51568794
12.15882301
14.63725567
14.76470470
14.87843132
12.90392113
13.02353287
13.80392075
19.93529510
13.53921700
13.45098019
19.09803772
20.32744980
17.04902077
16.38627815
15.90392208
15.08627415
15.67647076
11.43725586
13.06274414
16.36274910
14.60980415
13.73137569
12.89607525
13.65098095
17.11764717
16.20196152
12.96862602
15.06078529
24.29803658
15.36862946
17.74901962
15.90392208
15.25490379
18.31176758
11.18039322
13.63725662
15.69607925
14.08823395
13.93529320
12.80392265
13.48235130
15.79019737
17.00784302
14.54901886
13.78627491
25.51568413
15.55294323
16.31764793
15.63725471
14.60588264
19.27451134
14.06078434
12.41568851
15.00000000
15.15490341
14.94117546
13.15686226
12.67842960
14.55686283
18.51764870
14.29607964
19.68039703
23.76470566
18.67058563
15.32156944
15.55490398
15.28823662
18.34902000
18.22548866
11.25098038
15.17843056
15.72156811
15.20784378
14.29803944
12.58823299
14.56862736
20.38627625
14.07843208
21.64313698
22.82549095
23.14706039
17.12549019
17.03333664
15.61764812
17.47647095
23.07255173
12.43725586
12.05882549
16.66470718
15.56666756
14.67647266
13.03136826
13.62745190
21.30000114
15.80980396
17.45882416
28.63137245
23.98431587
19.12745094
19.90000153
18.49411392
17.33333588
25.85686684
16.82549477
13.25686169
15.04901981
16.86470604
14.78235245
13.69607735
13.38431549
17.26078606
20.37451172
16.60000038
28.54509735
26.25294495
16.68823433
25.71568680
22.48235130
22.07450676
21.62549019
21.46862984
17.99215698
13.72156906
16.10784531
15.42353058
14.62352943
13.48039150
14.23725605
21.89999962
17.07647133
28.15098190
27.79608154
16.53137207
23.27255249
25.48823929
27.30587959
19.27254868
24.89412117
17.44313812
16.37059021
15.22156811
17.06078720
14.28039265
14.70588017
13.40784454
20.09411812
17.51568604
28.25490189
25.41960716
19.59411812
17.12941170
26.36666489
25.33333588
21.31764603
26.50000000
17.06666565
20.32157135
14.67254829
15.83529568
15.97646713
14.68235493
13.46862793
15.97843075
21.25490379
24.09803772
24.30784607
22.76862717
15.64313889
19.69215775
23.17255211
25.13529778
22.85686111
20.49803734
18.10980415
18.42156601
15.40784264
16.44509697
15.46274757
13.81764698
12.66078186
21.29020119
22.49411201
27.30980492
18.10000229
18.61176682
15.89608192
20.72549248
24.64313316
23.51568604
25.75882530
18.64705849
17.77647209
16.00980377
15.50588417
15.67451000
17.11372757
13.04509926
19.52745438
21.95491028
27.03725624
18.20588112
18.99607849
16.95882607
15.59215927
23.69019890
24.51960754
28.88038635
19.36666489
19.31765175
20.00196266
15.14706230
15.71372795
18.38431549
14.88235283
16.68823624
22.77255058
22.72744751
22.26666832
16.64117813
17.30784225
16.00196075
17.80196190
26.05686569
26.78039551
22.46078300
23.96078300
18.22352982
15.70980358
15.60391998
15.43333244
18.15490341
14.06666851
22.54313660
22.25294113
25.17058945
16.51960564
15.77647114
16.71176529
15.23333454
22.71960068
26.07646942
26.91372871
19.81764603
22.35882187
20.30784607
14.84902000
15.16862965
16.50588226
15.10392380
18.71176529
21.09411621
23.35293961
20.62941360
15.48235226
16.23725510
14.52156734
16.76274872
24.46274757
28.10980225
20.45882797
24.78235435
21.84313965
16.15686226
13.85882473
15.91960716
14.68627453
17.27451134
16.30784416
22.03725624
22.50391960
16.64509964
16.09215736
15.17646980
14.16470528
20.93725586
25.90392113
20.89216042
21.04706001
24.70588303
21.66667175
14.43137264
14.74510002
14.95686245
15.19804001
18.86862946
17.65686226
21.57255173
17.48431206
15.90196037
16.02548981
14.65490055
16.38039398
23.36470222
23.02156830
18.67843246
20.25686264
22.20195770
18.24901962
17.18235207
15.78627586
14.27450943
19.30196571
17.26470947
20.11764717
18.04901886
15.39608192
15.07254791
14.92352772
15.04509640
20.69411850
22.80392075
18.52941322
13.80784321
22.52352715
20.78627586
24.82352829
16.19411659
14.89411831
17.77451324
17.82745361
20.02941704
18.20196152
15.12352943
15.30195999
15.76666641
15.66862869
16.47842979
22.60000038
19.88431358
14.86078358
17.67450905
21.64117813
23.56470490
23.02549362
14.39607716
18.05490494
18.75490379
18.32353401
18.61372757
16.81176376
16.03529358
18.19215584
15.49411869
15.53333187
18.82156754
24.68823242
17.42156982
12.18823433
22.47059059
22.75294113
26.98823929
15.58235550
18.99216080
20.91960907
16.95490074
18.19019508
18.21372223
14.89019585
21.62744904
16.73921776
16.50392151
15.47647285
22.04509544
21.02941513
13.43137455
16.24117851
21.60196114
24.60784149
22.73921585
15.50784492
26.85294151
15.83529282
19.46274948
17.83921432
17.51960945
16.53921509
21.82548523
15.97058964
16.24901772
18.42549133
22.35686493
15.38431358
11.23921585
20.66666412
19.55098343
25.37647247
20.84902000
28.25490570
19.31372833
18.79607773
19.33725357
19.73137474
14.27058601
23.88823509
16.13921547
17.06078529
16.75882149
20.90784264
15.83529472
12.79607868
16.43725586
18.28627586
20.25686264
27.84117889
29.23137474
23.35490036
18.41961098
20.50588226
17.74313736
18.25098228
19.73529243
20.10392189
16.13137245
15.73921585
20.47842979
15.23333454
14.58039284
12.93921566
21.85490417
16.31568718
22.83921623
31.30196381
28.02941513
17.87255096
20.91568756
17.02744865
19.87254906
15.34902191
25.50196457
16.59999847
15.48235130
19.14313889
18.58039093
14.88823795
13.07254982
18.49607849
21.75097847
18.14509964
27.06863785
29.32157135
22.11765480
19.79803848
19.40588379
18.79019356
17.61568832
22.85881996
20.19608116
16.19411850
17.65098190
21.56078339
15.12156963
14.72156906
15.61176586
24.40588570
17.53529358
22.35294342
28.75881958
25.86470795
22.28627205
21.62352753
20.75882339
19.03529358
19.92156982
22.42549324
17.19412041
16.29803848
20.32941437
18.13725662
16.08235359
14.49411678
20.63137054
24.46078491
20.21568871
24.38823700
24.94509888
28.76078796
24.07450485
22.72745132
20.53333473
17.31176567
21.29215240
20.08823776
16.74510002
16.67451096
20.98822975
16.19607925
14.54705906
18.17647171
25.10784149
20.92549133
23.78627396
21.43921471
25.44314003
27.88235664
23.90196991
22.69804382
23.37843132
19.82548904
20.53137398
17.57058716
16.00784302
20.18039131
17.11960983
14.54313660
15.42548943
22.22941208
26.50588036
22.73333359
19.86471176
19.64314079
28.16666794
23.64902115
22.03137589
24.08430862
19.09999657
19.49803543
18.42940903
16.36274529
18.26078987
18.01765060
14.70392323
15.26078415
19.83921814
23.33333015
25.89608765
20.30784416
18.07647133
22.30196381
23.70195961
22.27647400
20.44117546
21.43333435
17.76666832
19.38430977
18.09608269
16.30195999
18.11568642
15.58627605
15.29804039
17.04902077
20.99215126
25.69607925
21.45882416
16.21176147
18.81372261
22.66863060
20.72352982
19.12745285
18.06666946
17.44117737
18.00000000
17.42745209
17.06078339
17.57255173
15.72156811
14.74510002
16.70784378
18.44901848
19.46078491
23.97058868
18.15882492
17.95490265
19.93137169
19.36666489
20.74509811
20.58627892
16.68235397
16.45294189
18.21764374
18.10980415
15.89019680
18.08823395
15.42352867
17.06862640
16.47451019
16.27058983
21.88627243
17.48235512
16.11960983
20.20392227
18.22744942
20.69804001
19.13333511
18.67451286
18.21764946
18.28627586
18.33725739
16.74706078
18.05882072
16.50980568
15.45882034
16.77255058
17.56470871
16.38431358
17.29608154
15.92745113
19.35293961
19.02352905
19.70980453
20.02157021
19.49411964
18.26470757
17.64509773
19.44117737
17.92745018
16.63529587
18.37843132
15.44509697
17.14117622
17.43333244
15.02549171
17.39804077
14.60392189
18.28235245
20.69804192
20.66470337
20.75098228
19.07450867
19.55097961
18.85293961
18.19019890
18.39411545
17.01176834
18.05882454
15.87451077
15.05882168
18.95098686
16.80392075
16.80980301
14.24509811
16.02156830
21.60196304
21.39999771
20.51960754
20.68039131
18.69803810
20.01568604
17.62549210
18.02156830
16.42353058
17.16666794
16.77058792
16.22156715
18.79803658
16.76666832
15.84313774
16.43333244
14.56666756
20.28431511
21.34509850
20.09215546
19.89411926
19.65882492
18.83333397
18.99411774
17.34902191
16.07451057
16.66862679
18.07058525
16.98823929
14.64509583
19.16470528
16.32352829
19.98235321
13.73529625
14.95294476
19.54901886
21.59412003
18.98431396
19.24509430
18.27451134
20.30588531
17.75294495
16.09411812
16.09999657
17.94509697
18.09804153
14.65294170
16.38823700
15.88627625
19.15098190
19.66666412
13.86274338
17.40980339
19.36078453
18.43333244
19.21764565
17.81568909
19.17058945
18.15882492
16.45490074
15.74314022
16.79215431
19.30784607
15.79608059
12.71960640
18.72745132
17.22941208
24.85686111
15.03333187
15.74313927
16.97646904
18.64705658
18.24902153
19.27058983
17.81372643
18.47058678
16.72156906
14.65294075
16.82744980
18.99804306
17.53333282
12.44901943
16.35098076
17.60196304
18.34117889
22.58039284
13.90000153
16.79411697
17.66862869
18.28627586
19.24705505
17.74706078
18.45882034
17.94117355
14.70980453
16.22548866
17.73921776
17.69803619
15.17058849
11.07647038
19.99607658
17.59019470
21.10588074
16.94509697
15.95686340
15.96078682
18.61372566
18.65490341
19.57843399
17.68627739
17.15686226
15.44313908
15.61764622
16.54706192
18.03725624
17.24705887
11.25097942
15.88823700
18.46666527
15.49019241
26.79215622
14.47254944
18.04117584
20.02941513
18.25686646
19.89608002
17.70980644
16.49215889
15.36666679
14.89803886
17.48431587
18.06078720
17.60980606
12.92941380
11.64705944
20.49411774
15.53333378
19.39803696
21.97254753
17.66862488
21.32548904
18.55294037
19.10196304
19.99804115
16.95882416
14.73921585
15.43137550
16.57843208
17.22745323
18.36078644
16.49216080
14.28431320
17.55686188
16.10392189
13.66666508
27.35098267
14.62353039
21.08039093
22.00392151
19.44117546
20.71568680
17.48431396
15.05686188
15.85882378
15.92156887
18.32744789
18.39803696
18.84902000
14.40196037
14.57843208
18.50980568
15.26470566
18.74705696
20.91372681
18.40196228
22.85098648
19.94901848
20.43725777
18.46078491
15.48235321
15.77451038
16.46470642
18.70784378
17.92353249
19.16078568
15.71960640
18.72549248
17.67646980
15.39020061
14.49607849
24.51765060
14.75882339
21.93333435
20.80784035
20.43725395
20.00784492
16.76470947
13.27843094
16.68431473
20.21176529
18.62744904
17.35686302
18.91176605
16.82745171
18.53725433
18.83529854
15.38627529
17.92548943
19.67255020
18.34117889
22.18431091
22.36274719
19.76274681
17.01764870
13.62941170
15.28823471
17.88039207
22.79803848
17.01372719
19.86470985
13.64117432
19.73725510
20.62156868
15.17843056
14.54509830
23.08039284
15.61764717
22.48235512
22.10588837
21.66666985
19.08823586
15.05098152
13.78039169
15.46470356
22.40784264
17.69019699
17.64509964
15.69608021
15.02156925
20.42353058
20.89803886
15.96863079
17.63333511
19.21176529
19.30392456
24.83333778
24.07646942
20.09411621
16.15882492
12.91176510
15.37058544
16.49215889
18.98823929
16.53921509
17.93529701
13.15686321
19.39019966
21.88039207
17.53921890
14.33333206
22.20000076
16.48235512
25.87058640
25.22352600
21.52941513
18.07451248
13.70588303
14.78235435
15.04117584
16.23921776
18.20588493
18.43333435
14.55294418
13.74706268
18.10784149
23.42745018
14.65098095
18.37843513
20.08823395
23.31176376
26.98235130
22.37647057
19.16274643
14.66274643
13.94705963
15.40392017
14.74902153
19.16078758
17.57646942
16.52941132
14.94313812
13.76470661
20.28039169
18.36078453
14.79411602
22.19804192
19.35294151
26.97450829
23.43726349
20.93921471
15.20392227
13.26862621
16.22352982
16.07843018
17.47058868
18.09999657
20.35294151
15.04901981
14.63333607
14.18431568
22.40392303
14.25490189
16.75294113
21.45293999
22.12744904
25.19607735
23.54705811
17.59607697
13.11568642
14.81176567
15.94117737
15.80392265
20.52352905
19.33333588
17.12549210
16.43137360
12.34902096
20.65098190
17.50195885
14.10588264
19.99019432
17.67647171
24.56470490
24.60391998
21.22549248
14.35686302
12.85686302
15.37843132
16.17451096
19.32156754
18.80000305
19.05686188
15.34313583
14.66078186
15.27843094
23.60391998
14.17843056
14.53333569
20.12353134
19.45882607
26.83725357
22.73137665
14.72352982
13.01568699
14.85686398
14.68039227
18.32157135
18.66274452
19.70392418
14.78823280
16.27058792
13.53137016
24.36078453
17.25882530
14.58039188
18.60588264
17.44314003
24.97842789
23.11568642
17.91960907
11.57843208
14.03137207
14.20588303
17.86078262
18.76274872
18.40000153
16.75294304
15.21960831
15.28235531
16.59019661
25.80391884
14.80392170
17.16078758
19.53921700
22.55685806
22.64314079
21.40784454
11.33333492
13.02941132
15.06078339
15.72549057
18.86078644
18.32156754
19.24510002
13.40588284
15.85294342
13.19804001
24.98039627
19.64901733
16.29607964
21.26666451
21.92941284
21.74509811
20.60195923
15.52941418
11.09411812
15.04117584
14.57647038
18.40784073
17.60588074
20.25490570
15.32744980
13.42941284
15.80392170
17.41568565
24.90195847
16.20588493
20.70195961
21.42745781
21.44117546
19.01372528
18.53725243
11.33333492
12.82549095
14.23529530
17.66666603
18.87647057
18.76078415
17.65098190
12.30784416
15.09411907
14.41568661
24.91960716
18.32548904
17.03137207
24.22353363
22.11373138
20.07254982
19.78823471
12.47450924
11.53921509
14.33725548
15.50588322
20.53137398
18.67451096
19.70196152
14.57254791
12.14510059
16.30195999
19.40588379
21.54901886
14.24705696
23.66470718
24.34117508
19.96862793
19.55686188
15.54313564
10.51764870
14.39607620
13.77255058
19.45489883
17.77255058
19.56078529
18.10980225
11.60196018
14.66470623
14.62352943
23.20588112
16.52941132
19.74117661
24.93529510
20.56274605
19.75490570
18.63529205
10.31960773
13.32941246
14.40392113
16.24117851
18.46862984
18.87843132
19.03725624
14.02352810
11.37451077
15.02941132
18.46666527
21.81568718
19.51176643
23.72941017
21.15294075
20.28627396
20.50000381
12.67451096
10.39215565
16.94901848
15.13137436
17.99803925
17.03333473
19.06078720
15.50392342
11.46078396
13.42549038
14.13137436
21.54117775
26.87450790
18.32745171
24.88235855
19.50195885
20.30000305
17.34705925
10.24117661
14.84706116
16.93921471
16.67255020
16.48235512
16.81372643
18.56078529
13.44705868
11.97843075
15.41568756
16.45686340
25.07646942
19.67059135
22.21176720
19.68039513
20.72352791
20.40980911
11.79804039
9.60980415
18.96274757
16.07843399
16.75098228
16.30588150
19.19215775
15.03333378
12.37647152
14.57843208
15.77254963
19.87843132
21.79216194
17.53333473
20.76078606
19.42745018
20.82549095
14.38627529
9.01764774
16.37843323
15.47058678
16.10588455
16.09411812
18.10588074
16.86862564
13.60392380
13.14313698
17.49607849
16.94509888
20.10980225
15.94705772
18.76078415
18.49803925
19.00392723
18.12941360
9.39215565
11.67451096
17.35686493
14.29215431
16.12353134
17.33333397
18.05686569
15.15686512
11.43333340
14.92156601
16.12548828
19.16078377
15.71177006
16.33529282
17.60588264
18.77450943
19.66470528
11.27843094
9.40000057
15.96470833
14.73529625
15.47255039
16.71568680
18.04314232
16.20392036
13.99411583
11.40196228
16.94705963
15.74509811
16.39215851
15.31764603
16.34117889
17.57843018
18.35294151
15.79804039
9.34706020
13.71372604
14.64705849
14.73333359
15.65686226
17.90980530
17.17255020
17.15098190
12.12156773
14.51372623
14.39803982
18.62941551
16.08039474
16.20392227
16.46274376
17.24901772
18.92157364
10.00196075
10.02745152
16.93136978
14.80392170
15.51372433
18.50196075
17.52548981
18.59999657
16.27843094
12.61568642
15.51764488
16.38039207
17.85098076
17.05882072
16.37450981
16.64509583
18.08235550
13.44117928
8.66274452
15.65098000
15.38431454
15.50588036
17.31764603
19.39215851
18.77843475
18.38823509
12.66862679
15.30000019
15.02941513
18.47843170
18.30980492
15.47254944
16.55882454
17.49215889
17.76862526
8.57058907
10.94117737
16.76274300
14.80195999
16.28431702
19.06274796
19.03333282
21.07647133
13.85294056
13.65882397
15.07843113
16.65882492
17.87254715
16.77255249
15.54509640
17.74313927
19.07450867
11.40196133
8.80196095
15.42548847
14.23921680
15.01372719
16.96274567
18.87842941
21.72549057
15.74902058
13.20196056
15.29411793
14.65098286
17.81372643
17.30588531
15.76274681
17.22549057
17.42352676
16.04313660
10.03137589
12.11372471
15.74509907
13.70392036
15.72549057
17.82352829
21.11372757
17.11176491
13.83725548
13.51176453
15.15686417
16.29607773
18.13529778
16.06666946
15.25490093
17.73333168
18.92549133
10.80196095
8.33725548
16.62549210
13.89019489
16.07254982
16.70000267
19.73921776
18.94705582
14.55097961
11.72352791
15.39215660
15.93725777
17.29215622
16.79411888
15.83529282
15.77647018
17.76470566
13.48627567
7.83333158
13.81568718
16.60980415
14.77843475
16.41764832
19.08627892
21.39999962
13.51176453
13.79411697
14.04117680
17.10392189
17.00980759
16.85686111
15.71960926
15.18039417
16.24510002
17.38235283
8.55882359
9.81764889
18.99412155
14.81568623
16.49608040
17.81568718
23.06274605
14.21960831
15.06274605
12.59019566
15.90980434
17.73725510
18.08235359
15.20196152
15.37450790
15.78823662
17.36666679
11.86078453
8.47254848
17.45293999
14.57647133
15.78823280
16.25490379
22.26666832
17.32549286
14.01568794
13.27255058
14.18235207
16.10196114
18.41568947
15.97647095
15.96862698
14.20392227
16.58039474
15.73921585
9.26274586
11.72745228
16.57647133
14.72745419
14.58627701
20.40588760
20.87843704
12.79607964
15.19019604
12.36470890
14.48823547
17.06274796
18.93725395
16.49019623
15.18039227
15.60980415
18.08627129
10.35686398
8.62156773
17.59215736
13.68627739
15.31960583
17.44705772
23.92745018
12.58431530
14.36470604
12.61176395
14.58431435
15.63725185
17.32156944
18.74117661
17.31568527
15.00196171
17.97843170
12.99804115
8.06274605
14.03725529
15.37843132
14.61176586
16.18823624
24.33333206
14.67254829
11.59607887
13.87843132
13.57254887
14.87058830
16.07843208
20.23921585
17.65490532
15.38039207
17.06078529
17.06862450
8.34117699
9.93529415
17.22352982
13.51568604
14.56078339
21.39607811
20.16274071
11.76078510
13.65882206
12.52352905
15.44901848
15.10784245
17.00392151
19.61176491
16.47254753
16.14313698
18.00980377
10.66274643
7.48235369
16.08823586
14.09803867
14.19607830
17.34902191
23.85686493
11.71372318
12.73137093
13.06078434
14.95882225
13.97451019
14.40391922
19.49215698
16.19412041
15.16666794
16.87647247
14.56470680
8.28235340
11.60784340
16.49215698
13.93921471
15.14706230
23.87647057
14.43529606
12.43725586
13.90000057
13.37254906
14.71568584
13.89607620
15.02745247
16.05097961
15.74313927
15.49607754
18.37647057
9.53333378
7.51372528
22.49019623
14.51568604
14.83333302
21.04117775
18.66078186
12.73333359
14.76862717
13.30588341
14.48431110
13.91960812
13.86274338
13.96470642
16.24313927
15.06274414
17.69411850
12.29411697
6.48235273
14.70784378
20.97451019
14.26666832
16.75294113
23.85882568
13.55490112
17.03529167
13.37647247
13.16666698
14.12352753
14.15882301
13.99411869
15.32745171
15.11765003
15.65490246
16.36078644
7.75294161
9.41568661
24.80980301
15.27450943
15.23333359
23.66274261
15.82549095
20.03725624
13.71764565
12.03725529
15.38431263
14.58627510
14.29215527
14.50196266
14.86274433
15.33137131
18.64509964
10.64117718
7.54313755
20.70980453
18.42941284
13.95097637
19.71176720
21.42548752
17.98627281
17.99607658
12.61176300
14.61764812
15.09607792
14.22157001
14.50784111
15.33333588
14.45294189
18.11568642
14.15686607
9.83921623
16.84313583
18.70392036
16.15882492
16.27647209
24.06470490
18.55686569
19.79019737
13.03333473
13.35490322
15.85882473
14.96078396
14.49019527
15.54705811
14.97843266
15.47450924
18.54902077
11.12549114
14.50392151
18.70980453
17.24705887
15.79607964
22.93921280
19.96666908
19.90980148
14.41568279
12.94901752
16.09412003
14.74117851
14.88235188
14.86470604
15.69019508
14.69412041
18.62549210
14.38627720
13.77647114
14.00980377
17.17450905
17.34117508
21.72156715
22.73137283
18.87647057
16.60587883
12.67843056
17.09019852
15.55294132
15.50980473
14.47450924
15.31372547
14.80980110
16.99215889
19.10588074
13.66078377
8.65686226
18.43725777
17.83529282
19.90784264
23.47843170
20.37843513
17.33725357
13.75294304
16.06078339
18.22549057
14.94509888
14.84705830
14.89803982
15.90392303
15.30588055
24.85098076
15.13137245
8.15686321
14.82745171
17.33921814
19.92745209
24.62549210
22.04510117
17.99411964
13.98823738
13.62156773
20.21960831
15.33529377
15.94509888
15.35882664
15.29607964
15.15098095
21.96470261
17.31372452
9.47451210
10.20196056
18.02745247
18.42745209
26.77647018
21.62941360
17.38823509
16.28823662
13.11372662
16.18039513
16.41372681
15.62745285
15.87450981
13.92353153
15.26274681
17.07843208
22.39607620
9.65490246
7.88431454
17.37450981
18.75293922
24.51372528
22.30392075
18.30196571
17.80588150
13.22156715
12.94509602
17.68823433
14.45293903
15.83529377
14.08039284
14.68235493
16.17254829
19.94314003
13.48627472
7.27450943
12.86078262
17.85686493
20.11568832
25.05097771
20.27451515
17.40588760
15.99215603
11.85098171
16.34313774
15.32549000
15.37843323
13.78235245
14.49411678
15.54901886
20.19215775
17.15490341
8.12941170
8.41764736
17.36470795
20.48235703
23.22156715
21.38235855
17.17058754
18.83333588
12.64313889
13.13137341
17.34705925
14.49215603
14.87450790
13.77058792
14.82941341
16.11960983
21.96274948
12.70392323
6.70588255
15.45490170
20.61568451
19.34117889
21.06274605
17.88823128
19.75686455
16.34313774
11.73529339
17.29607773
14.86862850
15.22744942
13.56666660
14.30196190
15.27451038
20.60000038
16.72352791
8.08627415
10.39999962
19.97254944
18.15686417
19.97058868
18.20784569
18.38235092
18.12941170
13.86274338
16.04902077
16.35097885
14.85882282
13.98823452
13.76470852
15.04117870
15.80392075
21.06078339
10.16274452
7.26078463
17.60588455
18.13529205
16.99215698
19.11764526
18.85882187
19.16863060
15.37647152
13.50196171
18.37058449
13.83137226
15.11372662
14.02156544
14.42156887
14.49412060
20.34117317
15.90000153
6.34509850
12.74706078
18.89999580
14.06470966
17.77255249
19.13725471
19.72549438
16.27843285
15.68431473
18.48431015
15.68039227
15.37255001
14.32156658
14.37843323
14.76274395
16.67451096
19.20196152
8.46470547
7.82548952
18.92352867
14.35294056
15.36666679
17.44117546
22.05881882
17.52941132
16.65098190
15.56470490
18.60000229
15.29019928
14.29019737
15.16862965
14.06666756
14.58235550
20.57058907
11.57058811
6.78431320
15.14313889
16.33137131
14.13725471
17.25098038
21.44509697
18.50392342
14.80980682
16.90392113
17.50392151
16.29804039
14.91372299
14.23529434
13.60195923
14.17843151
17.83725357
15.97843170
7.85882425
10.16666794
18.13333130
14.80980492
14.82156658
20.19216156
20.60196304
16.80980110
16.79803848
15.50784302
15.96862698
15.82156754
14.16666508
14.54902172
13.84313679
16.49215508
16.65293884
11.35686302
7.57255030
16.44705963
17.06863022
14.85882378
18.11960793
21.81176186
18.55882263
14.40588284
19.13137245
15.51568890
16.50784302
15.01764774
14.41764736
13.99412060
14.49215603
17.96078110
14.52353001
6.71568632
11.33137321
19.11568642
15.90392303
16.61372566
20.99607849
18.70392418
16.80784416
18.01764679
16.71960640
16.36862564
16.36078262
14.33333397
14.66274738
14.49607849
16.93137360
16.38431358
8.97254848
8.03921700
16.76274681
17.99803925
14.67843151
20.69215965
19.11960602
17.88431549
16.42745209
20.04313850
16.22941589
16.78235435
14.56470680
15.46078777
14.75686359
14.85882282
18.50784302
13.11372471
7.19607925
11.95686340
17.72353172
15.65098000
19.57450676
18.07451057
19.26470566
17.38627625
18.12353134
17.79804039
16.29608154
16.15686417
14.87843418
15.44901848
14.97647095
19.48039436
15.73921776
8.36078358
8.20588207
16.12156868
16.80784416
17.58823776
18.87647057
18.93529701
18.10980797
16.41960716
20.24902153
16.22744942
15.76078415
14.76274395
16.84705925
14.77451038
16.87451172
18.96666908
11.11176491
7.21176577
12.54313660
17.03529549
15.04313755
20.22353363
17.68823433
20.33921623
15.87058926
17.45882797
17.72745514
16.17451096
16.40588379
14.57843018
15.97451019
15.55098152
18.78627586
15.30000019
6.55490255
7.95490265
16.46274757
15.17646885
19.28038979
16.40784454
20.88039398
17.26274490
15.63921833
19.00588226
16.28039169
17.30980301
14.05098057
17.00000000
14.76078510
14.54509830
15.89803791
9.52745152
6.38823509
14.05882549
16.79411888
16.25490379
18.23137474
19.58823586
18.76078606
15.92745209
18.74313545
16.58039284
19.15490150
14.48431206
15.05882168
15.26274300
15.52744961
15.70588303
12.93725491
7.64117718
9.42941189
16.94901848
15.44117546
18.29019737
18.62549210
19.96274567
15.70980644
16.57058907
19.72353172
17.90000153
19.08235550
12.98431396
16.36863136
15.51764870
15.00588417
15.51960945
7.94901943
6.43921518
15.75882339
16.07058716
17.51176643
16.37647247
20.92549324
16.64509964
16.68823624
21.28235435
16.80000305
21.70588303
14.11764717
15.50784302
15.50980377
15.97451210
15.25489998
9.95294094
7.01764631
11.17451000
16.95686531
16.50000191
16.37647247
21.90588379
18.23921585
15.45686340
17.20196152
20.56078148
21.20196342
17.78039360
14.35686111
16.22156906
15.41372681
14.80196285
12.76470757
6.92745066
6.86274576
17.55686378
15.23333073
15.89803886
23.39804268
18.31568527
16.91568565
16.21764755
20.39999962
18.84902191
19.97059059
16.63921738
15.65294456
15.04117298
14.89411926
15.77058697
7.32549000
6.15097952
13.39215851
16.83529472
15.54314041
20.13725662
22.87647247
17.80392265
16.14313889
17.55294037
19.91960526
23.10980797
15.72156811
15.40588188
16.06078529
15.37058449
15.62549019
11.00392437
7.30980349
8.80980396
17.37255287
15.21176338
16.88235474
24.82941055
20.24313354
16.03333282
18.46078682
19.60196304
20.42352867
18.15098381
15.13921356
16.03725433
15.89411831
14.17843151
15.47843075
6.91372585
6.24117661
15.40196133
15.94117737
16.04706001
22.04901886
23.78823853
18.73137283
18.09019470
18.36666870
20.34901619
20.73137283
12.95686150
15.80980587
15.81568527
14.66274548
17.00196075
8.62549019
6.78823566
10.42745113
17.20784187
15.90000057
19.28627777
26.06862640
21.87842941
16.31176567
19.62353134
18.89411926
19.88235283
17.49803925
14.91176510
15.54509544
15.35882378
15.44313622
13.65490150
6.41960859
6.89019680
16.81764603
15.30784225
18.05097961
24.68235397
24.14706230
17.01764870
18.44509697
18.47451210
20.24509430
20.54314041
12.58627415
16.55294418
15.12352943
14.26862717
16.99608040
7.50588274
6.07843161
12.49411869
16.53333282
17.37450790
20.89607620
25.11764908
20.55882072
15.84117508
19.88823700
19.90980530
19.30980492
17.32548714
15.72745323
15.08627510
14.78627491
16.68431473
10.60588169
7.60784340
8.12549114
16.67058754
16.88431358
18.56862450
25.57058716
22.95686722
17.61568642
18.89607811
20.10980225
21.49608040
19.88823891
13.43921661
17.17058945
15.24902058
14.64117622
15.48039627
7.45882320
6.88235283
14.84705830
16.21960640
19.00000000
23.09019852
23.90000916
21.87254906
16.75686455
21.32157135
22.24705887
20.17451096
16.35686302
16.75686073
15.38039207
13.80391979
17.83137512
9.15882587
7.42156839
9.56666756
16.06470871
18.82156754
19.07059097
24.86470985
23.84902191
16.52745056
20.10784340
22.79019547
21.48823547
19.81176376
13.81372738
18.47058678
15.16862869
15.29607868
13.15490341
6.60392189
7.18235397
15.06470680
17.82352829
17.77647018
22.52548981
23.21176529
21.59803772
16.48235512
20.80980110
23.10392380
19.99607849
16.21764755
17.80588531
16.49608040
13.17058849
15.76274776
7.78431320
6.93333292
11.59215546
16.87451363
18.03529358
20.08823776
24.03333282
24.19804192
18.03137398
17.70980072
22.41960526
20.41372681
20.00392532
14.74118042
17.52744865
14.75882435
14.31176472
10.83333397
7.58823442
8.14901924
15.85686493
17.37450981
18.53726006
25.52353287
26.93137550
20.44314003
16.32941055
20.24117661
20.82353020
20.11568451
17.44902039
16.56274414
15.19804096
14.37647057
13.81568623
8.15882301
7.51176453
12.63921547
15.39999962
19.03136826
24.89607811
26.28824425
24.53137398
16.75686455
18.72941017
19.57647514
18.77451134
20.77842903
16.60195923
16.13529396
15.28235435
15.31764793
9.16666603
8.02352905
8.78235245
14.82744980
16.31176567
23.79804039
28.01568794
24.50196075
19.54902077
17.70980453
18.19411659
18.30980301
20.28627396
19.54314423
17.16274452
15.44705963
15.42745113
12.36470604
7.27058792
6.80000067
13.57451057
15.00588131
22.01176071
26.04117584
24.83136749
21.56666756
17.45097923
18.12353134
18.37843323
18.98431396
20.79019928
17.28431320
15.78823662
15.40000248
15.39803791
8.25294209
6.69411945
9.74313831
14.63529491
19.06862640
25.59607697
22.32745361
22.67058945
17.60000038
19.07451248
17.20000267
18.10784531
21.34705734
18.71176529
16.67647171
15.34117603
15.51960564
10.54313755
8.07058907
6.79607868
13.79215813
16.24705887
25.11764717
20.64510155
22.09215355
18.41176414
18.11764526
18.77843475
17.66078568
19.88431168
21.87059021
17.92548943
16.65686417
16.80588150
14.08627605
8.91176510
6.44705963
11.95686245
16.06470680
23.35882378
21.85294151
18.99020004
20.06470680
16.25686264
19.67058945
18.04509926
18.30980492
21.45097733
20.79412079
18.14313889
18.10784531
17.79216003
10.04313755
8.16274452
8.37254906
15.76470566
22.96077919
24.76274300
17.56274605
20.76078796
16.69804192
17.13921547
18.93921852
18.44313622
19.04313660
22.52549362
17.96862793
18.58627892
21.27058792
12.13137245
8.62941074
7.11960745
13.16470337
21.59411621
25.49019241
19.66666603
19.74117661
18.82353210
15.00980568
19.22157288
18.96274376
17.47254944
21.46666908
20.18823624
18.94117928
21.12941170
15.30000114
9.39803982
7.12744999
10.37647057
18.94509697
24.43136978
22.10980797
19.37059212
20.73726082
16.57058907
16.90392303
19.41961288
17.66470718
18.90784454
21.70196533
19.58627510
20.07647324
19.34705734
11.33333397
9.27451038
8.09019756
16.49804306
22.21764755
23.52156448
19.06078339
22.56471062
18.95686340
14.18627357
19.55686760
18.21372414
18.42549133
21.34705734
20.99411392
20.68039322
20.54118156
14.33921623
9.95686150
8.39999962
12.59411812
20.30195999
24.27255058
20.32353020
22.48627472
20.89607430
15.19019699
17.42941093
18.73333549
17.78235245
20.12156868
21.73921394
22.15882492
20.88627243
18.01764488
10.39804077
9.33137226
9.63725471
16.39411926
24.64705658
21.35097885
21.23137283
22.83333206
18.01568604
14.25294113
19.44509888
17.96274567
19.11176682
21.67255020
21.53921700
21.53725433
20.24117851
12.13725471
9.87450790
8.63529587
14.23137283
22.25097847
22.05293846
21.10980225
23.93725586
20.72156715
13.11176491
17.34117889
18.46666718
18.97646904
20.15882111
21.38627052
21.70196152
21.85098076
16.27647209
10.93725586
9.26862907
11.72941208
19.22157097
23.69607353
22.05490303
23.58627510
20.95685959
16.30588150
13.64313889
18.46077728
18.18039131
19.67255592
21.12940979
21.56078720
22.25098419
19.80588341
12.27058887
12.20588303
9.30195999
17.03529358
25.85686111
21.12352753
23.81176567
21.50196075
20.51176262
10.64901924
15.93137264
17.94313622
19.40196037
19.96666336
21.84313774
21.95294380
22.25489807
15.15686226
12.47254848
9.44117641
14.75490189
23.85882759
21.79215813
23.01764488
22.25294495
20.57843208
13.26667023
11.69804001
17.63333130
17.70980453
19.31373024
22.28627205
21.87647247
23.53137398
18.01960945
13.14901924
10.36862659
12.63725567
20.30196190
23.31569099
21.27254677
22.79215431
20.44510269
17.95882416
8.92156982
15.13921547
16.47842979
18.74706650
20.15098190
22.80784225
22.89803696
22.00979996
14.50784302
12.86862755
9.73529434
17.10392189
24.10391617
20.04705811
23.89412308
20.73724937
20.74117470
10.86863136
11.02156830
15.55686283
16.97647285
19.36470795
21.28627777
22.34314156
23.51176643
17.63333702
12.92745113
10.93529320
14.81372452
21.56470490
19.67451096
24.77451515
21.18431282
20.58823586
15.34313774
9.84313965
12.55294132
15.66470718
18.55294037
20.36666489
21.44902039
22.07255173
21.74509430
14.24117661
12.15882397
12.69999981
19.74117661
20.25294304
25.02549171
22.66078186
20.26078415
19.74902344
9.67255020
10.62941170
14.36666775
16.64313889
19.53333473
20.49019432
21.08234978
23.06470680
18.17843056
11.81176281
12.93529415
17.06274605
22.16470528
23.50588608
25.34901619
21.56274986
20.88234901
12.87255001
10.39607906
12.14117527
14.91764641
17.79216003
20.86078072
20.53725815
21.51176834
22.65686417
13.59019375
11.87450886
16.65098190
20.28823853
23.18627357
25.72156715
22.44313431
22.60784531
18.60784531
9.54314041
10.99019623
13.11960793
15.95686436
19.19019508
21.18234634
20.14902115
23.54901886
17.25686073
13.35098171
13.36862946
17.74313545
23.07451057
26.47058678
23.87451172
23.34902000
21.20980644
11.22941303
9.98039341
12.08039284
13.39999771
16.83137321
20.65489769
20.29608154
23.49215698
19.89804268
13.82156754
12.25294113
17.11568832
21.19019890
25.59215546
25.60000610
23.35490417
21.07842827
16.21960831
8.88823414
11.18431473
11.73529243
15.16470528
18.56666565
20.85490036
21.64117622
23.65293694
15.41372585
13.73529625
14.38627625
18.53333664
24.24314117
24.46863174
22.83333778
21.77451706
20.93137169
8.96274757
9.27647114
11.66470432
13.06078434
16.68039703
20.73333359
20.10588455
24.08823586
19.02156830
15.84509754
18.68235207
17.82941055
22.24313736
24.98431015
20.89412308
21.95097733
19.92745399
12.80588531
8.84902000
11.25294304
10.98627377
14.49215698
17.99803925
21.02353096
22.33529663
21.25098228
15.23529434
20.85881805
16.27647209
21.41176414
24.87647057
22.44705963
19.44510269
19.20391655
17.73921394
8.23333359
9.97647190
11.07254982
12.54509735
15.70784187
20.36666298
20.88824081
21.95098686
16.65882301
18.83137131
16.83137131
19.45686340
24.27843094
23.83921814
18.32941055
16.81960869
20.10588455
10.56470585
8.98431492
10.95882320
11.09803867
13.65686417
18.76862526
20.25686073
21.93333244
18.73529243
14.52549076
14.71764946
16.25882530
21.55490494
23.97646713
17.83137131
16.05686569
18.33137321
14.99607944
7.72745132
11.01568794
10.50588226
12.01764679
15.83333302
19.89608002
20.47058487
20.98823547
15.67647076
14.15098000
13.78431129
18.39607811
23.29215622
16.87058640
16.18627357
15.81568813
18.71764755
8.62156963
10.22745132
10.32941341
11.10392189
12.41176510
19.54314041
18.79019928
20.97646713
17.00784492
13.82548809
13.76274395
15.83137226
21.88235092
17.63921356
16.05098152
14.49411583
17.48235512
13.02156830
9.41764641
10.42352772
10.31568718
11.86274719
15.69608021
18.57254982
19.47451210
18.99411774
15.52548981
13.37843132
13.81372643
18.73725700
20.37254715
14.21961021
14.48039150
15.17646980
16.36274529
8.49019623
10.17647076
10.25882244
11.48627472
11.91372490
18.63137436
19.38234901
20.44705200
16.39215660
14.37843323
12.70588017
15.89019394
18.50196266
13.38235474
15.07058811
13.29607773
16.92548943
10.65097904
9.37255001
10.60392189
10.58627510
12.00392056
15.78235531
18.85490417
21.99215698
18.34117699
14.16274548
13.53725433
14.06274509
15.76666832
13.05882072
14.48235226
14.25686359
15.96470737
13.55098057
8.57843208
10.48039150
9.65686417
12.35882568
12.22156811
18.40196228
22.29215622
19.77647018
15.68431568
14.62549019
12.71176052
13.25294113
13.38235283
13.86078453
15.50588036
14.08431435
14.71764660
10.60392189
10.17843151
9.84705830
10.21568680
11.97254658
15.41568756
20.44509697
22.02744675
17.55294228
15.26274681
13.83137512
11.54117680
12.18039131
13.84313774
14.86078453
13.17451096
14.27843285
13.14705944
10.07058811
10.88235474
9.08823776
10.83725739
13.32156849
18.39019585
19.74509811
19.73529625
15.91568661
13.18627357
10.83529377
11.95882511
12.53725624
14.01764774
13.99019718
13.56470585
12.56078529
11.59607887
12.86470795
9.50980473
9.62353039
12.66862869
15.59803677
17.62745285
19.94314003
15.56470680
13.94117641
11.14706039
10.82353020
11.02549076
13.74705982
15.81176472
12.27646923
12.34509659
13.08823395
13.31960869
11.25490284
8.79019642
11.74902058
14.18235207
16.52352905
18.90980339
17.00784683
13.24901962
10.66470528
9.18431377
10.46666718
12.08039379
16.60196114
12.63333511
12.59803963
14.04706097
14.62157154
13.30000114
9.31764603
10.24117756
13.18431473
14.37450886
15.81176567
19.25686455
13.54117393
10.93333244
8.90980434
8.91764927
11.17647266
13.97254753
14.23921585
14.35490227
12.95882416
15.06862831
16.38235283
9.85882473
9.54313850
11.87059021
13.00391960
14.92549038
17.84901619
15.57646847
10.89215755
9.22352886
8.15294075
10.52157021
11.37451172
14.62352848
13.95294189
12.22941303
15.72548962
16.58823586
12.21372414
9.45098019
11.19019699
12.39607811
13.38823509
14.65490341
18.21568680
11.39607811
8.91764832
8.37647057
9.31372547
11.14510059
13.13333130
12.16666603
12.50392342
17.17646980
14.76470757
14.99411774
9.68039131
9.53725433
12.52156925
11.95098209
13.78627491
15.98823452
12.94901943
8.84509659
8.07058811
8.04117680
10.72352982
12.60196018
12.33921528
12.40196037
13.23921490
17.88235092
15.44705868
9.74705887
8.99803925
10.76470757
11.35490036
13.10196114
14.18039322
13.60196209
9.38039112
8.62353039
7.12745190
9.90980434
12.25097942
12.56666660
12.92941284
12.35294056
18.91764641
14.08627510
10.28627586
8.79019642
9.42156982
11.76470375
12.28431416
13.00784492
14.15686417
10.15294266
8.46470642
6.59607792
9.56666565
11.23137093
11.94313622
12.62549019
12.51372433
20.51960754
12.24901962
10.08431435
9.03921509
8.93137360
11.63529301
11.72941303
13.59215927
13.29411888
12.24313927
8.17843151
6.34509802
8.08823586
10.23529530
11.45490170
12.55098248
11.02941227
18.53921318
16.49999809
10.67255116
10.05686569
8.73921490
10.98431301
11.99607944
13.47843075
12.53921413
14.31568527
8.50392246
7.75882292
5.94509792
9.25294209
10.67058945
12.75490093
10.99411678
14.31961060
23.66274261
9.92941189
10.75686264
9.65686226
10.56470776
11.94705963
13.38823605
12.48823547
14.91764641
9.49607849
8.24313736
5.92549086
7.97647095
10.17646980
11.35882378
13.37058735
13.37254810
23.42352867
12.49803925
11.88431263
11.78627586
9.59999943
12.75098133
13.53137398
11.94117641
13.22156906
11.78234863
7.84705973
7.19999981
7.01764774
9.56470585
9.95097923
14.72941399
12.08823586
23.35490417
17.63137436
11.17254925
14.27254868
9.08235359
12.28823566
13.69607925
12.92745018
12.92352867
12.80000019
8.43529415
7.85882425
6.70784330
8.47451019
9.57058811
13.94901943
10.87058735
21.82156944
22.86666489
10.55490208
15.04509926
9.85294151
11.05294228
14.64705753
13.74705887
12.20980549
14.35882282
9.44117641
7.97843170
6.67647171
7.10980463
9.35686302
11.84509850
13.61568546
18.51960564
25.57647133
13.09411812
12.27254963
12.04901981
9.44509792
15.76862431
13.52156925
12.89019585
13.40196133
11.84117794
8.06078339
7.42352962
6.64313698
8.77450943
9.78039360
14.89412022
15.04705906
25.67843246
16.94118118
9.77451134
12.73529243
9.61372757
15.07254887
14.24313831
12.10980511
12.16470432
14.00000191
8.97647095
7.75882387
6.26274490
6.71960783
9.04117489
14.08235168
11.79607964
23.96862411
20.65490532
10.92745113
11.88039017
9.87646961
11.50000095
16.20784569
12.12352848
12.10196018
12.64117718
10.39019394
8.01176453
5.62549019
6.18823433
7.78039217
11.62156868
12.75098228
19.90588188
21.56666756
13.35686398
9.39019680
13.19999981
9.58431339
16.13725662
12.49019527
11.09019661
11.91960907
12.63137531
8.36274529
6.73725510
5.10000134
6.82941198
9.97647095
12.04705811
16.15098190
23.04117393
15.32549095
8.78235245
13.00784397
10.97451115
12.59411812
13.97058868
10.30392361
12.66470718
13.93529510
9.46862698
8.35294151
4.92941236
6.04313755
7.86470747
10.69412041
13.98627567
21.84902000
16.70000076
10.70784378
9.43333340
13.34902096
10.01960754
13.27059078
10.68039131
10.66666794
13.84705925
11.70588303
8.71764755
5.74117708
5.40195990
6.91764736
9.33137321
12.40784264
21.10588074
18.14902496
11.99607944
7.95294237
12.32549000
10.07843399
11.61176205
11.17059040
9.20980358
12.43333435
12.42745113
8.97058773
7.38431406
4.84705973
6.25686264
9.05098057
10.50980377
20.20392227
18.38431358
14.31960869
9.94313717
8.69215584
11.72941208
10.39411926
11.53725624
9.32549095
9.96470642
13.43137169
9.92548943
7.92745161
5.57647085
5.70784426
7.70196104
9.81176472
16.51372719
19.84901810
16.84902000
12.42941284
8.23725605
9.74705791
10.01764774
13.24117851
9.61568451
8.83529472
13.52941322
10.16078472
8.78431416
6.50784349
5.49411821
6.54705906
9.68431282
13.23137283
21.04117393
17.20392418
13.13921547
11.43333435
8.22549057
11.15882587
13.51568890
10.60980415
8.81960869
10.73333454
12.30784035
9.71764851
7.66666603
6.10980368
6.16862774
8.06078434
11.32745171
21.51960754
16.39411736
13.28627396
14.18823528
8.38627434
10.53725624
13.84902096
12.20588303
8.59215641
9.39019585
13.01960945
10.15686226
8.86078358
6.76862764
6.60392046
7.09411764
9.83529472
18.43136787
17.49215698
15.96666813
15.15882301
9.11568546
10.44509888
11.98431206
14.65490246
9.63921547
8.87843323
12.84313679
11.20784187
9.84509659
7.37843132
5.65882301
7.32549047
8.74705887
14.40392017
19.26666641
17.72352982
14.04509735
13.14902210
9.62156868
12.18823242
15.10196114
10.57451153
9.94117641
10.91568565
13.08823586
11.28235340
8.33529472
5.38627481
7.05882454
6.93137407
11.44902039
19.90588379
16.82549095
14.20588017
15.95882225
8.02549076
12.89999866
12.71372509
12.80784225
11.49607754
11.57451057
13.94509792
11.55686092
9.13333321
7.05882406
5.77254820
6.53921556
9.09607792
19.17842674
14.81568527
15.80392265
15.74313736
9.81176567
9.30588245
12.93333435
14.40980434
11.43529415
14.05882359
12.63137436
11.46470833
10.28039360
8.12352943
5.69803905
6.07254887
8.49411774
16.50588417
16.14509964
15.99607944
12.90000248
13.68823814
9.19215775
12.10980415
14.93333340
11.25294209
13.35882187
11.85490322
11.27843094
12.24901962
8.04901981
6.83333349
6.01960802
8.03921604
12.91568661
18.82353020
15.93333435
12.86078453
15.12941074
9.78235531
8.72745132
13.90587997
12.45490074
9.92745113
13.92156601
11.59215736
12.83529282
9.06862831
7.63725519
6.14902020
7.24509764
12.67254829
18.86863327
14.60392094
14.51372337
13.29411793
13.32156563
8.75490379
11.12352943
13.61568737
9.38431644
10.93333435
11.76470566
12.17255020
11.63529491
7.44705868
5.64901924
7.57058811
11.62941074
18.01568413
14.00980377
16.38823700
13.16470528
14.92156982
9.15294170
10.13529396
13.66666794
10.40784264
9.12745094
10.97058964
10.99411964
12.58431339
7.99803925
6.44705963
7.03725481
10.70588207
15.88039494
14.77843094
16.17058945
12.74509811
15.19607830
10.80000114
9.95098019
12.54902077
12.55490017
8.73725605
9.47058773
11.19215775
11.62745190
10.16470718
6.57647085
7.20980406
10.68627453
15.19803905
15.54509830
14.31568527
12.69019604
14.86078453
13.18431377
9.97254944
12.37843323
12.96862793
10.23333359
8.58823490
11.01372623
10.41568565
11.31372738
7.67843103
6.77255058
10.88235188
15.92745209
15.99215794
11.40588379
15.15490246
12.97646999
17.52353096
9.52549076
12.00980568
13.23725414
11.86862850
8.87843037
10.08431625
10.31176376
10.44117832
9.02548885
7.35294247
8.43725491
15.86470604
15.94509888
12.19607830
14.31568718
11.86274529
17.47451210
13.35097885
10.91568756
12.85882282
12.70980358
10.17646980
8.82549000
11.65882301
9.17843246
9.83137417
7.97843122
7.71372604
13.82941246
15.15098095
12.50980473
11.77058983
11.97058773
15.67254829
17.19411850
10.45882320
12.29019547
12.63137150
12.07451057
9.15490150
12.25294113
10.02941227
10.52156925
7.86666632
7.50000000
11.32352829
14.42745018
11.68431377
10.33529472
11.65490150
14.09216022
18.15294266
12.03333378
10.12549114
13.16862869
12.59019566
10.98627377
10.49411678
12.52352715
11.07647038
8.54313660
7.31568575
9.03921700
13.58039188
10.16862774
10.30784321
10.30980206
12.37450981
16.88235092
15.53333473
9.37843132
11.54901791
12.57058811
12.75489998
10.01176548
13.98627186
11.33529568
10.36274815
8.19411755
8.10980415
10.93529320
10.22941208
9.66862583
9.68039227
11.31176567
15.25098038
18.39019585
10.23137283
10.01568699
11.23529339
13.03333473
10.75097942
12.76274586
12.94705772
11.50980663
10.39411736
7.82745123
9.66274548
9.62352753
7.71568680
9.61568451
10.41176510
13.55097961
18.13921547
13.42549038
8.35294151
11.03137398
11.62745285
11.98823643
11.08627415
14.57843208
12.91961002
11.72353172
8.15294170
9.20392418
8.76862717
7.59411764
8.61960697
9.58823395
12.76862812
15.54509735
18.59411621
7.15490294
9.26666737
11.54901791
13.96274567
10.46078396
15.40980625
12.93333340
11.99803829
8.85882282
8.01764679
9.36470699
7.49607992
6.88235331
10.11764908
12.81764793
14.29607773
19.17843246
10.08823490
8.66862679
11.31568718
13.34313965
11.48235607
15.12745190
13.00784492
12.12156963
10.23137283
6.63921547
8.70392132
8.86862850
6.53921652
8.89803886
11.87647152
15.41176414
17.12745094
16.85294533
7.09215689
10.17843151
12.48627567
13.73333263
11.72156906
13.48431492
12.13333225
11.75489998
7.24117613
7.49607849
9.56666756
6.78235388
8.22745037
10.70980358
15.75882530
14.91372681
19.53529549
8.13333416
9.83921432
10.53725433
14.59608078
10.44706059
14.30980396
10.94902039
11.00195885
8.86078548
6.19215727
9.28431511
7.65686274
6.89019585
10.05294037
15.75686359
15.57646942
17.97842979
11.47255135
8.03921604
10.05882263
13.25490379
12.11960697
12.18039227
9.91960812
10.76862907
10.73921680
6.70392036
7.26078320
8.29411888
6.41960812
8.94705772
12.81568718
17.18823624
15.70784378
15.51372623
6.04117680
10.06078529
11.18038940
13.27058792
10.70784283
10.92156601
10.29019737
11.09607887
8.95098209
6.13921595
8.25686264
6.68823385
7.81568527
10.48431301
16.45686340
14.79607677
16.89607811
9.00196075
7.76666594
11.34313965
12.90784264
10.59019756
11.35490227
10.09607983
10.30196095
11.55098057
6.03333282
7.06666756
7.52745056
6.33333397
8.64509773
16.45097923
13.90980434
15.44313717
14.77843380
6.43921566
11.74901867
11.60196018
10.85882378
10.72156906
9.57450867
11.68823624
11.95097923
7.36666679
6.06470633
7.29411840
6.56666803
7.00195980
14.17451000
15.07255173
14.39412022
18.46470642
8.45882416
10.98039150
10.54313755
10.74313736
10.08039284
8.88627434
12.31176376
10.79019547
9.60588455
5.66274595
6.60588217
6.29803896
6.10392141
10.56470680
17.08235359
14.34510040
17.82745171
13.73725510
8.19411755
12.56666565
9.98627663
9.65882397
9.66666794
11.64313889
9.92549133
11.25098324
5.80980396
5.96078396
5.51372623
6.00196123
7.84313774
16.34902000
15.49607849
16.20588493
20.47647285
6.80392170
12.28039074
8.98431301
9.58627510
10.41960907
10.64313698
11.39215660
11.58235455
6.93725491
5.74509954
5.33725500
5.55490255
6.40392208
14.74902153
16.15098000
17.23529625
18.89412308
11.73529530
9.18823624
10.67647076
8.52156830
10.36862659
10.52352810
12.83529282
12.39999962
8.49804020
5.64313745
5.38039207
5.09803915
6.15882397
11.59607792
16.84705734
18.70980263
18.09215546
16.55098152
6.62941217
9.59215641
8.49411869
9.59803867
10.35294247
12.78039265
14.02549171
10.07254791
6.15294123
5.49019623
4.98823595
5.91568661
9.42156982
16.79215622
19.30000114
16.60784340
18.28627396
9.63725281
7.55882359
7.85490179
8.55490208
10.83137131
12.17254829
14.69803810
12.03137398
7.25882244
5.91960859
4.64901972
6.13921642
8.42941189
16.86470795
16.56274605
17.67058945
17.08039474
14.15686321
6.75097990
7.41764736
8.00000095
10.43921661
11.33921623
13.79607773
14.11960793
9.33921719
6.34313679
5.13921642
5.49019623
8.78235340
15.30000114
15.89607620
16.97059250
16.68823624
18.43921471
6.65686226
7.34706020
7.88627434
9.91568661
10.91176414
12.73725605
15.17059040
11.26470757
6.83921528
6.08431387
5.33137274
7.36078453
15.02156830
15.47451210
16.85686302
15.79411697
15.85686398
12.40196037
7.70196104
8.01764774
9.20784378
10.32941341
12.59607887
14.21764374
13.48627377
8.69803905
6.18823528
6.51960850
7.99607801
13.67451096
15.69215775
15.03137398
15.96470356
15.91764641
16.08039284
8.09215641
7.77254868
9.18823528
10.38039398
11.25489998
13.34117508
14.89215660
11.67058659
6.98431253
6.14509773
8.76274681
13.87647152
16.00784302
14.03529453
15.38038921
15.74117565
15.99412060
11.26470566
8.23725510
9.04509640
9.90392303
9.93137264
12.80980206
15.77647018
14.16274452
8.89607906
6.33529377
8.79803848
13.76470566
15.71568775
15.13529205
14.81960678
14.28823471
13.78039360
15.28431702
9.85098267
8.54705906
9.33137417
10.15098190
10.68627453
15.26470661
15.10980225
11.77450943
6.97058916
8.24509716
12.32353020
15.48039532
15.08235359
15.05098057
14.27058792
13.96470356
16.72745132
9.79215813
8.63921547
8.32941151
9.85882282
9.80784512
12.60000038
15.36470509
13.25294209
8.94313812
7.16470528
9.98235416
15.53921795
14.74705887
16.08235359
14.13529491
14.47058773
13.57843208
13.99411774
9.04117680
7.28039312
8.82352924
9.45294189
11.34705830
13.96862698
13.64509773
12.12745094
6.93333292
9.31372547
12.28823662
13.59411526
16.45294189
15.33333397
14.24705887
13.12156963
16.32549286
9.12745190
7.95098019
7.26274443
9.40784359
10.96862698
13.11568546
12.96470451
14.58823586
7.58627510
8.53333187
11.04901981
11.63725281
14.74313927
15.98627472
14.50784206
14.23333454
15.92156887
10.69411850
8.13529491
6.53921556
8.71176529
11.13725471
11.68627357
11.86470509
15.70000076
10.52156925
7.06666660
9.89608002
11.02156734
11.22353077
14.76862717
15.16471100
15.09019661
12.72156906
13.69019794
8.32352924
6.23137236
8.94117641
10.27647209
11.23137379
12.38823891
14.33725548
13.19411850
5.91764832
9.70392227
9.86862659
10.79803753
12.49411774
13.21960640
15.12549210
12.31764603
15.24509907
6.91960859
7.03921556
9.03333282
9.66274643
12.61960888
13.28627491
13.26862717
15.00392151
7.11568689
8.18235302
10.47058964
10.34509850
10.23921680
11.71568584
13.57058716
12.82156944
12.80980301
10.59412003
6.88431358
8.38235283
10.87255096
12.86078548
13.03725433
14.33137417
16.40588188
9.06862736
6.78235245
11.67646980
11.02941227
9.86470604
10.54705906
11.81764698
13.42353153
11.38039112
13.97451115
6.12941170
7.54509878
10.76274490
12.02941036
13.26862621
15.39215374
15.25686264
11.99608135
7.33529520
11.16862679
10.99804115
10.50000095
9.49411678
11.44117546
13.63333511
11.70784378
14.22548771
9.20980263
6.69803953
9.06666756
11.62352943
13.36666393
14.83921814
14.11960793
13.93725586
8.57254982
10.55686378
11.09215736
10.38627529
9.24509907
11.37254906
13.81176758
11.65098000
13.31176662
12.21372604
7.59019661
8.25686359
11.05490208
13.28627777
13.82549000
16.00588226
14.15294170
10.06470680
7.96274614
12.51568413
10.57254982
9.96274757
10.60392189
14.16274643
12.38431454
11.52549076
13.69607925
8.26666832
8.93137360
11.21960926
12.90392303
13.72745228
15.38823318
13.70980263
11.69607830
8.62156963
11.24705982
10.01372623
10.60588264
9.88039398
13.25490093
14.40980053
10.43529415
12.76862717
10.91568565
8.94117641
11.45882416
12.47646904
13.97647095
13.91960430
15.69804192
11.49019623
10.12352943
9.83529282
9.99607944
11.15686417
9.91764736
12.31372452
15.06470585
10.91961002
11.06274414
12.55686283
8.77647114
11.98823547
12.09999847
13.51372337
13.73725224
15.04705906
12.85686398
11.36274624
8.94117641
10.91372681
10.30392170
11.37450981
12.36078644
15.34117699
12.55294037
9.52156925
12.96470547
9.95882225
11.28039265
12.44901848
12.52156830
13.25294304
13.71568775
15.05490303
12.66862869
9.27451134
10.23137379
10.49019527
12.04117680
12.02745056
16.10000229
14.96862793
9.95490265
11.34706020
12.02941132
10.54705811
12.09215641
11.82941246
11.35686111
13.71568680
14.69215965
13.42353058
12.44705963
9.29803944
10.50588322
12.55293941
12.19411469
15.37058926
17.52353096
10.43725777
10.54510021
12.92157078
11.05294132
10.62156963
11.39215755
10.53921509
12.40980434
14.50980377
14.07451248
15.15490246
9.56666660
10.22156906
11.53529358
12.74509716
13.54117775
16.98039246
12.35490227
9.49999905
11.92549229
13.26470566
10.27843285
9.75882530
11.01176739
10.72549057
13.47254848
15.78235435
15.78039169
13.38235474
9.25882339
10.09412003
11.93529415
12.04706001
15.11372566
13.46666813
9.10980511
11.10588264
15.18235302
9.03725529
9.56274700
11.32745171
10.10588360
11.09215927
15.77451134
16.23725510
17.02156830
9.66470623
8.22941208
10.98039150
10.82941437
13.74313831
15.36078644
9.43137360
10.31568527
12.85293865
12.02549076
9.56274605
10.46862698
11.12353039
9.49607944
13.66470718
16.34509850
17.46078682
13.40196037
7.55882406
8.92941284
9.66666603
12.58235359
15.00980473
10.57647038
8.98627472
11.89607811
14.42353058
9.17451000
10.17451000
11.35686207
9.14902115
11.05686283
15.43137550
17.67450905
16.32745171
7.72941256
7.30000019
8.70000076
11.05490398
14.07450867
12.19215775
8.04117680
10.79019642
13.82745171
11.44117832
8.94117546
9.88235474
11.21372414
9.43725491
13.28039265
16.48235512
17.93725586
10.75686455
6.41960859
7.62548971
9.50196171
12.38627625
13.10784531
7.33921623
9.28235245
12.23921776
14.48627663
8.71372604
8.40980434
11.15490437
9.13137245
11.41568661
14.00391960
18.37059021
13.30000305
6.81176519
6.99019718
8.34705925
10.02941132
12.96470451
8.28627491
8.54706001
10.30392170
16.04510117
9.40588188
8.37058735
9.62745190
9.05490112
8.83921623
13.16666794
17.10980225
16.16274452
7.72745037
6.72549057
7.11372471
8.84509945
11.25490284
9.61568642
7.80392027
9.36078262
13.29999828
13.44901943
8.88039112
8.83921432
9.47058868
7.58431435
11.24117661
14.83333397
19.12352943
10.07255077
6.27843189
6.63529396
7.50784397
8.49804020
10.82941246
7.13137197
8.97255039
10.76470661
16.05686378
10.20588207
7.91960907
9.68235397
7.33921576
9.40196037
13.72352886
18.71372795
12.68039227
6.64117718
6.65098095
7.05294085
6.78431320
10.59411716
7.67450953
8.37058830
9.42549133
15.13529491
12.91176605
8.00196171
9.95294094
8.50980473
7.87058878
12.15490150
13.99411964
15.63333511
8.04117680
6.17647123
6.39411736
7.71372461
8.59215736
9.09019756
7.50784349
9.64705944
12.27843094
15.32745075
9.88039303
8.93333435
8.78823566
7.39215708
9.63529491
12.17451096
15.97451305
9.66666698
5.90392208
6.33921576
7.17843103
6.84117699
9.34509754
7.11372423
8.77254868
10.84313774
15.88431454
11.77058887
9.24705982
8.94901848
7.51960659
8.65294170
10.54902077
14.42548847
11.92941380
6.75882339
6.45686293
6.11176491
6.39215755
8.36666679
7.20588207
7.86274433
9.95294189
14.12744904
14.53333187
9.33137321
9.97058868
7.92156887
8.13921642
9.99803829
12.85490036
13.31176662
8.12745094
6.89607859
5.80980396
6.09215736
6.96274519
7.92941284
7.30196190
8.55882359
12.26470661
16.04313660
9.70980453
10.06274509
7.45882320
8.10196114
9.61764812
11.40196228
13.93921661
9.65098190
6.95097971
6.12941217
5.60392237
6.59019613
7.54902029
7.60392237
7.44509745
9.71568584
15.46666718
12.04313564
8.36862755
7.77058935
7.17254782
8.73529434
10.50980377
13.72941208
11.70980453
8.00000000
6.07058907
6.51764679
6.30196142
6.38627386
7.83333302
7.82156897
8.50392151
13.63725471
14.53921509
7.60588264
8.38039398
6.36666679
8.57059002
10.05490303
12.73725414
12.70784378
9.86470509
6.33725548
6.04117680
6.31960726
6.32941341
6.56078434
8.44705868
7.94117546
11.61372375
15.46862698
9.81176758
9.32745075
6.24313831
7.48823643
9.40980339
11.54313755
13.45882511
11.00196266
7.33725405
5.61372519
5.86862803
6.54313755
6.30784321
7.52549076
7.58431339
9.19803810
14.19999981
13.22941494
10.44313717
7.01568651
7.25294161
7.94117785
10.17254925
13.19411850
13.21372604
8.11960793
5.51568651
5.93137217
5.69607830
6.04705858
6.95490074
7.50784445
7.78627539
11.86470699
15.44117641
10.83921432
9.56078339
6.60980415
7.69019699
9.00980473
11.76470566
14.14117908
10.54313564
5.92548943
5.52352953
5.47646952
5.57647085
6.56470537
7.09411716
7.59411812
9.96862698
14.34706020
11.86862850
11.50784492
5.92745113
7.91176414
8.02548790
10.84313774
13.52353001
12.74705887
7.60392189
5.52352953
5.39019585
5.00980425
5.81176424
7.20980358
7.17058897
8.52353001
12.50588226
13.14313889
11.26666832
6.83725452
6.79215813
8.10000038
9.91764736
12.15294170
13.23921585
10.19019508
5.61960745
5.63137293
5.10392237
5.70195961
6.57450914
7.30784273
8.38431454
10.12352848
13.67450905
10.26078415
7.91372585
5.68627501
8.72156906
9.07647038
11.61764812
12.87255001
11.71960735
6.44117737
6.03725576
4.95294094
5.55882311
5.61372471
7.40196133
8.71176529
8.73333359
12.14509964
10.67058945
9.12549114
6.07647038
6.43137312
9.51764870
11.74313927
12.57843208
12.95686340
7.47647047
5.72941208
5.37647104
5.54117727
5.47058773
6.37451124
7.61372423
8.88431454
9.64705849
11.84313869
9.97843170
6.28431368
5.64509916
9.15686226
11.60196209
11.42744923
15.34509850
9.96078396
5.41372538
6.25098038
5.36470699
6.06274557
5.74705935
6.99803925
9.28431511
9.13137245
10.62549019
10.32352924
6.76666784
5.35490179
7.20196152
10.41176414
12.43921661
15.50000095
12.58039188
6.44117689
6.26274586
5.07647085
6.52745104
5.92549086
6.66862774
8.72941208
8.91568851
9.53921604
10.84313774
8.59803772
5.53137255
5.76078463
9.35098076
12.78627396
13.79215527
15.14509869
8.61764622
6.06078482
4.85882378
5.91764641
6.31176519
6.39215708
7.89411688
8.56862736
9.26078415
11.61764717
9.55686283
6.53725481
5.75294161
7.42941189
13.00195789
12.92353058
15.81176472
12.22549152
6.71176577
5.30196047
5.22941160
6.62549067
6.05490208
7.59215736
8.05294132
8.62352943
10.16470623
12.35098267
7.00588226
6.35686302
5.58431435
10.78627491
13.23529530
16.42549133
12.47647095
9.12548923
5.04509878
4.74901962
6.92745018
5.37647104
6.63921595
7.62156820
7.87058783
9.66470814
12.46666718
7.62745190
6.78823471
5.26470613
8.30195999
13.15490341
14.44509792
12.35686111
11.40196133
6.03921604
4.62941170
6.13333416
5.52745104
5.53529406
7.45098019
7.59607887
8.98627472
11.13333225
9.97647095
6.33921528
5.77647209
5.87843275
12.55294132
13.12745476
13.68039036
12.76862717
7.01372576
4.90588188
4.68039179
6.23137236
5.23529339
6.91372490
7.63529491
9.06666756
9.54313850
12.07451153
6.19607878
6.75490189
4.77450943
9.75490093
12.99411678
13.32352829
14.27451134
10.24509907
5.21960735
4.73137283
5.62549019
5.29803896
6.05294037
8.24509716
8.24313736
9.44509888
12.14902020
7.73333311
6.84902000
4.35686350
7.55882359
12.48235130
13.72548962
14.33529472
13.46470642
6.11176443
5.32549047
5.11960793
5.43921518
5.02353001
7.66862726
7.74901915
9.54705906
11.49411678
10.09215641
5.44901991
5.46274662
6.16862726
11.02548981
12.91568565
13.69804001
15.18627644
9.11960888
5.51176453
5.39215612
5.86862755
4.43137217
6.65098095
7.05686283
8.69803810
9.93137360
13.50980282
5.19215727
5.74509811
5.55490112
8.35490131
12.25686455
13.95490265
14.81961060
10.96274567
6.15882301
5.74705935
5.68823576
4.58431387
5.67058849
7.17646980
7.80980349
9.20980263
13.06078529
7.01372528
5.75490284
4.40980387
7.90980339
11.11960602
13.06666946
13.62744904
12.47843170
8.03921509
5.38039207
5.34705925
4.93333340
4.77647114
7.05882359
6.87843037
8.92745209
12.22353077
9.36078453
4.70196056
4.59607792
7.70588255
9.43137169
11.93921757
13.39999962
12.97059059
9.97647190
5.52353001
5.06470537
4.81764746
4.86470699
6.09803915
7.30980206
7.89803982
10.27254963
11.65098190
5.16666651
5.30196142
6.64902020
7.28431320
11.77254963
12.62353134
12.89411640
11.50000191
7.63529348
5.10784292
5.58431339
4.94705868
5.02941179
7.41568708
8.05294037
8.88431454
11.94313812
7.95490217
5.64901972
4.53921604
7.25882435
10.45882416
12.53137207
12.45490360
13.03921509
9.95294094
6.31176472
5.24901962
5.37843132
4.52353001
7.04117680
7.90000057
8.88039398
10.26470757
10.60392094
5.48039246
4.91176558
6.30000019
7.64705849
14.26078510
12.39215755
12.50784492
12.64509773
7.41568708
5.33725500
5.53921604
4.91764736
5.74901915
7.42352915
8.77843189
8.90392208
11.23921585
6.85490227
5.05686235
5.17843151
6.38235331
13.44313717
13.35098076
12.67843151
12.77254772
9.37254810
6.35294104
5.05882359
5.84117699
4.95686293
7.32156992
8.39411736
9.12549114
9.79607868
9.27646923
5.12745142
4.78823519
6.03921509
10.00980473
14.94901848
13.27843094
11.93529415
12.23921394
6.83921623
4.88235331
5.98235273
5.07058907
6.61372519
7.62548971
8.83921528
8.62941265
10.44706154
6.05098057
4.46666765
5.92745066
8.43529415
14.45098114
14.10980415
12.14705944
13.31568718
8.05686188
5.30588198
4.90980434
6.06078339
5.89803982
7.09215593
8.42941189
7.87843180
10.19215775
7.68431234
5.03921652
5.84117651
7.01568651
12.79019642
15.29607964
12.61176586
12.90392017
11.20000076
5.77058887
4.84313726
6.38627481
5.25294113
6.96862745
8.03725529
8.19999886
9.33333397
10.04901886
4.91764736
5.68627405
6.71568727
11.67647171
14.65686417
13.77647209
11.91176605
13.65294266
7.04313755
5.75686216
5.34313726
5.96470594
6.81568813
7.58039236
8.65490341
8.42745113
10.94901943
6.67450905
5.40784407
7.02941084
8.43137264
15.00000095
14.50980377
11.85098171
14.31568909
9.63529491
6.00000000
5.20980406
6.16470623
6.51764727
7.21568727
8.32156849
8.51568604
10.32745171
9.41960907
4.67058897
7.02941227
6.70588255
13.81960773
13.63529587
12.87843227
13.13333511
12.67254734
6.06470585
5.80588245
5.63921642
5.66470575
7.10392141
8.01960850
8.36470604
9.73725510
10.20392227
5.80588293
6.28627491
6.30980444
10.19803810
13.21568584
13.05882454
12.80000019
14.17254829
7.59215689
5.71764755
5.56470633
5.45686150
6.16274452
7.41764832
8.61568546
8.64117813
9.88039112
7.38039255
4.74901962
7.72941303
6.97450924
12.18823528
12.08627415
12.30000019
14.97254944
10.51568699
5.56862736
5.84902048
5.38627386
5.85882282
6.28823519
8.61764812
8.58235359
8.96862698
8.87647057
5.06862831
7.07647038
5.57450962
10.43137455
12.08823490
11.40392113
13.74901867
13.46274662
6.55490255
5.87058830
5.70588255
5.61568594
6.05098009
7.39019585
8.93921566
8.68235493
9.55294228
6.95882273
5.83529472
6.15686274
7.97451019
11.36666775
11.86862755
11.56862926
14.66274548
9.38431454
5.72352982
5.74509764
5.54117584
6.00980425
6.63921595
8.87451172
8.50000000
9.63725567
8.46666718
5.53137255
6.35490227
5.83921671
10.81568623
11.49804115
11.39411926
14.65098000
12.58627224
6.18823385
6.08627462
5.30392218
5.82156849
5.86862755
8.26862621
8.27647018
9.41372585
9.16274643
7.28235388
5.55098104
5.54117632
8.98039341
10.39215851
11.27843189
14.65098095
14.02941227
8.16078377
6.33529377
4.86862755
6.20980406
5.08627510
7.87647152
7.88235378
7.96666670
9.95882416
8.71960831
5.49019623
5.31568623
6.03725529
9.97647190
10.21568680
13.28039265
16.04314041
10.40000153
5.88627529
5.38823605
5.71764755
5.32745171
6.76862717
7.67058849
7.86862898
9.52744961
9.18431473
7.03333521
5.50980425
5.57647085
8.39411736
9.64706135
11.42549038
16.32745171
12.46862888
6.44901943
5.45490170
4.86470604
5.66862726
5.94901991
8.11372566
6.94313765
8.82941151
10.38235474
7.43333340
5.65098047
5.12745142
7.66666698
8.88235474
10.27843285
14.25686455
14.21372509
8.06666851
5.27255058
4.47254944
5.63921690
5.08039141
7.45490170
7.32745171
8.10392189
10.72548962
7.92941380
5.67450905
4.79411840
6.95686245
8.43137169
9.09019756
12.54117775
14.37646770
10.29999924
5.69411755
4.35686302
5.40980434
4.80588341
6.60784292
7.68627453
7.60784245
9.92549038
9.27058697
5.81764650
4.80980396
5.57254839
7.59019566
8.66470623
10.91176701
15.12156868
12.55490303
5.94313669
4.60980415
4.73333311
5.59999990
5.74901867
7.95098114
7.69607925
9.28627586
9.99803925
6.52352905
4.84901953
4.99803877
6.46274519
8.21372604
9.59019756
13.77843285
13.67451000
7.82941151
4.99607849
4.26470566
5.88039160
5.73921585
6.77450943
7.76274538
8.18235207
10.44117832
7.94313669
5.51372528
4.91960764
6.11960793
7.53333378
9.32745171
11.81764793
13.28431416
10.00000000
5.30196095
4.71372557
5.32156897
5.55882454
5.91568613
7.72352934
7.34509850
9.83529472
7.72941208
6.27254963
5.39803886
6.19215679
7.03529453
8.62941170
9.47058868
13.83137321
11.28039074
6.32745218
4.90784359
4.95294142
5.59607887
5.61568642
6.65882492
7.24509859
8.61960888
8.73725510
7.57254839
5.40980387
6.28627539
6.96862602
8.35293961
9.29215813
12.21764660
12.80784225
8.78039169
4.86862755
4.87647104
6.00784397
5.31176472
5.96078444
6.72352982
7.27843094
10.34313774
8.39803791
6.54705858
6.06078434
7.36862803
9.55882359
9.46470547
11.18431473
14.00392246
10.03137302
6.50980377
5.04509735
5.01764727
5.78823566
5.58627558
6.70980453
6.90784264
10.43921566
8.79215527
7.76470709
5.39803934
7.28039265
7.58823586
10.38039017
10.70784187
13.79607868
11.84313679
7.08627462
5.34509802
4.71764803
5.37254906
5.88235283
6.12549019
7.40784216
8.58823490
10.00980282
8.42941284
5.44901943
6.36666679
7.93137217
9.30588245
10.24705791
12.06666756
11.51176357
7.78431416
5.36274529
4.68235302
5.30392218
6.79019690
5.90196037
7.87058830
6.95098066
10.68039036
8.64705849
6.22352982
5.69804001
7.71372700
7.15882444
9.30196095
11.69411755
12.14509964
8.94117737
6.25686216
4.64705896
5.02941179
6.22549105
7.48823595
7.62352896
7.26470613
9.13333416
8.92549038
7.89215803
5.03529406
7.11372566
6.98823547
8.24509811
9.73333263
10.99607944
10.10196209
7.05098152
5.94902086
3.97254872
5.75882387
7.92353058
7.39215660
7.99215603
7.70000076
9.45882416
8.11764812
5.73921633
6.73921680
7.08627462
6.58235216
9.16274643
9.80784225
10.75294304
7.90196037
6.63725471
3.81960773
5.22745132
7.59999943
8.31372547
7.15882301
7.68823481
8.93137264
8.40784454
7.13725567
6.00196123
7.14117718
5.92352915
9.29607773
8.51372528
10.76274681
8.49019623
7.24509859
5.14313841
4.37058830
6.42156839
7.53725529
7.14901876
7.12548971
8.61960983
8.05490208
7.90784359
5.61568642
7.69019556
5.90392208
7.17843103
9.88235378
9.50196171
9.67647076
7.99803972
5.88235378
3.37451029
5.02156878
6.41372538
7.62941217
6.95490074
7.20000124
8.25882435
7.97843122
6.33725548
6.54313850
7.04901934
5.94509792
9.23333359
8.97647190
10.08039379
8.15686321
6.61764860
3.84705925
3.98235297
5.29803944
6.70196056
7.49411917
6.65490150
8.16666603
7.36078405
7.82745075
4.85686302
7.88823557
6.16274452
7.40588284
9.78431511
9.74313736
8.33725452
7.63725471
4.76862812
3.37647104
5.14313698
5.57451010
7.05098009
7.18627596
8.08235264
7.76470470
8.03725529
5.58627462
6.78235340
6.80980396
6.74901915
9.37058830
9.20588303
8.76274681
7.32156944
6.31764698
3.48823595
4.42549038
4.95098066
6.50980330
7.66470623
7.58627462
7.91568613
7.76862717
7.64705944
6.46274471
7.04705858
6.75882387
8.15882301
8.75098133
8.84313774
7.50196028
6.93137264
3.98823571
4.15882349
4.50980377
5.74117661
7.44705915
7.29999971
8.00784397
7.68039274
8.07647133
6.30588198
7.75098133
7.09803915
6.64313698
8.85686111
8.58823586
7.27450943
6.78431416
5.90588379
4.25294065
3.70196104
5.09215641
6.70196056
7.47647047
7.77647161
8.03529358
7.84313869
6.41764784
8.48627377
6.03725529
6.53137302
8.72549057
7.75882387
8.07843018
6.57843113
7.05490160
4.06862783
3.78627539
4.41372585
6.29607821
7.38627434
7.56078434
8.44509888
7.69803905
7.74901962
6.91372585
6.53921652
6.32745218
7.51960754
7.78431320
8.30588150
6.70000076
7.03333282
4.27647018
3.82353020
3.83921623
5.63333321
6.91764641
7.59411669
8.42745113
7.87058830
8.19019699
5.97843170
7.13137245
6.01568651
6.99019575
8.32941246
7.61764765
7.92745256
6.59607840
5.69411898
3.60196114
3.36666656
4.56470728
6.02745104
7.02549124
7.76862717
8.52745152
7.84705877
7.62352943
6.53333473
6.07450962
6.73137236
7.02156830
8.22549152
8.41960812
6.92745161
6.37646961
3.44705939
3.37843156
3.66666675
4.81764650
6.46274424
7.28823471
8.53921604
7.65686226
8.40784264
6.29607868
6.01372528
5.93333340
6.70980406
7.72156763
8.53333378
7.23137331
6.31372547
4.37058830
2.92549086
3.52941203
4.12549019
5.74313736
6.99607801
7.79019737
7.87842989
8.11176491
6.56666613
5.95686245
5.82941198
6.26470613
7.55098104
8.04705906
7.69019651
6.43725586
5.30392122
3.36274529
3.09019637
3.80196095
4.65882444
6.89607859
7.22157001
8.24117756
7.57647085
7.56862736
6.21568680
5.44705915
5.76862669
6.97843075
7.49803925
8.33725548
7.19803953
6.33137321
3.96470594
3.25882411
3.46470594
4.05490208
6.11568642
7.15098095
8.33725643
7.42549038
7.68039179
7.46078444
6.00392199
5.33725452
6.41960716
7.12352991
8.15882301
7.19607782
6.24313736
5.30588198
3.25098038
2.97450995
3.80196142
4.95686293
6.91960764
8.30980492
7.55882215
7.85490227
7.10980415
7.56666613
4.58235359
5.65294075
7.23725462
8.50588417
7.67451191
5.90588188
5.92745066
3.83921576
2.60980415
3.49215651
4.25097990
6.09215689
7.88823509
7.85294247
7.87843180
6.90588236
8.68823719
5.33529425
4.98627424
6.20000029
8.33137417
9.02745247
6.17843056
5.86274481
4.64705992
2.52745152
2.77254939
3.74313784
4.92745113
7.66862726
8.23137379
7.81176472
7.10588217
7.77450991
6.41176462
4.73333263
5.57451057
7.24901962
9.57843208
6.89803934
6.38823652
5.23333359
2.58823562
2.30980420
3.26862741
3.98235345
6.58039284
7.91176462
8.11960793
7.21764755
7.06078434
6.71960831
4.52745152
4.80588293
6.04313803
9.40784359
8.17254734
5.98235464
5.93333340
3.20784402
1.98627484
2.77058864
3.84117675
5.45294189
7.64509821
7.45490265
7.48823595
7.50588322
7.15294170
4.63921547
4.42941141
5.80588293
7.48235321
9.54509830
6.00784349
6.02549028
3.83921552
2.34117651
2.29215717
3.60196114
4.30588293
6.79999924
6.73725557
8.27254963
7.37058973
7.90980387
5.25294161
4.34313774
5.02156830
5.76666641
9.58431435
7.96078587
5.86862659
4.27450991
2.75882387
2.27647066
2.89019656
3.75098062
6.02549076
6.96078491
7.42156792
7.99607706
7.39411688
6.94313765
3.95294118
4.47843075
5.45098019
7.62352943
8.20196152
6.67058802
5.22941113
3.60196137
2.38039255
2.65686297
3.64313769
5.23921537
6.58039188
6.92352867
8.05686378
7.28823519
7.53333330
4.29803896
4.92352962
4.83333349
5.88431406
8.72157097
7.39215803
5.90588236
4.48431444
2.71372581
2.87058878
3.12156868
3.80588222
6.47843218
6.50784254
7.73529482
7.77058935
6.81176615
5.87647200
5.12352943
4.31176472
5.19215679
8.12549210
7.98431396
6.21176481
4.65294170
3.53725576
2.99607849
2.21568656
3.94705915
5.19019604
6.17451048
7.23725557
7.70196104
7.05294085
6.96862841
4.56470633
5.06666708
4.77843094
6.27254915
8.37647057
6.33137321
5.28823519
3.97450995
2.86274481
2.32156873
2.95098066
4.64117670
6.14313745
7.01960802
7.49215651
7.57254934
6.52745008
5.28039265
5.61764717
4.27254915
5.19411755
8.39607906
6.32941198
5.59019661
3.98627448
2.75490189
2.81960845
2.58823562
4.02745056
5.21568632
6.80195999
7.70980406
7.88431406
6.64313745
6.68823433
4.86666775
4.25882435
4.97647095
7.19999933
7.10784388
5.66078424
4.81176424
3.29607868
2.76470637
2.72549033
3.42745066
4.27058840
6.11176443
7.28431320
8.24705887
7.05097914
6.24509907
5.33725500
4.94901991
4.68627453
6.08823586
8.27451038
5.18235302
5.30784273
3.77647090
2.72549081
2.76666689
2.66274524
3.85490274
5.49215698
6.63921595
7.98627377
7.36666727
6.69804049
6.34705877
4.73333359
4.63333368
5.02549076
7.72941256
6.29019690
5.15098000
3.68627477
2.85882378
2.78823471
2.75098085
3.30980396
4.57058859
5.87843132
7.72941113
8.18039131
6.86470652
6.59411716
5.47451067
4.76666594
4.85882425
6.54313803
7.74509811
5.26274538
4.12941170
3.14117694
2.50784326
2.53137326
2.91568661
3.78627491
5.27058887
6.69411802
8.90000057
7.78431416
7.09215784
5.55882359
4.57058907
4.37450981
5.31764698
8.58627510
5.97843170
4.81568623
3.89607859
2.24313760
2.03725505
2.70980382
3.35098052
4.80588245
6.04117680
8.32549095
8.50980473
7.33529377
5.59411812
4.78627491
4.40196037
4.56862783
7.40588284
7.09019709
5.54705954
4.27254915
2.94902015
1.75490236
2.31372547
3.13529420
4.02156925
5.50588226
7.07058811
8.97254848
7.81568623
6.42549038
5.14902020
4.30980444
4.35686255
5.65686321
8.48431396
5.56078434
4.60196114
3.38431406
2.40980411
2.00784326
3.02745128
3.76862764
4.75294065
6.68235397
9.18235207
7.92941141
7.11568594
4.95686245
4.93137217
4.10588312
4.70392227
8.00980473
5.97843218
4.67843103
3.84901953
3.15686297
1.93725538
2.94901991
3.16666698
4.58431387
5.71176481
8.54313850
8.09803963
7.30980396
5.86862803
4.68823528
4.50980425
4.54509926
6.15294218
7.29803848
4.76470613
3.93333387
3.63333368
2.20784283
2.39607882
3.26274490
3.73529434
4.78039217
6.98039150
8.57843208
7.46078348
6.81764793
4.55098104
4.80784416
4.52549076
5.19607830
7.31372690
5.15294075
4.40392208
3.98235273
2.43529439
2.15490246
2.90392184
3.37254953
4.26274538
6.45098114
8.22745132
7.82745075
7.23921585
5.38039064
4.67058849
4.38431358
5.09803963
6.70000124
5.78039312
4.59019709
4.16666651
3.15490198
1.98823524
2.52941203
2.90588212
3.98823571
5.46078444
7.59607840
8.07254982
7.11960697
6.42156982
4.96470594
4.56862831
4.52549076
5.99803972
6.67058706
4.70980453
4.30000019
3.61764693
2.34705901
1.87843168
2.45686269
3.71568608
4.82156944
6.84901905
8.02549076
7.34117699
6.98431301
4.78235340
5.17451048
4.31960869
5.25098085
6.87254858
4.81568670
4.45686245
3.74117684
2.61176467
2.06470633
2.47058868
3.14901972
3.97254920
6.05686188
7.80588341
7.66078329
7.07058811
5.52352858
5.24901915
4.25490236
4.78823566
5.92941189
5.93921566
4.59411812
4.12941170
2.99019623
2.40196085
1.91568637
2.95294142
3.45686316
5.10980511
6.62353039
7.48823452
7.18823576
6.89215803
4.81568670
4.30784369
4.43333340
5.21960783
6.23333406
4.88823509
4.04313755
3.54509830
2.44117713
1.97058833
2.26078463
3.26862812
4.51568651
6.26862717
6.67255020
7.20196056
7.15882349
4.96078444
5.09215736
3.88235331
4.88823605
6.15098000
5.38823605
4.19803953
3.55098104
3.25294137
1.95294130
2.17254901
3.22941232
3.95686269
5.76862764
6.42941093
7.18431330
7.11176443
5.89803934
4.67843199
3.89019585
4.40588140
5.75882387
6.25294256
4.48039198
3.58627462
3.90980458
2.64509821
2.11960816
2.78823566
3.76078463
4.58431387
6.30392122
6.47450924
7.05686283
6.18823671
4.94313717
4.32549095
3.89411831
4.58823490
6.60980415
5.21764803
4.26078510
3.68039274
3.50000048
1.87254953
2.39019656
3.35098100
4.30588293
5.52549028
6.47843170
6.92549086
6.38431358
4.99607849
4.34509850
3.77254939
4.53529453
5.91176462
6.10392141
4.61960840
3.83921599
3.72156882
2.46078467
2.12352991
2.71176457
4.15686274
5.10588360
5.98823452
6.59999990
6.70784283
5.62353039
4.16274548
3.96862793
3.83333397
5.31372547
6.71568680
4.58431387
4.23725557
3.64901948
2.77843165
2.22941208
2.64705873
3.76470637
4.53333330
5.68039274
6.13333416
6.97450924
6.00588274
4.59215641
3.90196061
3.71372628
4.70980453
6.13529348
5.70000076
4.41568661
3.82156873
3.35098100
2.06470633
2.07451010
3.37647080
4.34313822
4.99215746
6.02156878
6.53137159
6.19803953
5.18235302
3.96862769
3.82745123
4.30392122
5.27058840
6.62156868
4.75686216
3.60784388
3.45294142
2.75098062
2.00392199
3.01764703
3.95686269
4.40392160
5.72745132
5.91176558
6.47254992
5.64705944
4.17647028
4.00784349
4.27254963
5.03921509
6.52745056
5.67254925
3.59411812
3.44705892
2.61764741
1.99607861
2.72745156
3.71176481
4.01568699
5.34117794
6.02745199
6.62156916
5.40392256
4.59019661
3.99803925
3.80196118
4.78235292
6.06078434
6.96666622
3.99803972
3.27843142
2.93137240
1.83137286
2.46470618
3.45882392
4.32745075
4.26666689
6.40000057
6.16274500
5.53529406
5.12156963
3.93333292
3.46078491
4.13333321
5.28627491
7.53137255
5.75294113
3.33137298
2.83725476
2.37451029
2.32352972
2.81960821
4.05098057
3.67647052
5.86274481
6.09411716
5.46666527
5.15882397
4.32745123
4.03921604
3.66470575
4.79215670
7.00196123
6.50196075
4.01764727
3.44902015
2.70392227
2.10784340
2.46078444
3.14902020
3.55686331
4.41372585
6.25686169
5.78039265
5.37255096
4.92745161
3.99803948
4.12941217
4.04117775
5.13137245
7.80784273
4.73137379
3.70392179
2.87058854
2.03529429
1.77451003
2.90784335
3.39019680
3.50980449
5.62549067
5.67058802
5.52549028
5.03137302
4.37843227
3.91960812
3.70000029
4.71960783
7.79411888
5.71764755
3.57647038
3.21176505
2.09411788
1.98627484
2.00588250
3.14313793
3.38235354
4.47647047
5.53137302
5.74509811
4.97254944
4.69411802
3.86078453
3.84901929
4.53529501
6.26078463
7.41372585
4.35490274
3.32941222
2.71960807
2.07843184
1.92352974
2.27254939
3.39411807
3.84901977
5.25490189
5.36470604
5.04706001
4.73921585
4.00784349
3.90000010
4.17647028
5.51764822
7.72745180
5.01176453
3.66666698
2.94117665
2.61764741
2.06078482
2.44902015
2.97450995
3.70784330
4.44117689
5.27647066
5.09803915
4.69999933
4.46274567
3.59411764
3.98431349
4.96078348
7.23529482
6.13333416
3.88823509
3.42353010
2.68039250
2.14313769
2.42352939
2.70392203
3.66666651
3.77254939
4.99215794
5.40588236
4.70588255
5.02941132
3.42745090
3.76274562
4.60588264
5.61176491
7.98235369
4.56470680
3.35294127
2.90000081
2.32941175
1.96470606
2.60784364
3.19019604
3.50588226
4.17843103
5.31764746
4.95882416
4.89411831
4.19019651
3.90784383
4.43921566
5.29411840
7.27647066
5.94509840
3.46274590
3.26666713
2.31764722
1.91568661
2.34705901
3.23921609
3.20784330
3.64705944
4.46078396
5.08235264
4.75294161
4.95882463
3.85686278
4.12352991
4.85098028
6.36078453
7.19019604
4.01960802
2.99019623
2.58823562
2.27058840
2.18235326
3.07058883
3.28039241
3.46862745
4.22941208
4.53921556
4.67843151
5.12745142
4.08823586
3.78431368
4.12352991
6.16078424
7.70196009
5.20000029
3.00980425
2.88431406
2.30196095
1.94705927
2.57647109
3.27058792
3.46274543
4.02353001
4.58823490
4.62549114
4.64705849
4.78039265
3.47843194
3.85686326
5.34117651
7.87843323
6.66470623
3.54509830
2.80000019
2.44901991
1.89019644
2.13137269
2.93137312
3.16470671
3.50000024
4.44902039
4.74313688
4.47647095
5.03725481
3.93333340
3.58627462
4.46078444
7.28823566
7.97843027
4.26274538
2.99019647
2.61176467
2.19411802
2.01372576
2.60784340
2.96274519
3.37254930
3.99215770
4.56274557
4.83529472
4.80588245
4.42941236
3.55490184
4.35686255
6.86470652
8.00784302
5.94901896
3.16470623
2.79019570
2.67843151
2.14313769
2.39803958
2.79411745
3.50000000
3.75490212
4.32745171
4.51568651
4.69019556
4.56078434
3.61960816
3.98431373
5.87254858
7.58039284
7.50980473
3.73529410
2.50784326
2.67843151
2.27451038
2.14509821
2.64509821
3.02549028
3.60000086
3.94313693
4.22549009
4.53725576
4.37647057
3.73137283
3.49019647
4.81568718
7.75294065
7.18627453
4.72352982
2.87450981
2.58039236
1.91568649
1.89215732
2.78039217
2.89607859
3.23921537
3.58823514
4.18235302
4.00392151
4.38039255
3.92549086
3.51568651
4.00000000
6.81960773
6.85098028
5.99019623
3.34901929
2.70784330
2.30588269
1.87058830
2.26666689
2.90980434
3.04117680
3.31176519
3.79999995
4.06274462
4.28627491
4.16666651
3.38431430
3.57058835
5.28235292
7.69607925
6.46666718
3.93529415
3.10000014
2.83529449
2.10980439
2.25098038
2.50588274
2.93529439
3.03725481
3.56470609
4.48039293
4.26470613
4.32745123
3.54509854
3.40000010
4.70196056
6.42548943
6.95098114
4.94509840
3.05490184
3.24509835
2.30588245
2.19215727
2.30000067
2.77843189
2.83333325
3.51176476
3.84901977
4.45686293
4.26862717
4.05882406
3.46078420
3.46666718
5.29607821
6.93137264
6.37254953
3.40588164
2.80588269
2.77058816
1.98627436
1.86666703
2.27058840
3.09607863
2.98039293
3.42745137
4.23137283
4.46470594
4.09607887
3.56666684
3.69607878
4.56470680
6.07058907
6.96666670
4.23529387
2.72156882
2.82941198
2.30588269
2.06862760
1.65490210
2.73333383
2.76274538
3.23333383
4.00392151
4.13725424
4.13137197
3.82352996
3.68823576
3.76078439
5.47843170
6.83921528
5.32745123
3.07254887
2.81568646
2.67058873
2.16862750
2.05098033
2.00980425
2.72941232
3.26470637
3.63529420
3.99803948
4.19019651
4.17254877
3.36862779
3.75098062
4.85686255
6.17843056
6.26274395
3.69803953
3.03529501
2.78627467
2.02352977
2.24313736
2.06274533
2.35098028
3.17254925
3.66470599
3.49215698
4.25490284
3.98235297
3.73921609
3.36470628
3.76862764
5.87058878
6.37450981
4.87058926
2.96274567
2.51764703
2.39215732
2.08431411
2.12352991
2.18627477
2.62156892
2.97843146
3.55686283
4.10980463
3.76666713
3.93725514
3.28235388
3.50000048
4.94901943
5.88431406
6.03333282
3.25294113
2.82745099
2.53333378
1.82156897
2.26862788
2.35098100
2.43137264
2.56666708
3.31568670
3.82549071
3.79411817
3.93725491
3.69803929
3.62941170
3.57647061
5.84901857
6.22156763
3.98823595
2.74509811
2.89803886
2.31960821
2.02549028
2.34313726
2.65294123
2.47843146
2.89607882
3.92549086
3.82352948
3.60588264
4.24901962
3.43333364
3.47647047
4.81568670
6.28627348
5.09215736
2.92745137
2.88823581
2.40196109
2.12156916
2.23725510
2.20980430
2.62156844
2.77254963
3.78039217
3.68235302
3.75294089
4.00588274
3.60000038
3.34509802
4.00392151
5.59019661
5.98431349
3.52549028
2.76862741
2.59411764
2.32352996
2.09607863
2.40980387
2.70588231
2.56078458
3.00588274
3.75686240
3.73333406
3.82941175
3.52156854
3.39803910
3.55882335
5.12548923
5.89999914
4.35490227
2.89019608
2.41372633
2.61960816
1.99803936
2.49803996
2.30784321
2.76274490
2.79019642
3.24705935
3.76862764
4.01960754
3.44705892
3.34313750
3.45882297
4.36470556
5.99215698
5.03529358
3.23921585
2.39607882
2.56274557
2.11568642
2.31372595
2.41568685
2.95686269
2.57254910
3.33529425
3.88039303
3.85098052
3.75294161
3.42745137
3.30000067
4.01372576
5.15294123
5.77254915
3.77450991
2.35490227
2.54313707
2.20000029
1.91568637
2.04509830
2.93725491
2.71568632
3.07647061
3.47254944
4.06862736
4.06078482
3.34117675
3.41568637
3.74509811
4.23333311
5.76078463
4.81764698
2.80392170
2.37451005
2.61176491
1.79607868
2.14117670
2.39215708
2.82156920
2.51764703
3.19803977
3.72352982
3.95882440
3.97058845
3.12745142
3.19019604
3.88431358
5.44901943
5.55294037
3.39607835
2.18823528
2.72156882
2.08431411
2.04313755
2.08039236
2.52156878
2.33137226
3.09411812
3.05098057
3.65490198
4.14705849
3.89019680
3.14705968
3.72352934
4.57843161
5.50588274
4.55294085
2.27451015
2.27450991
2.33921576
1.97254932
1.42941189
2.41568637
2.52745104
2.63529420
2.95294142
3.44705939
3.81372595
4.53333330
3.15098071
3.65490222
3.87254953
5.09804010
4.86470556
3.10392213
2.33137274
2.27058864
1.67451000
1.76078463
1.77254915
2.72156882
2.56862783
2.97254920
3.21372581
3.63137293
3.88431549
3.60196114
3.25098085
3.62941194
4.66274500
4.94705868
3.50588274
2.22549033
2.17451024
1.77843165
1.79607880
1.91176498
2.72156954
2.40980387
2.59019589
3.40392160
3.42941213
3.47843122
3.59803963
3.35294175
3.03529453
4.00196075
4.87254858
3.95294118
2.87254977
2.68823552
1.83725488
1.91764736
1.94509828
2.22745109
2.28431392
2.43921566
2.54901981
3.38627505
3.74901962
3.72745037
3.78431392
3.14509821
3.47254944
4.48235321
4.43529415
3.36078501
2.37058854
2.17254925
1.94313765
1.90000045
1.98431396
2.20588279
2.05686307
2.53725505
3.23725533
3.52941203
3.75294065
3.63921666
3.48431396
3.08039188
3.95294142
5.19803905
3.72745109
2.52941203
2.37451005
1.88431406
1.66470635
1.75882363
2.23529434
2.27450991
2.58823538
2.95882344
3.34509873
3.74313784
2.99607849
