22.47254562
25.24116898
23.85097885
24.74705505
25.42745018
21.80391502
21.46078491
21.50588608
21.92352676
21.10783768
19.80000496
20.86666489
21.36862373
22.40392494
23.04509926
26.20588303
24.91960907
20.66274643
24.35882568
25.04117203
23.30392265
24.27450752
23.45882607
21.77254677
21.29803848
21.39020157
21.23921394
20.71176529
19.76274490
20.04706001
21.19999695
23.62157059
24.25686264
26.18627167
25.58431244
16.95294189
26.42352867
24.54314423
23.06666756
24.40587616
22.42548370
21.35293770
21.61764526
22.27843475
21.47254562
20.92156601
20.18235397
20.06862831
22.20196152
24.06274414
25.49215889
26.01371765
28.27255249
17.01960754
26.14117813
23.89608574
22.84510422
23.62941742
21.73921204
21.08627510
21.99607849
22.52941322
21.96470261
20.23726082
21.21372223
20.85097885
23.46274376
24.17843437
27.65882301
25.39803696
24.20784187
20.52745056
25.12745094
22.80980301
23.15882683
22.29804611
20.45098877
21.03137016
21.85686302
21.77059174
21.12353134
19.58235168
20.63333130
21.47451210
23.57647324
24.75490379
27.00588417
26.06470490
18.01568222
25.15686035
22.42157173
21.78039360
22.00784111
20.55686188
19.80392075
20.63529205
21.57843208
20.93725395
19.06666756
18.39216042
18.69215965
20.66862869
22.87254906
24.07843399
24.50196075
25.58627319
15.28627491
22.83137703
19.56274796
20.30588150
19.58627701
19.36274529
19.46862793
20.56078148
20.55686569
20.36274910
18.60588455
16.17058945
15.75293922
19.05882454
20.32549477
22.68432045
21.50392151
23.39803886
17.04510117
19.75294304
18.60980988
19.51960945
18.58823776
19.54313469
19.52157021
20.99804115
20.35882187
20.37451172
17.94509697
14.98431492
14.41568565
17.16078568
19.10784149
21.13137245
21.60980988
19.45490265
20.08235550
18.63333511
18.74313354
18.49412155
19.09411812
19.53529358
19.04117966
21.69803619
21.03921127
19.41765022
17.93529510
13.96666718
14.65294266
15.68431282
20.98235893
20.41764641
22.45490074
19.48627853
20.53333282
19.34705544
18.11960793
18.26078224
19.64313698
20.48039436
19.66470528
22.15097427
21.58431244
19.11176682
16.56470490
13.58431435
14.51960564
16.25686455
21.49804115
20.21176529
23.41569138
18.22941017
20.30784416
18.98431396
18.09804153
18.23921967
20.08627510
20.51765251
21.08235550
22.45490646
21.63725471
18.63921356
15.23529434
13.56862545
14.37058735
18.32352829
20.62941360
21.59412193
21.20195770
16.32548904
20.30980682
19.33921432
18.69607925
18.23333549
21.22745705
20.83725548
22.16666603
22.26274490
20.12156677
18.06862640
14.34509754
14.01568508
14.73136997
19.30784035
21.33725929
22.28627586
16.44117546
20.48627090
20.35293961
19.32941437
19.92940903
19.40980339
23.15882683
21.81764984
21.89215469
22.38627815
19.85686684
17.92745209
12.81176567
15.11960697
15.11372471
21.01764679
21.54901695
22.47647667
20.69019699
21.80784607
20.02941132
20.08235359
21.56666183
21.09215736
23.72549438
22.48235321
23.12745285
22.67646790
19.59019661
16.32353020
13.16862869
15.81960869
16.32549095
21.37647438
22.51177025
21.67647362
23.84901810
22.11960793
20.99215508
23.85489845
21.92352676
23.26274490
24.04509926
23.76078987
23.49608421
22.03921700
18.09411621
15.40000248
14.63137150
13.64509964
18.34705734
21.31568527
22.33921242
21.38431168
26.05098534
22.01176262
23.96862602
26.10392380
22.97255325
25.63333511
24.28432083
25.42941666
22.87647629
21.16470718
18.34509659
13.88431454
13.83137131
13.85882473
20.18431282
21.36666489
21.86666870
21.51568604
26.16863251
25.69999695
26.41176414
28.48235130
26.40391922
27.02353096
25.44313622
25.01764488
22.56078148
20.02157021
18.57647133
11.73137379
13.90980339
15.07451057
20.11372566
21.40195656
21.14901733
24.42745590
25.95882416
26.69999695
27.04117584
29.67646599
29.99215889
27.17058563
26.33333206
23.80392456
22.61960793
19.77647209
16.61960602
11.87843227
13.43529606
15.91568851
20.09803772
20.44117737
20.33725357
26.30392075
25.48823929
24.52157211
25.35294151
28.56863213
30.28627396
27.34117508
23.79019547
23.95098877
22.49215508
19.99608421
14.37450790
11.85098171
12.61176491
17.81764793
19.33921814
20.04902077
21.47450638
24.85882950
24.82353020
22.91568565
19.96862793
25.41960335
28.01568604
27.41372681
21.76862907
22.64118004
22.14901924
18.94705963
12.61764908
11.55294323
12.72745037
19.25294495
18.83529472
19.83529663
22.66274071
22.64901733
22.45097542
19.49607658
16.89019585
21.06862831
25.64509583
23.15293884
20.49020004
23.04314041
21.38039017
17.52549362
11.50000095
11.22548962
12.61568737
18.95686150
18.78038788
19.26862907
24.01960945
20.93921089
20.58824158
17.31960869
15.70980358
20.73725510
22.37647247
20.71764755
19.77058792
23.74313736
20.69019699
16.24902153
10.63137245
10.69215584
13.88235569
18.31568718
18.29019737
20.26274300
22.99411774
19.26470757
17.96470642
16.02745247
15.70784283
22.42156792
17.30980492
20.58039093
20.80195618
22.34313011
20.05490112
14.19999981
10.41960716
10.96666813
14.80784225
17.82352829
17.89215469
22.03137207
20.39803696
17.22745132
15.56470490
15.13333511
17.66078377
21.84313774
15.01960850
23.58431053
21.75881767
20.55294418
18.58823586
12.75098038
10.53529453
11.59411812
15.55882454
17.43333244
17.66274261
22.45686340
17.58235359
15.58039188
15.14313698
15.32745075
19.32548904
18.91568375
17.42745209
24.26471138
22.39020157
18.95685959
18.30784607
11.37450981
10.72941303
11.90588188
15.71176434
17.29411507
17.14313889
22.45098114
16.13725662
15.32940674
14.99411678
16.04706192
18.86078644
16.87059021
21.23136902
22.61960983
21.35881996
19.46470642
18.82745361
10.74509811
10.27647018
12.96274567
15.91372585
17.10391808
18.76667023
19.34117317
16.29804039
15.46078682
15.54706192
16.69215775
19.14705849
17.89019394
23.08823204
20.36078262
19.88823891
24.84706116
14.92745018
10.43333244
9.55882359
14.25097752
16.31568527
16.64313507
20.06863022
18.10195923
15.67647171
19.54117203
16.46862793
17.33921814
19.55490112
20.36274338
21.81372452
20.42157173
19.76274490
26.36667061
11.71372318
9.80000210
10.23333359
14.85882568
16.29215813
16.48039436
20.29019928
17.34509659
17.36666679
24.14509773
16.13137245
20.55490112
20.43529701
24.83137512
20.87254715
19.66666412
21.83725548
21.11568069
10.57843208
9.02353096
11.11176682
14.89019585
16.66078568
16.76666260
19.53921318
16.32941055
23.14901733
24.76470566
17.86862946
23.15490723
21.80196190
27.55294418
20.20783997
19.00588799
22.81568336
14.59216022
9.53725624
8.89215755
12.70980263
15.01372623
16.65882492
17.85097885
18.28823090
18.22156906
28.07646942
25.52745247
24.74509430
22.84509850
23.56470490
26.78430939
19.72549248
20.02941322
18.24313545
12.00784206
8.95686340
9.82941341
13.39607811
16.24117661
16.37450981
19.37255096
17.35293961
23.27058792
29.30980492
28.20784378
27.87647057
23.47646523
25.20392227
24.29607773
20.07843208
20.77254868
13.51764774
11.57058811
8.43921566
10.30000019
14.14509678
16.59804344
16.39019585
19.69607735
18.32156944
24.86470032
28.52353096
31.16275024
27.87254906
22.27058983
24.89216042
22.73529816
19.15882683
18.66274261
14.38431263
9.85686302
8.07058811
11.76470661
14.40980434
16.63529587
17.41372681
18.87058830
21.69607925
21.85294533
28.81372643
31.05098152
24.59019470
24.67254639
25.73333168
21.50980568
19.54313660
16.03137207
15.03529358
8.93333435
8.51372528
13.09411526
14.84117508
17.12549210
18.15490150
17.89019775
23.66275024
17.84509850
31.04705811
27.57843399
22.08823586
25.90196228
25.96274567
21.26470947
19.56274414
16.00392151
14.31176472
8.00784302
8.75098133
13.75490189
15.12352943
16.70000076
18.18038940
19.72941589
20.71960831
18.68039131
28.52744865
21.80784035
23.50588226
24.32157135
25.13725281
20.41765022
19.66862869
17.77451324
11.68627644
7.78431368
9.52353001
12.89411926
16.53529167
16.65098190
19.11960983
21.92353630
17.66078758
20.69607925
24.49411583
17.46078491
24.35293770
22.54510117
22.96863174
21.48431778
20.18235397
18.50000000
9.35490227
8.21372700
10.51764774
13.22353077
16.67451096
16.11960793
20.45882607
20.53529358
16.52745056
20.02549171
19.72549438
17.95098305
22.07057953
24.39804268
20.41961098
25.47254562
20.06274796
16.48235512
8.83333302
8.21372509
11.76470280
13.44313717
15.86862755
17.26666641
21.58823776
18.38235092
17.29804039
16.20392036
18.45490265
19.45686340
20.76862335
24.87450790
19.42156982
27.29019356
22.70980644
13.24902153
8.18039227
8.88039303
12.29019547
14.40392113
14.82353020
18.43725777
20.81372452
17.43137360
17.36078644
14.93725586
19.01764870
18.89607811
20.91372871
23.60391998
22.14706230
24.90196037
23.71176529
10.66862679
8.29019737
9.35293961
12.03137207
15.54705811
15.35490227
19.67255211
18.51176262
18.12156868
16.09215546
16.94902229
17.34902191
19.85882568
21.84510040
21.86666870
26.42353058
25.60980606
18.72941399
9.61764622
8.49215794
10.80784321
11.97254753
15.56078434
17.05882454
20.60392189
16.96863174
19.60588264
14.43137455
18.88823318
17.00980568
21.46862602
22.03529358
21.21568871
26.94902039
26.40784454
14.20392227
8.91960812
8.41764736
11.41568565
12.36862469
16.38039207
17.70588303
20.25881958
18.22157097
18.82549095
15.84706020
18.89411545
19.47059059
21.02745438
21.66862679
23.18235397
26.99215889
22.48039436
12.37255001
9.01176643
8.75882435
11.31960773
13.28627396
17.59803963
18.83725739
18.14509964
19.23333359
18.36274529
18.88627625
17.59019852
21.49411774
20.55490685
21.08039474
26.80588531
28.95882607
15.54901981
10.74902344
8.59019661
9.34509850
10.92352867
15.18627548
17.92549133
18.31568909
17.69608116
20.00784302
19.23529243
19.56470680
16.83137321
23.39608192
20.68627930
21.48039246
28.73529243
25.67842865
13.06666946
9.31764793
7.84313726
10.00196075
11.25882053
16.84117699
18.18823433
17.76078415
18.49412346
20.98823357
19.05490112
18.65490532
18.39412117
25.50392151
20.24313736
24.95098305
28.22352791
20.51960945
10.39608192
9.02157021
7.87058878
10.99607754
12.77254868
16.22941208
20.17059135
17.71176529
19.95490265
20.96666718
19.62548447
18.97451019
21.73921776
24.37647057
19.73333359
27.97647476
27.31371880
16.44902039
9.48431492
8.40000153
8.91176510
11.27451324
14.62941360
17.45686531
20.37058830
18.27843285
21.17647171
20.01372528
20.33725548
18.57843018
23.67059135
23.09412193
21.21176529
28.90195847
25.39607620
13.53725529
9.16666889
7.53921604
10.00392151
11.42549038
15.99019623
20.88235474
19.00000000
19.33921814
21.06470680
19.43137741
20.15098190
19.25882339
25.98039818
20.76471138
24.90196037
27.21960831
22.02549362
10.81372356
8.76274490
7.57058764
10.60195827
13.05490112
14.51764584
25.15293884
18.49999809
20.58627701
20.78039360
19.96078300
19.11176491
19.64705849
27.59215927
19.73529816
28.94705963
24.67254829
20.30392456
9.23137188
8.61764717
8.31960678
11.70392132
14.45294094
13.34902096
27.44509697
19.63529587
21.46470451
20.42549133
20.03529167
18.78235626
20.09020042
26.59019661
21.93333435
29.12156296
25.28038979
17.61764908
8.47450924
9.42548943
8.84117603
11.39803982
14.89607906
16.84117699
24.46665955
20.78234863
21.49215508
20.14902115
21.53137016
18.62549400
23.57843399
23.55098152
26.52352905
26.67254829
25.85881996
13.80784225
7.22549152
9.36274624
9.76862621
13.11568642
13.23529816
20.52549171
21.91372681
21.49999809
22.10587883
20.26862907
21.45490265
18.68823624
26.38431358
22.15489769
29.05294037
24.64117432
23.94509697
10.47058868
7.73333359
8.12744999
11.25294018
15.01568699
11.82156754
24.27843285
20.96862984
21.90392303
21.45686531
21.65490341
18.89411736
19.08823395
27.80980873
24.67058754
28.05686188
23.58823586
22.12549019
7.95098019
8.62549019
7.78235340
12.40392303
15.37255001
12.76666641
24.62745094
21.19999695
21.79607964
19.93922043
21.40783882
17.88431549
20.61176682
29.39216232
26.91177177
24.53921318
24.80392075
18.35882950
6.61176491
7.19803858
9.45294285
15.99804020
13.01764679
14.98823452
23.30195999
21.46274185
21.85490036
19.25294304
20.47646713
19.26470757
23.43529701
27.70392227
27.36666489
23.20980453
25.32744598
14.40980244
5.63725567
6.89215708
11.04117680
16.73921585
11.88039303
18.18431664
23.04705811
22.56667328
21.24509811
20.27843094
19.08627892
19.61569023
26.65098190
28.15098381
26.93333435
22.70587921
24.23137283
10.38039398
5.32941151
7.72745180
14.42745209
14.85490227
12.46863079
21.27843285
22.80784416
22.72353554
20.71961021
20.94705772
18.75293922
19.18824005
29.34313965
30.40196037
23.84117508
22.18627548
20.82549286
7.90980339
5.67451048
10.29215717
18.06078529
11.37451077
14.58627415
20.70392227
23.33529091
22.49608612
20.16078568
21.15686607
19.26078987
20.50392151
30.62941551
28.05489731
21.69215775
21.64509583
16.63333702
6.63333368
7.57058907
12.68235397
16.07058907
11.76862717
16.28627586
21.32156944
23.48823929
22.59019661
19.43137741
21.34509468
20.90392303
23.08431244
31.10784340
25.55293655
19.09216118
22.65294456
13.04706097
6.11176443
9.59607887
14.73921680
11.14313698
12.20784378
17.99608231
22.97646523
23.25686836
22.01764488
20.81764793
21.88235664
22.17843628
26.18627548
29.00195694
23.03529930
18.53529739
23.85294342
9.99019527
6.28627491
10.80196095
12.60980511
9.44901848
13.77254868
18.48431396
23.86666870
23.29215622
20.52745056
22.56470871
22.36667252
25.24902153
26.86862755
25.62353325
20.29019547
20.73137283
20.22353172
8.65294075
7.10784245
10.59411907
9.17646980
10.80392075
16.02352715
20.82353020
22.71372604
23.31961060
21.65490341
22.56470108
22.63529396
28.22156525
25.58038712
22.38039017
18.61960793
20.85686302
17.82156754
8.11764717
6.49607849
8.25294113
7.76470518
11.95882225
17.89999962
22.66470718
23.12353516
23.99803925
23.53333282
22.16470909
25.78235626
27.68039131
24.42941475
20.10392189
17.34509850
21.35098076
15.29215527
8.03137207
5.70000076
6.11176443
8.38039303
12.39412022
18.20195770
26.41568375
23.20196342
25.63333702
23.76470757
23.79804230
28.46666908
24.92941093
22.90979958
18.99999619
16.74509811
20.83725929
14.23137283
6.86078310
4.74313641
6.39215755
9.86078453
14.88235378
17.63529587
28.53137016
22.63137627
27.03528976
24.93921089
24.38627434
26.25293541
23.05490494
20.50784874
18.12941170
17.16862679
19.56078339
11.70000172
6.11176586
5.18627453
6.81764841
11.20980453
15.96862698
20.05686188
27.22941208
23.40784645
27.31764984
23.52941513
24.20784378
20.90980148
23.02353287
17.90588379
17.94509697
18.47843170
17.76862717
8.25294113
5.73725510
5.97646999
7.58039284
12.18627644
17.61960602
24.43921661
25.92940521
23.26078796
25.53725815
22.81176758
20.85294724
19.58039093
21.06274414
18.36666870
17.57451057
17.91176605
15.52941227
7.20980406
4.90980339
6.88235235
8.78627491
14.20196056
17.82744789
27.88823700
25.24118233
23.32745361
23.88627243
22.66862679
18.06666565
20.61568832
18.59019470
22.32353020
16.83529663
16.93921661
12.53725815
6.24902010
4.86666632
7.28431368
10.41568851
16.57059097
17.20588303
30.86470795
25.60196114
24.09019661
23.89804268
21.09803391
18.46274376
19.89215469
19.12941360
24.10588264
16.68627548
16.33921432
8.99411774
5.00980377
6.17058897
7.85686255
11.74313927
17.99019432
19.41960907
31.34313583
26.21372414
25.37451553
23.28431129
19.10980225
18.86470604
19.08039665
24.60980415
19.52745628
16.50980377
14.39803982
7.32352924
5.00392103
6.70196056
8.41176701
12.51176548
18.82156563
22.78431320
31.15098190
25.95293427
25.40000534
23.48823166
17.96862602
19.70392609
19.51176262
24.56274986
15.76078510
15.72157001
13.50980377
6.00588179
4.83725452
7.10000038
9.18235302
15.08627510
17.95686150
25.31765175
30.47254944
24.45097351
23.93921471
22.86470604
18.83137512
19.56666565
20.90392303
18.64509773
14.96863174
17.17254829
11.57843113
5.27254963
5.43921661
7.24509859
10.74313736
16.19215775
17.96862984
26.50000000
28.67451096
23.82352829
24.35882568
19.91568565
20.07254601
18.48038864
20.30784225
15.02745056
15.45098114
18.59019470
7.67058897
4.40000010
6.10392189
7.36470413
11.84901905
17.76667023
19.45490646
27.55294037
27.50588417
23.07059097
23.00196075
18.53921890
19.51176262
19.02157402
18.50391960
15.50391960
15.81372643
15.38431549
5.59607887
3.97450972
6.50588226
7.84117556
13.59411621
18.29607964
19.94902039
27.59019852
26.40588570
23.06862831
20.43529129
19.05489922
18.58431435
18.57059097
17.36666870
15.58235168
15.91372490
9.01372433
4.73921537
4.87058735
6.63333321
8.92156696
15.27843189
18.24117661
20.74705887
27.92353249
28.81568336
24.28431702
18.34510040
19.58823586
19.27647018
17.90196228
16.89803886
15.94314098
13.98431301
6.19607782
4.49215746
5.44509840
7.04705858
11.08431435
16.10000229
19.10392380
22.49999809
27.85294342
29.47647285
22.32156754
18.57255173
19.42941284
20.54706573
18.18039322
15.78038979
15.57647324
11.78039265
4.30392218
4.52745152
5.70588160
7.85098028
12.33529472
16.87058830
20.31764603
22.64706039
28.42941284
28.76078033
20.52941322
19.82745171
19.65686417
19.05490303
18.92941093
16.46666527
14.55490208
9.46862793
3.87451005
4.55294132
6.50000000
8.45294094
14.01764679
17.99804115
21.50391960
24.01764488
29.65294266
26.70000267
19.98823357
20.02353287
19.18627739
19.00392342
21.58039474
15.87842941
12.97646809
7.25882387
3.85686302
5.11960793
7.53921604
9.74117661
15.96274376
19.23137093
22.39999962
25.19804192
29.99803543
22.86470604
20.89215660
19.19607925
21.15686417
20.93529320
21.04705811
15.50392151
12.38431358
3.96470594
3.98039269
6.20392179
7.59019518
11.71176338
16.85490417
20.96274567
23.77647209
23.10000610
28.66470718
20.20392036
21.36470604
20.07647324
24.39215279
23.07451248
18.75490379
15.33333206
8.52745056
3.56470609
4.44509745
6.85882425
8.10392284
13.17647076
19.05294228
22.86666298
23.11372948
22.03529167
25.55882454
20.94314003
20.72156906
20.37450790
26.21568489
21.04509926
17.02744865
13.61372662
5.88235235
3.87843204
4.95686197
6.73529243
8.83529377
15.82352924
20.70000267
22.05882072
22.57058716
22.00391960
23.40979958
22.35098076
20.56666756
21.16862869
24.46078491
18.90587997
16.04117775
11.76078415
4.79215717
3.84313774
5.19411707
6.78823519
9.97255039
17.79019737
20.84117699
21.54902077
21.80587959
23.70588493
20.07843208
24.07646751
20.13137054
22.31372452
21.01765060
17.28823471
15.68823528
10.05294037
3.86862803
3.82549024
5.70980453
7.04509783
11.14117527
19.10000038
21.45686340
21.77451134
21.02941132
23.28431892
19.51568604
24.27450180
20.43528938
23.36862564
18.84705925
18.08431244
14.36666870
8.29607773
3.73137236
4.35882330
5.99411821
8.23529434
14.26274681
18.64706039
21.48431396
21.90588379
20.34705734
21.07254410
22.33725739
22.80784607
20.60980988
23.37059021
18.49019623
17.59804344
12.35686302
7.00784302
3.65294147
5.18823528
6.79215622
9.22549152
15.87843323
19.53333282
21.26274300
21.84117699
21.33333397
19.98039627
22.84313965
21.65490150
22.37646675
21.79804230
18.67255020
16.40980339
11.03333378
4.34313774
3.67254925
5.62745142
7.17843103
10.74117661
15.85490036
21.41372299
22.06078339
21.62940979
21.63137436
17.74705887
24.32548904
20.58627319
23.87646866
19.63529396
17.70000076
15.43333340
8.70784283
3.61568618
4.31372547
5.94313717
7.63921642
12.12549210
17.38039398
22.82156372
22.16274261
21.88039398
20.84313393
18.67450905
24.67647171
21.49019814
23.82548714
18.27451134
17.68039513
13.87255001
6.70000124
3.54509807
4.76862669
6.31372499
8.40196133
14.29607964
17.92353249
23.49411583
21.95097923
23.25098038
19.71372795
21.57059097
23.49411583
24.60391998
21.89411926
18.55294228
17.67647171
11.24902058
4.89019632
3.42352986
5.15490198
6.98235321
9.67450809
14.99607849
19.70588303
24.69804764
21.72941399
23.08234978
17.85098267
24.25293732
24.10784531
27.41960144
19.50783920
17.74705887
17.32745171
9.25294209
4.02352953
3.85098100
5.81568670
8.00392151
10.10980511
16.59019661
22.43333435
24.82548904
21.86078262
21.32745552
16.93333435
26.15490150
27.42548752
27.51960373
17.71372604
17.28039742
15.59019756
7.60980368
3.41568637
4.42156887
6.36078358
8.51764774
12.24901867
18.18431473
25.61372757
23.58431244
21.54509735
20.39019394
19.17058945
25.81568527
30.61568642
23.61176682
18.44705772
17.76863098
12.98627377
6.04509830
3.00784349
5.09607935
6.85882282
9.09803867
14.72548962
18.55098152
26.48627281
22.73333359
22.95686531
19.08235550
21.68235397
26.44705582
30.13921356
22.68038750
18.60391808
17.64314079
10.47254944
4.89019632
3.70784283
5.59411764
7.60000038
9.92941284
16.03333473
19.32549286
27.80784607
21.73332977
24.66863060
17.64706039
24.29215240
28.28431702
27.41372108
23.59216118
18.10392189
16.77647018
9.03333473
3.35490251
3.87451005
6.62352943
8.18039227
11.00000191
17.79608154
21.96470833
26.74901962
22.12744904
23.18431282
17.32352829
26.96274185
29.54902077
24.92549324
22.50980377
17.89804268
15.17058849
7.18627405
3.10588264
4.32156944
7.01372528
8.57255077
13.69019508
18.20784187
24.81373024
25.20196533
22.81372261
20.31372261
20.28039551
27.85098267
29.42940903
24.13922119
21.05097771
17.53725624
12.70392323
5.47254848
3.31176519
5.11568642
7.63921595
9.70784473
15.68627739
19.07647324
26.07255173
23.02157021
23.15685844
19.48039246
23.86470795
27.19019699
28.96078682
24.12549210
18.77450943
17.01764870
10.37843227
3.79411817
3.48235250
6.22745132
8.30392265
11.01960850
17.70784187
19.95490646
27.11960602
21.71568680
22.89215469
18.70392418
27.51764679
28.80000687
27.25686455
22.91176605
17.23137283
16.11764526
8.40588188
3.21176481
3.98235321
7.31764746
9.03921509
12.26862717
19.71568680
21.49804115
27.35097504
21.67058945
20.99019623
19.50000000
29.15686417
30.78431702
25.57451248
20.69215584
16.53137207
14.12353134
6.50196171
3.49607873
4.64509773
8.02352905
9.29411888
14.61765099
20.53921700
23.76862335
25.33333206
23.94705772
18.51568604
22.51568794
28.86274529
30.92941666
24.32156563
19.17842865
16.97843170
11.57647228
5.41176462
3.36862826
5.19607830
8.45882511
9.96470642
17.31568718
21.24509430
24.46667099
23.25097466
23.39803886
17.45490074
25.53921509
28.48038864
28.42941093
24.30784988
17.84313774
16.35294342
10.00000000
4.26862764
3.86274505
6.25294065
9.28039265
10.83529568
19.10588455
21.48431396
25.02940369
22.14117622
22.53137016
17.38431740
28.09215355
27.31765175
25.87842560
23.29803848
16.54117775
15.53137112
8.03921604
3.87450957
4.47451019
7.08431292
9.82156849
12.75098228
19.67451286
22.40000153
25.06470490
22.72352600
19.32745743
19.52352905
27.48431396
25.96862411
24.58626747
20.33725357
17.43137169
13.66666794
6.55097914
3.73529458
5.06078386
8.01960754
9.86274624
14.40980530
20.36274719
23.36470795
23.85686302
23.47647095
17.07451057
22.81372452
26.07647324
23.79804420
23.57843208
19.27646637
16.96862984
11.93529224
4.71568727
3.66274595
5.61764717
9.19411755
10.99019718
16.47843170
20.75686836
23.99019051
23.20196152
21.48824120
17.06470680
25.38236046
25.51960373
21.82941246
23.80980682
17.58823204
16.75882530
9.23333454
3.42941189
4.33529472
6.46274471
9.63529491
11.81960773
18.64901924
21.98039436
23.81176758
22.88039207
20.40588188
19.35490036
25.85098076
24.66274452
20.76078224
21.59215927
17.77058601
15.24117947
5.90980482
3.68823552
4.77254915
7.81960773
10.02156830
14.22941399
19.33922005
22.50784683
23.78039360
23.33921623
18.43137169
20.87255096
25.11764717
23.14902306
19.50196266
19.78432083
17.91372681
12.47451210
4.61960840
4.04117632
5.42549086
9.22745228
10.58431530
17.34510040
19.63725281
23.87842941
24.40196228
22.61568451
16.35490417
23.05294037
24.35293579
21.71961021
18.48431587
19.57254982
17.34117889
9.88039207
4.20196056
4.48627520
5.98039293
9.85882378
11.32156754
19.38431549
20.98039436
25.00784302
23.80196762
21.70392227
15.07058907
24.05490303
24.10785294
20.91372299
18.07450867
20.83137321
16.08431435
7.20784330
3.88235331
4.53725529
7.34509850
9.26274490
13.84313583
19.59607697
24.02941132
24.79019547
23.03137589
18.57058907
17.17255020
24.80980110
24.95686150
19.64510345
18.84902191
20.15686417
14.08039093
5.04313755
4.06862831
5.18039179
8.18235302
10.00588131
16.06862831
19.82156944
25.20588303
24.81175995
22.62352943
14.86470699
19.74705696
25.86667252
23.30196381
18.09999657
20.06274414
18.28235626
11.71372509
4.30000019
4.25294209
5.70980453
9.35294151
11.45490170
17.15882111
20.54705811
25.73529243
25.49999619
20.70588303
13.31176567
22.98823547
25.50784683
20.92941666
18.85294151
21.54706192
15.91176414
8.96470547
4.45098066
4.66666651
6.84313774
9.20000172
12.48627472
19.71568680
22.16470718
26.23922157
24.48627853
18.84705925
14.17058945
25.12352562
25.54313469
19.14509583
20.76274300
20.15098190
14.77450848
6.44509792
4.38039255
5.68235350
7.51176596
10.57254791
14.28627396
21.39019775
23.43921661
26.28823471
23.64902115
15.71764755
17.84509659
26.64706039
24.87647247
19.92941856
21.68235397
18.07451057
13.03921700
5.85490227
4.57450962
6.20588350
8.23921585
12.20588303
15.70392227
21.19607925
25.01372337
26.23725510
21.46077919
13.60980415
22.15882492
27.39608192
24.76470947
20.62549210
21.56077957
16.92156792
11.29411888
5.30588245
4.91176510
6.53333378
8.93333530
12.25490284
18.17843056
21.30000114
25.99803925
25.28627586
18.94901848
12.71372414
25.79607773
27.70588684
23.25293732
21.29411507
20.04509926
16.40392113
9.40000057
4.11568737
5.03137302
7.50784349
9.83725548
12.65882397
20.24313545
22.73333740
26.11568069
23.89999580
15.29999638
16.22353172
25.52940941
28.30784988
24.06862640
22.56862640
18.41176796
15.82156944
7.17647028
4.15882397
5.49019623
8.34901905
10.90588188
14.31960678
20.51960945
25.05489922
26.06470490
22.16862679
13.35882378
19.89019775
26.94510078
27.77059174
24.95294380
21.24117470
17.23725510
13.68235397
5.83529377
4.62549019
6.42352867
8.93725586
11.45882511
16.43333435
20.98627663
25.29607391
28.15490532
19.18431664
12.88235092
23.67450905
29.38235474
26.45098305
24.14705849
19.22744942
16.49019623
11.30196190
4.59999990
4.88431406
7.32745075
9.16666698
11.64117718
18.76274490
22.34706116
26.26274681
28.14902496
16.63333321
15.00195980
24.66078568
30.21765137
26.55686378
23.42941093
18.69411850
16.11960602
9.25686359
3.86862826
5.44705915
7.97647095
9.53137398
13.81176567
20.26862526
24.68431473
27.95490265
26.28627586
13.95098114
18.60588264
25.65686417
30.81961060
27.65686798
24.27450943
17.44509888
14.85490227
6.94705915
4.24901962
6.30980492
8.29803944
11.56862736
15.02745152
22.13333321
25.19019508
29.39020348
23.53333664
12.11176491
23.27254868
26.10391617
31.65882492
25.54509354
23.36667252
16.78235245
12.78235245
5.54706001
4.43333387
6.75294113
8.79411793
12.56862640
17.46274757
22.54313278
26.93529320
29.29999542
19.53333473
12.46470642
27.52745438
27.16470337
30.28627777
25.81764603
21.00784683
16.13333511
10.54313660
4.54313707
4.83333302
7.18431473
8.98235416
14.85294247
18.91960526
24.09804344
27.65097618
27.56077766
14.24901962
16.25098228
29.14509964
28.52352905
29.82353020
25.60980606
18.46078110
15.25490189
7.96274662
4.44705915
5.63529396
7.48235273
12.34313774
14.96666813
20.14705849
25.58235168
27.77058792
23.13921547
10.95686150
21.11176491
28.32353401
29.38823891
27.66469955
24.13528824
17.32941055
14.70980453
5.87843132
4.44901943
6.28039217
7.65882397
14.66470432
15.88823414
21.71764565
25.97255135
26.13137436
18.64509583
9.87255001
25.82353401
26.85881996
28.79216194
26.53725624
21.50195503
17.57843208
12.84705830
4.70588255
4.75294113
7.03137159
8.01764774
14.65882301
19.09215736
22.78823280
25.22352982
22.35882759
14.15490341
12.32549000
27.00392151
27.89608002
27.85489655
24.57254791
18.84117699
18.53333473
8.82941151
4.50392199
5.13529444
7.27058887
11.78039265
13.99019909
19.78235435
22.66078758
23.21176338
18.84117889
10.58235264
16.67646980
27.62156868
28.06470680
28.19999313
22.89215088
18.55490112
17.20392418
6.47450924
4.33137369
5.67647028
7.47254992
15.36078358
15.41960907
21.12548828
22.10000229
19.14118004
16.49607849
8.48039246
23.17646980
26.98430824
28.18235397
29.01961136
22.33529663
19.10588264
14.31568909
5.61372519
4.25294161
6.10392189
8.97843170
15.45882130
18.47647285
22.02745247
21.48235893
16.55882454
12.96666908
10.90980434
26.40588379
27.09803581
29.97647285
28.76274109
20.98627472
19.64313889
10.98039150
5.08627462
4.60784340
6.59411764
12.96274757
12.89215469
21.34314156
22.26470947
19.16666603
15.45882225
10.02744961
15.38039207
25.74705505
28.91568756
31.16470528
27.25293922
20.14118195
19.08235741
7.80784273
5.47254944
4.89019632
6.84313679
15.81372643
13.19411850
21.48234940
22.21961021
15.75490189
13.49215698
8.35490322
19.40392113
26.34902191
29.60391808
31.68627548
25.37647057
20.28039551
16.60980225
6.39215708
5.53921556
5.60588264
8.52941227
15.08039474
15.75686455
21.51764870
20.70784569
14.43921566
11.66274738
8.14117718
23.87450981
27.20000076
28.99412155
31.83333588
22.06274986
21.52352715
12.40784168
6.24117661
5.28823566
6.23921633
11.87647247
12.31372738
19.06470490
21.74901772
17.39019585
14.70588112
9.46666718
10.86274338
25.94117928
27.05294609
28.88627434
29.52353477
20.99019432
20.18235588
9.40588093
6.28039122
5.31960773
6.39607859
16.63921738
11.75882339
19.80587959
21.00392532
14.78234959
14.01764488
8.11176491
15.06078529
26.34901810
27.43136978
30.00588226
25.96862793
21.10392761
17.66862869
7.01372576
6.19019604
5.97058773
8.76078415
15.80196095
15.16274452
19.58235359
20.70784378
13.19411945
12.13529587
7.27646923
20.56862640
27.65882874
27.17254448
31.07647324
23.24313545
21.34705734
13.78431320
6.58431435
5.54705906
6.53921509
12.93529510
12.29215622
18.63921738
19.97843361
18.58235168
12.91372395
9.49411774
8.26666546
24.79411697
27.71372604
27.11568832
30.83725548
22.23137093
19.65490150
11.15490246
6.25490332
4.94509888
6.24509764
17.03725624
9.80784321
21.08431625
20.73333549
16.59803772
11.45490074
8.13725471
11.90980434
26.60784531
26.48235512
28.34902000
28.08431244
21.79803848
18.00000000
9.03333378
6.20392132
5.16666746
9.33137321
14.42745209
12.57058716
20.46078873
20.88431358
13.74901962
10.81176758
6.92548990
15.89019680
26.59803772
27.82941246
29.15489960
24.96274567
22.41176605
15.49999905
8.10980320
5.75882292
5.57647085
12.55882454
11.09215736
15.83725643
20.41568565
19.37450981
12.86470413
9.94902039
6.15686321
21.05881882
26.02156830
27.12157440
27.29019547
23.86274910
20.81176376
12.85098171
7.65294123
5.17647076
5.62549019
14.71176529
8.68039131
19.20588303
20.14902115
16.99411583
12.78235340
7.92745113
8.13725471
25.06274796
24.91372108
25.83529091
25.31568718
23.04901314
18.70196533
10.70784473
6.67647171
4.73333406
8.48823452
12.14705944
11.30980492
19.41176605
21.48430824
14.00392151
10.73333359
7.01568604
11.52353096
25.32353401
24.73725319
25.55882454
23.88627625
21.00588036
15.64902020
8.69607925
5.17843151
5.07647038
11.52941227
10.93529510
14.18823719
20.00392342
19.65293884
11.93137169
9.20784283
6.42549086
15.07254982
26.50980568
24.14313698
25.04509735
23.80980301
19.53333855
12.65294361
7.37058926
4.78039265
5.72352982
13.49215603
9.42941284
17.63137245
19.50980377
15.61960697
11.64902020
8.10392189
6.82941341
19.89019585
25.28431129
22.85293961
25.45686150
22.85686111
19.37451363
10.55098057
6.26078510
4.44313765
7.63333273
12.42940998
10.12156868
20.02549362
19.43333435
12.53333473
11.18039227
6.35686255
8.83529377
22.54705811
22.96079063
22.18627357
24.93137741
21.77647209
18.35685921
9.03921509
5.02352953
4.56274557
10.91568565
10.34313774
12.20392227
20.13921928
16.95882416
12.21372795
9.16274548
6.48627424
11.34902096
22.49411774
21.73725700
22.65490150
23.18628120
21.52940750
15.56470776
7.64313698
4.66274548
5.42941189
12.77254963
8.96078491
15.31372643
19.77647018
13.07843113
11.56666756
9.88627625
6.74313736
14.36470699
20.77058601
20.00195885
23.09411621
22.06273842
21.47842979
12.71372414
6.23725510
4.49411821
7.55490208
11.84314060
9.17843342
18.22548866
18.24901772
10.77450943
11.30392075
10.37843227
7.48431349
18.30000305
18.67254639
18.63137245
23.56666183
22.00000381
20.38431358
9.75882435
4.94509745
4.75098133
11.17647076
9.10391903
10.27450943
20.23529625
14.73921490
11.50588417
9.98039341
10.55098152
9.81372643
18.44117737
16.77843285
19.03725433
23.36470795
22.80784607
17.50196075
7.40392017
4.56666708
5.48039341
12.37451172
8.14117718
13.03137112
21.02940750
12.29215717
11.35490227
10.30980492
9.30588341
12.20588303
16.29607964
15.79999733
20.02745056
22.59215736
21.40000343
15.17843151
6.46274614
4.64313698
7.02352905
10.65490246
8.24117756
16.48823547
18.67451096
10.62745094
11.49803925
10.98039341
8.27254963
13.60392380
14.52353096
15.19803715
21.25294113
23.34509850
20.22353172
11.56862831
5.46274519
4.53529358
9.18823624
8.13921547
8.47451019
19.33137512
15.87450981
10.98235321
11.55882454
10.31568623
9.35882378
15.04510021
13.63333607
15.82353115
22.58431053
23.10391808
18.47451019
8.71960735
4.88431406
5.01960850
9.25098228
8.91372681
10.88235283
20.04509926
13.32549095
13.12941360
9.90784454
8.95686436
10.93921757
14.42549133
13.55490017
17.69019699
22.64510155
21.01176262
15.91960907
6.82941151
5.75490236
6.44705915
9.04705811
9.13725281
15.04313755
19.08823776
11.96666813
14.99019623
9.35882187
7.15686178
12.50000095
12.93922043
13.67843246
19.96862602
21.34902000
19.47254944
11.99803925
6.16078424
7.01764727
8.31960678
8.60588264
8.59607983
18.20000076
17.19411850
14.06274796
12.94117737
8.18627548
7.12941074
13.06470585
11.25294113
14.73333645
21.28431320
20.24510002
17.57843399
10.41764832
7.01568699
7.69607782
8.88235188
8.86470604
9.48627567
18.90784836
15.51961136
15.46078491
10.72156906
6.71176386
8.26078415
12.41764736
11.56470680
15.89215851
22.43921471
19.44117928
15.98431587
8.26470757
8.26078415
8.45294189
8.95490265
7.58039141
13.19804001
18.08039093
14.46862888
15.64902115
9.72156715
6.01764631
9.26470661
11.73529434
12.17647171
17.47451019
22.28431129
18.63921356
13.54313755
7.07254982
8.46470642
9.34902000
7.33725500
7.81960917
15.98823357
16.88039398
15.18235588
14.72941113
8.60784340
5.18039179
10.70784283
12.17255020
12.73921585
19.61176682
21.26078606
16.78039551
11.26862907
7.17254925
8.26274490
8.74117756
6.79607916
8.24117661
17.55686378
15.56274605
15.49411964
12.78627491
6.83725548
6.38039207
12.40196037
12.01176548
13.78627586
21.73921013
19.37451553
15.60392189
9.33725548
7.40196085
8.99411869
7.08823538
6.94313622
11.21568680
16.95686531
14.94509888
15.18235493
10.47646904
5.89215851
8.14313602
11.87255383
11.30588341
16.19215775
21.51568794
18.58039093
14.27647305
7.99215746
7.50196028
9.04705811
6.46274519
7.82745028
13.98039436
16.36078644
14.60784340
14.96666908
7.94117737
5.02745104
9.61568737
11.56862640
11.58039284
18.02745247
21.30980682
18.18823814
12.69608116
7.81568623
7.21960783
8.56862736
7.02745056
8.11568546
17.28235245
14.77647305
15.09999847
13.44509792
6.02548981
5.88431406
10.95098209
11.37450981
12.41960907
19.32353020
20.09412193
16.73725510
12.42941284
7.79215717
8.08627319
6.98823500
7.74705935
9.22745132
18.31373024
14.28039169
15.70980453
10.40588188
5.03725576
6.99411869
12.00196362
10.57450962
14.14509964
21.09411621
18.18823814
15.62941360
12.86274338
7.64117575
8.04901981
6.30196095
7.80392170
12.04901981
16.79804039
14.47647095
15.46862698
7.13725662
4.74117661
8.21568584
12.14117622
10.12156868
16.40196228
20.30392075
18.38628006
18.21372604
10.27647114
6.90000057
6.69019651
6.52941132
8.27843094
15.45686340
16.76470757
14.40980339
12.55882263
5.93333292
5.16078520
9.53921700
11.00000095
10.43137169
17.83333397
18.95882416
19.97058868
18.23137093
8.69019508
6.57254839
5.67646980
7.52745008
9.06078243
18.71372604
16.03921700
13.64117718
10.06666756
5.23725557
6.00392103
11.44313622
10.29999828
11.76078415
18.93332863
18.71764755
20.86274338
15.38235283
7.92941284
6.05294132
6.69215679
8.16470718
11.59803963
17.25098228
16.21176338
13.92157173
7.58039331
4.89607906
8.08039188
11.06274509
10.19607735
13.28235435
19.91960907
19.32744980
21.44313812
12.06274509
7.36078453
6.27843237
7.28627586
8.74509811
13.57059002
16.35686302
15.43529320
13.05882454
6.54313660
5.01176453
8.88039303
10.06274605
10.70784378
15.34117508
19.82353401
20.51764679
20.14313889
9.59019470
6.74509859
6.20588255
7.93921566
9.03921604
16.21568871
15.04117775
14.65489960
11.38235474
5.55490208
5.25686264
9.96862793
9.48235321
11.76666737
17.61372566
19.51372719
21.45490646
17.15686035
8.10588360
6.02352905
7.38431406
7.47254992
9.66274643
17.02548981
15.28431320
14.44117641
8.82156944
4.87255001
6.20980406
10.69607925
9.50784206
12.51372719
19.63137245
18.84902382
20.68039131
13.63725281
6.74313784
5.86274481
7.35098076
7.30588341
13.17647171
16.06078529
15.85490417
12.69215775
6.81372499
4.74117661
8.37254906
10.59215546
9.49411583
14.04509544
19.65294456
19.17450905
19.17254639
11.38431549
5.39215612
5.72745037
6.98823500
8.06862640
16.84117699
15.36274624
14.16470528
10.47451210
5.67058897
4.86666679
10.11568642
9.97058773
10.07647038
15.29803753
18.85686493
19.35098267
17.91372490
8.06078434
4.75294161
5.70588398
7.06274557
9.86274624
18.14705849
14.57647133
14.41176796
8.02941132
4.82156944
5.43725538
11.50588417
10.03921604
10.46862698
16.88627815
19.44509697
18.78431511
15.52353096
6.43333292
4.64705944
5.27843094
7.31372547
13.16470623
16.94706154
15.15294075
13.86862850
7.07647038
4.75882435
6.79607821
10.81372643
9.82353115
11.49999905
18.32157326
19.69411850
19.33725739
12.44313812
5.21960831
4.42156887
5.64313698
7.70392132
16.02941132
16.50392532
14.68627548
12.28823662
6.02353001
4.60392189
8.20588207
9.81568623
9.74705696
13.17843246
18.75686455
19.01568604
20.24313736
8.83333302
4.88039207
4.62941265
6.01960802
8.94901943
17.00980568
15.17647076
14.17843246
9.91568661
4.85882330
4.80196095
9.45882416
9.83725548
9.87254715
14.89608002
19.31176949
20.19019699
17.54902267
6.67058754
4.87646961
4.93529463
6.39803886
10.41568756
17.65490150
14.19215584
13.43137264
7.87843227
4.58627510
5.82353020
10.25686169
10.07254791
10.33333397
15.79411983
19.05686378
21.76078224
12.14313793
5.77843142
4.29607821
5.41764784
6.95098066
14.18823433
16.32157135
12.71960831
11.74901962
6.74901962
4.57843161
6.80392265
10.87254906
10.75098324
10.95686340
17.51176453
19.07646751
21.38823318
8.78039265
4.86862803
4.06666660
5.62745142
8.86470604
16.93137360
14.25098228
12.17843056
10.58039188
5.25098133
4.60784340
8.40784264
10.64509773
9.79215622
12.70392132
18.01764297
19.68627548
17.07843399
7.20196009
4.16862822
4.34902000
6.19607973
10.23921680
17.87058640
14.01961040
11.13529205
9.20196152
4.79215670
4.62745047
9.55097961
10.54902172
10.03137207
13.95686245
17.83333588
21.21372795
11.81372643
6.09411669
3.76666713
4.63725519
7.07254887
12.29019737
17.50000000
13.15294361
11.29411793
6.67254925
4.49804020
5.61764765
9.69607735
9.73725414
10.45686436
16.10392380
17.86274338
18.96666908
9.43333340
4.89215708
4.07254934
4.88431406
8.87843037
14.57451057
16.03137398
12.71764660
10.43137455
4.77450991
4.21764708
7.70980358
9.73529243
9.51568604
12.19019604
17.60784149
18.73725700
16.70588112
7.78823519
4.01568651
4.32352924
5.52549028
9.69411659
16.80588341
14.90588284
11.59019661
8.46274471
4.50588322
4.29411745
9.42549133
9.06078625
9.73921680
13.95490265
18.18039513
19.75293922
13.57254887
6.19999981
3.80980444
4.19803905
7.38235331
9.56862736
17.38823700
13.88431454
10.71176338
6.55098057
4.30588293
5.13725424
9.14313793
8.40784454
10.57647324
14.89019775
17.69019699
18.97647285
10.76470661
4.54509783
3.77254868
5.01764679
9.10980511
11.61568737
15.86470413
13.05294514
9.50000000
5.03921652
3.82941198
5.99215651
8.54706001
8.46470547
11.45882511
15.73921776
18.86666679
16.87059212
8.61372662
3.36078453
3.79019642
6.11176538
9.10588264
14.70392227
15.64901924
10.99019527
7.72156763
4.92941189
3.58235312
7.47647095
7.71176577
8.72941303
13.22548962
16.69019699
19.34706306
14.67450809
6.57843208
3.41764688
3.89999986
7.84313774
9.65686226
16.58235359
14.86666679
9.33529377
6.43529367
4.05098057
4.28235292
8.63529491
7.99215603
9.24705982
14.48235130
17.06470680
18.91568375
13.09607887
5.00980473
3.79803920
4.84313774
8.67843151
11.90980434
17.12549210
12.95098019
9.78823566
5.28627539
3.72353005
4.85686255
9.15882492
8.47843075
10.44901943
15.16274834
18.51960754
17.76078606
10.61568642
4.10980463
3.82549024
6.14313745
9.41372585
14.31764889
16.32352829
11.88431549
8.84901905
4.10392141
3.36078453
5.63921595
8.42941284
8.67843246
12.04117966
15.67450905
19.67058754
15.77254772
7.64902020
3.88431406
4.34117651
7.15098190
10.04509830
15.18235397
15.36470985
11.20196056
7.38235426
3.37843156
3.89803934
6.48431396
7.58431339
8.80784416
13.28039360
16.47254944
20.36274338
13.56862640
5.76078415
3.85098100
4.84509850
8.43725491
9.37058830
16.62156868
13.76274395
10.71765041
5.98235416
3.15294147
4.58823490
6.61960745
7.70588255
9.13921547
14.50392246
17.51568604
18.77255058
11.73137379
4.67254877
3.90392137
6.05490208
9.53333378
11.05686283
15.71372795
12.55489922
9.05490112
4.79803944
3.16078472
5.13529444
6.92745066
7.53921652
10.43529510
15.72352791
17.80196190
17.10196304
9.58823681
4.19607878
4.21372557
7.41764784
10.33333302
12.98823547
15.50588226
11.11372566
7.09607887
4.12549019
3.39411807
5.71176434
7.23529387
7.71960878
12.07254791
16.41960526
18.10196495
16.08039474
6.94313669
3.96078467
4.36274529
9.47254848
9.60588264
14.38627720
14.82941246
10.19607735
5.53333282
3.79019618
3.92549014
6.41764688
7.34705925
8.23921585
14.03529167
16.65490150
18.25294113
14.34509754
4.97647047
3.79019642
5.57843161
10.48235321
9.32941055
15.85294247
12.48823547
8.90588284
4.69019604
3.60392189
4.20196152
6.90000010
7.45490217
9.32745075
15.75294113
17.29804420
17.93137550
11.61764812
4.49215651
3.95686316
6.18039227
10.80784130
11.07058907
15.40784740
10.49803925
7.80784321
3.62941194
3.52549005
4.95882368
6.89803886
7.61372519
11.05293941
17.08431435
17.50000000
18.07647133
8.23137283
3.98431396
3.75686336
9.35098076
8.48823547
13.20784283
14.80980301
8.71960831
6.46666718
3.25490189
3.66666722
5.63725567
6.79999971
7.82352924
12.91764736
16.54705429
17.79019737
16.06862831
5.26078415
3.82549024
4.22549105
11.41372681
8.25686359
14.56666660
13.78431416
8.26078510
5.19803858
3.31372571
3.99215722
5.40980387
6.95686150
8.15686226
14.05686283
16.84117699
18.01764870
11.90392399
3.81372595
3.70000076
6.87647104
10.39607716
10.08039188
14.87451172
12.06078434
7.55294132
4.55294228
2.98431396
4.27450943
5.69019651
7.11960840
9.24705887
14.19215584
17.64705849
16.04117584
9.22548771
3.73529387
3.49215722
9.97451019
8.43529415
12.18627548
14.79019642
10.51176453
6.44705868
3.63333368
3.27843142
4.55490255
5.94705868
6.92744970
10.57647133
14.97058678
17.95293999
13.76862717
7.19411755
3.72941208
3.92549014
8.78431320
8.90392303
12.67450714
13.61176586
9.60000134
5.50196028
3.27843213
3.34901953
4.92941236
5.83137226
7.16470575
11.93529320
15.58431530
16.32548904
12.85882187
4.83333302
3.70196104
5.49215698
7.79607964
8.51960659
13.27058792
12.50980282
7.97647047
4.73725462
2.80588245
3.94705939
5.32156849
5.87647057
7.96470690
12.76666832
15.38039207
14.48431206
11.31960773
3.91568685
3.59019637
5.98431444
7.61764669
9.90980530
12.64509964
10.85882568
6.31568575
4.06862831
2.40784335
4.54313707
5.27254868
6.11176443
9.25294304
13.23725700
15.60980320
13.26078129
8.81372452
4.16666698
3.54313779
6.04509878
7.89019585
11.59411812
12.53333378
9.30980396
5.45098066
3.25294161
3.11176491
4.72352982
5.31960773
6.23725462
11.14509678
13.79411888
14.85882282
13.27450943
6.75294113
3.69019604
3.83529472
7.38039255
7.76666641
12.80784225
11.64902020
7.57450962
4.94313812
3.19411850
3.62941194
4.76470661
5.37843037
7.44902086
12.39803886
14.17058754
13.84117603
12.72745132
5.16666698
3.56470561
4.52745104
8.90980434
9.33921623
12.62549114
10.00392246
6.58235312
4.19411755
3.04901981
3.61176491
4.85882378
5.89607811
9.11372566
12.50784397
14.04313755
14.41960812
9.58039284
4.78431511
3.79607892
6.73137379
9.79804039
10.64509773
11.73725605
8.72549152
5.43333387
3.33529449
3.28823566
3.65882373
4.82745123
6.20196009
10.05294132
13.28235531
14.15882397
13.56274796
7.36470604
4.22941208
3.51568604
10.62941074
8.39999962
11.87450886
10.98627472
7.75294161
4.27647018
3.00784326
3.40392160
4.11176491
4.83921576
6.56666708
11.43921471
13.72941017
14.32549095
11.76470661
6.45882368
3.43137240
4.77647114
11.53725433
8.08823490
12.50392342
9.54705906
7.20196104
3.26078439
2.76666689
3.42941260
4.79019690
5.02548981
7.12352943
12.64509678
14.55686283
14.17254734
10.26666641
5.63725424
3.54902005
7.23137283
9.91961002
10.31764698
12.09019756
8.17058849
6.07843161
2.93529463
2.71176505
4.23529387
4.33725500
5.49411869
8.61568642
13.42156792
14.60196209
13.03725529
9.67451000
4.79607916
3.47058797
8.69607830
9.92549133
12.08235264
11.21960640
7.86862803
4.95490217
2.26470613
2.87843132
4.11764717
4.42352962
6.25098085
10.43725491
13.69999695
14.55882549
12.23333168
8.21568680
4.10784388
3.76470590
10.48235321
9.98431396
12.28039360
10.08823586
7.36470556
3.93529463
1.92352986
3.44901967
4.11764717
4.69019604
6.62156963
12.30392075
13.81960773
14.71960831
12.23921585
5.33137321
3.91764688
4.92353010
9.93137264
10.58823490
11.98431206
8.82745075
6.68627453
2.90784359
1.95294166
3.66470551
4.00980377
5.10784292
8.62941170
12.59607792
15.63921165
14.44902229
10.92745018
4.22745180
3.25490189
5.76666737
10.29019547
11.19803905
11.02352905
8.73921585
5.76666641
2.43921638
2.13333368
3.24117661
4.82549000
5.40588236
10.09804058
13.68823719
16.01372337
14.21960926
8.57647228
3.94705939
3.08039212
7.23725510
10.82941151
11.11764622
11.30980396
8.10391998
4.64902020
2.22941208
2.04705906
3.16862774
4.73725605
6.24313784
11.71568680
14.50000000
16.02548981
13.62940979
6.54509830
3.62549043
3.62352991
9.05097961
10.61372566
12.04901886
10.51960754
7.33333397
3.24117708
2.17254925
2.58039236
3.77058816
4.61176491
7.46666670
12.88627529
15.47254944
15.44313622
12.24313736
5.00588226
2.76862788
4.32941198
9.66078472
11.00195885
11.74117661
9.96470642
6.15490103
2.42941213
1.63529432
3.11764717
3.77450991
5.03137302
8.78235340
14.03529072
16.07451057
14.18235302
10.27647114
3.86470604
2.62352967
5.56274509
8.91568756
10.85098171
11.44313622
9.10196209
4.56862783
1.73921585
1.75686312
3.08235359
4.07254934
5.94117641
10.50391960
15.15686131
15.39215660
12.88627434
8.01372623
3.84117651
3.14901948
6.62156868
8.82941246
10.96470642
11.18823719
8.93137264
2.79411793
0.94117671
2.30980420
3.14705896
4.36470556
6.38627434
11.55098057
15.17647171
14.37450886
11.76666641
5.80588341
3.54509830
4.32941198
6.93725491
9.82353020
12.11960983
9.83137417
6.91372633
2.18039274
0.97647059
2.53725505
3.58431387
4.86470556
7.64901924
12.95490360
14.57842827
13.53333378
10.66470623
4.20000029
3.75882387
5.31372499
9.37451077
9.63333416
12.35686398
8.74117565
4.97254944
1.84117699
1.10000014
2.79215717
4.36274529
5.67647076
9.05294132
13.44901752
14.27254963
13.39215851
8.74509907
4.16666746
3.62549043
6.18039179
10.72941303
10.65686321
11.56078434
8.20784283
3.56862712
1.21372581
1.47058833
3.28431392
4.24117756
6.31568718
10.59411621
13.47843361
13.98431396
13.11960888
6.76666689
3.91764736
3.86470652
7.11960793
11.45294380
12.30196190
11.02352905
6.29999924
2.29411793
0.75098050
2.11176515
3.70196104
4.33921576
6.74705935
12.42549133
13.89411640
13.42157078
12.72352886
4.70392179
3.78431416
4.00392151
9.78431416
10.11960793
12.84509945
9.28431511
5.51960802
1.55686283
0.65882355
2.58627439
4.54705906
4.37254858
8.70392227
13.04117393
14.00588226
13.11176491
9.74705982
4.25686216
3.21568608
5.54313803
8.05490303
11.39607906
13.01960850
7.97843170
4.63137245
0.90784347
0.81372553
3.12745094
4.62549019
5.06862736
11.54313660
12.94313622
13.88823795
12.32941055
7.02352953
3.97254896
3.50196099
5.86470556
7.78823471
12.47646999
13.14117813
6.26274443
3.18627501
0.63137281
1.30392170
3.79411793
4.82352972
6.08431435
13.23921490
12.80980587
12.99215698
11.47254944
4.79215765
4.09215689
3.54313731
6.85294151
9.17451000
13.29803944
10.86666679
5.35490274
2.16470647
0.61568636
1.67058825
4.00784349
5.12745047
7.62549019
12.80196285
14.31960678
12.66078758
9.25294113
4.29411793
3.69411755
4.19607878
8.12156868
10.54509926
12.57058716
8.80392170
4.67058849
1.23921609
0.87058842
2.20392156
4.37647104
5.01372528
9.42548943
13.19411755
15.60588169
12.09411812
7.34313726
4.34901953
2.48431420
6.87058830
8.13725471
10.61176395
12.10980320
7.17058992
3.88823557
0.94313759
0.96078444
3.59019613
4.13725519
5.09215641
11.29607773
14.07254791
14.12745476
11.15686131
5.45686245
4.04509783
2.30784369
8.64313698
9.04706097
10.36666489
11.77058983
5.87843132
2.69411755
0.54901963
1.79019618
3.63725543
4.26666689
5.97450924
12.32549286
15.20000172
12.14705849
9.66666794
5.00392151
3.23333311
3.96470594
8.77255058
9.30392075
11.02941132
10.07058811
5.31960821
1.72549045
0.35294119
2.52549028
3.60588264
4.72941208
7.16862726
12.80588341
14.35294247
11.87451172
7.85882282
4.94117641
2.38431454
5.23725557
8.35882378
8.97647190
11.56862640
8.12156868
4.37058830
0.90196121
0.72352946
3.03725457
3.97450995
4.85490227
8.65882492
12.90784264
13.63333321
10.45490551
5.63921595
4.95098019
2.02745152
4.46666718
9.27254963
8.72745228
12.10392284
6.77254868
3.40392160
0.36666667
1.46666658
3.02745128
4.09019613
5.16666698
10.60588264
13.47843075
12.51176262
9.04901981
5.30980301
3.98235345
2.27647090
5.37843180
8.05882454
10.33333302
10.70784378
5.82156754
2.02549052
0.65294135
2.10000014
3.65490222
3.90588236
5.75294018
11.84706116
13.25098038
11.77058697
8.10588169
5.19019604
2.46862793
3.11764741
7.05294085
7.27843237
11.25490284
8.89804077
4.40000010
1.40392184
1.22745132
2.48039222
3.81176496
4.25294161
7.91568708
11.03529358
13.68235493
10.43725681
6.96862698
4.45098066
1.69019651
4.53529453
7.00980425
6.78627491
11.94902134
7.61764765
3.11960793
1.63725507
1.44509828
2.56274533
4.11960840
5.68823528
9.38039207
11.12941170
12.63725662
9.34902096
5.77843142
3.02745104
2.47254944
5.97058821
4.80784416
8.80000019
10.94706059
6.36862707
2.27058864
1.30196106
1.82156873
2.83725476
4.79019594
6.87843180
10.57843113
11.28039360
11.77843285
8.98627377
4.91372538
2.07451010
2.88627529
6.72941256
4.84902000
10.32353020
9.70196056
4.89411783
1.76078451
1.15882385
1.68823576
2.87254906
5.05098104
8.79607964
10.98039055
12.20196056
11.69019699
7.53333187
4.20000029
2.15294170
3.35882401
6.23137283
5.83529472
11.63921547
7.83921719
3.50784349
1.53921604
1.07254922
2.27058840
2.73137259
5.75686264
9.98039246
10.93725395
12.96078300
10.11176872
6.39019632
3.07058835
2.42941141
4.93921614
4.06274509
7.91960764
11.84509754
6.04902029
2.48235273
1.31568646
1.49019635
2.21764755
3.42353010
6.07843113
10.44117737
11.02549076
12.38627434
9.17451191
5.59607935
2.50196075
2.53333354
4.91764736
3.88823605
10.45490265
10.30588341
5.18235254
2.09411788
1.18823552
1.25098050
2.45882368
3.48235321
6.44901991
9.49215698
12.24313736
11.62352848
8.16470623
5.24313688
2.19607854
2.75882363
4.47058916
5.02156878
11.76862526
7.80392218
4.56274605
1.93921602
1.00392175
1.50392187
2.42352962
4.24705791
7.46274567
9.33333492
13.55882263
10.64705944
6.76078415
3.91176486
2.28039241
3.01568627
3.71372581
6.62941170
11.58627319
6.20588255
3.20000029
1.79803956
1.18823540
1.66274524
2.79607868
5.31568575
8.97058868
10.49803925
12.29019642
9.13725281
6.30000019
2.72156930
2.08039236
3.76078463
3.33725572
9.40980339
9.37058830
5.08823586
2.38627505
1.34313750
1.20784342
2.07647085
3.23529434
6.27058887
9.93333340
11.47254848
11.07646942
7.72352839
5.36078405
2.64901996
2.10588264
3.90000033
4.56078482
10.61960697
7.46862841
4.63137245
2.17451024
0.53725511
1.84509850
2.00196099
4.06470633
6.80588293
10.95294189
11.93921566
9.85294056
6.56470490
4.42548990
2.14117670
2.18431401
3.50000048
5.99019527
9.85490322
7.38039160
3.79215789
1.74117684
0.80196095
1.83725524
2.55098057
4.63725519
8.00392151
10.91372490
11.73529434
8.20980358
6.60784245
3.12156892
1.68431377
2.20588255
3.36862779
7.62745142
9.31764603
6.46470594
3.20588279
1.26862788
1.31176484
1.94902015
2.87451005
5.21176481
9.11764717
11.05686188
10.35882282
8.27843094
5.81372595
2.26274562
1.20980406
2.33137298
3.42745137
9.11960793
8.78823566
5.46862793
2.59411812
0.75882363
1.54313731
2.11568618
3.63529444
5.61176538
9.89999962
11.31960773
9.96862793
7.76470566
4.65098095
1.50000048
0.91176504
2.76078439
5.22156906
9.24705982
8.45098019
4.23921585
1.99411786
0.55294120
1.26862764
2.65490246
4.19019699
6.33725500
10.40196228
11.99411869
8.83333492
7.45686340
3.36274552
0.79411787
1.18823552
2.92352962
6.34902000
10.01960754
6.62353039
3.70784330
1.34509814
0.43137255
1.65882385
2.86666703
4.95686293
7.31176519
10.63921738
11.17254829
7.79411650
6.22352886
2.51764727
0.90784329
1.61176479
2.47254920
7.99215794
9.78627491
5.12941265
3.06666732
0.90392196
0.37058824
2.13333368
3.11764717
5.29803896
8.34705830
11.10000038
9.87842941
7.15686464
5.24901962
1.79215729
0.99411780
2.08823562
3.17647076
9.89804077
7.96862841
4.41372538
2.31960821
0.49411765
0.58039224
2.34509826
3.69803929
5.90392160
9.23921490
11.23333454
8.86274529
6.93333292
4.01568699
1.18235302
1.63529432
2.02941203
4.85294056
10.34509945
6.41176558
3.90000010
1.46470654
0.75686288
0.81568635
2.47254920
4.37647104
6.53921604
9.84509659
10.81372547
7.89607859
6.38235283
3.07255006
1.06862760
1.54117680
2.17058849
7.12745047
9.91568661
5.09019661
3.27450991
1.30588281
0.76862758
1.30784333
2.74901986
5.42352962
7.29411697
10.18431568
9.36470604
7.81764698
5.68235302
1.78235328
1.37843168
1.98039234
2.39019632
9.19999886
8.33529377
4.68627405
2.77843165
0.97254920
1.29411793
1.81764722
3.10392165
5.64117718
8.26078415
9.97451019
8.87647152
7.82549000
4.41176462
1.26666689
1.27451003
2.31372547
3.67647076
10.09607887
7.09803867
4.25098133
2.00784302
0.83725500
1.51372588
2.00196099
3.87451005
5.86078501
8.89803886
9.66470528
8.46470547
6.87647057
3.51960850
1.00784326
1.57450998
2.44902015
6.38039160
10.45882320
6.09019661
3.37647104
1.17451012
0.84901977
1.30784333
2.32352972
4.69999981
6.53921556
9.31960773
9.16274452
8.08235359
6.50588226
2.66862750
0.93137270
1.62941194
2.98431420
9.22352982
10.01568508
4.86274576
2.73333359
0.76078439
1.13529420
1.81372571
3.00196075
5.07647038
7.37647057
9.83529472
8.95294094
7.69607878
5.92156935
1.49215710
1.17058825
1.75490224
4.41960812
10.81568527
8.32745171
3.79215693
1.91568661
0.51372552
1.48039234
2.08823562
3.16078472
6.03725481
8.12745094
10.12745190
8.28235435
7.45686245
4.58431482
0.85098064
1.30000031
1.74117684
6.50392246
10.74509907
6.57058859
2.79999995
1.15098047
0.27647060
1.88431394
1.69803941
3.38823581
7.01568699
8.94117832
9.03921604
8.35882378
6.62745047
3.57451034
0.57843143
1.47254896
2.29803944
7.91372633
9.87058830
5.09215689
1.98235333
0.92156899
0.77058834
2.03725505
1.82941198
4.38431406
7.11372614
9.45882416
8.54313850
8.05098152
6.03725433
2.20784354
1.01568639
1.91372573
2.30196118
9.28627682
8.81960583
4.05882359
1.96078455
0.49803922
1.10784340
1.70784342
2.93921590
5.27843189
7.13137245
8.88627434
7.79411697
7.79215622
5.15097952
1.37451017
1.37843168
1.49215698
3.92156935
9.89999962
7.95490170
2.55882382
1.60392189
0.59215701
1.42352974
2.04509807
3.29215789
5.91372538
7.48627567
8.09411812
8.00784302
6.89215660
4.40980482
0.85294127
1.01764727
1.73333359
5.74313831
10.12156963
6.68627501
1.82156897
1.36666703
0.43529412
1.79803920
2.41568661
3.69019651
6.16274548
7.93725491
8.16274643
7.69803858
6.88431358
2.95686316
0.67254925
1.05686295
1.90588248
7.35490274
10.12941551
5.01960850
2.34902000
0.73333353
0.51960790
1.78627455
2.90588284
4.27843189
6.47843170
7.94117689
7.48823404
8.51764679
5.89804029
1.95686293
0.65882367
1.32352972
2.97058845
9.07254982
8.95098019
3.52352953
2.90980434
0.56666672
0.68823540
2.15882397
3.11960769
5.47058821
6.66862726
8.00784397
8.19803905
9.19804096
3.95686316
1.10784352
0.92549026
1.55882382
4.80196095
9.65294170
7.42156839
3.13137293
2.84901953
0.55098045
1.78823543
1.85882378
3.48823571
6.14705944
7.15294075
7.95294142
8.31176567
9.07450962
2.49019599
1.10392189
1.11568654
2.12156892
6.66862774
9.15098000
6.34313774
3.16666722
2.20980382
0.51764709
2.46274543
1.83921611
4.07451010
6.27843142
7.21372652
7.68039322
9.52549076
6.43137312
2.18235326
1.39803982
1.24313748
3.17058873
8.38039207
7.89411736
4.84509850
3.72745085
1.18627465
0.65490198
2.90392160
2.41568661
4.80784321
7.06274414
7.11960840
7.87451124
9.01372719
4.06274509
2.03921604
1.16078448
1.43529439
4.30980396
9.38627434
7.68431330
3.29803944
3.59215713
0.85098064
0.86078441
2.48823571
3.35882354
5.62549067
7.54313707
7.42745209
7.70196056
7.85882425
2.92156839
1.76470625
0.99215716
2.07647061
6.43137217
8.56666660
6.19215775
2.90784359
3.09803915
0.73529428
1.30392182
2.00392151
4.20392179
5.90000057
8.17254925
7.41764688
8.16274643
5.93529415
2.38039255
1.40196109
1.28039229
2.90000010
7.50980377
8.09607887
4.73725557
3.79019642
2.21372581
0.75098056
1.43725502
3.00588274
4.29215717
6.65882397
7.43333340
7.72549009
8.35686302
3.79411769
2.02156901
1.36078465
1.55882370
3.64509773
8.55490303
7.07450867
4.32941246
4.41960812
1.60784352
0.73529440
2.44313765
3.48823524
4.84901857
7.63529396
7.19215631
7.85882425
7.50980377
2.21372581
2.00000072
1.27843165
1.97843170
5.79803944
8.52745056
6.61176491
3.96274543
3.11568713
1.41960800
1.03921592
2.93921542
3.88627481
5.46666574
7.50784445
6.87451029
7.80392122
5.93333387
1.99019623
1.40392184
1.22352958
2.93137264
6.90588140
8.50392151
6.00000048
3.73137259
2.32745147
1.04117668
1.37647080
3.27843165
3.31568599
5.99215746
6.36862659
6.57254934
8.19411850
4.61764765
1.72156882
1.29019654
1.10196114
3.80392194
7.43137312
8.22352982
5.17450953
4.20784378
1.40000021
1.17647088
2.09019637
2.77647090
3.67058825
5.76666689
5.84509802
6.91176414
7.83529425
3.21764755
1.76078451
1.07843161
1.61176491
4.30784273
7.87058926
6.86078453
4.42156887
3.98431444
1.04901981
1.10980415
2.32156873
2.82352972
4.81176472
5.76666641
6.39607906
7.84509850
6.34902000
2.62941194
1.33529425
1.10000014
2.86078429
5.09803963
7.85882378
5.83921528
4.30000067
2.98431420
1.10392165
1.01372576
2.36470628
3.52941179
5.69999981
6.07647085
6.57843113
8.20588112
4.73137236
2.32549047
1.20784342
1.35294139
3.90392208
5.48431396
7.04706001
5.24117708
4.56666756
1.84117675
0.97254926
1.12941194
1.97451007
4.42941236
6.12745190
6.29411793
6.65882444
7.93137312
4.33921623
1.47843170
1.00980413
1.38039243
4.39607859
5.96470642
7.11176443
4.47647047
4.42745113
1.02941215
1.04509819
1.59019625
2.04509830
4.87058830
5.94901943
6.19803905
7.56470633
6.08823442
3.82549047
1.20784330
1.07254922
2.41764736
4.81568718
6.43725491
7.09803963
4.01960802
4.06274557
0.98039246
1.04313731
1.64313745
2.98039246
4.65882349
5.56862783
6.34705973
7.47254896
5.56274509
2.92745161
1.40196097
1.12941182
3.68235278
5.81764793
7.33725452
6.22353029
5.05686283
2.84705877
0.49215686
1.21176481
1.58235323
3.38039207
5.10392094
5.65686321
7.29607916
7.06862688
5.02549028
1.98823559
1.05490220
1.73137259
5.00784349
6.42549038
8.04705906
4.96666718
5.19019604
1.71764743
0.77843148
0.99607861
1.75294137
3.77058864
6.25097990
6.20784283
7.38431454
6.79411793
3.94117689
1.41176498
1.00980401
3.28039241
4.89999962
6.36666679
8.64902115
4.29411745
4.28039265
1.24509823
1.06470609
1.10000014
2.63137293
3.76470590
7.40784311
6.20784283
7.42745256
6.90196037
2.12353015
0.94901991
1.06274533
4.40784264
4.72941160
6.79607916
7.50196075
4.63921595
3.30392194
1.13333356
1.22156906
1.17058849
2.85490251
5.28431368
6.81764698
6.64509821
7.20784330
4.78235340
1.60000038
0.88627470
1.61176491
5.26470566
4.92941236
7.37450886
5.70392084
5.16078424
2.56666684
0.91176504
1.47451019
1.41372585
3.17254925
6.02352810
6.82941151
6.79019690
5.93725443
3.43725491
1.34901989
0.95294136
2.82352972
4.57647038
5.87254953
7.18823528
4.80588293
5.09411812
1.81176496
0.66666675
1.83529449
1.85686290
4.24902010
7.35490227
5.77647066
6.77843237
5.56274414
2.46862817
1.05294132
1.38235319
3.93333364
4.30196142
6.28627491
7.28627539
4.47647142
4.82352972
1.11176503
0.87254930
1.52156889
2.67450976
4.94901991
7.42353010
5.84509754
6.13725471
4.92941284
2.09215689
1.24509823
1.55490243
4.85882425
4.12941217
6.91176414
6.52744961
5.32156849
3.47450995
0.85294151
0.69019622
1.54117680
3.62549067
6.09607887
6.95490170
6.38039207
6.25686264
4.06666756
2.05294156
1.18627477
2.15490222
4.19803905
5.45882416
7.13725615
6.00784254
5.33725548
2.25294161
0.45294118
1.02941191
2.42352962
4.78431368
6.88823605
6.46862841
7.17843151
5.88627434
3.73137259
1.62941217
1.22745132
3.19607902
3.62745142
6.08039236
6.68823528
5.71960783
4.39607859
1.25490224
0.81960809
1.67647088
3.81372571
5.43921614
7.53921652
5.87647152
6.95882416
5.71176577
3.16078448
1.36274517
1.56078458
3.44313741
4.27254915
5.76274490
6.77843142
5.26078463
3.70392203
1.02745116
1.12745118
2.22941184
4.64705944
6.36078405
7.35686255
5.97058868
6.62352991
4.78823614
2.57843208
1.26470613
1.63725507
3.65882373
5.35882378
6.18235254
6.97843170
5.01372671
2.59215760
0.64901960
1.43137264
2.11764717
4.72941160
6.85294104
6.96274519
5.86078453
5.57647038
4.21372604
1.82941210
1.20000005
1.99215686
3.82352948
5.58823633
6.41372538
6.53921604
4.51176453
1.60392189
0.60392165
1.41372573
2.50784349
5.01960802
7.00196028
6.56470537
5.52156830
4.78039217
3.81568694
0.95098072
1.31372571
2.44313741
4.36078501
5.22941256
6.83333349
6.54509878
3.40588307
1.20980430
0.60000008
1.84901989
3.37647128
5.83333349
7.25294113
5.70196104
5.57647085
4.34902000
2.94117689
1.36078477
1.22745109
3.21764731
4.79999971
5.37450981
7.39215708
5.70980453
2.95490170
1.12549055
0.95490223
2.80980420
4.68431473
6.83333397
6.83333302
5.52941179
5.44509840
4.08039284
2.46078420
1.29215717
1.25686312
3.82941175
4.88431406
6.32156944
7.78627348
4.94313860
2.18823576
0.70588243
1.16470599
3.87843132
5.15098047
7.05882406
6.90392160
6.03921652
5.02941179
3.69607854
1.67843175
1.27451003
1.85294151
4.28235292
4.79019642
7.29215717
6.60588217
4.19019604
1.35490227
0.79215688
1.71568644
4.34509802
5.59215784
8.15490246
6.39803839
5.68823528
4.28431463
3.55098057
0.92549050
1.30392182
2.82156897
4.06078434
5.33725452
7.15294123
6.07647085
3.23137236
1.26666713
1.31176484
2.09803915
4.51764727
6.38039207
7.92549133
5.97058773
5.22549105
3.47450995
3.32352948
0.56078440
1.35490215
3.00980449
4.50784302
5.91176462
7.22352886
5.60392189
2.27254915
0.96470612
1.92156863
1.94705915
5.36274576
6.50196123
7.19411850
5.73529482
4.27450991
3.67451024
1.88431418
0.65294123
1.66666675
3.21764755
4.85882425
6.64509773
6.15686417
4.91176510
1.51960826
0.51372552
2.45686316
3.42745137
5.44509840
6.95490074
6.13137388
5.19803905
4.24313688
3.17843151
0.93529451
0.62941188
2.25882387
3.99019647
5.03921604
6.65098047
5.16470671
3.93725562
1.10980403
0.63333338
2.96666694
3.75490212
6.01176453
7.13529444
5.63921547
5.14705849
3.91176558
2.55098057
0.95294136
0.96470606
3.07450986
4.44705820
4.96078539
6.52156925
5.13333368
2.57451034
1.05098069
1.18039227
2.56666684
4.39803934
7.29999971
6.94313622
6.00000048
4.42352962
3.75686312
1.97254932
1.32549047
1.22156870
3.09607863
5.15686274
5.65490198
6.25882292
4.85490227
1.73529458
1.30000031
1.56274533
2.99411774
5.08823633
8.02352905
6.81176519
5.42745161
3.73333335
3.94901991
1.55294156
1.13137293
1.65882385
3.51372623
5.62745094
6.40392208
5.19215727
4.47254896
1.53333354
0.79607862
1.87451029
3.71568656
5.82549095
8.07843113
6.46862745
5.62156916
3.97254944
3.30000067
1.21960807
1.03333354
2.40784311
4.36078453
5.50980473
6.29411840
5.21568680
3.43921566
1.23333371
0.76862764
2.17254925
4.13137293
6.80784416
7.66862869
6.09411764
4.95098066
4.87647009
2.40980458
1.08431387
0.89215702
2.63921595
4.56274509
5.88627434
5.52549028
5.73725462
2.65294099
1.20392191
1.01960802
2.67843151
4.32156897
7.70784426
7.01568604
6.20784378
4.70980358
4.98431396
1.70000052
0.92156887
1.28235292
2.33137274
5.06862783
6.18235397
5.31176424
5.43921566
2.06274533
1.00980425
1.41764736
2.98039269
5.27254868
7.99411774
6.37647009
6.04901934
5.28039312
3.42352986
0.96470612
1.16078460
1.60588288
2.80784321
5.21372557
5.93333340
5.81960726
4.23725510
1.64509845
1.20784330
1.73921573
3.39411783
6.67254925
7.51568508
5.70196152
5.71176529
4.70784330
2.18039227
0.85882372
1.14901984
1.87843168
3.29803944
5.36666775
6.13921690
6.11960840
2.76078463
1.35882378
1.01764715
2.31372595
4.05294180
7.65098190
7.28823471
5.76862764
5.47254896
3.28235316
1.56078434
0.80784333
1.11176491
2.34509873
3.86862731
5.59803963
5.98039246
6.07254887
2.26078463
1.12745118
1.10980415
3.16862750
4.63725519
8.33333302
6.82548809
5.66862726
4.76274633
2.66274524
1.23725522
1.31176484
1.42549026
2.73921609
4.73333359
5.73725510
5.80784369
5.18823528
1.61372578
0.92352962
1.74705899
3.64117670
5.38431406
8.92941284
6.42156935
5.20392132
3.83725452
2.66862798
1.09215713
1.47254932
1.91960800
3.62352920
4.62352896
5.75686312
5.84117603
4.04313755
1.01960826
0.91372567
2.42549062
3.59803963
6.74509859
8.34901905
6.37647009
4.74313784
3.82941127
1.91960788
1.29215705
1.16470635
2.53529429
4.10784292
4.59019613
5.53137302
5.90588236
2.80196071
0.70000017
1.09215701
3.07843137
4.11960840
9.29215813
7.72745037
5.89019537
4.47450972
3.39411759
1.36666667
1.58823562
1.33921599
2.82941222
4.20784378
4.84313726
5.91372538
5.42156839
1.84117663
0.91960800
1.84705901
3.59607887
5.68823481
10.20784378
6.93921614
5.11960840
4.30196047
2.59215713
1.17647088
1.38431406
1.99411798
2.72549009
4.51176596
5.28431416
5.31764746
4.46078444
1.70588255
1.50980413
2.14117646
4.26470613
7.24901962
8.68039227
5.73529434
4.94509840
3.96862793
2.19411778
1.17058849
1.07843161
2.01960826
2.90196085
4.90588284
5.48039198
4.68235302
3.73137307
1.70784342
1.25294137
2.93137264
4.60392141
9.10196209
6.79607725
5.11764860
5.03725529
3.34705949
1.84705913
1.00980413
1.18627489
2.06862760
3.86666703
5.13725519
5.46862650
5.32549047
2.99607897
1.65686321
1.14901972
3.72745156
4.92745113
9.03529358
5.46862745
4.79607868
4.76470518
2.49607897
1.75294149
1.02745116
1.47058856
2.40784335
4.63333321
5.49019623
5.61764717
5.03725433
2.56078482
1.46862769
1.95686305
3.91176486
6.57254791
7.44509840
4.98039198
4.93725586
4.15882301
2.28431392
1.74117672
1.14509809
2.08823538
3.00196075
4.38823414
5.72745085
5.60196018
4.46078491
1.62352979
1.41568661
3.11764717
4.07451010
7.54901981
6.46274519
5.02156878
5.14313698
3.53921652
2.32352972
1.49411809
1.45098054
2.62941217
3.63137269
4.45686293
5.44117641
6.05490160
3.36470652
0.97843164
1.51960790
3.99019623
4.36078501
7.80196047
5.91372681
5.48823595
5.31568623
3.10588288
2.80000019
1.17451000
1.56862748
3.22941208
4.29215670
4.98431396
5.71372509
5.41372585
2.73529458
1.20196104
1.71372569
4.55490208
5.17058849
7.82744980
5.61568642
5.76862764
4.65294170
2.90000057
2.21764708
1.19411790
1.89019632
3.02941179
4.64901972
5.07451057
6.59215784
4.51960754
2.36078477
0.95294136
2.87450981
4.22549057
6.70000029
7.45490170
5.01960850
5.63529444
3.74313736
3.03725553
1.29411781
1.36470616
2.15882373
3.17254901
4.16274548
5.52745104
6.65098000
3.30588293
2.03921604
1.25686288
3.97058845
4.08627462
7.67058802
6.73529530
5.40000010
4.78039217
3.30784369
2.47451019
1.31568658
1.81764746
2.00784326
3.54313684
4.54313755
5.65882397
5.67647076
2.77451038
1.09607875
2.20784330
4.72941208
4.92745113
8.28627586
5.83725405
5.24117613
4.27451038
2.52352977
2.02941179
1.68235302
1.74313748
1.74313712
4.08627462
5.05098057
5.97058773
4.71764660
2.20392179
1.38627470
3.10784340
5.29215765
6.67843199
7.75686264
4.96470594
4.68039274
4.08039236
2.42549038
1.51764750
1.16862774
1.72745132
2.42156911
4.48627424
5.50784397
5.41960764
3.38823581
2.06470633
1.67254949
4.57058811
5.23529387
7.92549133
6.83921671
4.83725500
4.31176472
3.52549100
2.19607878
1.26666677
1.18627465
1.55882430
3.54117727
4.35098028
5.47646999
5.12156916
3.02549052
1.89019632
2.78039217
5.46274519
5.33333349
8.68823624
5.96274424
4.75294113
3.97058845
2.88627505
2.04509854
1.30588269
1.43725491
1.87450993
4.68431330
4.47254896
5.99019623
4.03333330
2.73921585
1.85294151
3.48235321
6.00588274
6.71176529
8.56274509
5.10588264
4.36862803
4.29411793
2.68235350
1.69019628
1.30784321
1.57647085
2.45098066
5.04902029
4.48823595
5.52549028
3.95882368
2.35294151
2.12156892
3.34705925
6.24313736
7.70000076
7.41372490
5.40784264
3.72353029
4.37058878
1.92156887
1.50588250
1.37058866
1.53529429
3.03333354
4.76078510
5.00588226
4.83529472
3.32549071
2.10784340
2.58823514
4.30196047
6.06078339
7.70000029
6.55686283
4.82352972
3.99019623
3.31764698
1.61568666
1.49215698
1.24509811
1.76078463
3.82745099
4.40196085
5.13921690
4.12156868
2.83137250
2.08627462
3.28431368
5.10980368
6.02353001
7.58235359
6.05490255
3.72549057
4.58235312
2.55294156
1.54117680
1.33921587
1.20980418
1.78039253
4.53725529
4.24705887
4.84902096
4.18823576
2.21960807
2.09411764
3.72941256
5.21764755
6.57647085
6.99411821
5.19215679
3.90784311
3.92352915
2.24902010
1.42352962
1.31176496
1.25686288
2.43333364
4.55098104
4.18823528
4.90588188
3.73333335
2.35294151
2.48431373
4.19215727
6.05098104
6.28235197
6.75294161
4.50196075
3.90588284
3.27450967
1.80588245
1.17843163
1.36078453
1.96078479
3.26078439
4.25882387
4.56666708
4.80784321
3.18235350
1.91372585
2.71568632
5.10784340
6.11764717
6.32941198
6.42549086
3.80000019
3.82352996
2.85882354
1.74509847
1.02941191
1.37254906
2.70196128
3.95686269
3.96862698
4.79215670
4.28823519
2.86078453
1.95294130
2.97254920
5.39607811
5.84313774
6.41568708
5.28823566
3.60784340
3.89803958
2.41176486
1.40784359
0.76078445
1.75882363
2.59019613
4.49215651
3.87843227
4.94509792
3.60784364
2.44705915
2.00000024
3.50196099
5.75686312
6.39411783
6.02352953
4.33921671
3.78823590
3.57843184
1.84705937
1.30588257
1.01568651
1.68039227
2.98823595
4.12549067
4.07843113
4.95882320
3.16666675
2.00196123
2.17647099
4.33529472
5.88823557
6.76274538
5.76078510
3.73725533
3.98235321
2.86274600
1.81176519
1.37451005
1.47451007
1.54117680
3.34705925
3.97254872
4.58627510
4.45882416
2.91568637
1.91372585
2.52156901
5.13725519
5.99215651
6.20980406
5.41764688
3.50196099
4.08039236
2.73333406
1.41960824
1.15686297
1.88823569
1.62156904
4.54705906
3.32941198
5.20000029
4.21372604
2.27450991
2.21372581
3.41372609
5.31764793
5.98823643
5.81764746
4.46666622
3.89607859
3.76274514
2.56274581
1.37254953
1.11176491
2.24509835
2.33725524
4.94313765
3.50784302
5.65490294
3.52941251
1.91568673
2.60392141
3.88823509
6.05686235
6.21960688
5.07843113
4.05294132
3.96862793
3.50392103
2.18627453
1.15098071
1.31176484
2.07451034
3.74901938
4.34901953
3.83137226
6.25686312
2.77843142
2.05882382
2.95686340
4.54313755
5.89411736
6.71764708
4.98627424
3.85098076
3.89411783
3.30000019
1.85686290
0.92156881
1.35294127
2.01176476
4.44509792
3.83921647
4.63529396
5.63725519
2.29019618
2.11568642
3.48039222
5.02745104
6.40784264
6.47647095
4.26470566
3.68431401
4.03921556
2.27450991
1.41372585
1.16470611
1.56666684
2.14117670
4.90196085
3.91568685
5.50196171
4.01568651
2.13529420
2.08235359
4.40784311
5.90980387
6.55097914
5.86666775
3.83529472
3.30196118
3.65686274
1.81176519
1.37843168
0.98431391
1.70588255
2.83333349
4.56862736
3.81764770
4.89411783
3.09607840
2.44117665
3.21764755
5.08039236
5.94901896
6.29803991
5.15686321
3.50980401
3.20980430
3.10196090
1.38431418
0.87647074
1.28039229
1.76274538
3.55098033
4.34313679
3.79803920
3.90000033
2.63333368
3.06274509
3.90588260
5.56862736
5.80000067
6.13529348
4.47058773
2.99607897
3.48823547
2.20980430
1.38235343
0.93333346
1.50392175
1.92941201
4.46078444
4.30392122
3.83725572
3.35882354
2.35686302
3.20392156
4.68039227
6.33529377
6.09215689
5.69019604
4.01176500
3.11568642
3.32549000
1.69019628
1.78235304
1.37843156
1.52352941
2.72352982
4.52941227
4.02745152
4.21176529
2.82745147
2.71176505
3.33725524
5.27647018
7.19019604
6.44509840
4.60784388
3.73137212
3.19411802
2.80000043
1.31568646
1.67254925
1.37647080
1.93529451
3.16666698
4.32156849
3.69215655
4.13333416
2.55294156
2.86078477
3.79803896
5.61764669
6.79607868
6.98431444
4.17843151
3.19803929
3.27647066
2.43725514
1.43725514
1.27254927
1.39607871
1.88823557
3.18823552
4.35490227
3.29607868
3.86862755
2.53529453
2.64117694
4.54117727
5.76470709
6.70000076
7.10392237
3.99803925
3.39803958
3.36470604
2.46470642
1.49411786
1.18235314
1.69607842
1.89215720
3.75882435
4.28627443
3.59019685
3.54509783
2.57254958
2.68039227
4.84902000
5.80196047
7.38235378
6.22549009
3.84509802
3.39803910
3.30000019
2.14705873
1.45686305
1.58627474
1.84705901
2.65882373
3.87254930
3.68039227
4.26078463
2.69607902
2.09411788
3.20588231
5.13333368
5.73333502
8.15882397
4.38431406
3.54117703
3.54313707
3.45686340
1.83137310
1.36274517
1.61568666
2.00196099
3.22156906
3.69607878
3.71568680
3.80588174
2.76274562
2.12156892
3.76666641
4.86666632
5.91372538
7.44117641
3.78627443
3.32549024
3.50588274
2.75882387
1.59019613
1.57254922
1.32549036
1.88235319
3.34117651
3.93921566
3.33921576
3.30980420
2.58823562
2.48431396
4.38431358
5.00392294
6.24313784
6.16078568
3.21176434
3.47843218
3.35882378
2.28823519
1.19607866
1.38627470
1.65490222
2.43921590
3.68627501
3.85882354
3.52941227
3.58823562
2.24117637
2.30392218
5.56274462
5.20196009
6.78235292
4.22744989
2.95882416
3.49411726
3.09215736
1.90196121
0.96666688
1.22745132
1.73529422
2.87450981
3.60392141
3.92745113
3.70980406
3.08039284
2.28431416
3.35098100
5.32745028
5.37058830
5.84509802
3.70588255
3.24705935
3.43725586
2.87058830
1.48039258
0.93137276
1.09215713
1.75098050
2.87254906
3.57647085
3.82156920
3.67254949
2.90196109
2.63137293
4.66078520
5.81960821
5.18431234
5.14705896
3.18039227
3.66274524
3.00784349
2.33725524
1.31176543
1.10980403
1.52549028
2.02549028
3.33137250
3.88039231
4.04313707
3.20784330
2.88431358
2.95882392
6.61372566
6.06470537
5.31764698
4.77254868
2.90980434
3.45686269
2.78235316
2.04117680
1.03529441
1.21764731
1.85882354
2.37254930
3.53137302
4.76078463
3.42352962
2.89019561
2.48235369
3.59803963
8.43137264
5.78039169
5.41764688
3.73137236
3.48039222
3.77647090
2.35686350
1.82156873
0.94313741
1.56078458
2.14705920
2.96274495
3.55098057
4.69019556
3.43529487
2.39411807
2.59411764
4.60588217
9.63137150
5.26862812
4.86666584
3.30000043
3.74313784
3.69019675
1.89803970
1.53725517
1.37450993
1.85882366
2.31176496
3.00588250
3.73529410
4.17058897
3.36078477
2.46862793
2.79215693
5.92549038
8.96078205
5.64117670
4.42549133
3.60392213
3.49019670
2.98431420
1.78039277
1.23333359
1.52352965
2.28627491
2.46666694
3.26274490
3.68235302
3.83725524
3.30196118
2.65686321
2.89803958
6.65098047
7.49411821
5.21764660
4.50588226
3.41372561
3.46274543
2.77647114
1.87058842
1.21568632
1.53333366
2.03725529
2.59411812
3.22156882
3.97451091
3.54705954
2.78235340
2.78431392
3.57451010
7.01176453
6.16470766
4.90196037
3.37843132
3.83529449
3.66862845
2.60196137
1.77647078
1.46862745
1.87254941
1.84705925
2.49019623
3.44705892
4.16274548
3.38627481
2.66078496
2.88627458
4.08431435
7.48627424
5.54509783
4.42549086
3.43921590
3.66470599
3.68627477
2.36666679
1.46078455
1.61176515
1.89411795
2.32941198
3.00588298
3.40392137
4.56862736
3.14117646
2.48627472
3.04902005
5.24509811
7.59215784
5.16862726
4.28039265
3.33529449
3.71176457
3.19803929
2.31568670
1.46078444
1.39019644
1.83137298
2.56862807
3.46666694
4.17058849
4.28823519
2.80392194
2.72745156
2.89019608
6.44901943
6.79019833
4.59607840
3.68823576
3.67451024
3.56862807
2.75294185
1.97450984
1.52156901
1.52549052
1.80784321
3.10196066
3.47843194
4.30195999
3.86666703
2.68627477
2.83137250
3.19607854
6.29607868
5.45098019
4.86470604
3.52353001
3.81568670
3.28235364
2.36078429
1.79215729
1.69607866
1.61176491
1.87451017
2.96862769
3.32352901
4.49019623
3.40980411
2.53137279
2.88431406
3.30588245
6.69999981
4.84313631
5.41372633
2.93137264
3.89803910
2.74509811
2.12549043
1.82352960
1.38039231
2.13725543
2.36274529
2.98823571
3.84313726
4.14902020
3.02941179
2.65098047
2.92156863
4.45882463
6.07254839
5.20000029
4.80980444
2.79999995
3.73529434
2.72156858
1.83529449
1.43921614
1.57647085
2.35490227
2.74313736
3.16862750
3.95098066
3.66862750
2.89803958
2.61568689
3.36666727
5.00980425
5.74313831
5.49019527
4.06274557
2.71764684
3.91372609
2.19607830
1.98823559
1.30784345
1.67647076
2.00784326
3.04509854
3.38039255
4.09607935
3.27647042
2.67058849
2.92156887
3.42745161
5.21764755
5.62352896
6.01176453
3.43725538
2.49215698
3.08235359
2.27451015
1.82156885
1.40980411
1.84902012
1.86078441
2.91568589
3.60000062
4.32549047
2.87058806
2.65686274
2.86078501
3.63333368
5.56470537
6.21764660
4.99215698
2.73137283
2.63921595
2.19019651
2.28235316
1.56666708
1.53137279
1.65098071
2.24509811
2.93333387
3.60196137
4.00784302
2.81176519
2.56666684
2.93921590
4.02352953
5.29803944
6.18235207
3.78431368
2.84313774
2.21176529
2.21960807
2.21764684
1.52156889
1.58235300
1.80588245
2.55882406
2.80196118
3.90980411
3.66666698
2.57450962
2.60980439
3.55294132
4.49411774
5.29803991
5.82156849
3.00196123
2.67647099
2.01176524
2.41372609
2.03921604
1.82352936
1.40588248
1.86666691
3.18823552
3.00784302
4.17843151
3.36862803
2.45686269
3.01176476
3.68039250
5.27843094
5.79803801
4.97647047
2.79215717
2.56078434
2.18431425
2.00000024
2.07843161
1.68039250
1.79803932
2.20784330
3.61568666
3.39411759
4.51372576
2.60980415
2.63529420
3.17647076
3.91764784
5.86666727
5.98823500
4.19607925
2.83333325
2.67451048
1.96470618
1.95686305
1.81568646
1.93333352
2.38431406
2.86862755
3.02549076
3.51176453
4.09215689
2.67450953
2.97451019
3.66666698
3.96862793
6.19411850
5.90000153
3.70588255
2.80196071
2.76666713
1.81372583
1.93137288
1.46470618
2.25294113
2.39411831
2.91568661
3.32156873
3.37647057
3.83333373
2.30980444
3.56666732
3.70588279
4.80196095
5.75882435
5.22549009
3.08823609
3.03725553
2.73921609
2.22352982
1.91176498
1.99215722
1.96470630
1.98039234
3.39019656
3.62941146
3.39215708
3.57843137
2.29411793
3.77647090
3.82548976
5.80196142
5.40196180
4.64509821
3.34901953
2.64509773
2.87254930
2.23921585
1.78235352
1.95490229
1.96470618
2.26274538
3.18039203
3.65098023
3.52156878
3.16666746
3.14117646
3.90980434
4.00588274
6.38823462
4.97451067
4.53333378
3.36862826
2.75686312
2.47450995
1.93725502
1.66666710
2.13333344
1.69411767
2.36666679
3.38039255
3.38039279
3.46078491
2.78431392
3.32941198
4.20784330
4.35686255
6.48627424
4.67843151
3.56862760
3.38627481
3.08431458
2.10784340
1.97058833
2.07450986
2.08823538
1.77843153
2.81568646
3.26666665
3.32549047
3.21764755
2.17254925
3.96078420
3.84705901
5.35097980
5.69215727
4.59999990
3.36470675
2.84117675
2.91176486
1.90196085
1.93921638
1.94509816
2.29607868
2.66078472
2.94117665
3.09215713
3.66274548
3.00784373
2.79803920
4.23921633
3.97254896
5.90196085
5.08431339
4.36666727
3.05882359
3.00000024
2.38431358
1.97254932
1.77254939
1.99215710
2.42941189
3.08431411
3.32941198
2.87451005
3.25098038
2.56274581
3.32352996
4.35490274
4.29215717
6.06862688
4.87058783
3.90392208
2.70784354
2.75294137
2.22941208
1.98823559
1.93529439
2.15098023
2.36274505
2.99411798
3.35490251
3.17647076
3.00784349
2.59215736
3.26862717
4.35490227
5.38039160
5.76078367
4.82941103
3.40000057
2.43921590
2.23725510
1.77843153
1.93137300
2.01568627
2.37450981
2.39411831
2.77843165
3.99803901
3.25294161
3.09999990
3.14902020
3.49215698
3.99019623
6.38235331
5.01568699
4.56274509
2.81176496
2.39803934
1.87058866
2.23921609
2.12745118
1.89019608
2.06862760
2.64901948
3.08235359
4.04313755
3.31176496
2.85490227
3.40196061
3.93137240
3.94117641
6.38039160
5.09803867
3.86862874
2.71176505
2.04117656
2.12745118
2.20196104
1.99215698
2.12549043
1.72941184
2.67254901
3.54117703
3.58039284
3.36666679
2.81960773
3.19607878
4.29019594
4.86862707
5.77254963
5.64509678
3.21960855
2.17647099
2.21372604
1.83921587
1.83921587
2.10000038
2.01372576
1.98039234
2.93725538
3.72941208
3.29803967
2.97450995
3.03725529
3.70000076
4.95686293
5.38431358
5.87647057
4.55490255
2.98039269
2.14313769
2.08627462
1.87254906
2.00392199
2.04313755
2.00784349
2.58235312
2.72156930
3.74902058
3.50392199
2.79411817
3.23725510
4.43725586
5.56470633
5.20784378
5.09411764
4.12549067
2.93333387
2.21764731
2.10000038
2.09411788
1.86078477
2.13529420
2.12941217
2.71764731
3.02352977
3.75294137
3.35098028
2.81568623
3.47254920
5.17647123
5.47647047
4.88235283
4.79607868
3.65098047
2.51372576
2.10980392
2.38431406
1.84902000
1.65294147
2.04313755
2.25098062
2.88235307
3.30196095
3.57058859
3.29411793
2.85294127
3.33921599
5.53137207
4.91372633
4.82548952
4.51568604
3.04705954
2.36078477
2.16470599
2.31960845
1.84705913
1.88431370
2.14117670
2.38431382
2.79803967
3.56078458
2.76274514
3.09607840
3.13137317
4.00392151
5.54313755
4.91764593
5.45098066
4.12941217
2.43921590
2.33333349
2.49019647
2.22352958
1.96274543
1.93333352
1.76862776
2.85294199
2.64509821
3.52941179
2.69607854
2.83921599
2.89607882
4.69607830
6.32156849
5.93333340
5.41764784
3.71764731
2.26274514
2.50980401
2.30588269
2.16274524
2.25098062
1.60588264
1.96666706
2.63921618
2.72156858
3.43529439
2.65490222
2.44901967
3.00784302
5.67843151
6.74509764
6.62548971
5.42352915
3.23137283
2.21960807
2.60392213
2.29215717
2.21764708
2.05686307
1.66470623
2.45098066
2.79215717
3.30392170
2.67843199
2.75294137
2.17451000
3.61568642
6.41960812
7.23137236
7.37255001
5.26274538
2.56666684
2.18039274
2.73725533
2.17451024
2.05294132
1.85098076
1.87450993
2.97647047
2.93333340
3.54706001
3.14509892
2.62745094
2.17451000
4.35686255
6.70980358
7.55490208
7.25882387
3.96274519
2.06274557
2.45098042
2.32156944
2.12549043
2.16078448
2.00980401
1.81176484
2.98627448
3.20392156
3.07254887
3.44705987
2.73725557
2.46862793
4.89999962
7.35686255
6.94313717
5.79411793
3.02156854
1.95098042
2.36666703
1.82745111
2.02156854
1.56078494
2.01764750
1.94705927
2.98431420
3.15098095
3.03333354
3.53137279
2.33725524
2.66470599
5.65490150
7.22549057
5.40784359
4.57058811
2.28235340
2.27843165
2.07647085
1.97058821
1.67058861
1.92352962
1.78431427
2.20000029
2.81372595
2.99411845
3.36862779
3.18039227
2.39215732
2.98431373
5.40588236
6.23725462
4.70784426
3.32352972
2.35490203
2.20196104
2.28431392
2.27843142
1.74705923
2.05686283
2.16862774
2.71764731
3.07254887
2.75882339
3.51764750
2.55294156
2.40980387
3.70392156
5.04901981
5.79999971
4.06078434
2.47254920
2.49803972
2.40588236
2.36666727
1.74705911
1.62745130
2.16666698
2.28431439
3.37647057
2.76078463
2.88431406
3.17647028
2.35098100
2.29215717
4.48823547
4.95686293
4.89215755
3.75490284
2.41764712
2.53529453
2.35098028
2.22549057
1.54705894
1.80588245
2.16274548
2.13529444
3.36274529
2.35882401
2.78235316
2.87058806
2.13137245
2.50588226
5.29215717
4.47254992
3.78431368
3.54705906
2.42745137
2.59803915
2.33725500
2.01568651
1.98627496
1.96274531
2.06470609
2.49803925
2.84509826
2.51764727
2.80000043
2.84313703
2.22352958
2.95294142
4.80000067
4.24313736
3.41176486
3.12941265
2.67647123
2.42745137
2.46862769
2.02941203
1.98431385
2.04117727
2.23529410
2.79019666
3.08039212
2.41568661
2.85490227
2.85882378
2.25098062
2.80784345
4.41960859
4.07647133
3.66274500
2.61960793
2.57058835
2.36666656
2.62941170
1.72745097
1.97647095
2.10784316
2.49019647
3.06666708
2.70980406
2.57058811
2.57843161
2.47843146
2.27254891
3.00784326
4.43921614
3.71372581
3.71568680
2.40000010
2.49019647
2.50392199
2.35490251
1.76274514
1.76470613
2.20588231
2.48823571
3.25686264
2.57647109
2.87647104
2.34313774
2.53529429
2.43137264
3.02156878
4.52745152
3.88039231
3.33921623
2.40784383
2.32745099
2.83725500
2.12745094
1.76274526
2.17451000
2.32352996
2.55098081
3.32941151
2.50392175
2.72352958
2.66078448
2.42156887
2.33529449
3.27254915
4.57058811
4.73725414
3.02549052
2.58431387
2.48823547
2.59803939
1.92352951
2.10196090
2.27254963
2.11176467
3.08039236
3.41176462
2.54705906
2.68235302
2.40588260
2.15490198
2.44705915
3.00000072
5.53725624
4.50000048
2.61568666
2.55490255
3.07254910
1.79803956
1.83333361
2.03529453
2.04509807
2.25490236
3.28823566
3.32352948
2.78823543
2.60196090
2.17058849
1.84117687
2.58823562
3.47647071
5.38431311
3.99607849
2.38431382
2.29215717
2.93137288
1.21568644
1.73529446
2.09215713
2.09607863
2.64313769
3.49607873
2.99215746
2.71960807
3.12352920
2.05686307
1.90196109
2.81176519
3.70392179
4.83725452
3.35098100
1.98235333
2.30588245
2.70392203
1.41372561
2.25686336
2.04313731
2.55098081
2.95882392
3.48823571
2.88431454
2.72156882
3.15686321
2.24705982
1.85686290
3.05490255
3.97647047
4.44901943
2.55686307
2.32352972
2.33529425
2.55686307
1.75882375
2.19607878
2.08627486
2.66274524
3.20784354
3.25490236
2.68431354
2.87254906
3.08039260
2.12941194
2.10000038
2.74509811
4.27254868
3.90588188
2.52941203
2.09803939
2.37451005
2.56078434
2.19411778
1.87647080
2.20392179
2.71176481
3.54313707
2.74117613
3.00980377
2.75686288
2.62352967
2.57450986
2.26078463
2.86078453
4.31372547
3.31960821
2.40784311
2.15294147
2.49607897
2.28039289
2.12745118
2.33137298
2.44509816
2.60392141
2.89215684
3.16274571
3.19019651
2.32745147
2.74117684
2.79411793
2.33529449
3.08039260
3.74901986
2.58431363
2.19411755
1.91176522
2.36862755
2.00000024
2.33137298
2.41176534
2.71568632
3.02353001
2.93921614
3.08235312
3.41764784
2.73333335
2.79607868
2.69411802
2.53333330
3.35686278
3.55686355
2.83725524
1.91960835
2.15686297
2.04705906
1.99607837
2.30980420
2.26862764
2.90392256
3.19215727
3.18627453
2.91568661
3.15686274
3.04901981
2.73137283
2.77647066
2.40392160
3.66862750
3.15294170
2.70784330
2.14313745
2.27843165
2.33333349
2.07254934
2.42941189
2.17647076
3.06862736
3.12156868
3.07843161
2.77647066
3.23921609
2.92745090
2.97058868
2.65882373
2.43529463
3.97450995
3.15294194
2.51372576
2.15686297
2.23921585
2.40588236
2.69804001
2.22941232
2.66470575
2.77647042
3.15098071
2.89607787
3.03529477
2.97254968
2.80980396
3.28431392
2.68823552
2.60196137
3.90588284
2.72549009
2.73725557
1.95882368
2.13529420
2.52745152
2.95098019
2.46666694
2.66862798
2.80588269
3.28823566
2.83725524
3.08039236
2.96666718
2.90196133
3.22549009
2.73333359
2.72156882
3.80392194
2.87058830
2.60784340
2.37451005
2.08431387
2.44509840
2.66274571
2.37843132
2.80588245
3.12941194
2.90196109
3.04705858
3.20196128
2.87647033
3.10784316
3.20196128
2.71568704
3.35882378
3.75686288
2.97254920
2.61960793
2.21764755
2.27058840
2.36862779
2.38039231
2.52941251
2.98235297
2.95882368
2.93333364
3.04902005
3.17451048
2.51568651
3.10392165
3.20784378
2.72549009
3.95098114
2.98627496
2.59215736
2.35294127
2.27843189
2.56470633
2.29019642
2.36274529
2.58823538
3.12156892
3.07843137
3.28431368
2.97058892
2.53921604
2.61764693
2.89607859
2.88627458
2.86274505
3.98235321
2.79803967
2.12156892
2.45686293
2.07843161
2.53725529
2.18039227
2.68627548
2.68823576
2.81960797
3.38823581
3.23333311
2.73725510
2.59019613
2.59411788
2.79019594
3.05490255
2.94705892
4.81960821
2.65686297
1.97647107
2.45686316
2.45098042
1.91764736
2.35294104
2.78235388
2.94313693
3.34313703
3.16862750
2.79803920
2.62745094
2.76274490
3.01176524
3.11176491
2.87450981
3.60196090
4.49607801
2.45294142
2.47843146
2.19215751
2.24705887
2.15294123
2.43137288
2.98627400
3.12549043
3.56470609
3.09803987
2.87254930
2.77058887
2.85098052
2.84117651
3.22352958
2.94902039
4.25686264
3.40196109
2.49215698
2.23333359
2.20588255
1.97254932
2.38823581
2.55490208
2.96470642
3.24509835
3.65490198
2.92941213
2.88431406
2.65098095
2.21176505
3.16078424
3.47254896
3.09411812
4.69411802
3.05294204
2.43333364
2.25686288
2.07843161
2.31568670
2.22156882
2.65882397
3.09019613
3.35490179
3.11960793
2.78235292
2.68235326
2.29215717
2.43725491
3.25686288
3.30196095
4.02549076
4.17843151
3.06078458
2.48235297
2.04901981
2.14313769
2.48627448
2.27647090
2.89607859
2.79411817
3.35490203
2.95882392
2.66470647
2.61960816
2.18823552
2.57058811
3.18431377
3.06862712
3.96862769
3.78235364
2.68823504
2.24705935
2.01764727
2.25490189
2.14313745
2.53333354
2.71568632
2.93333364
2.56078434
2.97058845
2.67843199
2.45686293
2.16078448
2.93529439
3.14117670
3.57843256
3.40784359
3.27843213
2.56274533
2.47254944
2.32549047
2.31764722
2.38627481
2.69215727
2.89803934
2.64705920
2.70196080
2.69411778
2.78431344
2.54705906
2.43529415
2.97254896
3.25686288
3.83725476
2.87451005
3.02156878
2.45882392
2.21764755
2.00392199
2.04705906
2.51764727
2.48823571
2.68823576
2.88431406
2.91568637
2.78235340
2.40196133
2.50000024
2.89607859
3.08823538
3.18627453
3.29607821
2.93333387
2.69999981
1.93137300
2.30980396
2.01372600
2.27254939
2.37843180
2.46666670
2.75686312
2.82941222
3.32745123
2.97058821
2.39019608
2.37058806
2.94705915
2.98627520
3.22549057
3.17843127
2.78039265
2.55882359
2.21764731
2.39803934
2.15098071
2.42352986
2.35686326
2.93529391
3.06470633
3.29215693
2.96470594
2.75882363
2.20980430
2.42745113
2.58039236
3.06470633
3.77058864
3.15098047
2.56274509
2.90196109
2.38823557
2.37254930
2.17647099
2.32745123
2.22941232
2.94705892
3.22941232
3.00392151
2.68823576
2.57254934
2.44509816
2.57647061
2.44705939
3.54902005
3.95294094
2.83137250
2.62745166
2.81176472
2.25490212
2.08039212
2.35294175
2.33725476
2.16862798
2.99803972
3.01960850
2.92549038
2.88823605
2.59607887
2.54705930
2.47843170
2.94509840
3.79019666
3.35882425
2.82549047
2.83137298
2.22745132
2.44117665
1.91764724
2.45294142
2.62549043
2.52352953
3.04117703
3.01764750
2.76470566
2.78627491
2.28431416
2.53333378
2.34313750
3.36274600
3.87843108
3.11176491
3.10392165
2.61176515
2.27254915
2.09411812
1.85490227
2.57647109
2.95490217
2.28627467
2.78627491
2.92549038
2.45882344
2.60588264
2.29607844
2.47843122
2.14313722
3.68039250
3.88235283
3.13137269
3.28823543
2.24509835
2.39411759
2.00392222
1.93921590
2.53921604
2.78823543
2.33921599
3.00980401
2.92156887
2.67058825
2.67451000
2.16666698
2.51960826
2.54117680
4.18431425
3.88235307
3.44901967
3.01568651
2.14117694
2.20196128
2.31372571
2.29803967
2.35294127
2.84705925
2.86078453
3.09019613
2.88235354
2.99411750
2.39803934
2.43725491
2.36666727
3.07843184
4.06862783
3.40588236
3.90784359
2.38823533
2.22941208
2.14509821
2.29019618
2.28235316
2.52549028
2.48039222
3.07254958
2.96078491
3.04509878
2.62745166
2.48431396
2.56078434
2.44117689
3.14509821
3.80588293
3.28823566
3.49607849
2.41372561
2.16274571
2.24705911
2.34509778
2.48431468
2.43725491
2.60196114
3.25686312
2.89019585
2.65686250
2.73333359
2.56862760
2.39607906
2.70980430
3.52941203
3.73725486
3.85882378
2.51176500
2.15294147
2.41176486
2.00392175
2.41960788
2.38627505
2.52941179
2.99999976
3.14313769
2.94901943
2.51372576
2.60980392
2.41176510
2.58627534
3.04705930
3.55098104
3.59411812
3.78235316
2.11372566
2.06078458
2.27450967
2.10588264
2.19019604
2.45882392
2.26274538
2.85686326
3.30000043
2.76862788
2.66862726
2.13137245
2.38823533
2.75098085
3.16666675
3.63137293
4.04117680
2.79411769
2.17647099
2.17843175
1.92156887
2.33921576
2.44901967
2.42352986
2.43725538
3.02745128
2.77647090
2.80588293
2.74117637
2.06666684
2.50000024
2.73333335
3.56862712
4.09019661
3.97647047
2.30392170
1.98039258
2.13725495
2.30588245
2.23333335
2.29019618
2.43529415
2.73333335
2.92941213
2.72549009
2.73333383
2.44705939
2.50196123
2.73137307
2.91176462
3.29803920
4.08431435
3.17450953
2.35882378
1.92941213
2.10784340
2.35490251
2.17451024
2.28823566
2.40980458
2.48039222
3.22549009
2.91960764
2.60392141
2.41568661
2.77843165
2.57843161
3.18235350
3.16862750
3.65294170
2.80392194
2.32941198
1.84901989
2.01176500
2.32745099
2.45686364
2.52156973
2.64705896
2.39803982
3.17254925
2.64509845
2.39607882
2.19411778
2.77254915
2.66078448
3.03725505
3.12549090
3.71960807
2.66666698
2.42352962
2.14117670
2.39019656
2.43333387
2.53137302
2.74509859
2.61960840
2.75686264
2.87647080
2.56078458
1.94509852
2.33529401
2.89607859
2.71176529
2.78627467
3.30196118
3.96078420
2.74901986
2.39999986
2.23137283
2.51372600
2.34509826
2.37647080
2.73137259
2.97254920
2.58431363
2.90196157
2.47254992
2.18823552
2.40980411
2.78823566
2.87254882
2.78627491
3.58235312
3.80784369
2.72941232
2.38431406
2.04705930
2.27254939
2.25686288
2.44313741
2.74117708
3.11960793
2.62745142
2.75294137
2.31372547
2.09019637
2.66274500
2.92745161
2.96470618
3.07058835
3.69411802
3.28627467
2.27843142
2.41960812
2.21372533
2.33333325
2.63921595
2.62745142
2.66862774
3.10196137
2.80392194
2.46470571
1.86862743
2.37058806
2.96862817
3.09607911
3.33529449
3.26862764
3.31176519
2.35294151
2.33725524
2.54313755
2.53921556
2.30196071
2.73137283
2.84901953
2.46862769
2.82156897
3.02549052
2.33725524
2.21372557
2.30392170
3.54901981
2.97254920
3.70980453
3.53725529
3.12549067
2.26078463
2.09803963
2.46274543
2.54902005
2.33921599
2.50392175
2.62548995
2.56862760
3.08235288
2.81176519
2.64705920
2.38431406
2.62549043
3.40980411
3.48431373
3.51764703
3.75098038
3.17254925
2.07647085
2.03333378
2.26078463
2.51372600
2.30588269
2.57647061
2.63725495
2.77647066
2.93333459
2.71764731
2.25686312
2.28039265
2.99215674
3.47843146
3.32549071
4.07254887
3.32941198
2.82745147
1.70588291
2.03725529
2.30000019
2.27058840
2.26274538
2.75490260
2.74705935
2.96078467
2.60196137
2.50392175
2.15294123
2.31764746
3.39803958
3.32352948
3.47451019
4.15686274
3.20000005
2.49607873
1.77450991
2.47843170
2.14705944
2.43333387
2.16470623
2.95490241
2.82549047
3.15882373
2.67451024
2.42156887
2.44705915
2.17058849
3.31568623
3.27843189
3.46078467
3.94901943
3.13333368
2.22156882
1.75098073
2.43333340
2.64901948
2.61372590
2.12941217
2.85686255
2.85490227
3.24117684
2.70980382
2.56470633
2.58235288
2.08235312
3.23725462
3.52156854
3.55294132
4.31568670
2.30000043
2.58431387
1.77451015
2.27058887
2.43921590
2.63333368
2.38431382
2.60196090
3.12352967
2.76078439
2.77843142
2.48039269
2.12156916
2.82745099
3.30196095
3.25686288
3.68431401
3.90000033
2.41176486
2.23529458
2.05490208
2.14705920
2.10196114
2.34705949
2.37647104
2.70588303
2.96078467
2.49411821
2.76078486
2.27647090
2.18627477
3.27254987
3.27058840
3.42549038
3.69411802
3.54705882
2.28823519
1.83529460
2.20196080
2.14705920
2.21568656
2.35294175
2.58431411
2.65686297
2.94705963
2.40784359
2.38431358
2.39803934
2.25098062
3.19411778
3.71764731
3.98039293
3.21764684
3.13725543
2.11372566
1.85490239
2.17058849
2.27058864
2.34509826
2.44313717
2.39803934
3.26470590
2.78823543
2.59019637
2.42353010
2.13333368
2.19803977
3.14313722
3.55490279
3.65098095
3.28823543
2.16274524
1.80588281
1.66078460
2.41764736
2.42156863
2.63137269
2.37254930
2.40196085
2.95098066
2.92745137
2.63333344
2.57647085
1.89607871
2.58627486
2.90980434
3.38431406
3.09607911
2.94313741
1.84313750
1.93137276
1.99019670
2.42352962
2.23333335
2.66470623
2.41764760
2.37647080
3.30588269
2.88431430
2.34313726
2.49803925
2.06274533
2.82352948
3.17254901
3.47450995
2.88823557
2.19215703
1.88627481
2.12549043
2.00196123
2.30980396
2.47450948
2.36274552
2.50000024
2.50588274
2.99019647
2.69803929
2.14117670
2.46666694
2.08235335
2.49019670
2.97647047
3.43921590
2.94509840
2.20196080
1.94901979
1.69411790
2.20196104
2.00588226
2.49803925
2.58823586
2.47843122
2.94705915
2.49019623
2.42352962
2.07647109
2.51568651
2.30000043
2.63725519
2.52352953
3.67647099
3.05882382
2.07058859
1.75490212
1.72941220
2.22549033
2.13137293
2.32352948
2.31764722
2.59607840
3.09411812
2.44509864
2.42549038
2.10980415
2.43137264
2.06862760
2.64509821
2.60588241
3.46666694
2.66078472
1.82745135
1.76470613
2.02156878
1.98627484
2.32156873
2.29019618
2.32941198
3.02745104
2.82352948
2.63529444
2.52156878
1.90980434
2.47451019
2.06862807
2.62156844
2.83333373
3.01764727
2.27450991
1.52745092
2.00980449
1.99215674
2.07843161
2.37058830
2.38039255
2.70392203
2.56862760
