20.52352524
21.36078262
22.45490265
25.76274490
25.03921127
24.38039207
24.54313278
23.78627586
22.81568336
21.92549133
22.65686798
22.97059059
21.79215431
23.23529243
22.98627281
21.99607468
22.41176796
21.75882530
21.64901733
21.99411583
25.45490265
25.76274490
25.64509392
24.75293732
24.38235283
23.31373215
23.02353287
23.27647591
23.29804611
22.28823280
23.08823395
23.54117775
21.80588341
22.10000229
23.13529587
21.55293655
22.08431816
23.83332825
25.86862946
25.97647476
23.57843018
24.32744789
22.95686340
24.47843361
23.48039246
23.19412613
22.99412346
22.32548904
23.37255287
21.75489616
21.79607773
23.66274834
21.82352638
21.15882111
22.65098190
24.27843094
24.82352448
22.30000305
23.54706383
22.72940445
23.26666641
23.54117775
22.62745094
22.44510651
21.75098801
22.85882950
20.86274338
20.78627396
23.08039284
22.04313850
21.05882454
20.80195999
21.58039093
22.45098114
21.57842636
21.77843475
22.21176147
21.95882988
20.89803505
22.23921585
21.88431168
20.90783882
21.95686722
20.32549095
19.66274643
20.61764908
23.50783920
21.34117699
20.15294075
19.96078491
19.81176186
21.09019661
21.21764755
21.84313393
21.64510345
20.64314079
21.83529091
21.29999924
19.53921509
20.99999809
20.22353172
19.31373024
19.23137474
23.97451401
22.68823814
20.06274414
19.36274910
19.93137169
20.26666641
21.44314194
22.11372757
21.33921432
22.41176224
21.39020157
21.15098000
18.89412308
20.77058029
20.28824043
19.75490189
19.53137589
23.30980301
26.49411774
21.10196304
20.26470566
20.33137703
21.14509583
21.89215851
22.28235626
21.59019852
22.37647247
21.19999695
22.12352371
20.45882034
20.60195923
20.99020004
21.40587997
20.81568909
23.79411697
29.76078415
24.77058983
21.50392532
20.85490417
21.88038826
22.49411774
23.51568985
22.56665993
21.84510612
21.42745209
24.66078949
23.03137016
22.16862488
22.94509315
24.03529358
23.57647324
24.76274300
31.05294037
27.61961174
25.90588760
21.76666832
22.08038330
22.28431129
25.15685654
24.59803581
22.05882263
21.82548523
27.26470757
25.12745094
25.10000229
23.20195961
25.69215393
26.17058563
26.25882149
30.07254982
28.92548943
29.50000000
22.66667175
22.18235779
23.62745094
26.89803886
27.87842560
23.23529625
25.55882645
28.84509850
26.44705772
27.56078911
22.82353401
25.32549095
28.00391769
27.41567993
26.80196381
29.73332977
30.78039360
24.68628120
23.04705429
27.03137398
27.35098267
30.45097923
24.79803848
29.07842445
29.40196419
29.12941360
28.11176872
24.34509850
24.22353363
28.80587769
27.39411545
23.51961136
25.11371994
30.48235321
29.22156906
24.76078224
29.86470795
28.47843552
31.60196114
27.30392075
29.76666832
30.87255287
31.19019890
29.04117393
27.12157249
25.10979843
26.91372681
26.26274300
22.65293694
18.58235359
27.13529587
31.71961212
28.37255096
29.87451172
29.20588112
31.21960831
30.16666412
30.11176491
31.92353058
31.16274834
31.19608688
28.75294113
27.79411888
25.21960640
22.39019775
21.70980453
17.91764641
22.07058716
31.69019699
30.60588646
29.70783806
29.69803619
29.50588608
31.51961517
30.90784454
31.91176605
30.24117851
31.38824081
29.86470032
29.84705353
26.59412003
20.69804192
19.62156868
22.39412117
18.25294113
28.86862755
30.56274033
30.51176262
29.29215050
28.34117508
31.96666718
31.76078796
31.96862793
26.23921585
28.62744331
30.27646255
30.86667061
28.68038940
24.11568451
20.63921738
25.33529472
18.55686378
25.28823662
30.10980606
30.76274681
26.84901428
28.36274719
31.77843094
31.89608002
31.50784302
22.60784721
22.74901962
29.22941208
29.55686378
28.10980988
28.55882263
24.96078300
26.08234978
23.44313622
22.93921280
28.55881691
27.59411812
24.08039284
28.27058411
30.25490570
31.63529587
29.57058716
20.92940903
18.00000000
24.23529434
26.16274452
24.72940826
29.31960487
29.86667252
23.57843208
29.64901733
21.62156868
26.78823662
24.96077919
21.90196228
26.56077957
24.71568871
30.09412384
25.19999313
20.27843666
17.70980644
17.36274338
23.78430557
20.62156487
26.99215317
30.72941208
22.86274719
29.03529549
23.66471100
23.28234863
25.27450943
20.75882149
23.86862564
18.89411736
24.68039703
21.19804001
18.70784378
19.93137169
14.79411411
20.58431053
18.36078644
23.60784149
29.65686226
24.98627090
23.63725281
26.86666679
19.35098076
23.63137054
20.61960793
22.39215469
15.64510059
18.92548752
17.85490227
16.22156715
21.28039169
15.03725338
16.42745209
16.61568832
18.59411621
25.52745438
26.63725471
19.70783997
26.49607658
18.72353172
19.11764908
20.76275063
22.78431320
14.61960793
15.94117928
15.57450771
15.40784073
19.87450790
16.79019547
14.47255039
15.06470585
14.45490170
21.59215927
25.17058754
18.97451210
24.16863251
21.85294914
17.57451057
19.13725662
23.39999771
14.49411964
15.03529549
14.51176548
14.29411411
17.81961060
17.47451210
14.35686493
14.24313545
14.06274605
17.92352867
22.50196266
20.31372261
22.32156754
26.05490494
21.43137550
19.30000305
22.96666718
14.63725376
14.42745399
14.88431168
14.01176262
16.50000000
17.58039474
14.48823643
13.95097733
13.77842999
17.73137665
20.64509964
22.21372795
19.96471024
26.84705734
27.10588837
22.12549019
22.47450829
15.50784588
14.49804020
15.50980186
14.27058601
15.62745285
17.60588455
15.53529167
13.64117813
13.85882378
19.44705582
21.24117470
23.02549362
18.29607773
25.93529320
28.71175957
24.62353134
22.84313583
17.87843704
15.41568756
15.72156715
14.61176586
15.43137550
17.71961021
17.03725815
13.56274414
13.68235016
19.22745132
24.34313774
22.45882034
18.24901772
25.43529892
26.55489731
25.19804382
23.32548904
21.00588417
17.86470795
15.85686493
14.64706135
15.63137341
18.29999924
18.40980530
14.76862812
13.65098286
18.75882530
25.24901581
21.15098381
18.14705849
25.63137436
25.68039513
23.61961365
23.50588417
21.69804573
21.55490875
16.17451286
15.06863117
16.82941437
17.93921661
17.96470642
19.51960945
13.59215736
18.52745247
24.70784187
19.69019318
17.80195999
25.78627586
26.07255363
22.03136826
22.49020004
21.24117661
26.08823586
18.37451172
15.79215813
18.79999733
18.08235359
17.61568642
25.19804192
15.50980377
19.34902382
23.25489616
19.06078339
17.76470375
25.59412003
27.87254715
22.20588303
20.31960869
19.71372604
28.42157364
22.88235283
16.98823357
20.74705696
20.49019623
17.98235321
23.61960411
21.87058640
20.39803696
23.12156487
19.53921509
17.27842903
25.23921967
30.23333740
24.70783997
18.65490341
18.17451286
26.99803925
28.48039246
19.45882607
22.45686150
24.64313507
17.91960907
20.66666794
26.92940903
23.86666489
22.72549438
20.91764641
17.37843132
24.26078033
30.65098190
25.73136520
19.94510078
17.55882645
25.11372757
28.51372719
23.41176796
23.94705772
28.29215622
19.02157021
20.33921242
25.40588760
27.15098000
22.27647018
22.96078682
18.13137245
20.85882950
26.49999619
25.52548790
21.83921814
17.32941246
24.48234558
24.25098228
28.02941132
24.93528938
29.87451172
22.59607697
22.99999619
21.27843094
28.64705276
22.21960640
22.81567764
19.66862869
18.98235703
22.92156982
25.44705582
22.10588455
21.55686188
25.89411545
20.93725395
27.54901505
29.09411430
29.42156792
27.40587807
27.86862946
19.60000038
27.67450142
22.26274681
20.74509811
22.73725891
18.38235283
22.65098190
26.81569290
22.66862679
24.71960831
29.82156944
23.31765175
22.73921394
30.18039322
29.15685844
29.06863022
29.14509964
20.68430901
22.15490150
22.08235168
18.82941437
25.82548714
17.84705925
23.13333321
26.99215889
23.41569328
26.14902115
29.65882301
27.82353210
19.32941246
26.43529701
30.34902382
29.33137894
28.73921967
23.32156563
19.04313850
21.65294456
17.33333588
25.70000458
21.31568527
23.25882721
25.65686417
24.92941284
27.43528748
26.44117737
28.83529091
21.96862602
22.53333092
30.40784645
28.73529434
30.18627548
25.27646828
17.51960754
23.08824158
16.91176605
22.31176376
24.09999657
22.38823700
25.26274681
25.41569328
27.57842827
25.82352638
24.04901695
25.89999962
21.32745171
28.43528938
28.26862717
31.40980530
27.77646637
16.86078644
22.60784149
17.68431854
19.35882568
24.13333511
21.39215469
23.42745018
23.17254448
26.18234634
23.26470757
22.08235168
25.07646942
23.60195923
27.31177139
28.23137093
29.82745171
29.17842674
17.93725586
21.15881920
18.17451096
17.56078529
22.62352562
22.65882492
22.71372032
21.08823776
24.77842903
21.94509888
23.31961060
20.87255096
27.20391846
25.71176338
28.10588646
28.21568871
29.58039856
19.52940941
19.66078568
19.16274643
16.85882378
21.90196228
21.40391922
23.08627892
19.66666794
24.60195923
22.34117699
24.19999695
20.37059212
26.69803810
24.57646942
26.24706078
26.39999771
29.49804306
21.49803543
18.36274719
19.74117279
16.63137245
20.84902191
20.06666946
22.69607925
19.70000267
22.74705887
23.02744675
24.03921700
24.15294266
23.39216042
23.44509888
24.24117470
26.25686264
28.67255211
23.27646637
17.72156906
19.99020004
16.02156830
21.07254791
18.03529549
21.90000153
20.97254944
20.69411850
24.09803963
25.39803505
25.28627396
23.92156792
22.18235588
22.13333130
26.68038940
26.92941475
25.18431664
16.99215889
20.55882645
14.88823700
21.25881958
17.55686188
19.06862450
21.46470451
19.57843018
23.64117813
27.77647018
26.02353096
27.41960144
21.91568756
19.58627510
26.24117661
24.64705658
26.31764984
17.30980301
21.04901314
16.04117775
21.88039398
18.34117699
16.96862793
20.10587883
19.99216080
22.75098419
27.74117661
25.24706268
29.42353058
22.32549667
18.60588074
23.81373024
22.91372681
26.40981102
18.76078033
20.21176720
18.00000000
22.93922424
19.61176300
15.98431206
18.11764717
21.01372910
21.53725815
25.54509735
24.58431435
28.92941284
23.72744751
18.26274490
21.35097885
23.30979919
25.31764412
19.83921242
19.07058334
19.43137360
22.99216080
21.40392303
15.84705925
17.11176682
21.23333359
20.96275330
21.48627472
23.25490570
28.11372566
25.87843323
19.38234711
19.14902115
23.92353249
23.83724976
21.39999962
17.62745476
20.19411850
22.34117126
22.16274452
15.80195808
17.70392036
20.60980415
21.56470490
19.63333702
20.87843513
27.22744560
27.23725510
22.43136597
17.80196381
23.21765327
22.77646828
23.44118500
16.66078758
20.07254982
21.33725166
22.86077881
17.45098114
17.75686455
19.55490112
22.33922005
20.00392532
18.41372681
25.09019852
27.05293846
25.57254601
17.61176682
21.68627739
22.31568527
25.01960945
16.73529434
18.94902039
20.51372528
23.45097733
18.75882339
17.59411812
19.30980301
22.69412041
20.18235397
17.49019432
23.08038902
24.54706192
27.68627357
18.27450752
20.34117699
22.36863136
24.68039322
17.01176643
17.51960754
18.85098267
23.84510231
20.32941055
17.86470985
19.91764641
22.45490074
19.80587959
17.70588112
21.49216461
21.38823700
28.64509392
19.36666870
18.71372604
22.66274643
24.26470566
17.66078758
16.50588226
16.45098114
23.89411736
21.72941208
18.19804001
20.61765099
21.96470642
20.20000076
18.36862755
19.09803772
19.39803696
26.89803886
21.04117966
17.35490417
22.96274376
23.55489731
19.04117966
15.63137054
14.72548962
22.88235283
22.09215736
18.57450867
21.05294609
21.63922119
21.13921738
18.49411774
16.95490265
18.43725395
22.89803696
22.62157059
16.99608040
22.48038864
22.35294151
20.10588455
15.67843151
13.88235474
21.03333473
22.18235016
19.44117546
20.12549210
21.82940865
21.98627472
18.42745018
16.36078644
16.96274567
19.14509583
23.22940445
17.42941093
20.91960907
21.73529625
20.48235321
15.46470928
13.89804173
19.47059059
22.97450638
20.27450562
19.04313660
22.59803772
21.96274948
18.85490608
16.19803619
15.73137474
16.76666832
22.41372299
17.59215736
18.81961060
22.28038406
21.09020233
15.31176662
14.62353039
18.36274910
22.53137398
21.49020195
18.82941246
22.63921738
21.39020157
19.64510345
17.14902115
15.12941360
15.77059174
20.71960640
17.89019585
17.06078339
22.79215622
21.08235359
16.33725548
15.05490112
17.73529816
21.39411736
21.80784225
19.17451286
22.09607697
21.39999771
20.44117355
17.41568756
14.95686340
15.00980282
20.32156754
17.84313774
16.49803734
22.04117966
20.59608269
16.94313812
15.99019432
17.22941208
21.01372337
21.37059402
19.76470947
22.39607811
22.28431702
21.11764908
16.94902229
14.97842789
14.83333015
20.30391884
18.04117966
16.91372681
20.40392303
20.77254868
16.74313927
17.35882378
17.67647171
19.83921814
20.98823547
20.10588455
22.48627663
23.25881767
21.78823662
17.20000076
14.57450962
14.75490284
19.20784760
18.80000114
16.17255211
18.69019699
21.46078300
17.44314194
17.96862984
18.73725700
19.75294304
20.03725433
20.48039246
21.02941513
23.35294342
22.56470871
17.74902344
14.44901848
14.07451153
18.01764870
20.29804039
15.53921890
17.34902000
21.37450600
18.08627892
17.40392303
19.36078453
20.84902000
19.37843132
20.52352905
19.42549133
23.37647438
23.24118042
18.31176758
14.68627548
13.13921642
17.15294456
21.94313240
16.10392380
17.34705925
19.78235054
19.07451057
15.98235130
19.46470451
21.73921394
18.99804115
20.38431549
17.90588188
23.19019699
24.00784683
20.25686455
14.89607906
12.37254906
16.26078224
22.25685883
17.98431587
16.90784264
18.36666679
19.67646790
15.92352962
18.99999809
21.75686455
18.47451210
20.28431511
16.07255173
21.78039551
24.34902191
21.84509850
15.48627377
11.94117546
15.01176357
22.65490723
19.96862793
16.95098114
16.90000153
20.33530045
16.52157021
18.64705849
21.43333435
17.81960678
19.52745247
15.31176472
20.10980034
23.21764946
23.10195923
15.15098286
11.97647190
14.30391884
21.94118118
22.27646828
17.84314156
15.97058964
21.21568680
17.68039131
18.06470680
21.42744827
17.81960869
17.81960869
15.87646961
18.30000305
21.01372910
23.23725891
15.80784130
12.55882835
14.56862831
20.49411964
24.36666489
18.48627281
16.21568680
20.99019432
19.39607620
18.35098457
21.35881996
18.28235817
16.65098190
16.93333054
16.99607849
19.71372604
22.74902153
17.73333549
13.45490265
14.83921623
18.54117584
25.16274643
18.95882416
17.15098190
19.59019661
20.76666260
19.14705849
21.47058487
19.32745361
16.02157021
17.31176567
16.88235283
19.30980682
20.60000610
19.87254906
14.40392208
13.74901867
17.41568565
24.81568527
19.20981026
18.67255211
18.05490303
22.50980377
19.11372566
21.25882149
19.81568527
15.59019566
17.51568985
16.37843323
19.11960983
20.05097961
20.24509430
15.06666851
12.58235359
16.42745399
23.64314270
20.11372375
19.23921585
16.28627396
23.49216080
18.83137321
20.70979691
20.14313507
15.61372948
17.43725586
15.36862755
18.86470795
19.48823929
19.76862907
15.53529263
12.46666622
15.23137093
22.61372566
21.84901428
19.94314003
15.25686169
23.01176453
19.25882721
20.56274414
20.48039246
15.43921566
16.57451057
15.28431702
19.27647018
17.98235321
19.00784302
16.91372490
12.55882454
14.79804039
21.29216385
24.41372871
20.56078339
16.46470833
21.49607849
19.78039169
19.81960869
20.45686150
15.44706345
16.28431511
15.99411869
18.20392609
16.88431168
18.20392609
18.00392151
13.69607925
14.62549019
19.83529663
25.60980225
20.71569443
19.11960983
19.88234901
21.18235016
19.33137131
19.91764641
16.11568642
15.73725510
16.41176224
17.72156715
16.76862907
17.29608154
18.43333244
14.92156982
13.62156868
17.59608078
23.96078491
21.32157135
21.67647362
19.22157288
23.02941322
19.03333664
19.85686493
16.86078453
14.77647114
16.11372757
17.14118004
18.95686340
16.15098190
19.61176682
16.56274414
12.75882339
15.96862602
22.33333397
21.37646866
22.81372833
18.98627281
23.03529739
19.25882530
20.61764717
18.25686264
13.07254791
16.59215927
16.08823586
19.53725624
15.63137341
19.28823662
18.37843132
12.82156754
15.97843170
21.45490074
22.13725281
22.53922081
18.20392227
22.79215622
20.02352715
21.30587959
18.97843361
12.00000095
17.03333473
15.00392342
19.79019547
15.46274471
18.14118004
19.39608192
13.34117699
16.45882416
20.42745018
23.01372719
22.04902267
20.03529739
21.17058563
20.92745018
21.50392342
19.20588493
11.45882320
17.56862640
14.34705639
20.00392342
15.18627548
17.49608040
19.39999771
14.72157288
17.02941132
19.45293999
23.65489769
22.85490417
22.59999466
20.07451248
22.01176834
21.84705734
19.70196342
12.21568775
16.69607925
15.00392151
18.48039246
16.23921204
16.31176567
20.39019394
17.04313660
16.49803925
19.80784607
23.61176300
22.84313965
23.82353401
20.23529434
22.77647209
21.60196304
20.49019814
13.91568756
15.17843437
16.37843323
15.95882225
17.43921661
15.51176548
21.18038940
19.24902344
15.96274662
18.97254944
23.26078415
22.27843475
23.77843475
21.39607620
23.33529282
20.60784149
20.77647400
15.49215508
14.03137398
16.74509811
14.23529243
18.46470642
14.90196037
21.79411507
20.63725090
15.28431320
18.54902077
22.76861954
22.60196114
23.33137321
22.86077690
23.22940826
20.40196037
21.89019203
16.65294266
13.48431587
17.37451172
12.69804096
18.79019737
14.50195885
21.13137817
20.98038673
17.03921700
17.62156677
22.65686607
22.85293579
22.94705963
23.28627205
22.17843437
21.94705772
21.64705849
17.67254829
13.24313545
17.43137360
13.17254925
18.41372490
14.49803734
19.65882683
21.73529816
18.89215279
18.99608040
22.26078796
22.79019737
22.22549629
22.69412041
21.12156677
22.93333244
21.72156715
18.60784531
12.86862659
17.22156715
14.12549210
16.23725510
15.86470222
17.98039055
23.08039665
20.15098381
21.41372490
22.76470566
22.87255287
21.35882568
22.81177139
20.61568260
23.74706078
22.12157249
19.51372719
12.69019699
16.75881958
15.23333263
13.52941132
16.89411736
16.95686340
23.45294380
20.87450981
22.94117355
23.55882263
22.57647514
20.99804688
23.10392380
20.05490112
23.94117737
22.22353363
20.31568909
13.53921604
15.74705887
15.76863003
11.97058868
17.58431625
15.55098057
23.02353477
21.62548637
23.74314499
23.95097923
22.45294571
20.52156639
23.71568680
20.07451630
21.60195541
22.53137589
20.30980873
15.11568451
14.54313469
16.48431396
11.82745171
17.56274605
14.90392303
22.11764717
23.07647133
22.02745628
25.45882034
22.06274605
19.46666718
22.83333588
20.84314156
20.18824005
22.51764107
20.66470909
16.59411812
13.63921547
16.93529320
10.86274433
18.66666794
14.54902077
22.02156448
24.46078110
20.10392189
25.46470070
22.49411583
19.83921432
21.64117622
21.32549095
18.96470261
22.67058563
20.76862717
17.80195999
12.75882530
16.71176529
11.49607849
17.89019966
15.92352772
22.68823624
24.27254868
19.55882454
24.58627319
23.53725052
20.57059097
20.45686340
21.82156372
17.86666679
22.07843399
21.17646980
18.45098305
12.31568813
16.74313927
12.10196018
15.88039207
16.83333206
21.29999924
24.33921242
20.32156754
22.89999962
24.14706230
20.99215698
20.00392342
22.52548790
16.60391998
20.21176147
21.83725166
18.83136749
12.49019814
16.27254868
12.82156849
13.81764793
17.02745056
19.82549095
24.53724670
21.55490494
20.60980415
24.29215240
21.39411545
19.60588455
23.19411469
16.21568680
18.85881996
21.62549591
19.26274681
13.00980186
15.89803791
14.56470585
11.50588417
17.27058983
18.69215965
24.53528976
21.84901810
17.85686111
23.75293922
22.08823776
18.57254791
23.04705811
16.70587921
18.37451553
21.06862259
20.61372375
13.63725281
14.76274681
15.58234978
10.26666832
17.97254944
17.81764603
24.40979958
22.66862679
15.21764755
23.02157402
22.72548866
17.93725395
22.39019585
18.26078415
16.47647095
20.62156868
21.20392227
14.64706039
13.57647228
15.70196152
9.98627472
17.82548904
17.55294037
24.35882568
23.55294228
14.54706001
22.06078529
22.83137703
18.49999809
21.06078720
20.14902496
14.33725262
20.70391655
20.47254944
15.78823757
13.59019852
15.57059193
10.58039284
15.98235226
17.94902229
24.11764717
24.65098190
14.72156906
20.24706078
23.63726234
19.09412003
20.07843399
21.31176758
14.02548981
19.00000000
20.62549210
17.11960983
14.39411926
15.97058773
10.45882511
15.38431549
17.97451210
22.73725128
25.04901695
16.01568794
17.47647285
24.08823586
20.10783768
19.05686760
22.54706001
14.66470718
16.77450943
20.36666107
18.31372833
15.03725529
16.31372452
10.44117641
14.84313774
17.95882797
20.19804001
24.13921928
17.92745209
14.67842960
23.19999886
21.17647362
18.92745018
22.53529549
17.04509735
14.62352943
19.23725891
19.04313660
14.97842884
16.54901886
11.41960907
13.26862717
17.80784416
18.14509773
22.81372833
19.77255058
13.11960602
21.60392189
21.78823662
19.38431549
22.49216080
19.33333206
13.81961060
17.92549133
19.33529282
14.95489979
16.07647133
12.75490379
12.57254887
17.97059059
15.87647152
22.56078339
20.88823509
12.19803905
19.22549057
22.75489998
19.68039322
22.66078568
20.99803925
14.42744827
15.90980339
19.29411697
16.02156639
15.82941246
12.66862869
13.07843113
17.43725586
14.43137169
20.92157364
21.63333511
12.25490093
17.10588074
23.02353096
20.40195847
22.34705925
22.05294418
15.27647209
13.44313812
19.59411812
16.62745285
15.13333511
12.52156830
13.78823376
16.83333588
13.38627243
17.71372414
21.59412003
14.55294228
14.92156792
22.42942047
21.22352982
21.70000076
22.12352371
16.78039551
11.27254963
18.99215508
17.43529510
14.32353020
12.92549038
13.18039131
15.34313869
14.10784245
15.17254829
21.36470795
16.90784454
13.77843094
20.69412041
22.29607391
21.72548294
22.60391998
18.43137550
10.50784206
18.50196075
18.74706078
13.66666508
13.52548981
12.41372585
13.91176510
15.70392132
13.72941208
21.66078377
18.65882301
13.25686264
18.52744865
22.71960258
22.02745438
22.99019814
19.92548752
11.44509888
17.40195847
19.90784454
13.62744999
13.57843018
12.09411812
14.17058754
16.38235474
12.90784073
20.85098076
20.28627968
13.15882397
17.90980148
22.12549400
21.85687065
22.77255630
20.44509888
12.48627567
15.80980396
20.20784950
13.99215698
14.06666756
11.25490189
13.88627338
17.40980530
13.10784340
19.02941132
20.73725319
14.89215660
16.77058983
21.10000610
22.66274643
22.69608498
20.70588684
13.17647552
13.90196037
21.18235207
14.71372604
14.88431263
10.63529491
13.28431416
17.89607811
13.73333263
18.07450867
20.68431473
16.99019814
15.22156906
20.18431282
22.88039207
22.47647285
21.45882607
13.92549038
12.82157040
21.43529701
16.15098000
15.06470680
11.00784397
12.88823414
17.62744904
15.00784206
17.93529129
20.62157249
18.16862869
14.05686569
19.36274338
22.49411583
22.46863556
20.39216042
15.12941074
12.07255077
21.08431053
17.70588303
15.31568718
11.11176682
12.98039150
16.49804306
17.86078644
16.46274757
21.09020233
18.60000229
13.83529663
17.69411659
21.94510078
23.37059784
18.58039284
15.33921337
12.10784149
20.00784111
19.04313660
15.20980549
11.92745113
12.92352867
14.75882149
21.11372375
14.58627701
21.46862984
18.31176758
14.18235588
16.61568642
21.26078224
22.50000381
18.51961136
14.38039303
12.16666794
18.23725510
20.51372719
15.49411964
13.51568508
13.18039227
13.74117661
23.09803581
13.24901962
21.51372337
17.95098305
15.62941360
15.54117775
20.86667061
20.75490379
19.66274834
13.80196190
12.14509964
17.03137207
20.89607620
16.13333511
14.45686340
13.58627319
14.17255020
20.57450867
14.38627529
20.89607430
18.14902115
16.19019890
14.72352982
19.72352982
18.84902000
21.26862717
14.27451229
13.50588417
16.51764870
20.87058449
17.28235245
14.91176414
14.37647152
13.63137531
17.11372566
16.74313736
19.34902191
18.67058563
16.94706154
14.65098000
17.94509888
18.12549400
20.51764488
15.18431377
17.30980301
16.33333588
21.42745590
18.36666679
15.26078510
14.54901791
13.32745075
14.66666985
18.14509773
16.98039055
19.80784416
17.92941093
15.06470680
17.10980606
17.75294304
18.14902115
16.29411697
21.57646942
17.18627357
21.06274796
19.30392265
15.39804173
14.19411850
13.47058678
14.22745132
16.98823547
15.21764755
20.81764412
19.48431778
14.48823738
16.87843323
17.51372528
15.95294094
18.32156944
22.71569061
18.93529510
20.76274109
20.53922081
15.38823605
14.16666603
13.47843075
13.80000114
15.57058907
15.01568604
20.93529510
20.32549477
14.77451134
15.40784550
18.00392342
13.91568756
19.94902039
21.90783882
20.68823433
20.86078453
21.38627243
16.11372757
13.67843056
13.47058964
13.55686092
15.10588264
14.72549248
20.68235588
21.55293846
16.24117661
13.29215813
17.78235245
12.79215717
19.79804230
20.67647552
21.72941399
21.27451134
21.41372299
16.88039589
13.22745037
14.22548866
12.32941341
15.27058983
14.97646999
19.82549477
21.91372681
18.05294037
11.39215660
17.09215736
12.51764774
18.93137550
20.71176338
21.36274910
20.88235474
21.44509315
17.32352829
12.35490227
14.65686226
12.26274490
14.33725357
14.90784359
19.13137817
22.54509926
19.18039131
10.71568680
15.40196228
13.54313850
17.43333435
22.06470299
19.85686302
20.27254868
21.52548790
18.59607887
12.58039188
15.00784302
12.44509697
14.09215927
16.00784302
18.71372414
23.56470490
19.54313278
11.47647095
14.47647095
14.12353039
14.78235149
23.47842979
19.86274338
19.20784187
21.04705620
19.82352829
14.17254829
14.47255039
11.68823528
13.77647018
15.04117775
17.86274719
23.85098648
20.42745209
13.06862831
12.71764565
14.97647190
13.00000095
23.13922119
20.48234940
17.97450638
20.30979919
20.44509697
15.45294094
14.10784245
12.30588341
12.74706173
15.15686226
17.35097885
24.79215050
21.69803810
15.25686264
11.16078472
15.92353249
12.30196190
21.61176682
21.37255287
16.89411736
20.54313469
20.31372833
16.00784302
13.12745094
13.69804096
12.44705868
15.80196285
16.83725548
24.87842751
24.05883026
18.25882721
10.76666641
16.84705925
11.51372623
20.20588684
20.42745209
16.49411774
19.85293770
20.65098190
16.50588417
11.31960678
13.98823452
13.20588303
15.53333569
16.30392265
23.54705620
24.85098076
20.56667137
11.06666851
17.19804001
12.21372795
17.88431358
20.30980301
16.26274490
19.45293808
20.56666565
17.32548904
10.53333187
13.76274681
12.94509792
13.85490227
16.45294189
22.72352982
25.47843170
21.03333855
13.02745342
16.11372566
14.17451000
16.37843132
19.31568718
15.35882473
18.96862793
20.49020004
17.95489883
10.43725395
13.47254944
13.07254982
12.85882378
17.39803886
20.39215660
25.51176071
21.96274567
15.55686474
15.20588493
15.37255096
16.13921738
19.48431206
15.37647247
18.75882530
20.61960793
18.64902115
11.31372738
13.19215584
13.50195789
11.93333626
17.54706192
18.50196266
25.19607162
22.99608040
17.82548904
13.50392056
16.13333511
15.61176491
19.32941437
15.71960831
17.95490265
20.46862984
19.10980606
12.88823414
12.11960697
13.67647076
12.65882683
15.96274567
17.65294075
24.82744598
23.95293999
18.70000076
14.39019680
16.45685959
15.12941170
19.21765137
15.86862850
17.32745171
20.31373024
18.65098000
13.97451019
11.30784321
13.35490417
12.45882416
15.08235168
16.43333626
24.42940903
23.56470299
19.67451286
16.30195999
16.61960983
14.56274605
19.13137436
17.27450943
17.21568680
20.41960716
17.13137245
15.61176491
10.06274700
13.53921890
12.48039341
13.11568737
16.77843094
23.05881882
24.09608078
20.24314308
17.15882111
17.14118004
14.64901733
18.43725395
18.12156868
18.56862450
19.72352982
16.41568375
16.54313660
9.26274490
13.57647038
12.38039303
11.87059116
16.93137360
21.64510345
24.22745132
21.24706268
17.19608307
17.16078568
14.31372738
17.82352829
18.77647018
19.38235855
20.16470337
15.49607849
16.84118080
8.80588150
13.83333588
12.16862583
10.11764622
17.08627701
19.94509697
24.85294151
21.69999886
17.34705925
16.97059059
14.11372948
16.50196075
19.97254944
19.06667137
20.80588722
15.31960773
16.31568527
8.91176414
14.02549076
11.99608040
10.59999943
15.51176453
17.65294075
25.08235931
22.41960716
17.90391731
15.58039093
13.91960526
15.20588207
20.21568680
19.12940979
20.74902153
15.94509983
15.71568871
9.56470776
14.07450867
12.00588322
9.92745209
14.06666756
16.71960831
24.17255211
22.45293999
18.77255440
13.99999809
14.97451210
14.85490322
18.95098114
19.44705582
20.24510384
16.63333702
14.68627548
10.66078377
13.41568565
11.82941341
8.79215813
12.08627510
15.67647362
23.19607735
22.68038940
19.17254639
13.10391998
15.66666794
15.12745094
17.64313507
20.03333092
20.20980835
16.72941208
13.87451363
11.80980301
12.42352962
11.59019661
9.76470757
9.40588188
15.97647190
22.29804039
22.87451553
20.04314232
13.34705925
15.31176472
15.43529129
16.95097923
20.98039627
20.55686378
17.06470871
12.71960831
13.45882416
11.52352905
11.35098171
10.35686207
7.42941189
17.66666794
20.54901886
22.25489616
20.87255096
14.39215469
14.78823471
15.99804115
16.34901810
21.11176109
21.40980530
18.14313889
11.68431473
14.98823547
11.21764755
11.48823547
10.07058716
6.58431339
18.18627739
19.24901772
21.53137779
20.71176529
15.84313774
13.93529320
16.33529472
16.28823853
20.17058945
21.66078186
19.69607735
11.43137169
16.09215927
11.27647114
11.27647018
9.58627605
7.18039131
15.78431511
19.40785027
20.20784187
20.02549362
17.57843208
12.74509811
16.04705811
17.34313965
18.41961098
21.33921242
20.61568642
12.40000248
16.09804153
12.39215851
10.61960793
8.68431377
8.95294094
12.78039169
19.72744751
18.00392151
18.72744942
19.24705887
11.78627586
15.58039474
18.10196304
16.93137169
21.32941055
21.66078758
13.31176662
15.23332977
14.11372757
10.79215717
8.24509811
9.27058601
10.37646961
19.96078491
16.43333054
17.89411736
20.02157021
12.22941113
14.98235226
18.40588188
15.71569157
21.80195999
21.77255249
15.63725471
14.17647171
15.61764812
11.28627682
8.90980434
8.81176567
7.50196028
20.28627586
16.00784492
16.62352943
19.99608421
13.48823738
14.63529491
18.38431549
15.35490227
21.20392036
21.31568527
17.75098228
13.80000210
16.13137054
12.29411888
9.90784454
8.78039360
5.25490284
18.89803886
15.73725510
15.31372452
19.72941208
15.19607925
13.82549000
19.04509735
15.16078377
18.97842979
20.71372032
19.45294189
13.83725357
16.28823471
13.06862926
11.17646885
9.09411907
5.44117594
15.24117756
14.86470795
14.90980339
19.37646866
16.85686302
13.15882206
19.40000153
15.17647362
16.84313774
19.44118118
20.18823242
14.32549191
16.23333549
13.67843246
11.71960735
9.34313869
5.85686350
11.97647095
14.23921585
14.86863041
18.55882454
18.22744942
13.54902172
19.60980606
15.33529282
15.41372681
17.80000114
20.05686378
14.85686302
16.07059097
14.05098152
11.67254829
8.65882397
6.87843180
9.06274605
13.71960640
14.26862907
18.32941055
18.79412079
14.07254982
19.91764641
15.38823605
14.20196152
16.58235359
19.35098076
16.19215965
15.65882492
14.18627453
11.47647285
8.78627491
7.37450981
6.60980368
13.96470642
13.33529472
17.95686150
20.00784302
13.70196152
19.59804153
15.73137474
13.07254887
16.02352715
18.20391846
17.63137436
15.53921700
14.77843475
10.98431301
10.00784302
7.55882406
3.92156887
14.75686359
12.46078491
17.29804039
20.36274529
14.69019604
18.41372871
16.17843056
12.05490208
15.51373005
17.08039474
18.38823318
15.81960964
15.19608116
11.31176662
10.57647133
7.99215698
3.78823566
13.87842941
12.38235092
16.53921700
20.42940903
16.31176186
18.26274490
17.15097809
11.28627396
14.58823586
16.29607964
17.71176529
15.47843742
15.06862736
12.08627415
11.00000191
8.28627586
4.79019594
12.41568661
12.57059097
15.74705982
19.83725357
18.21176720
17.33529472
18.30196190
11.70195961
13.23137283
15.23725510
17.78627777
15.30195904
15.14706326
12.23137474
11.34313869
8.93921471
5.64509869
10.26078415
14.42352867
14.65490341
19.49803734
19.70588493
16.56078720
18.77058792
13.11176586
12.15882397
14.96862507
16.68627357
15.63725758
14.62940979
12.51960850
11.41176414
10.00588417
5.57254982
8.44705963
16.49999809
13.32941055
18.44313812
20.03725243
16.94313812
18.84509659
14.40980434
11.30980492
15.20196056
14.57254505
15.65882587
14.06470490
12.57058620
10.84117508
10.77254868
5.82549000
5.56666708
18.23333359
12.53137398
17.14314079
19.00196457
17.84902000
19.35294151
14.87451077
10.22353172
14.63921547
13.62941170
14.85097885
13.40000057
12.61176586
9.64509869
11.36470604
6.62941122
3.99019647
17.53725433
12.89411831
16.19607925
18.18431282
19.06862831
18.15098572
15.75098038
10.06666660
13.46470737
13.07647133
14.57058811
12.85686016
12.08627415
8.85293961
11.20392418
7.30588245
3.43529415
14.73333359
13.60784531
14.95294476
17.16862488
18.87842941
16.69803810
16.24706078
11.66470718
12.74902058
13.09411812
14.19607925
12.68627739
11.48431396
8.49215794
10.37843037
7.66078520
2.81372571
11.44509888
14.41960621
13.55293846
15.77254868
18.10392189
15.49020004
16.18627548
13.19607735
13.45490456
13.08431339
13.16078472
13.03921223
11.04705811
8.43529415
9.98039246
7.98431301
2.80196118
7.89215755
15.95490551
12.92745113
15.52745342
18.16078758
15.24313736
15.85293770
14.17254829
13.13725376
13.10195923
12.17255020
13.59411812
10.87842941
8.56274605
9.69803905
8.35882378
3.15490174
5.07450962
16.79608154
12.61372566
15.24117851
17.60784340
14.86666679
15.38431454
14.49215698
12.48431301
13.64706039
11.47254753
14.69411850
10.84117603
9.13529396
9.16862774
8.95098114
3.55686307
3.17843151
16.27058983
12.30392170
15.46666813
16.21960831
15.50392532
12.65098095
15.21568489
11.51372528
14.68823528
10.60000038
15.67843246
10.62156868
9.79215622
8.59607887
10.34117603
4.15490294
2.58235335
13.91960812
12.18431473
14.82353115
15.11176491
15.67254925
11.53333187
14.69019413
10.84509945
15.44313812
11.04313850
15.08823586
10.96470737
9.99019527
7.82156944
11.67255020
4.93921566
3.25294185
11.77254963
13.17843246
13.63725853
13.89215565
15.24117470
10.08039188
14.63137341
10.92941284
14.88039207
13.05490398
13.59607983
11.16862965
10.44901848
7.36078501
11.55294228
6.54117727
3.58823562
8.88627529
14.03137302
12.78431416
13.06078339
13.66470528
9.57646847
14.80980492
11.96666718
14.07254887
14.76666737
12.21764660
11.68823528
10.59999752
7.42745161
10.38039303
8.31960773
4.07647038
6.39803982
14.21960926
12.49215603
12.85882378
11.50000095
9.78627396
13.83137417
12.95882320
13.24902058
15.41372776
12.10392189
12.78431320
10.35490036
7.96862793
9.26470661
9.05294228
4.23137283
3.73333311
15.06078434
12.09804058
13.39412022
10.23529530
9.54313755
12.82941532
13.60392380
12.60980606
15.06666374
12.61764908
13.90980339
9.85294437
9.07843018
8.94117546
9.56078529
3.81176472
3.26274538
13.58235455
12.98235321
13.99803638
10.03725624
9.56274700
11.38627625
13.90784454
12.07843399
14.79803944
13.58823490
14.28235340
9.53333473
9.89215660
8.53921509
9.69019604
4.36470652
2.43725491
11.40980530
13.73725510
13.67843056
11.49803925
10.19607925
10.37647152
14.42156601
12.08431721
14.53921795
14.26078606
14.48039341
9.16274452
10.25882339
8.61764812
10.50784302
4.42941189
2.32941198
9.08431244
14.65686512
13.11176395
13.31764984
10.42549038
9.24313641
14.70392132
12.02156734
13.87843227
15.10392380
13.88431168
9.57254982
10.23137283
8.65490055
10.03529453
5.73529291
2.56274581
7.30588245
15.14902115
12.20980358
14.20196247
10.73529625
8.61568737
14.53137493
12.52745438
12.93921757
16.19412041
13.47647190
10.44313717
9.83333492
9.16862774
9.47451115
7.33529425
2.70392179
6.36862755
15.10980606
11.57843113
14.87255096
11.29803753
8.66666698
14.19999790
13.11960793
12.55882263
17.11176682
14.05882168
10.77450848
9.85098267
9.44117641
9.55686378
8.17451000
2.99215722
5.09411812
13.80784607
11.56666851
14.07059002
12.59215832
9.06666565
13.03529358
14.21176434
11.91568565
17.19411659
14.38235664
11.56862545
10.74313736
9.59411716
9.39411640
8.82353020
3.64901972
3.30000019
12.74509811
12.72352791
12.88823509
13.62548828
10.86862659
11.01568604
15.21372604
11.47254944
15.55294037
14.80588341
12.57450867
10.53725624
9.99411869
8.86274529
9.53921509
4.91960859
2.30392194
11.00784302
13.52352810
12.07059002
13.79019356
12.54706097
10.16666698
14.85490608
12.16274643
13.82549095
13.82548904
13.14706039
9.80196190
10.60588074
8.24313641
9.84117889
6.20196056
2.50392175
9.35882187
14.20588398
12.27843094
14.68627644
13.10000229
10.34313774
14.10196018
13.25686169
12.19804096
12.10000229
13.33137226
9.34313774
10.84705925
7.57058811
10.03725529
7.26862764
2.85098052
7.19019651
13.97450924
12.62941360
14.46470928
13.55882549
11.43529320
13.37058735
14.26078606
11.61568260
11.50784302
13.14117718
8.86862659
10.33529282
7.50980425
9.96078491
8.24117661
3.42352915
5.31372547
12.46078491
13.45098114
13.81960773
14.06274414
12.17647171
12.87843037
14.59607792
11.56470680
10.83725452
13.14117622
8.39803982
9.70392418
8.15294170
9.08823586
8.59411812
4.48039246
4.40000010
10.88431549
14.12745094
12.92941189
14.53529358
12.54509735
12.37450981
14.11764622
12.38627434
10.52548981
12.41960907
8.98235416
8.98039246
9.02941132
7.91764688
8.97254944
5.66078424
3.60588241
9.38627434
14.21372604
13.10588455
14.32744789
13.02940941
12.50195980
13.50000000
13.01568413
10.98431396
11.22941017
10.31372547
8.46274662
9.28235435
7.78039169
8.98235416
6.46666622
2.83529425
8.34705925
14.40784073
13.69411659
14.32156944
13.81372452
12.62548733
12.82745171
13.09411526
11.81960869
9.71568584
11.31764507
8.60392380
8.92745113
8.18039227
8.82745171
7.07843208
2.80588222
6.72156954
13.91960907
13.77843285
14.82941151
13.96862698
12.30784130
12.19215870
12.92549324
12.37842941
8.23333359
11.95882511
8.74117661
8.51568794
8.89607811
8.78823566
8.01960850
3.30588293
3.98431420
14.61961079
13.38823509
14.62156582
13.72549057
12.14902020
11.71176529
12.52745152
11.64706039
7.59411716
11.46274471
8.55294228
8.61568642
9.07058907
8.92352867
8.81960678
4.55686235
3.41372561
13.22745228
13.12156773
13.99803734
13.67843056
12.36078548
12.05490303
11.85882378
10.52353096
7.73529530
11.18431377
8.18039131
8.78235340
8.84117794
8.66078377
8.85490227
5.89411879
3.59607840
10.90980434
13.57646847
13.55490303
13.49411678
12.49608040
11.90980434
11.06274700
10.37843037
7.24313736
10.68039322
8.14117718
8.53137302
8.56274509
8.26862812
8.79215813
7.27647114
3.69215727
9.14706039
13.50195885
13.22549248
13.45294189
12.49999905
11.50980663
11.07647038
10.36078453
6.90980387
10.26078320
8.60588264
8.35686207
8.28235340
7.71176481
8.65098000
8.22941208
3.67058825
8.00980377
13.82941055
12.72745323
13.78431129
12.45097923
10.99215794
11.05686092
9.86666775
6.84901905
9.51176453
9.52352810
8.42353058
7.89803934
7.35686255
8.10784340
8.78235435
4.10784292
6.20392084
14.38823509
12.83333015
13.99999809
12.67058849
10.23921585
10.99803829
9.33137226
6.80980301
7.86470604
10.69804192
8.44705868
7.38823509
6.92156887
7.59411716
8.97058678
4.51960802
4.75098085
13.67646980
13.05686378
13.76862621
12.80784225
9.43725491
11.13333321
8.94117737
6.80196142
6.15294170
11.21960735
8.84313774
7.08431387
6.63725424
6.33725452
8.76862907
5.25686264
3.96862793
11.60588264
13.38235283
13.44117832
12.55294323
9.36470604
10.76862907
8.54313850
7.09999990
5.07647085
10.88627338
9.62353039
7.45490217
6.17058802
5.76862860
7.98039198
6.14902115
3.79019618
9.12745094
13.04117584
13.44902134
12.27450943
9.45882511
9.92353153
8.52941227
7.24313784
5.97254992
10.62941265
10.21568775
8.49019623
5.45882320
6.00980425
6.57254934
7.04705811
4.00196123
8.23137283
11.99215889
13.48823738
12.13725662
10.07647133
9.01764774
8.64902115
7.03529501
7.54509830
10.12353039
10.02745342
9.73921585
5.49999952
6.27254915
5.58039236
7.51568699
4.08823538
7.61372519
11.76078510
12.69411469
12.12549210
10.60392189
7.84705973
8.97255135
6.89411688
7.97450924
9.80392265
9.52941322
10.84509945
6.03921700
7.46274424
4.82156944
7.64901924
4.38039255
6.86274529
11.57451057
12.03333473
12.59215832
10.61568832
7.32549047
9.16862869
7.17843199
6.94705772
9.49019623
9.78039360
10.65490246
7.24117708
8.46666718
5.18431520
6.84705877
5.01176453
6.67843151
10.72157001
11.37254906
12.63921642
10.75294113
7.32745218
9.02941227
7.37450981
5.98627567
8.89411831
10.48039341
10.41176414
8.29215622
9.60392189
6.13333225
5.48823547
5.53529358
6.27254868
10.16666698
10.40588093
11.58039284
11.02156830
7.98431444
8.25686359
7.66078329
5.77646971
7.97647047
10.20000267
9.91372585
9.35098076
11.36078358
7.41176462
4.55098057
5.96666718
5.75490236
9.66078472
9.38823414
11.13333607
11.60196114
8.85686302
7.08431387
8.74509811
5.53921509
6.95882320
9.63921738
9.92548943
10.02549076
13.18627357
9.06078339
4.39607859
6.85686350
5.77647066
9.09607887
9.72745037
10.49999905
12.64902115
9.80980301
5.90195990
9.75098228
5.92941236
5.90980434
9.18627548
10.94313812
10.47451019
13.99411869
10.80980301
4.90196133
7.49607897
6.26274490
8.66274548
9.60195923
9.78627396
13.51176643
10.64901924
5.14509916
10.25294209
6.67254734
5.44313765
8.87058926
12.53333187
11.10196114
13.80980396
11.68235397
5.67058849
7.88627529
7.18039179
8.81176376
10.60784340
9.28823471
14.29411697
11.08627510
5.60588217
10.00588131
7.49607754
5.64313793
8.07647133
14.23137188
12.46862888
12.90195942
12.02548981
7.03921604
7.79999971
8.61764717
9.30784225
12.52941227
9.00196266
14.44117641
12.38431740
6.76862860
8.54313755
8.49411869
6.20784426
7.38627529
15.90588570
13.07843208
12.38627529
12.03333473
8.67058849
7.65882349
9.65098095
9.72548962
13.12352943
8.92941284
13.68235207
13.56470490
8.31960773
6.74117661
9.34313774
6.33725452
7.58235359
16.59215736
14.36470604
11.47058964
10.85882378
10.68235302
8.37255001
10.04117584
10.03529453
12.58823395
9.18823433
12.39607620
13.95685863
9.76470757
6.26862860
10.16078377
6.71764660
8.01176357
16.59215736
15.26274490
11.19019699
10.01960850
10.69215775
9.59999943
9.78627396
11.25097752
10.93725681
9.62941265
11.17058849
14.39215755
10.49411678
6.13529348
10.31960678
7.18235397
8.17843246
14.71764851
16.66666794
12.01960850
9.52549171
9.20392132
9.69411755
10.06274605
12.06862831
10.14901924
10.01568413
9.28235245
14.94314003
11.13725662
6.55882311
9.47451115
8.29215622
7.73725510
12.47254944
17.10784149
13.18235111
9.61568546
7.26666689
9.98235416
10.25294113
11.29215717
10.14705849
10.20195961
8.40392303
13.92352772
12.19215679
7.11568594
8.95490074
9.41960812
7.33725548
11.29999924
16.64705849
14.43529320
10.80195999
6.93725538
8.70195961
10.07254982
10.25490379
8.73137474
10.70588303
9.04509926
12.48235130
13.53725529
7.32352972
8.10196114
10.57451057
7.63333321
10.48039150
15.85490036
15.02548790
11.19215679
7.61568689
7.75097942
9.42352962
9.18039227
7.03529453
8.84117603
10.82549000
10.59019661
14.83529472
7.84313774
7.54902077
10.17451000
8.48235321
10.43333435
15.17647266
15.18627453
11.82353115
8.09411907
7.64509773
9.02156830
8.88431454
5.35882425
5.49019670
14.81176281
9.88823509
14.39215851
8.04313755
7.29411745
9.53921700
9.20392227
10.48627472
13.50784206
16.32745171
12.14901924
9.20196342
8.11568546
8.28627396
8.20196152
4.38431454
3.70588255
16.88823318
9.48627472
14.00000095
8.46666622
7.33725500
8.82745171
9.99607849
10.78235245
12.25293922
16.47058868
12.58627510
9.92156696
7.79999971
7.02548981
8.09019756
4.12156868
3.29411817
15.51764870
10.55882359
13.61568642
9.26666546
7.25882435
8.48823452
9.81960869
10.87058830
11.59608078
15.84509850
12.98431396
10.21568680
7.59607792
6.75098085
7.08823442
3.93921590
2.54117656
12.43333530
12.60784435
13.33137226
9.80392265
6.97451019
8.42745018
8.83921432
11.05490303
11.39411926
14.95686340
13.10195923
10.97843075
7.82156897
6.58039188
6.43137264
3.95490193
1.56078470
10.72549057
13.38431358
13.03137112
12.22352886
7.47254896
8.11960888
8.67058849
10.45490074
11.55294418
13.39803791
12.88627434
11.56274605
7.92745066
6.65098047
6.13333464
3.28039241
1.51960790
6.60392189
14.32941341
12.43137264
14.04510117
9.42745209
8.31176376
7.93921423
9.69803810
11.79411793
12.67647266
12.10980415
11.40392017
8.31372643
6.36078358
6.52745056
3.16666698
1.67843151
4.80980492
13.18039322
11.39607906
14.44117832
12.07451344
8.32941246
7.51176500
9.33529568
11.35097980
11.60784340
11.45882511
11.42549038
8.95686245
6.48039293
7.05490208
3.45490217
1.97450984
4.65686321
10.59215736
11.61960983
13.00392342
13.49019623
8.69607925
7.56274509
8.73333454
10.75294018
11.48823547
11.29019547
10.86470699
9.60980415
6.18235302
7.21176434
3.57647109
2.16862750
4.13333368
8.64509869
11.50980568
12.20000076
13.82156849
9.46862698
8.04509830
8.46666622
10.08627415
11.36274624
11.80784321
10.43921471
9.73333454
6.55490208
6.77450895
3.81372523
2.37843132
3.73921585
8.25490189
10.52157021
11.75882244
14.29411697
11.11568737
8.93921661
8.22941303
9.82745171
11.25686455
12.24902058
10.80196095
9.28627396
7.43333435
6.03529406
3.69607902
2.47058892
3.26470613
7.72941303
9.78235340
11.33529568
14.18235207
12.37058926
10.42745304
8.21372700
10.13725567
11.41764736
11.66078568
11.73725319
8.87450886
8.26274395
5.83333445
3.62156868
2.69019628
2.38431430
7.49411821
8.27058792
11.51568794
13.64313507
13.10588074
11.55490208
9.20392132
10.28627491
11.30980396
11.04706097
12.26078510
8.90980434
8.49411869
6.29215717
3.81568670
3.33921623
1.86274564
7.01764679
7.23333359
10.79215717
13.16274643
13.73332977
12.18039322
10.31176567
10.36274529
11.19803810
10.77254963
12.16862965
9.59803867
8.40784264
6.53137302
4.06274509
3.85098076
2.00392199
6.14902020
6.79607868
9.30000019
12.94902039
13.69607830
12.74705696
11.28039265
10.71764660
10.87843418
10.40392208
11.75686073
10.71176529
8.59803963
7.40980387
4.30000019
4.52549076
2.08039284
5.40784264
7.03529310
7.15098095
12.96666622
14.00980282
13.40196133
12.01372719
11.50588322
10.36862850
10.10588360
10.88627529
11.05294323
9.25686169
7.95294094
4.93137312
4.79607821
2.30392218
4.91372585
6.64117718
5.65686321
11.99803925
14.77254868
13.60392284
12.71764565
12.41372681
9.94901848
9.67255116
9.77255058
10.93333244
10.57058525
8.20196056
5.77843142
5.51960850
2.74509811
4.94705963
6.46666670
5.33725548
9.08627510
16.44117546
13.63921356
13.13333321
12.60392094
9.96274662
9.36666679
9.32745075
9.80980301
11.95490074
8.89999962
6.52353001
6.40588188
3.47058845
5.16862774
6.78431368
5.50196028
6.84705877
16.48627472
14.74313641
13.23725319
12.39607620
10.04705811
9.45882416
8.98235321
8.97058964
11.68431282
10.19411659
7.79019594
6.75882387
4.40000057
5.62745190
8.17255116
5.34313679
6.23921585
13.90392208
16.82744598
12.76470661
12.47254753
10.61568832
9.85097980
8.60980511
9.02157021
10.04902077
11.51961136
9.21960831
6.92941332
5.58235312
6.18235302
9.33333492
5.28823519
6.04313803
10.25098038
16.74313736
12.85686111
12.46666813
11.40000057
10.12941360
8.99804020
9.70196056
7.96862841
12.37843323
9.86666679
7.79804039
6.41372490
6.40000105
9.90784264
4.01176548
6.48627520
7.85098124
15.24117756
13.39803791
12.37255001
11.77843094
10.17059040
9.85490322
10.39215755
7.44705820
10.74902153
10.22745323
8.30588341
6.88627386
6.95490313
9.97843170
2.32156873
6.57254982
6.72352982
13.39215851
14.09999752
12.21764755
12.30980206
10.35098267
9.65293980
10.62549019
8.05098057
8.80392170
9.83333492
8.86666775
7.02353001
7.49215651
9.69019508
1.83921611
5.46274567
5.76666641
11.59019852
14.17843056
12.40196133
13.21960545
10.20392323
9.30980682
10.72941113
9.06078434
7.83333445
8.37451172
9.67843056
7.47058773
8.34705830
9.51568699
2.18235278
3.92941213
4.99215746
9.38039207
14.04117584
12.91568661
13.58039474
10.07450962
8.85490227
10.36078644
9.96862793
7.62156820
6.80196142
10.48039246
9.42156887
9.82941246
10.19607925
2.62352967
3.73725533
4.75490332
7.42941284
13.46666431
13.05490208
13.45686340
11.04509926
8.61176491
9.41568756
10.13921642
8.02352905
6.60980415
9.83333302
12.36666775
11.22156906
10.66666794
3.66862774
4.78431416
4.50588274
6.60392237
11.99215794
12.65882397
13.41176510
11.94705772
8.49999905
8.68039322
9.50000095
8.79411793
6.98823500
8.49411774
14.00392246
12.78627396
10.50980568
5.36666727
6.41568661
5.30784273
6.13333321
9.84313774
12.38823795
12.46862507
12.74117374
8.44117641
7.63137341
8.62156868
9.38235474
7.28823519
7.40196085
14.07450962
13.87450695
10.26274681
7.21176672
7.37450981
6.91568708
5.15294123
8.70588207
11.44901943
10.71372509
13.16078281
8.82352924
6.87058783
7.81764746
9.40195942
7.39411783
7.46666765
12.84117699
14.24706078
9.98235416
9.12156868
7.67451000
8.59411812
4.25882387
8.20195961
10.17254925
9.41176414
12.50196075
9.35490322
6.65882397
6.84117699
8.63333416
7.16274500
8.08431339
11.31960773
14.50784111
10.43529224
10.04313660
7.95098019
9.88235188
4.71372557
6.36274481
9.25294209
9.34313965
11.69803905
9.60588264
6.49607801
6.30588293
7.36470604
7.10588264
7.93725538
9.91764641
15.06274509
10.89215755
10.23921490
7.50196123
10.26274490
6.09215736
4.99215698
7.94313812
9.34509850
10.18039131
9.36666679
6.44901991
6.03725433
6.26078320
6.88627338
7.60196114
8.82156944
14.51372623
11.87843132
10.36862755
6.86078453
9.98039341
7.85098124
4.22549057
7.42156744
7.98823452
8.28431511
8.47254944
6.64705849
5.94901991
5.97254944
6.20000029
7.60784340
7.63333321
13.33137226
13.35882378
10.59019470
6.67058802
8.46470642
10.08431339
3.83333325
6.77254915
6.78039217
6.95882320
7.99607754
6.30196047
5.89215660
5.97058821
5.70588207
6.97058821
7.39215708
11.76862621
13.86274719
10.67254829
7.09803915
8.03137207
11.28823471
4.81176519
5.83529377
6.50588274
6.50980377
7.71764708
6.45686197
5.94117689
5.91764641
5.39019680
5.95686245
7.43529272
10.59019566
13.76470566
10.07058907
7.80980349
8.39019585
11.39411831
6.69411755
5.16078520
6.65098143
6.11176443
7.23529434
7.06862783
5.66862774
5.63529444
5.35098028
5.53333426
6.64509773
9.65882397
13.29607677
9.66666698
8.71568680
8.55686378
11.94509888
8.14313602
4.90392256
6.88235283
5.84706020
6.37058926
7.22353029
5.56274509
5.47450924
5.46078396
5.10980415
6.56078386
7.94705963
13.46470547
9.72156811
9.26274586
7.79607916
11.22352982
9.52157021
4.85098076
6.64509821
6.30980301
5.28235245
7.20980310
5.87451029
5.43725443
5.32941151
4.95294142
6.20980406
6.62549019
12.85882473
10.31176472
8.87451077
6.04117632
9.51568794
9.69803905
5.56666756
5.80588245
6.37843084
5.20196104
7.09019566
5.94705915
5.33725548
5.30980396
4.60784340
5.66862726
6.38431358
10.98627567
10.56666470
9.13333321
4.57843161
6.91568756
9.33137417
6.20392275
5.76666689
5.94705820
5.02156925
7.16666746
6.35490179
5.76078463
5.46274519
4.71960783
5.06470633
5.57058811
9.77843094
10.40784264
8.56274509
3.87450981
4.00196123
7.35098076
7.34313726
5.32156897
5.77843094
5.02353001
7.22549057
7.03529453
6.01960850
5.31372547
5.07843113
4.29411888
5.14901924
7.97450972
11.05489922
8.10196114
3.60392213
1.70000041
6.11764717
7.79411793
5.12353086
5.15686321
4.79607916
7.02156925
7.65294170
6.25686264
5.33529472
4.99607897
3.83529401
4.98235369
6.59803915
11.46274471
8.35882378
4.30000067
1.39411807
5.26470566
8.47451115
5.59215641
4.53333282
4.42156887
6.59019566
8.09019661
6.36470604
5.64509773
4.64313745
3.69607902
4.57450962
6.13725567
10.02353001
9.16078663
5.45882320
1.43137288
3.96470594
9.36666965
5.93333340
4.77450943
3.79999995
5.94705820
8.78039169
6.25097990
5.96274567
4.43921518
3.58627486
4.40000010
5.66078424
8.33725452
9.47647095
6.30588293
1.71568680
1.81568646
10.71960926
6.42745161
4.96666718
3.77647114
4.59607935
8.86862755
7.16470575
5.84705830
4.87058830
3.60392189
4.60196114
6.08039188
7.46078396
9.91568851
7.02548981
1.99411786
0.44705883
10.11568642
7.22156858
5.06470633
3.68431425
4.20392227
7.80000114
7.56470633
5.58823538
5.63333321
3.78627491
4.55686331
6.79411745
7.86470556
9.46666622
8.34901905
2.26666665
0.62745100
8.84705925
6.69411707
5.48235369
3.87451029
3.55294156
6.72549057
7.53725481
5.60588264
5.64509773
3.60392189
4.26078463
7.24901962
8.26863003
8.62353039
9.64706135
3.17647099
0.32352942
6.98823500
7.18431425
5.92549133
4.23137283
3.50000048
5.66078472
7.37254906
6.09607792
5.51568604
3.43921542
4.09411764
7.51764727
8.69215679
7.49999905
10.52745247
4.60588264
0.31372550
4.88823509
8.36666775
6.18235350
4.48235321
3.79019666
4.78431463
7.12548923
6.70588255
5.89411736
3.93921542
3.99215746
8.30980492
9.79019833
7.48039246
10.77843094
5.88235235
1.37254918
2.74705887
10.10588169
6.09803963
5.23529387
4.12941170
4.65294170
7.42156935
7.01176548
6.12745142
4.40588284
3.90980434
8.92549038
11.24313641
7.42745113
10.15294170
6.11960745
2.60980415
1.34117663
11.46666718
6.93529415
6.48235416
5.12941217
4.34705925
7.47254944
7.61176443
6.29411840
4.77647066
4.36470556
9.25882339
12.96078491
8.60000134
8.29607868
5.54705858
4.00196123
0.98039216
10.66666698
7.92549038
8.90196037
6.53137302
4.79215717
6.66470623
8.18627453
7.16666794
4.87843132
5.04901981
10.07058811
13.55098248
10.68039227
6.84509802
5.19411707
5.08039141
1.29803932
9.58431435
9.45098114
9.98235321
8.13921642
5.20000029
6.51176453
8.23725605
8.23725414
5.13529539
5.63333273
10.24901962
13.52549076
12.60195923
6.33529377
5.09411812
5.28627396
2.33333349
8.86666489
10.38431549
9.66078568
9.41176605
5.58039331
7.66470528
8.79607773
8.86274719
5.28039169
6.85490179
11.53725433
13.30588245
13.56078339
7.58627415
4.96078253
4.05882359
3.93921614
8.16274643
11.39411831
9.25490284
10.17646980
6.91960812
8.84706020
10.11960697
9.22352791
5.59019661
6.49019575
13.79019547
13.08039284
13.43921471
9.54509830
4.99607897
2.93921614
4.78823471
6.79803991
12.22548962
9.53529358
11.10000134
8.26470757
8.80196190
11.49803829
10.18235302
6.66862583
7.35882378
15.62745094
13.85686207
12.08431244
10.92941093
5.45882416
2.87647128
4.00980377
6.34117651
10.26078415
10.71568489
11.01764679
9.29803944
8.85294247
12.27843285
11.44509888
8.14509773
10.24705887
16.37647057
14.49607754
11.22745228
10.70980358
7.35294056
3.15098000
2.96078444
6.67254972
7.30392170
12.23333359
10.03137302
10.88039303
9.03725529
12.52941227
12.22745228
9.68039417
12.24901772
16.46862793
16.16666412
10.67451191
10.11176586
9.82941151
3.88039231
2.45294142
6.94313765
5.69607925
12.23333454
9.62549114
11.68235302
9.22745228
12.64901829
13.04313660
10.75882244
13.36078453
16.17255020
17.24313545
11.49607849
9.82744980
11.09803677
6.01372623
2.39607835
6.48039246
5.52353001
10.93725491
9.87451172
11.73137474
9.75686264
12.92941380
13.78235531
12.12941360
13.50392056
15.97647095
17.35294342
12.97843456
9.25686359
10.87843037
9.24902058
2.54509807
6.09215689
7.21764708
8.97255039
9.99411583
11.47254944
10.30392170
12.79215622
14.20980263
12.39803886
13.46666718
15.12745285
16.19607925
14.19607735
9.37255096
9.75294209
11.99411869
3.80588222
5.77254963
8.96470547
8.66470528
9.07058907
10.58823490
10.99411869
12.47646713
14.35097599
12.03529453
13.21764660
14.24706078
14.91176605
14.17058659
10.30588150
8.59803867
13.18235493
5.81764698
6.12745142
8.73137283
9.46078491
8.04509830
8.51764774
12.04117680
12.08038902
14.06470776
11.89804077
12.97843075
12.96470642
14.76078224
13.48431492
11.63725662
7.71960735
12.50000095
8.24705887
6.86470652
8.46862698
9.13529301
7.05294180
7.24705791
10.89411831
11.75098133
13.65490246
13.73333359
11.42549133
12.05882359
14.76274490
12.89607811
12.16078568
7.39803886
11.39215660
9.61764812
8.01176453
8.39411736
7.91960812
6.20392275
6.59215641
9.31372452
11.35490227
13.30980682
14.58431435
11.34509945
11.47058582
14.33333302
13.03921509
12.02745342
7.87058830
9.54509830
10.26274490
9.04902077
9.05490208
6.35098028
5.90196085
6.55490160
8.53725529
10.94509888
12.50980377
14.81960964
11.88431740
11.69803810
13.60392284
13.17450905
11.58431339
8.45294094
8.04901981
9.94117641
8.70588207
10.33921528
5.41764688
6.13725519
6.30392265
8.52941322
10.59607887
10.86470413
14.68431473
12.54902077
11.63137245
13.16863060
13.43137264
10.57450962
8.78039360
7.33529472
8.43725586
8.36862755
10.88039398
4.86666679
5.78627491
6.09803915
8.21176529
9.70000076
10.06274605
14.12941265
13.50980282
11.23725414
12.55490208
13.29411793
9.80392265
8.71764755
7.28235245
6.87058830
7.79215717
10.60196209
4.93921614
4.78627491
5.77450991
7.92352915
9.09215641
9.96470356
13.40392208
14.78823566
11.24510002
12.34902191
12.68431377
9.28039360
8.45686245
7.89411831
5.99803972
7.15098000
9.88235378
5.55686235
4.05490255
5.53333378
7.60784292
8.75294209
9.81764603
12.66862774
15.61372662
11.28823471
11.73921585
12.06862640
9.40980434
7.98431396
8.42157078
6.24509859
6.64705944
8.71764660
5.93333387
3.79019642
5.16078472
7.34313726
9.11372757
9.43333244
10.95686436
16.16274834
10.90000057
11.39999962
11.35882378
9.77843380
7.55882454
8.04117775
6.78039265
6.26666689
7.30392170
6.33333349
3.59215713
5.78039265
6.53333378
10.06862736
8.80784416
9.89411831
13.62745094
10.85686302
11.32352829
10.14509773
10.12353134
7.55490208
8.13725567
7.46274519
6.60784435
5.16078472
6.90392256
2.74705911
5.84313726
5.25098038
11.18039227
8.74902153
9.52941227
9.79019737
9.94117832
10.97843266
9.69019604
10.27843094
7.45294142
7.85490227
7.79803944
7.01372528
3.97451019
6.06862688
2.04901981
5.04509830
4.90196085
9.70588303
10.25882435
9.53529453
8.36274624
8.98431301
10.16274261
9.25882339
10.12549019
7.53529358
6.81176519
8.29019547
7.05882311
4.38823509
4.75686264
2.12549067
4.07254934
5.02745104
6.90980434
12.31764603
11.28627491
9.34509659
9.10195923
9.41176510
8.58823586
9.87843227
7.63137388
6.07647085
7.73529434
7.22745180
4.95098066
3.60196090
2.31568623
2.64313722
5.23529434
5.69215727
10.37254810
14.25686264
10.14313507
9.90000057
9.46666718
8.28039265
9.21764565
7.55098057
5.68039227
6.93529463
7.22549057
5.63725567
3.00392199
2.73333383
1.08039236
5.76470661
5.34901953
7.93333340
14.32745361
11.14902115
10.80392075
9.88235569
8.47843075
8.27254868
7.42745161
5.92156935
6.01764774
7.36470604
6.51372528
2.40196109
3.37254906
0.71764714
5.04705858
5.08627415
6.45098114
12.77843189
12.34509659
11.52549076
10.10392189
8.66274452
7.46666431
7.00980330
6.16470528
5.20392132
7.51764727
6.83529472
2.16078448
3.41568589
0.71960801
3.89607811
5.58039284
5.38823414
10.83725452
12.56862545
11.98823452
10.47255039
8.69804001
7.44509792
6.34902000
6.27647066
4.91568565
7.02745104
6.69411802
2.59019613
2.42745137
1.19607890
2.77254915
6.71568584
4.83725500
8.12941170
12.05490303
12.05293846
10.81176376
8.97647095
7.27058887
6.28823614
6.31372595
5.24313688
5.93529415
6.23529434
3.70588207
1.51176488
1.87058854
1.65294135
7.04705954
5.08235359
6.33725548
8.94902039
11.78235149
11.01568699
8.98039246
7.24117661
6.14901924
6.45098066
5.51372576
5.40784359
6.66274452
4.28431368
1.20000017
1.93333340
0.60196078
6.43333340
6.27647114
5.73921633
6.21568727
10.24705887
11.01960850
8.46862698
7.22156858
6.00392103
6.40000010
5.71568680
4.67843103
5.95098114
4.93921614
1.30196106
1.54705906
0.42745098
5.56078434
6.91960812
5.27843285
5.89803839
7.94705963
9.55294132
8.06470585
7.52745056
6.12156963
6.08627462
6.33725452
4.60980368
5.20196104
5.11372519
1.40588260
1.27451015
1.28039265
4.29411840
7.66666651
5.20392227
6.20588255
7.03333426
8.19804001
7.80392170
7.64509916
6.45098019
6.21372557
6.47254944
4.50392103
4.79607868
5.42156935
1.44313741
1.48431396
2.81176496
4.22745037
8.32156944
5.16078377
7.87058878
7.09019566
6.79215670
6.97647047
7.99411774
6.25882339
6.60980463
6.63137293
4.46862793
4.61960793
4.98431396
2.60196137
1.27254915
2.90588236
5.72352934
7.13725471
5.38627481
7.77843189
8.91372490
6.01764584
6.11176538
7.45686293
6.03921509
6.26078367
7.27254915
4.65882444
3.92549062
4.77843142
3.44902015
0.95686281
1.73333383
6.86862803
5.76862669
6.24902010
6.31764650
10.01568794
6.50196171
5.96078348
7.65882349
5.99019623
6.08823538
7.70196104
4.88039207
3.47058845
4.41372585
3.76274562
0.99019641
0.83921593
5.98431396
4.81960773
6.09607792
6.65490246
9.36470604
8.12156963
6.34705830
7.99607849
6.40000057
5.82941246
7.50588322
5.19411755
3.27058887
3.97647071
4.51764774
0.71764708
0.29607844
3.39215660
5.01372576
6.08627462
7.51960802
7.17843199
10.57058907
8.02745056
9.51176453
6.35686255
5.42745113
6.81372499
5.00000048
3.60392189
3.13333368
5.09803867
1.08235323
0.21372549
1.79607844
4.56470585
6.51764679
7.79803944
5.64509821
10.87254906
11.05686188
10.54313946
7.25490046
5.25882387
5.96666718
4.84509802
3.77647090
2.99607873
4.45882368
1.85294163
0.12352941
1.16078436
3.30784345
8.91372585
7.43921518
5.18627453
8.99608040
12.75294113
12.18431377
7.03137350
5.54705811
5.34902000
5.04117632
3.87451005
3.71764660
3.50000000
2.78235340
0.13725491
0.10588235
2.43529415
10.15294170
7.74509859
5.53921556
7.05882359
12.67255020
12.64901733
6.60000086
5.58039188
4.92156744
5.28627443
3.77254939
4.10588264
3.56470633
3.42156935
0.44509804
0.13921569
1.70784330
9.93333340
10.23137283
7.11764812
6.85490179
11.68627262
12.36862850
5.73137236
5.48823547
4.54901981
5.37451124
3.82941198
3.95490146
3.88235331
3.88235354
0.67647082
0.17058824
1.14705884
7.78039217
15.04509830
7.77647066
10.30392265
9.56470490
12.00000095
5.31764746
5.41764736
4.51372576
5.40784311
3.78039312
3.80588222
4.07843113
4.30196142
0.59803939
0.17450981
0.49607843
4.45490217
18.51568985
9.22745132
12.81568718
8.56470680
9.61764717
5.19411707
5.34705925
4.87058878
5.20980310
3.88823557
3.65098119
4.49019623
4.32549047
1.10784352
0.08823530
0.10588235
1.92941189
16.72941208
12.08235359
14.59607887
9.98235321
7.21372557
5.83333349
4.97058868
5.71176481
4.99411726
4.62156963
3.58039308
4.44117737
3.56470585
2.25882411
0.14117648
0.10588235
0.88431376
11.55098152
16.33921623
15.37450695
11.06666470
7.54313803
5.87058783
5.23921585
5.80000019
5.37450933
5.00784349
3.72549033
3.95490265
2.95490265
3.27647066
0.16470589
0.12549020
0.41568628
6.40588284
19.57647324
18.70588303
12.00392151
8.80784321
6.74117756
5.76078463
6.54509830
6.41372585
5.38235331
3.97647119
3.15098047
2.31764698
3.94117689
0.19803922
0.15686275
0.19607843
4.11568642
16.31372643
24.05490303
15.92549324
11.98039436
7.00392294
6.89803886
7.80196047
8.78627586
5.69803953
4.00980425
3.08431458
1.80392206
4.23137331
0.44313726
0.14509805
0.14901961
2.67254901
10.97843361
25.00000381
21.58627701
17.00980568
8.67254734
8.01764774
10.33529472
11.35490322
6.41372538
4.68627405
3.12941241
1.64901972
3.34117651
1.34313750
0.12549020
0.14117648
1.51764715
6.96274471
21.50980759
25.11568642
23.03725243
13.41960812
9.53529549
12.35294056
14.07843208
7.13725471
5.59411764
3.21960807
1.98627460
2.16470599
1.94117701
0.11372549
0.12549020
0.68039221
5.55294180
14.53921795
23.71372223
26.75098228
20.81372643
12.56274509
13.72156906
16.39804077
8.03333378
6.02745056
3.48431349
2.09607840
1.32745123
2.62352920
0.17450981
0.12549020
0.44313726
5.02745104
8.58235264
18.29804039
27.16274834
26.62941742
16.39803886
16.08823776
17.44902039
9.47843075
6.00000048
3.64705873
2.00980425
1.13921595
3.18039250
0.30196080
0.13333334
0.14901961
3.96470594
7.03137302
12.89803791
22.27451324
26.58823776
23.46862602
19.34313774
17.31568527
10.57450962
5.69411659
4.06078434
1.87254953
1.27647090
2.97647071
0.48235294
0.12549020
0.14901961
2.68627453
6.95294046
10.67058945
15.95294285
22.49999619
26.80000114
22.86470795
16.32941246
11.33529663
5.37254906
4.30588245
2.11960840
1.10980403
2.04705906
0.86078459
0.12549020
0.14117648
1.50000000
6.40392065
9.59803867
11.65686321
17.54117584
25.36470604
24.76471138
14.92941189
11.14509869
5.12941170
4.76666689
2.37058830
1.01176488
1.31176496
1.14705932
0.11764706
0.13529412
0.62156868
5.34313631
8.49215698
10.50588226
13.60784340
20.67843246
23.28823280
14.41960526
10.51960850
5.15882349
5.19215727
2.80000043
1.23921585
0.74509805
1.36470640
0.12549020
0.12549020
0.21372549
4.21764755
7.17647123
10.16666508
11.52941132
13.59803867
20.01372719
13.25882244
10.01372528
5.56862688
5.32745075
3.13333392
1.36274576
0.58431381
1.46078432
0.12549020
0.12549020
0.13529412
3.11764717
6.46862793
9.56078434
10.37450981
9.07058907
14.24117661
11.66078377
9.93137360
5.49019718
5.70980310
3.60588312
1.50196111
0.56862748
1.43725514
0.18039216
0.12549020
0.12549020
2.09803939
5.17647076
8.47059059
9.44509792
8.97843075
9.42549229
9.92156887
9.93137360
5.87843180
5.54509830
4.12549067
1.91960800
0.55882370
1.02156866
0.59019613
0.12549020
0.12549020
1.09411776
4.39411736
6.64313650
8.67254829
9.90784264
8.29411793
8.53529358
9.83333397
6.47843170
5.25882387
4.43333292
2.19607878
0.55882376
0.67058825
0.76666689
0.11960784
0.12549020
0.45294118
3.80980396
5.08823538
8.11960793
10.33921432
9.77255058
8.50196075
9.36078453
7.24902058
4.53725481
4.98627472
2.59607840
0.78039223
0.36470589
1.03529465
0.12549020
0.12549020
0.22745098
3.48823524
4.29215670
7.62548971
10.07843113
10.72156715
8.88039207
9.08823586
7.64705896
4.36666727
5.43529463
3.09803987
1.00980425
0.39607844
0.86470610
0.13725491
0.12549020
0.15294118
2.73725510
4.31372547
6.95098019
8.80588341
11.14117527
9.30784416
8.88039207
7.85490131
4.63333368
5.63921642
3.28823543
1.40392172
0.29411766
0.70980406
0.15686275
0.12549020
0.15490197
1.67843151
4.00392151
6.68039322
7.93137264
10.23529339
10.03137589
8.58627605
8.21568680
4.91568613
5.25098038
3.66274524
1.53137279
0.22352941
0.46274510
0.16078432
0.12549020
0.12549020
0.90980405
3.32352996
5.87058830
8.21372604
8.61568737
10.14705944
8.85882378
8.26078606
5.16666746
4.62549019
3.97058821
1.44117665
0.20588236
0.19803922
0.26666668
0.12549020
0.12549020
0.43725491
3.30196118
4.98627520
8.25294209
7.96862745
9.59607792
8.95294189
7.89607859
5.78039217
4.36862803
4.50980473
1.17647088
0.28431374
0.26078433
0.19215687
0.12549020
0.12549020
0.16274510
3.28235292
4.27647114
7.52549124
7.82549095
8.76078510
9.19803905
7.69411802
6.12156868
4.27843142
4.97451019
1.37843180
0.18823530
0.16274510
0.23529412
0.11960784
0.12549020
0.13529412
2.63921571
3.75882435
6.40392160
8.01764774
6.92549038
9.04509830
7.69215727
6.28823519
4.43333340
4.72745180
1.66862750
0.38627452
0.18039216
0.20588236
0.12549020
0.12549020
0.14509805
1.79607868
3.89607906
5.67451000
7.68039179
6.50196123
8.04705906
7.63529348
6.63725567
4.71176529
4.54313755
1.98627472
0.37843138
0.27843139
0.12549020
0.12549020
0.12549020
0.12745099
0.87450987
3.42745090
5.59607935
6.69803858
7.13137245
7.29803991
7.64705944
6.28039265
4.65294170
4.30000067
2.18235326
0.53725499
0.20784314
0.20784314
0.10980392
0.12549020
0.12549020
0.48431373
2.99607849
5.61960840
6.30784273
7.20784283
7.04509783
7.23725510
6.35098028
4.58235312
3.79215717
2.44117689
0.64705902
0.17647059
0.18235295
0.12156863
0.12549020
0.12549020
0.14901961
3.30980420
5.79019594
6.51568556
7.48431349
7.47254992
7.10588217
6.62549067
4.80000067
3.72745132
2.54509830
0.72156876
0.22352941
0.12745099
0.16666667
0.12549020
0.12549020
0.29607844
2.45686293
5.24705887
6.83921671
7.61764717
8.24902058
6.95490217
7.17647028
4.65490246
3.54901934
2.79803920
0.50980395
0.32941177
0.17647059
0.18823530
0.12549020
0.12549020
0.17843138
1.36274529
4.20392227
7.10588312
7.19215584
7.90392256
7.05098009
6.56666660
4.92549086
3.43529510
2.68039250
0.67058849
0.32745099
0.23529412
0.12549020
0.12549020
0.12549020
0.12549020
0.90196091
3.53725481
6.53137159
7.55490208
7.61372614
7.14705944
6.18039274
5.22156906
3.82941198
2.60980392
0.97647077
0.27647060
0.27647060
0.10784314
0.11176471
0.12549020
0.12549020
0.53333336
2.50000024
4.99803925
7.74313784
8.03921509
7.42549086
6.17843056
6.01372576
4.07647038
2.98039246
1.06470609
0.44705883
0.16078432
0.13725491
0.12549020
0.12549020
0.12549020
0.22941177
2.09215713
3.78627467
6.82156801
7.97058916
7.51372528
6.43725491
5.78627443
4.33137274
3.10392213
1.51568663
0.28431374
0.17647059
0.14117648
0.12549020
0.18431373
0.12549020
0.20588236
1.24705887
3.23921609
5.66862774
7.77843094
7.39411831
6.76470566
5.84509897
4.24509907
2.59019661
1.51960838
0.26274511
0.15294118
0.12549020
0.12549020
0.17254902
0.12549020
0.16274510
0.64509809
3.07254958
5.29215717
7.63137197
7.01176548
7.02352953
5.67254877
4.39019585
2.93333364
1.17451000
0.14117648
0.12745099
0.12549020
0.12549020
0.15294118
0.12549020
0.12549020
0.78235304
2.45098066
5.33137321
6.88039255
6.81176424
7.00196028
5.50980425
4.86862755
2.87843156
1.31372559
0.29215688
0.10196079
0.12549020
0.14117648
0.13333334
0.12549020
0.12549020
0.75686282
1.78627455
5.24117708
6.13921595
6.58823490
6.98039150
5.82941151
5.22156858
2.79999971
1.43333375
0.62549043
0.12549020
0.12549020
0.14117648
0.12549020
0.12549020
0.12549020
0.43333334
1.44901991
4.46078444
6.57254982
6.81176472
7.06666756
6.60000038
5.27843094
3.20588303
1.67254949
0.69803941
0.12549020
0.12745099
0.12549020
0.12549020
0.12156863
0.12549020
0.31960785
1.50000024
3.62156868
6.81372547
7.15490246
7.56078434
7.15490246
5.49607944
3.29607868
1.81764734
0.77843165
0.12745099
0.12549020
0.12549020
0.12549020
0.12549020
0.12549020
0.26078433
1.25686276
3.54705954
6.69804049
7.75882244
7.62549114
7.28627443
5.67255020
3.67843151
1.79607880
0.99215722
0.15490197
0.11960784
0.12549020
0.14117648
0.14117648
0.12549020
0.12549020
1.02941179
3.50392222
6.36666679
8.48235321
7.82353020
7.54509878
6.14509773
4.18627453
1.87843132
1.08235312
0.32941177
0.12549020
0.12549020
0.12549020
0.12549020
0.12352941
0.11568628
0.61176473
3.14901972
5.86666679
8.89215755
8.15686321
7.67843199
6.60784245
4.67058897
2.49411774
0.92941195
0.44901961
0.12549020
0.12549020
0.12549020
0.12549020
0.12549020
0.12549020
0.33529413
2.38627481
4.99607897
8.76274490
8.50784302
7.82156801
6.93137264
5.52745199
2.59019685
1.04313755
0.39803922
0.12549020
0.12549020
0.12549020
0.12549020
0.12549020
0.13725491
0.16274510
1.58823550
4.29215670
8.20980358
8.58823490
8.29803944
7.83921528
6.07058859
2.77254939
1.03921592
0.38627452
0.12549020
0.12549020
0.12549020
0.12549020
0.12549020
0.14509805
0.11960784
1.28431404
3.93529415
7.18235350
8.91960812
8.80784225
8.55490303
6.59999943
3.72941184
1.13725519
0.50980395
0.12549020
0.12549020
0.12549020
0.12549020
0.12549020
0.14509805
0.12745099
1.19803929
3.34117675
6.26470566
8.97843266
8.92352962
9.02156830
7.03921556
4.65098047
1.55490196
0.62941200
0.12352941
0.12549020
0.12549020
0.12549020
0.12549020
0.13529412
0.12745099
0.62352943
2.92352962
5.82352972
8.20588207
8.50784302
9.04313755
7.27647114
4.95686340
1.99215734
0.74705905
0.13137256
0.12549020
0.12549020
0.12549020
0.12549020
0.12549020
0.12549020
0.27647060
2.07843161
5.70588160
7.12941265
8.32156849
8.70196152
7.48823643
4.95882368
2.49019623
0.71764725
0.22352941
0.12549020
0.12549020
0.12549020
0.12549020
0.12549020
0.11372549
0.24117647
1.06666684
4.98235321
6.35098076
7.71960831
8.27255058
8.02745056
5.33725500
2.80980396
1.00392187
0.24901961
0.12549020
0.12549020
0.12549020
0.12352941
0.13921569
0.17254902
0.22745098
0.64705890
4.21372604
5.74117661
6.72353029
7.87254906
8.23333454
5.94117594
3.69411778
1.03529429
0.44705883
0.12549020
0.12549020
0.12549020
0.11960784
0.11960784
0.14901961
0.15686275
0.46470588
3.25294161
5.52156878
6.30196095
7.08039284
8.35686398
6.04117680
4.88431358
1.42941213
0.44313726
0.14705883
0.12549020
0.12549020
0.12941177
0.10980392
0.13725491
0.12549020
0.29019609
2.68235302
4.90196228
6.37254953
6.44117689
7.81176472
6.54509878
5.28823566
1.81372559
0.59411782
0.23137255
0.12549020
0.12549020
0.12549020
0.17450981
0.14509805
0.19411765
0.18431373
2.06274509
4.18039227
6.41764688
5.70980406
7.45882416
7.00000048
5.20980406
2.42352962
0.59019613
0.35294119
0.12549020
0.12549020
0.12549020
0.16862746
0.16078432
0.29019609
0.14901961
1.16666675
4.10196066
5.79999971
5.70588207
7.10784292
7.10196066
5.25097990
3.00392199
0.71568632
0.46470588
0.12549020
0.12549020
0.12549020
0.25098041
0.23137255
0.20392157
0.14117648
0.75686282
3.53725505
4.93529463
5.94117689
6.64117718
7.40980434
5.42941236
3.50000072
0.90000021
0.52941179
0.12549020
0.12549020
0.12549020
0.20392157
0.78823543
0.11764706
0.12352941
0.38039216
2.64313769
4.79215765
5.82156849
6.10196161
7.67843151
6.09411764
4.01764774
0.99019635
0.49215686
0.13137256
0.12549020
0.12549020
0.11568628
1.32549036
0.24117647
0.12549020
0.23529412
1.89803910
4.06470585
5.53137159
5.52352953
8.02549076
6.44313717
4.58627462
1.45490253
0.38431373
0.20196079
0.12549020
0.12549020
0.12549020
1.64705896
0.65098077
0.08235294
0.21568628
0.96078455
3.58627534
4.90784216
4.80196142
7.98235369
6.46078396
4.88823557
1.59019625
0.65882379
0.26078433
0.12549020
0.12549020
0.12549020
1.41372561
1.46862781
0.19215687
0.19019608
0.69411772
2.64705920
4.12941217
4.44509745
6.34117556
6.61568689
5.37843180
1.95882404
0.58235317
0.29215688
0.13333334
0.12549020
0.12549020
1.04705894
2.80392194
0.37843138
0.21960784
0.41568628
1.70588255
3.49019623
3.95882344
4.83725548
6.49803972
5.12549019
2.76078439
0.58627456
0.26078433
0.12549020
0.12549020
0.12549020
0.75098044
3.75882363
0.88235325
0.20392157
0.18823530
1.06274521
3.05882359
3.28235340
4.00000000
5.88039160
4.98823547
3.18627453
0.73725510
0.35686275
0.10980392
0.12549020
0.12549020
0.56274509
4.00000048
1.15098071
0.16274510
0.18823530
0.90588242
2.37843156
3.23529410
3.61176515
4.69411802
4.84901953
3.35490251
1.19215715
0.45882353
0.11764706
0.12549020
0.12549020
0.16470589
3.90196180
1.60980415
0.21568628
0.16274510
0.77843148
2.53725505
2.72941184
3.64509797
3.94902039
4.03529406
3.43725514
1.70588267
0.51960790
0.17450981
0.12549020
0.12549020
0.12549020
3.11568666
2.53725481
0.37450981
0.17450981
0.61372548
2.40392184
2.82156873
3.47843122
3.52156878
3.85490274
3.30000019
2.11176491
0.68823540
0.19607843
0.12745099
0.12549020
0.12549020
1.92745137
3.52352953
0.54705882
0.16470589
0.31764707
1.82156897
2.88039255
3.69411755
3.49411821
4.17254925
3.21960807
2.14902020
0.61372566
0.19411765
0.12549020
0.12549020
0.12549020
1.06078434
3.65686274
0.82352954
0.20588236
0.20980392
1.26078463
2.62745118
3.84901977
3.26666689
4.30000019
3.39607859
2.08627462
0.67843169
0.22352941
0.11764706
0.12549020
0.12549020
0.28039217
3.43921590
1.00000024
0.60980403
0.22745098
1.30000007
2.57058859
4.47450972
3.01176476
3.78627443
3.35294151
2.21764779
0.93137288
0.33333334
0.11568628
0.12549020
0.12549020
0.11568628
2.35882354
1.31176496
0.74313754
0.14901961
1.21764719
2.56470609
4.71176529
3.36078477
3.49019623
3.33921528
2.32352948
0.95098054
0.28039217
0.21568628
0.12549020
0.12549020
0.12549020
0.93529415
1.22352958
1.46666706
0.18235295
1.02156878
1.81372559
4.31764746
3.76274514
3.70000029
3.34509873
2.61568666
0.84509832
0.39019608
0.17843138
0.12549020
0.12549020
0.12549020
0.20000000
0.90392172
1.11764741
0.45490196
0.88235313
1.94117653
3.65294099
3.67451024
3.70784307
3.48235297
2.89215732
1.04705906
0.48431373
0.24117647
0.12549020
0.12549020
0.12549020
0.12549020
0.54705882
0.85098058
0.26862746
0.75294125
2.00980425
3.11960816
3.88039255
3.68235326
3.82549024
2.92352939
1.12745154
0.42352942
0.22156863
0.13137256
0.12549020
0.12549020
0.15882353
0.32745099
0.73137295
0.49215686
0.49803922
1.88823545
2.52352953
3.83725548
4.19411755
3.73333287
2.76666713
1.45098066
0.42549020
0.21764706
0.11568628
0.12549020
0.12549020
0.12156863
0.27450982
0.83921587
0.43921569
0.31176472
1.41764724
2.43921614
3.93921590
4.44901991
3.33137345
2.76078439
1.75490201
0.47450981
0.13725491
0.13921569
0.12549020
0.12549020
0.11764706
0.24313726
0.83333349
0.60000038
0.15490197
1.43921578
2.83725452
4.31960773
4.70000029
3.43137264
2.98627472
2.09607863
0.59019619
0.18431373
0.10196079
0.12549020
0.12549020
0.15686275
0.16274510
0.71176475
1.60980415
0.17058824
1.31568635
2.39019608
4.63725471
5.26470518
3.92156887
2.99215722
2.10980392
0.74901980
0.12941177
0.12156863
0.12549020
0.12549020
0.13333334
0.17254902
0.48039216
1.86078441
0.21372549
1.05098045
2.42353010
5.27058840
5.65294170
4.50588274
3.01176524
2.12941194
0.85882372
0.13921569
0.15294118
0.12549020
0.15686275
0.12549020
0.13333334
0.10784314
2.09607863
0.96078461
0.96078432
2.65294170
5.54313755
6.04705906
5.06274509
3.19019675
2.51568627
1.07254922
0.33333334
0.12352941
0.17647059
0.15686275
0.12352941
0.10000000
0.13529412
1.17254901
2.49215698
0.79215693
3.63921571
5.28039122
5.93529463
5.65294170
3.53529406
2.52156854
1.38039219
0.34509805
0.20196079
0.26078433
0.12549020
0.12549020
0.11372549
0.15294118
0.26470590
2.94117689
0.56862748
4.02548981
5.90588284
6.13137388
5.36470604
3.79803967
2.54117680
1.46666718
0.30000001
0.20196079
0.34901962
0.12549020
0.12549020
0.15490197
0.13529412
0.16862746
2.00784326
0.71960819
3.54902005
5.71764612
6.31568623
5.36078501
3.79019618
2.90588236
1.62156892
0.44705883
0.36078432
0.29411766
0.12549020
0.12549020
0.17647059
0.11764706
0.13725491
0.81568635
1.28823566
2.50196099
5.11764765
5.79019642
5.41960859
4.04901981
3.55098057
2.18235302
0.90588266
0.34117648
0.14705883
0.11960784
0.12549020
0.12549020
0.12156863
0.14509805
0.53333342
1.38627481
2.02745128
4.60000086
5.21372557
5.16470575
4.18235350
4.02353001
3.01568651
1.39411795
0.41176471
0.16862746
0.12549020
0.12549020
0.12549020
0.12156863
0.10392157
0.41568628
1.26862788
1.49019623
4.28235292
4.69215727
4.83921528
4.22941208
4.26274586
3.44509816
2.08235312
0.64705908
0.16274510
0.14117648
0.12549020
0.12549020
0.12549020
0.19411765
0.32352942
0.95098048
0.72745103
4.11372614
4.42549038
4.36078453
4.13137293
4.60588264
3.79607844
2.41176486
1.02941227
0.19215687
0.15686275
0.12549020
0.12549020
0.12549020
0.17254902
0.49803922
0.36470589
0.69019628
2.88431406
4.30784321
3.81176496
3.91764712
5.06666708
4.43725538
3.10000062
1.30392194
0.21568628
0.15882353
0.12549020
0.12549020
0.12549020
0.12745099
0.28235295
0.35294119
0.42941177
1.54901969
4.25098038
3.58627486
3.74901962
4.76274538
5.63725567
3.99803948
1.38039243
0.22549020
0.13529412
0.13137256
0.12549020
0.12549020
0.14117648
0.14117648
0.34705883
0.20588236
1.19215691
3.99607825
3.32941222
3.65098095
4.15098047
5.68235254
4.37255001
1.73725522
0.24313726
0.14117648
0.12549020
0.12549020
0.12549020
0.14509805
0.20000000
0.20784314
0.45686275
1.28235328
3.45686293
3.40196109
3.28039217
3.82549071
5.01176405
3.99999976
2.41960812
0.50196081
0.13725491
0.11764706
0.12549020
0.12549020
0.12941177
0.20000000
0.10980392
0.55098039
0.71176481
2.81568623
3.63921571
3.49803996
3.53137302
4.62745142
3.95294166
2.80196071
0.64117652
0.18823530
0.14901961
0.11372549
0.13725491
0.10588235
0.19019608
0.17450981
0.41764706
0.48039216
2.00980401
3.90588260
3.43333316
3.20000005
4.53921556
3.98823571
3.17647076
0.65490204
0.19607843
0.17450981
0.12549020
0.12156863
0.13725491
0.13333334
0.21960784
0.42156863
0.25686276
1.76470613
3.33333349
3.06862712
3.35098028
4.39411783
4.22745085
3.35294151
0.95098072
0.15098040
0.13921569
0.13725491
0.14509805
0.12941177
0.11372549
0.24901961
0.34117648
0.32549021
1.12549019
2.44117689
2.86862755
3.43725538
4.40196133
3.89803982
3.58039165
1.58431411
0.12941177
0.11764706
0.14509805
0.15294118
0.14509805
0.13333334
0.26666668
0.37450981
0.29019609
0.70392162
1.55098057
2.50588250
3.18823576
3.84313726
3.43921590
3.80784345
1.89019608
0.19607843
0.10980392
0.15686275
0.16078432
0.16862746
0.17647059
0.21568628
0.25294119
0.24901961
0.50980395
1.15490198
2.07254934
3.16470575
2.91764736
3.39411736
3.54509878
1.90000045
0.29411766
0.13333334
0.15294118
0.14901961
0.18431373
0.23921569
0.21568628
0.17254902
0.15686275
0.28039217
0.96666676
1.79019642
3.03725529
2.56862831
3.02353001
3.15882349
1.78823543
0.46078432
0.14901961
0.15686275
0.12549020
0.18039216
0.15882353
0.26470590
0.21568628
0.11764706
0.25686276
0.59607846
1.75686300
2.37058878
2.65294123
2.58627439
2.91960835
1.79215729
0.49411765
0.20588236
0.15098040
0.12549020
0.13137256
0.14705883
0.20392157
0.17254902
0.21960784
0.26862746
0.57058823
1.58235300
1.76666713
2.59803915
2.53725553
2.78627515
2.10196090
0.62941200
0.19215687
0.19803922
0.13333334
0.10196079
0.12549020
0.18823530
0.11568628
0.18039216
0.31764707
0.50784314
1.34509838
2.10588241
1.95882380
2.34902000
2.72549033
2.37843108
0.91764730
0.24705882
0.19215687
0.12941177
0.12745099
0.12549020
0.15882353
0.19411765
0.23921569
0.18235295
0.45686275
1.13725531
1.79215705
1.52745140
2.15294170
2.75882387
2.37254953
1.34117675
0.19411765
0.28431374
0.13333334
0.13725491
0.18431373
0.15686275
0.21176471
0.20980392
0.33333334
0.24509804
1.07058847
1.44117665
1.28431392
1.91568673
2.42941189
2.38235283
1.77254939
0.24901961
0.24901961
0.10196079
0.14509805
0.14901961
0.12549020
0.23921569
0.20784314
0.28039217
0.33333334
0.73725504
1.06862783
1.16470611
1.57254910
2.15294170
2.44313765
1.91764700
0.37450981
0.20000000
0.14705883
0.12549020
0.10588235
0.10980392
0.29019609
0.20784314
0.20980392
0.32745099
0.51764709
0.77254927
1.07254934
1.53333366
1.89803946
2.59803939
1.76666701
0.47058824
0.15882353
0.22745098
0.20392157
0.11176471
0.12352941
0.32941177
0.20980392
0.27647060
0.26274511
0.52549028
0.50196081
1.19607854
1.76666689
1.80784345
2.35294104
1.91176522
0.58627462
0.23529412
0.20980392
0.19803922
0.24313726
0.16274510
0.20588236
0.24313726
0.31176472
0.20196079
0.54117650
0.40000001
1.14509833
1.84901989
1.71372569
2.11960793
2.19215727
0.91176492
0.39803922
0.20196079
0.12156863
0.19215687
0.30392158
0.15882353
0.25882354
0.23529412
0.10980392
0.45882353
0.40784314
1.40588248
1.92549050
1.72352982
1.85294151
2.10980415
1.12549043
0.44313726
0.45294118
0.19215687
0.16862746
0.44901961
0.24901961
0.19803922
0.18039216
0.28627452
0.48039216
0.35490197
1.28039229
1.49411798
1.56666708
1.77843177
1.72941208
1.20980430
0.60000008
0.34509805
0.26274511
0.17843138
0.19607843
0.17647059
0.20588236
0.23529412
0.23333333
0.31764707
0.63921589
0.90588248
1.58235335
1.66274536
1.45294142
1.72156870
1.22549069
0.69411778
0.34117648
0.19607843
0.29803923
0.23333333
0.16862746
0.14117648
0.34313726
0.22745098
0.26666668
0.70784324
0.59215695
1.38823545
1.45490229
1.29803944
1.41764724
1.20392179
0.73137277
0.30588236
0.15686275
0.31372550
0.27647060
0.21372549
0.23333333
0.32745099
0.28823531
0.15490197
0.55490202
0.63529420
1.07647073
1.37843168
1.27254939
1.47451019
1.17254925
0.69411778
0.26666668
0.20196079
0.30392158
0.18039216
0.17058824
0.26862746
0.15098040
0.33333334
0.17058824
0.41568628
0.71176481
1.06666684
1.29803944
1.47647107
1.54901993
1.43725538
0.85686302
0.27843139
0.25098041
0.24705882
0.29411766
0.21568628
0.19411765
0.16862746
0.22156863
0.16274510
0.62941182
0.41568628
1.05098069
1.23137283
1.42549062
1.23137283
1.07647073
1.47254932
0.29411766
0.15294118
0.35490197
0.41372550
0.30196080
0.21960784
0.24509804
0.32352942
0.19607843
0.45882353
0.21764706
1.20000029
0.87843150
1.39019644
1.30392182
1.29607880
1.27254927
0.44313726
0.19215687
0.35882354
0.45686275
0.18627451
0.18235295
0.22941177
0.43137255
0.23137255
0.24509804
0.25490198
0.90980405
1.14705920
1.44509816
0.85882372
1.33529425
0.98823547
0.65686297
0.30392158
0.47647059
0.31176472
0.39411765
0.22941177
0.33333334
0.36078432
0.20980392
0.32745099
0.54313737
0.75294125
1.31960809
1.16862762
1.12156892
1.23725522
1.25686312
0.50588238
0.29607844
0.42156863
0.20000000
0.36470589
0.18823530
0.12156863
0.30588236
0.36862746
0.42156863
0.53921568
0.48823529
1.06862760
1.11176491
1.28627467
1.05686283
1.48431385
0.54509813
0.36274511
0.35882354
0.26274511
0.20392157
0.22549020
0.17647059
0.14705883
0.21960784
0.55098051
0.42941177
0.48235294
1.05686295
1.16274524
1.47058833
1.06666696
1.57058847
0.78627479
0.29019609
0.41372550
0.24117647
0.13333334
0.26470590
0.27843139
0.20392157
0.21568628
0.50784314
0.48823529
0.44705883
0.95490217
1.34313774
1.34705913
1.20980418
1.47058845
0.92156887
0.29803923
0.38823530
0.17450981
0.22941177
0.20588236
0.26470590
0.17450981
0.24117647
0.39215687
0.45686275
0.44117647
0.62156868
1.30980408
1.28039241
1.28627455
1.45490229
1.03725505
0.36862746
0.33333334
0.30588236
0.25686276
0.20196079
0.28039217
0.23137255
0.25098041
0.20980392
0.40392157
0.32352942
0.49411765
1.36274529
1.20784342
1.51176512
1.44509840
1.20588243
0.55882359
0.34901962
0.50980395
0.30784315
0.17450981
0.35686275
0.30980393
0.29215688
0.40980393
0.35294119
0.35882354
0.47450981
1.19803941
1.03725505
1.30196095
1.56666696
1.07647073
0.53529418
0.38823530
0.57450986
0.39215687
0.28235295
0.23529412
0.26666668
0.39607844
0.49019608
0.29803923
0.35294119
0.52156866
0.76078445
1.00392175
1.07450986
1.52941215
1.23137271
0.68235320
0.29019609
0.65294135
0.50196081
0.24901961
0.19411765
0.26470590
0.34901962
0.43529412
0.30000001
0.31764707
0.45098040
0.83921587
1.03529441
1.20392179
1.38235319
1.50392199
0.62941200
0.14901961
0.72941184
0.49019608
0.48627451
0.18039216
0.18235295
0.30980393
0.29607844
0.24117647
0.42941177
0.55490196
0.69411772
1.11568642
1.37058842
1.32745123
1.53137279
0.76862758
0.17254902
0.64705890
0.52941179
0.47843137
0.23921569
0.21372549
0.31960785
0.29019609
0.43921569
0.41568628
0.55490202
0.58235306
1.21176505
1.26862752
1.24117672
1.34901989
1.03333366
0.30588236
0.50392157
0.48823529
0.58431387
0.25098041
0.35882354
0.22352941
0.27843139
0.54509807
0.33725491
0.48235294
0.46078432
1.13137281
1.10196102
1.28627467
1.30784321
0.96862763
0.28627452
0.50196081
0.50784314
0.50392157
0.36470589
0.39215687
0.20392157
0.17647059
0.58235300
0.26078433
0.38431373
0.50980401
0.71176487
1.19019628
1.11568654
1.38627481
1.13529432
0.20588236
0.63137263
0.57647061
0.36470589
0.39215687
0.45294118
0.25294119
0.26470590
0.38039216
0.44509804
0.36470589
0.71372569
0.56078434
1.00588262
1.01764739
1.39607871
1.34509850
0.54509813
0.54313737
0.65098047
0.57058829
0.41372550
0.36274511
0.36274511
0.23529412
0.47254902
0.41176471
0.52352947
0.70392185
0.46666667
1.23137295
0.98627478
1.35882378
1.34117651
0.91176516
0.43725491
0.70588249
0.50392157
0.44313726
0.25098041
0.24901961
0.34509805
0.71960801
0.35882354
0.48627451
0.64705890
0.54705882
1.10980392
1.16078448
1.15882385
1.50980413
0.91568643
0.42745098
0.57254910
0.42745098
0.42352942
0.34117648
0.23725490
0.32156864
0.59215695
0.28627452
0.35490197
0.72156864
0.47647059
1.01176488
1.14509821
1.06078458
1.33529449
1.07451010
0.59019625
0.46470588
0.54705888
0.47254902
0.29803923
0.25490198
0.49019608
0.53137255
0.35294119
0.37843138
0.75882363
0.58823538
0.85098052
0.99019629
1.09803939
1.12941194
1.30000031
0.79215717
0.54313725
0.59019619
0.38431373
0.52549022
0.34117648
0.57254910
0.60000014
0.42549020
0.38823530
0.91568661
0.76078451
0.69803929
0.97254908
1.12941206
1.19215691
1.53529429
0.84313744
0.55294132
0.57058829
0.42941177
0.72156882
0.59607869
0.48431373
0.60196090
0.37450981
0.40000001
0.76862758
1.00392187
0.72549027
0.80784339
1.31568646
1.30784345
1.49215722
1.04705906
0.64117664
0.44705883
0.51176471
0.86078453
0.78431398
0.36666667
0.59607852
0.35294119
0.59019619
0.40392157
0.73921573
1.06470609
1.07058847
1.15490210
1.21764719
1.40392184
1.18431413
0.63137263
0.60000002
0.44901961
0.76470613
0.82352960
0.39803922
0.71372557
0.57254910
0.52745098
0.39019608
0.49411765
1.20784342
1.37647080
1.04117656
1.10980403
1.18039238
1.22941208
0.70980400
0.63921577
0.64705896
0.53725493
0.61960787
0.52745104
0.53725493
0.79607850
0.33921570
0.44117647
0.65098047
1.19411778
1.40000021
1.09803951
1.08823562
1.20980418
1.02941167
1.01960802
0.47450981
0.80588251
0.59019619
0.25098041
0.53921568
0.54509813
0.57843143
0.24117647
0.49411765
0.49607843
0.91176492
1.23529434
0.82941198
1.13529420
1.13529432
1.02941191
0.72941202
0.69215703
0.94117671
0.60588241
0.41176471
0.44901961
0.70588249
0.80980402
0.41568628
0.72745115
0.48039216
1.06666684
1.13529432
0.75882369
1.17843175
1.05686307
0.96470612
1.02745116
0.68431395
0.96274525
0.74117661
0.53725499
0.61960793
0.85098052
0.84705895
0.83137274
0.84509808
0.42745098
0.83333355
1.13529444
0.86274523
1.26862764
1.11960804
1.14705908
1.18039238
0.83137286
0.89411777
0.70980412
0.49607843
0.65294117
0.83921593
0.84117675
1.12352955
0.54313731
0.64313734
0.73921585
0.95686293
1.10196114
1.22941208
1.13333356
1.23725510
1.10784340
0.97843158
0.72745103
0.70000017
0.57058835
0.66862756
0.87058836
0.89215702
0.64705890
0.77843148
0.44901961
0.56666678
0.99411786
1.18431401
1.08823562
1.41764724
1.03333330
1.00980413
1.04705894
0.73725510
0.73529446
0.70392162
0.96274525
0.98431391
0.84509826
0.47843137
0.83333349
0.42549020
0.52352941
1.09803951
1.34509850
1.07843149
1.25490224
1.24901986
0.97450995
1.19803941
0.85882366
0.73333353
0.85098058
0.84313732
1.07058871
0.79803938
0.56078440
0.68823540
0.66470611
0.67647076
1.19019628
1.29215729
1.30588269
1.19607866
1.20588267
1.32745111
1.07843161
0.87843150
0.73333359
0.91764730
0.84117663
1.04117668
0.57450998
0.60000026
0.65686285
0.62352961
0.80784321
0.94117665
1.10000014
1.21372581
1.63921607
1.04509807
1.72352946
1.14509833
0.81372559
0.82352972
1.02352965
0.80392182
0.93921590
0.71764708
0.66470611
0.37647060
0.56078446
0.95294130
0.83725500
0.84117651
1.26666701
1.81176507
1.11372566
1.29215705
1.29019654
0.81960803
0.95882362
0.77843148
0.74509811
0.82156873
0.79607856
0.70588243
0.48627451
0.70588243
0.93529427
0.86078453
0.63921577
1.18431389
1.64901960
1.06666708
1.26470602
1.36666715
1.08823538
0.87254930
0.75882357
0.69411772
0.97647077
0.74117655
1.05686295
0.80980426
0.79019618
0.86274523
0.87450993
0.87254930
1.25294149
1.11568642
1.23921597
1.21960807
1.47450984
1.21176493
1.00980413
0.65882361
0.66862762
0.95098072
0.73725516
0.84901977
0.77058846
0.58235300
0.91568661
0.88431382
1.17451000
1.44117677
1.05686307
1.26666701
1.23137271
1.30980408
1.38039243
1.01372576
0.63725495
0.90588254
0.93529427
0.88823557
0.61176479
0.65490216
0.45490196
0.67254931
1.11568642
0.95098066
1.40784347
1.28627479
1.22941220
1.52156913
1.33137286
1.33137286
1.13137281
0.62549025
0.85686290
1.27254939
0.88039231
0.78823543
0.68039244
0.86078441
0.61568642
0.88235313
1.00392199
1.08823562
1.50000000
1.29411769
1.25294137
1.39803946
1.19019616
1.16078460
0.91764718
0.71764714
1.25490212
0.98235315
0.82156873
0.82352966
0.75686288
1.02549052
0.91372579
1.04509830
1.15686285
1.45882380
1.26470613
1.12156892
1.40392196
1.07254934
1.05098069
1.15098071
0.76470608
1.03333366
0.80784333
0.96862763
0.96078449
0.74509817
0.91372573
0.92745113
1.29607868
1.49019635
1.78039241
1.36274540
1.35686290
1.37647069
0.92941195
1.15882385
1.20392191
0.83137286
1.01960802
0.65098053
0.94117671
1.10000026
0.84509838
0.98235315
1.07843161
1.12156880
1.35098076
1.49607861
1.36666691
1.41960824
1.36666691
1.02745116
1.43529427
1.14705896
0.83333343
0.80392164
0.68823540
1.04705894
1.03137267
0.99019629
1.28823555
0.94901991
1.14901996
1.18039227
1.45490229
1.32941186
1.51176488
1.29019618
1.17254925
1.37450993
1.22549045
1.06274521
0.80784333
0.70784330
0.88431388
1.14117682
1.02156878
1.11372554
1.56470621
1.06078458
1.01372564
1.75294149
1.71764731
1.34901977
1.37647080
1.44705904
1.48823547
1.40196121
0.89411795
0.84509826
0.68627459
1.08235323
0.96274519
1.18235326
1.03137267
1.15294147
1.13921607
1.42941213
1.64313745
1.65098059
1.31568658
1.46078467
1.68627489
1.45686293
1.63529420
1.03333366
0.98039234
1.19215715
1.08431399
1.08039236
1.14117706
1.20784342
0.79607856
1.50980413
1.36274564
1.50196123
1.83921576
1.55686295
1.37451017
1.48627484
1.35882366
1.88627481
1.29803956
0.95882374
1.24117672
1.06470609
1.02156878
1.38431394
1.00000024
1.28039253
1.06078446
1.30980408
1.42941165
1.36666679
1.80588281
1.39019644
1.28823555
1.34902000
1.80000031
1.48627484
0.92352980
1.06666696
0.93529439
1.19607854
0.85490209
1.12745118
1.23725510
0.75490201
1.33921599
1.20000029
1.35294139
1.65490234
1.50392163
1.31960821
1.29411781
1.49215722
1.54509842
1.09411800
1.15882385
0.90588254
1.20196080
1.08235312
1.19215703
1.30784345
1.20784354
1.36666703
1.02941203
1.53137279
1.80000043
1.63725519
1.49803948
1.48823559
1.30392182
1.25098038
0.96862769
0.88235307
0.82156879
1.18823552
1.44313753
1.23725498
0.95882374
1.35882378
1.70392179
0.99607861
1.90588248
1.63725519
1.64313757
1.70784342
1.56078446
1.39215708
1.00588250
0.98823535
0.86470598
0.72352964
1.19019639
1.42549050
1.25882375
1.20392179
1.34117675
1.61176491
1.33137274
1.95294154
1.35098088
1.27843130
1.77254951
1.77843153
1.34509814
1.46078444
1.11372566
0.98431396
1.20196140
1.16470587
1.44705927
1.28235316
1.19215715
1.15490234
1.61372578
1.45882380
1.58235312
1.58431423
1.30000031
1.79019630
1.76862776
1.44313729
1.74313748
1.17058849
1.23921597
1.33529437
1.24117672
1.31960809
1.49607873
1.11372578
1.02745128
1.79019606
1.45294142
1.57451010
1.37451005
1.72941184
1.60000026
1.42352974
1.83921611
1.54313755
1.29019654
1.60980439
1.38039231
1.05294144
1.42745113
1.45686293
1.57451022
1.36862767
1.60000014
1.55686295
1.62549043
1.42941201
1.51372588
1.64313769
1.13529432
1.60588264
1.81764746
1.29411781
1.70784354
1.74705923
0.96078461
1.65686321
1.48431385
1.56470633
1.78823555
1.75294137
1.05882370
1.89019632
1.50784361
1.42352974
1.54313755
1.27647090
1.19019616
2.04509854
1.42745125
1.30392170
1.85294127
1.38627481
1.70000029
1.49215722
1.50980413
1.55098057
1.83333385
1.28627479
1.49019647
1.74705923
1.41372573
1.65098059
1.61568666
1.11568654
1.94313788
1.58627510
1.12941194
1.82549036
1.32352960
1.79019642
1.48039222
1.25490248
1.50000024
1.59803963
1.33529425
1.31764746
1.81960833
1.77058876
1.84705901
1.81372559
1.49803948
1.61176479
1.54509819
1.25098073
1.98235321
1.34509826
1.55686283
1.62549055
1.15882385
1.32549047
1.40980422
1.28039241
1.50588262
1.85294139
1.56862772
1.98627460
1.93333364
1.73921573
1.48627496
1.43529451
1.26078463
1.80000031
1.36274517
1.28431392
1.45490241
0.98431402
1.48823547
1.34902000
1.53137267
1.27254939
1.74901974
1.54117680
1.77254939
1.90000045
1.78235316
1.42156911
1.59019637
1.38823569
1.51568651
1.34117639
1.20784342
1.37058842
1.20980406
1.60980427
1.15686309
1.82549036
1.28823543
1.66666710
1.52156878
1.82941175
1.70784366
1.60000050
1.69803953
1.49215698
1.48235333
1.54705906
1.51372588
1.28823555
1.26274526
1.14901972
1.53725517
1.25098062
1.83725512
1.26666689
1.59607899
1.65490222
1.72745132
1.74901974
1.46078455
1.77254915
1.51764727
1.50784349
1.66470623
1.80980408
1.43725502
1.38039207
1.10588253
1.44117665
1.22549069
1.69019663
1.25294137
1.44313753
1.75882411
1.65294147
1.79803967
1.55294144
1.59019649
1.54313767
1.74313736
1.64117682
1.52352965
1.60784352
1.50588262
1.03333366
1.31372559
1.71960843
1.49607837
1.17450988
1.41764748
1.67647088
1.71568656
1.60196114
1.44509840
1.52352965
1.58431387
1.58235335
1.57647085
1.49803936
1.58431399
1.57843161
1.11568654
1.26666677
1.75882411
1.76862764
1.15686285
1.54901993
1.48627460
1.65294170
1.36078465
1.40392172
1.43529427
1.69607890
1.47058856
1.60196114
1.61176491
1.44117653
1.60392201
1.49019635
1.50196123
1.49411798
1.77254939
1.43137288
1.52941203
1.38627470
1.38039231
1.50980413
1.48627460
1.68039238
1.62941217
1.59803951
1.54902005
1.59215724
1.76862788
1.34705901
1.54117668
1.70196092
1.54509842
1.59411776
1.69411802
1.46862781
1.27058852
1.41764748
1.70784330
1.43725514
1.87647080
1.75490212
1.74117661
1.32549036
1.76862776
1.80784345
1.33921587
1.49411798
1.51960802
1.49411786
1.37843168
1.78039217
1.47058856
1.44509816
1.34313750
1.76274538
1.42156887
1.88235331
1.50980413
1.77058840
1.55686307
1.65294147
1.64509821
1.35490203
1.27254927
1.52549052
1.76470625
1.26666689
1.29019630
1.61960804
1.70980406
1.48627472
1.66078448
1.51568651
1.64901972
1.63921618
1.71372545
1.76666665
1.71372592
1.53921592
1.52353001
1.28823531
1.48823559
1.89803958
1.52941203
1.42156887
1.93529463
1.65294123
1.51568651
1.76274514
1.42745113
1.55686307
1.70588243
1.91568649
1.64509809
1.71764731
1.77647066
1.74117672
1.45098078
1.54509830
1.59411776
1.67254913
1.89019656
1.85490215
1.85098076
1.62745094
1.74117661
1.43137264
1.49607873
1.52352977
1.87647104
1.85294151
1.67647088
1.86470616
1.88235319
1.70196092
1.50000024
1.45686305
1.88431382
1.69411814
1.89215720
1.72352993
1.78431404
1.58431423
1.76470590
1.60392201
1.38235331
1.74313772
2.12156892
1.89607882
2.05882382
1.78627467
1.68039238
1.42352974
1.90784335
1.82745111
1.55098081
1.75294137
1.56862783
1.71176493
1.63333356
2.04902005
1.70000017
1.41372573
1.74705887
2.13921595
2.07647061
2.06274533
1.83529437
1.61372590
1.31372583
1.99803913
1.75686324
1.84509802
1.33725512
1.71372557
1.50000024
1.80392170
2.32549047
1.59803951
1.75490236
1.73137295
1.95686305
1.88823557
1.91372585
1.68627465
1.62352979
1.51372564
1.70588243
1.75882399
1.99019635
1.38039255
1.60784340
1.47254944
1.83921587
2.32745123
1.95882380
1.83921599
1.41568661
1.84117663
1.64705896
2.00784326
1.57254922
1.56470609
1.68823540
1.58431387
1.46274543
2.02941227
1.18235326
1.59803951
1.22549021
2.07647085
2.36274552
2.37647104
1.79019630
1.39607871
1.95686305
1.75098073
1.48039234
1.74313760
1.79607892
1.80000007
1.52353001
1.67058849
1.62352967
1.41568649
1.45490229
1.65098083
1.95686305
2.28823590
2.40588236
1.95882380
1.46078444
1.77647102
1.67647076
1.78627491
1.63529444
2.01372552
1.86274564
1.51764727
1.80392170
1.54901993
1.48039246
1.61176515
2.10196137
1.54901981
2.02353001
2.27254915
1.95294166
1.42941201
1.77254915
1.48235309
1.76862764
1.70392203
1.88823557
1.94117677
1.55686283
1.85686290
1.62156880
1.42156887
1.85490215
1.76666689
1.59803963
1.47058845
2.05098057
1.86666715
1.41960835
1.59411800
1.41960812
1.60784328
1.99607873
1.97451007
1.88039219
1.70980442
1.65490210
1.68431401
1.51764739
1.64117682
1.75686324
1.70196104
1.32352972
1.81372571
1.80980420
1.64313769
1.34117687
1.58627462
1.77058852
2.00000048
2.26274538
1.85882366
1.67254901
1.69803965
1.56470609
1.52549016
1.99803936
1.79411781
1.69019628
1.52941203
1.72549057
1.85098052
1.59215736
1.70784342
1.78823555
1.78039253
1.80588269
2.26078439
2.11960816
1.75882399
1.76274538
1.52745116
1.52941203
1.85882390
2.09019637
1.45098066
1.70196116
1.45882392
2.21176481
1.40588260
1.99411809
1.82941198
1.54509842
1.89215720
2.14901996
2.05098081
1.67647076
1.82352972
1.71372592
1.74117672
1.55686283
1.88431394
1.72156882
1.93921602
1.42745137
2.29019594
1.48039246
1.88823569
1.85294151
1.37451005
1.85490227
1.70588279
1.70392168
1.53725517
1.88823569
1.44117677
1.55098057
1.77647078
1.34901989
1.28235316
1.49411798
1.65098071
1.89019656
1.61568666
1.49019647
2.09607911
1.56470609
1.44117677
1.81960833
1.70392203
1.48235309
1.84117687
1.49411798
1.42941177
1.77058840
1.37450969
0.97254926
