20.31372833
23.41372299
22.99411964
21.58627510
23.77255249
22.87059021
17.90588379
18.92941093
22.03529167
22.04902267
22.40588188
20.84509659
19.23921776
21.45098686
23.64901924
25.70195389
22.39608383
19.91960716
24.11960983
22.39215851
21.07058716
23.11765099
22.86863136
17.86078644
17.36862564
20.67059135
21.48627281
22.04900932
21.16078758
18.71176338
18.80000114
22.63725662
24.30784035
22.50196075
17.94313622
24.25098610
21.97058868
21.71372223
21.20392036
22.78627014
19.83333397
16.47254753
19.66862869
20.54313660
21.36862755
21.68823624
19.13725662
17.34901810
20.40588188
22.79803848
21.80784225
20.68627548
19.68039322
22.75293350
22.28431892
20.38039780
22.40588379
21.25686264
17.12156868
18.79412079
19.38039017
19.88627625
20.35294533
20.08235550
17.99019814
17.92940903
20.80196571
22.55686569
18.90392685
17.94901657
25.02549362
21.81568909
21.66666794
21.24117661
23.30587769
18.52941132
19.95685959
18.38039398
19.70196533
19.90000153
19.27646828
19.17058754
16.79804230
18.08627701
20.82549095
18.91372490
17.96666908
25.09019470
23.37450981
25.48823547
22.54705811
24.92549515
21.58235550
19.38235474
20.12941360
20.27842903
19.21176910
19.74706078
19.73333359
17.40980148
16.64901733
19.23725510
19.06470299
17.80000305
22.16863251
23.26470184
27.45686531
28.22745132
24.49803734
25.10588837
21.59019470
21.30588341
21.09607506
20.50196266
19.51568985
19.26470757
19.85098267
15.32156944
17.73725700
19.13529587
17.56470490
20.00980377
23.95686722
25.58627510
29.43725586
26.31764221
27.38039017
24.76470947
23.15098953
23.32941818
20.21372604
20.52745247
20.28823471
19.96863174
16.89019585
16.54117775
18.82353210
18.78039551
18.50195885
21.17647552
22.33137131
27.82353020
28.25687027
25.83725548
26.23332977
25.97842979
26.54313660
21.29216194
21.44509888
23.11568832
19.33137321
20.08823967
16.58431435
18.37843132
19.62156868
20.10980606
14.23529530
19.52941322
24.22941208
25.97254181
22.34902191
22.86273956
26.38235283
28.74117851
25.24706078
22.16470909
24.79607964
23.24510193
19.78235245
19.65686798
17.94705772
19.59608269
21.01764679
13.79411507
19.06470871
18.11960793
21.93529510
18.41764450
15.80784225
23.44705963
27.96274567
29.24313927
23.26862335
26.72352600
25.29019737
21.46862984
22.43921852
18.07255363
19.36078072
20.57843018
19.46862411
16.80000114
17.78431129
19.96470642
17.96274567
13.18235207
17.07843208
23.86862755
29.58039284
27.54314613
29.90980530
25.93725204
24.38431168
23.98627472
19.46470261
17.66470528
21.13333321
21.62352943
16.84902000
17.48431587
18.14705849
19.75098038
15.02745056
13.23921585
20.41568565
25.93921852
27.90980148
29.14313889
27.98235321
25.05489731
26.82549286
22.54705620
17.60784531
20.98039246
22.23725510
18.66666412
15.50392342
16.45098114
20.44902039
16.97255135
13.83921528
16.41960526
21.28823471
22.68431854
26.92549133
25.38823318
23.95490074
29.29999733
23.74313164
20.22549438
19.35686302
24.34706116
20.99607468
14.78627586
15.40980434
19.43725395
18.97058868
15.01765060
13.29215717
19.28039551
16.55098343
20.18823242
23.13920975
17.23333168
25.82744789
27.24118042
22.87058449
18.25098038
25.78039169
21.29607391
16.77647400
14.92549133
17.27058983
19.94313622
16.34313393
14.43333340
16.56274605
16.65098000
14.98627472
20.59999847
14.35882378
18.06862831
23.82549286
24.19215393
19.79804039
24.47451019
20.42156410
18.05098343
14.95294380
16.38039398
19.28627586
18.45490456
14.76666737
14.58431339
17.62352753
13.69411755
17.96470642
15.45882320
13.64509964
16.87647057
22.05882454
21.12352943
21.52549553
19.85686111
17.24313927
15.69216061
15.25686264
17.81764793
19.63529778
14.20588493
15.72548866
16.38039207
14.60000229
15.35098171
15.17843151
13.50980663
13.88431358
17.70588303
17.56470108
18.69607735
21.46470642
16.78431320
15.33137512
15.21372414
17.33921623
17.45490265
16.32745171
17.59607887
14.52353191
14.88039207
13.69411850
14.42549038
13.16470528
12.43137360
14.97451210
14.84706020
16.74901772
21.21176147
15.95686150
14.41176701
15.03529263
16.78039169
16.86470985
17.10196114
15.04313278
17.23137283
14.52156639
13.33725739
14.40196228
13.25490379
12.33137321
13.37059116
13.50391960
14.03137112
22.67255020
14.34509850
13.03333282
14.51960850
15.84902096
17.99607849
16.52157021
15.15490532
17.38627434
14.40392303
14.03725624
13.32745171
13.78431320
12.34705925
12.12744999
13.22156811
12.22352791
22.80980873
14.71764755
12.34509754
13.96470261
14.56666756
17.80588150
17.07059097
14.44509888
16.16078568
14.74902153
16.46274567
14.78627682
14.26470470
13.05098057
12.96078300
13.20784569
12.95098305
21.42548943
16.89803505
12.27843094
13.27450943
14.82353020
17.63725662
16.66666985
14.60392475
14.91176414
15.50392246
15.84902096
18.93529510
13.75882244
15.18431187
14.23921680
14.21960831
12.97058868
20.76667023
20.72744942
12.40784264
12.38431549
14.91372490
16.32156754
16.59803772
15.50588417
13.52745152
14.89803982
15.44902134
19.49215508
15.88235569
14.58235359
16.04117584
17.42745018
14.07058907
22.16470528
24.42548561
12.06470490
12.25882244
14.51176453
15.61960983
17.44117928
14.41176605
13.12744904
14.07059002
14.43529320
17.17058754
17.72353172
14.93333435
15.97843170
18.30980492
16.82941055
24.24510193
26.32549095
11.99019814
12.39804173
13.88823700
15.61961079
18.00392532
14.21372700
13.58627319
13.82156754
14.01764584
14.70588303
15.94901943
15.93725300
16.24705887
17.23725510
19.26078606
25.13921738
25.83333397
13.58039093
12.94117641
12.93137169
16.24902153
17.10000229
15.91372395
13.86470604
13.56274509
13.57450867
14.58235168
14.40588093
15.41764832
15.48235416
17.43137550
21.32352829
23.10195923
24.44509888
16.49215508
12.40980244
13.43921566
15.51372719
16.46078300
16.99411964
13.78431511
14.87842941
13.53725433
16.41568565
13.15489960
15.39607716
16.87647247
15.57058620
19.67058754
23.87059402
22.27058792
19.51568604
11.59215450
14.50195980
13.38823795
16.38627434
17.88823318
14.54706001
15.08431244
14.10980129
16.40588188
12.86470509
14.64705849
18.24902153
14.80784321
17.42353058
22.20784760
21.93137360
18.19803619
10.67255020
14.38627434
13.37255287
16.47058868
17.61765099
15.98627377
14.54509735
15.83333111
15.25490379
15.82549095
12.60784340
17.93529129
14.92548943
15.71960640
19.70195961
20.15882301
15.14901829
11.33137226
12.61568737
14.22156620
14.47058582
16.38431168
18.29215622
14.37058830
17.78823662
14.60588264
18.10980415
12.84901905
17.81764603
15.17255020
13.04313660
18.35686493
20.66274834
13.16666698
11.56862831
10.58627415
13.86274529
13.64117622
16.46666908
18.24901962
15.17646885
18.37647247
14.40000248
19.98627663
15.00588417
15.53529549
17.54706192
12.04313469
15.81568623
20.64510345
13.81568623
11.81960964
10.88627434
13.37451267
11.78235626
16.68823814
17.65490723
16.71176529
17.30392265
15.60196018
18.64902115
17.36470413
13.00980377
20.05882835
12.96274281
16.52548981
18.25490379
15.51960754
12.38235188
11.44509697
12.94705963
12.58627415
15.69804096
16.48823738
17.04706001
15.89607620
17.52548790
14.36274815
18.43528938
16.30392075
19.32157135
14.00588226
15.78823566
19.63333511
16.50588226
12.14313507
12.29607677
11.58431530
13.42352676
13.63921642
16.31372643
17.49411964
15.60588264
19.59804153
14.45686150
18.62745094
14.50588226
16.01568794
16.40784264
16.35097885
22.27059174
17.26666451
12.16274357
11.90392208
11.26666451
12.98627377
11.97843170
17.77255058
17.88627434
16.21176147
19.31568336
14.75097847
16.17450905
16.67450714
15.33137321
17.01176453
14.93137264
24.20588493
19.56274796
12.48627281
11.73921490
12.22745037
12.14705944
12.37058830
16.76274490
22.38039398
17.84706116
17.50784111
16.60000038
14.98627281
21.24509811
15.28627777
16.35882378
13.96274376
24.69607544
22.44117928
13.50392151
11.84510040
13.00195980
11.15882301
13.53529453
13.50392151
23.59607697
21.87646866
16.90000153
21.26470757
14.92941189
20.82353210
19.34510040
16.92549133
13.59019661
22.18823624
23.26275063
15.31372738
12.45686245
12.22353172
12.17843151
13.03137398
13.98431301
21.06862640
24.49999809
18.47646904
21.71176910
21.12745285
16.91372871
25.22941017
16.46470642
14.94901752
19.31568909
19.93921661
16.73137474
13.46274567
12.20784187
12.47058773
11.82744980
14.79804039
17.14509964
24.09608078
21.33137512
19.38823509
25.08431625
20.38430977
21.56862831
21.30000496
16.68039322
16.83921623
18.52941513
14.95490456
13.46470547
13.05686188
12.80784416
10.74901962
13.63333416
14.63137150
22.19411850
22.69607925
18.51764679
23.71764755
21.88039207
23.00588799
27.51372910
15.90392113
15.56666851
19.47059059
13.83137131
13.07058907
13.32745266
12.43333435
11.47058868
12.48431396
13.68823814
18.98235321
24.82941437
18.97254944
18.84705734
22.30392265
28.70588684
26.33137321
19.79019737
16.76274490
18.85098267
15.15686226
13.18039322
13.50588226
12.15097904
11.55490112
11.78039074
14.22549057
14.69803810
23.72353172
21.05882263
17.43333626
19.03333664
24.47647095
24.15686035
24.89019585
17.51568604
19.87450600
16.16470337
13.45490265
13.91765213
12.76666546
11.91372490
10.67451096
14.38039017
13.14313889
19.22156906
23.64313889
17.90588188
15.85686398
18.89804077
26.78039169
21.85882568
18.54117584
21.30979919
16.86470413
13.78431320
13.85098171
12.71764851
12.09608173
10.96078396
12.37450886
14.06078243
15.73137283
21.97255135
18.38823318
14.43725395
17.42353058
22.70392418
17.03725624
18.73333168
21.63922119
17.76078415
14.04117870
13.68823528
12.71372795
12.20196056
12.05686378
11.07647133
14.51960754
12.27647018
17.74510193
21.06274414
16.09019470
16.33529663
16.61176491
14.56862926
18.29608154
21.08823776
16.65882492
14.76862621
14.09019661
12.64902115
12.59804058
12.23529339
11.23725510
13.73333454
12.69215870
15.79804230
20.32156754
17.54117203
14.93529510
15.35490227
14.47647095
14.77058697
18.99215508
17.58039474
14.47843075
13.81764698
13.33333206
12.20980358
12.05098057
11.70195961
12.65882301
13.44117641
14.90588188
17.88235283
19.78823662
14.76666737
16.06078529
14.82156944
11.30588245
16.64706039
18.46666718
14.56862926
13.24901772
13.48431110
12.86274433
11.86666679
11.87647152
11.60588360
13.86078644
13.38627243
17.31176567
18.65882683
17.77843285
16.38235474
14.51764774
12.10196304
14.46274662
17.84706116
13.99608040
14.19411755
14.15294361
12.97843170
12.75686169
12.01372623
11.79215622
13.33529377
13.41568756
16.66274452
19.07058716
18.39215851
16.30980301
15.95098209
13.78823662
12.41960907
17.68235207
14.16862774
13.87450695
14.71568584
13.27842903
13.67646790
12.23529243
12.48235416
12.24117661
13.71372414
14.70980453
19.04117966
18.59019470
18.32744980
16.23725510
15.11372757
11.89607716
15.84313583
15.12353039
13.65882206
14.61568832
13.80588245
14.04313755
12.46274471
12.08039474
11.72941303
14.41764545
13.41372776
18.01568794
20.25882721
18.55098152
15.29803848
15.62353134
13.44902229
13.79803944
15.57058907
14.13333321
13.94117546
14.53137112
12.77451134
14.92156982
11.88823605
12.02941227
14.49411774
12.92352962
18.45686340
20.41568947
16.54901886
17.50000381
15.67255020
15.11176300
13.14313698
15.16470623
14.55686283
13.71765041
15.67843437
13.36274624
14.50784111
12.17451000
13.30784512
13.18039322
13.51372623
17.26666641
21.65686798
18.35882759
17.11372757
16.41960716
15.56078339
13.14117432
14.70784378
14.30000019
13.98235321
15.35490322
14.33922005
15.10392094
12.01764870
13.16274834
12.31960678
14.61764812
14.42941189
23.70196152
20.02157211
16.18431282
15.92941475
15.59019661
13.58627605
14.11764526
14.31960487
14.42156792
14.72745323
15.24509716
14.11960888
13.76862907
12.68431377
12.04705811
14.48039055
13.48039436
17.89608002
24.78627777
14.77059174
16.27255058
16.20196533
15.11568928
12.97843361
14.83333111
14.71176815
13.97647285
15.28039169
13.78627491
14.87059021
13.07451153
12.54313946
12.47647190
13.62941265
15.38823509
23.70784378
15.50980282
15.87647057
16.50196266
15.84902382
13.75294209
14.53333473
15.00784397
13.17647076
14.94902039
14.53529167
13.91176414
13.69608021
13.11568451
12.01568699
14.36862850
13.65294075
18.02548981
19.26274681
15.42157173
15.70588207
16.23529434
14.48235321
14.09215832
14.72548866
14.09999943
14.28039169
15.47843170
13.50588131
13.88431454
13.29803944
12.12745190
13.81960869
13.59804058
14.79215908
19.93333435
14.87647057
14.82352924
16.87255287
14.96470737
12.73333454
14.61764908
14.72156811
13.93921566
14.80588436
14.26862812
13.83529186
12.81176662
11.93921757
12.90392303
14.25098038
14.24509811
19.46274567
15.24313354
14.80588245
15.81372929
16.33333397
13.38823414
13.63137245
15.35098171
13.31176567
14.96666527
14.94117546
13.52744961
12.87843037
11.90196133
11.71568584
14.42156887
14.40980244
17.56863022
17.53529549
14.95881939
15.27647209
16.82157135
14.55098248
13.86666870
14.30000210
13.67647076
15.26078320
14.66078472
13.66274548
13.31372547
13.01764774
10.88627625
13.43137455
13.37450790
15.28235245
20.63137054
14.38235188
14.82744980
16.66862679
15.54901981
13.12353039
15.55882263
14.16862774
14.85098076
14.83921528
14.11568546
13.90784168
13.37255096
12.12941360
12.16470528
13.65686512
14.16274738
20.88627625
15.36666298
14.95882225
16.10588074
16.55294418
13.36470318
16.98823357
14.08823299
14.51764679
15.73333263
15.17647266
13.50784302
14.16862869
12.94706059
11.54705715
14.75490284
15.11764812
16.80784416
19.83921623
15.12549114
15.02157021
16.89607620
14.71568680
14.75490189
16.51568794
14.20980263
15.68235302
15.89999962
13.05686378
14.60196114
13.07647133
11.37450886
14.24313927
15.26862907
16.03333473
22.93333244
14.73137474
14.68431473
16.56470680
16.22156906
13.10195732
17.71764946
13.64705849
14.95098114
16.72941208
13.49607849
14.64902020
12.72157001
12.58627510
12.96470642
16.23137665
15.74901962
20.97059059
16.55490112
14.83529568
15.75294113
16.79999924
13.01764584
16.18431664
14.14117718
14.20588493
16.83137321
15.24313736
14.25294209
13.58039474
12.61960793
12.06862736
17.23333359
16.22941208
16.82549286
19.73136711
15.09411621
15.20195961
17.01568794
14.16274261
12.65098190
16.32549286
13.83333683
16.59411621
15.96470833
14.31176281
14.48627472
12.70784092
12.36666679
17.35490227
15.40196037
16.49411964
20.65294075
14.48039341
15.58627510
17.52156639
15.10784435
12.76666737
14.67646885
14.91764736
15.39411736
16.69215775
14.79803753
14.46666527
13.52548790
12.23725414
16.20000267
15.26863003
14.32352734
19.95686150
14.99804115
15.38039398
17.95490265
16.40391922
13.38039017
13.02941227
15.93725395
14.36470604
17.32157135
15.80784416
14.23921680
14.10196114
12.91960716
14.44313717
15.67255020
14.22353077
16.35294151
18.06862640
15.26274395
17.70980453
17.31568527
14.93529606
13.08039379
14.94313717
13.94510078
16.48431396
17.15097809
14.71176434
14.42745304
13.81764889
15.33529472
14.58235359
15.41764736
14.87843227
20.07646942
14.71960831
16.65490150
18.33333397
17.07843208
12.89019775
14.06274605
15.53137684
15.82548904
17.23921585
15.07647324
14.17451191
13.83529282
13.90980530
16.42156792
16.99803734
14.23137283
20.31176567
14.83725834
15.92549133
18.13725471
19.32352829
13.77843094
12.88823700
15.54117584
15.94117832
17.08431053
16.02549171
13.75489998
13.65490246
14.12549114
15.85294056
17.14706039
14.15882492
16.67843246
16.10980797
16.40392494
17.56078911
18.31764603
17.47842979
13.00784206
15.10392380
15.21372890
17.41961098
16.47255135
15.06666470
13.98039341
14.03921604
15.36078548
15.13333321
15.52156830
15.25098133
15.84902382
15.82156944
16.61960793
18.49804306
18.80392265
13.59803867
14.04117870
14.67451191
16.45490265
17.31764984
16.49607658
14.25098133
14.90588093
12.59607887
13.93332958
16.41764832
16.35686493
16.73137283
14.22549057
16.40000343
18.45882607
17.51960754
15.75490189
13.86666775
14.86862564
15.86274338
17.01176453
17.15490150
15.11764622
14.56078339
13.99215889
13.59215736
15.17843342
17.43333435
18.03137398
14.53137302
15.90392303
16.66470528
17.95098305
16.32549095
13.83333206
15.12549210
15.22941017
16.84705925
16.94705963
15.14706039
14.90587902
14.33921242
13.53725624
14.63725567
19.60980606
17.77451134
16.37646866
15.76666832
16.34117889
17.66863251
16.31568718
14.56862831
14.72941113
15.38235474
15.95098114
16.92549324
16.63529778
14.64117622
14.71960831
13.03333378
14.49411774
18.13137436
20.23137856
17.46470642
15.23725700
16.83529472
17.31764603
17.09803963
13.99999905
14.24117661
16.45293999
15.65686607
16.35882378
17.64902115
15.20784378
15.07647038
13.35098171
14.90980244
15.54510117
23.04314232
17.14509773
15.29216003
16.28039169
18.07647514
18.42156601
14.70392036
14.56666565
15.78627586
15.15294266
16.29411697
17.83529282
15.81372833
15.12940979
13.94117737
14.58235359
15.58627510
23.16274643
18.01176262
15.78235340
15.88823509
17.27647209
19.03725624
17.00980377
14.32156754
14.57647133
14.57058811
15.49804020
17.55686378
16.40784454
15.08235359
14.39019585
12.33921814
17.75882339
19.71372604
20.70588493
16.83921432
14.98627663
16.68627739
18.82941055
18.31960487
14.38235569
14.08627510
14.94509506
15.29804516
17.39019394
16.11960793
14.34509945
14.85882282
13.07058811
15.91176510
17.14705849
23.56862831
16.69608116
14.76862621
16.01372719
17.75294113
19.58431435
15.21764660
13.62744904
14.97451019
15.26274776
16.88823700
16.39215851
14.50587940
15.33725166
13.70980167
13.72157001
17.49804115
23.37843323
16.05882454
15.31960583
15.75098228
16.89216232
19.39608002
16.66470909
14.11568737
14.34509945
14.84705925
15.35882187
17.53333664
16.27058601
14.77254868
14.33725643
12.64313602
17.49411774
21.96274567
15.60392189
16.37255096
15.21176624
16.90588188
18.09607887
19.03333282
14.29215622
14.13137245
14.28823185
15.04705715
16.61568642
17.19215584
15.67647362
14.63137054
13.47058773
14.17059040
20.43333435
18.70783997
16.39215660
15.22941303
16.80588722
17.87647247
20.37451172
16.67451096
14.31960678
14.58235264
15.07843208
16.22156906
17.32941055
16.77058601
14.96470356
14.20784569
13.64117622
16.51568604
21.74117279
15.54117775
16.04901695
16.23137283
17.08823776
19.60392189
19.99020004
14.46862793
13.48627377
14.84118080
15.47451019
16.63725281
17.97646904
15.33725834
14.78627396
13.83725548
16.51568794
24.12352943
15.08235264
16.16470528
15.48627758
16.23529434
18.51960754
20.76470757
15.20784187
14.01960945
14.22352695
15.45294189
16.77843475
18.40000153
15.80196476
15.44117832
13.67255116
14.63921738
24.51176834
15.24902153
16.80588341
15.06078625
16.47842979
17.16666794
19.13137817
17.06078911
14.16470528
15.17255116
15.61372375
16.84313583
18.51372528
17.43725395
15.32745361
13.77255058
14.13137341
19.02941513
18.92941284
17.41372681
15.88627434
16.29019737
16.94901657
18.85098457
17.58823586
14.71568394
14.38235474
15.46078873
16.25686646
17.30195999
18.65686035
14.88823605
14.25293922
13.17843246
16.49607849
22.82941055
16.84117699
16.62744904
16.34705925
16.62745094
18.14509964
19.42745209
15.38235378
13.72157097
15.36666679
15.50980282
17.68627548
17.51176643
15.93333244
15.08039284
12.98823547
14.23333359
25.29411697
16.72941208
16.15882492
15.44313812
17.05685997
17.26274681
19.82745552
16.56078339
14.21960735
14.47255039
15.77058983
16.70588112
17.42352867
15.92745209
15.82549286
13.75686359
13.25686264
23.51372147
17.54902267
17.16274643
14.95293999
16.41960716
17.34313774
19.47843170
17.75097847
14.64117432
14.32549381
14.85098076
16.57647514
17.36666870
17.25098038
15.40588570
14.40588379
12.78431511
20.20196342
20.14510155
17.09803963
15.37058926
15.85294342
17.83725739
18.61764908
18.62940788
15.50784206
14.68431187
14.42156887
15.84509850
17.41765022
17.38039398
15.59215736
14.51176739
13.23333359
17.96470642
22.30195999
16.28039360
15.78431606
15.75294113
17.18823814
17.98431587
19.36078644
17.24902153
14.52744961
15.26666451
15.80980492
16.45293808
16.92156792
16.51176262
15.29411983
13.51372528
15.23725414
23.37255096
14.56274319
16.20000076
16.05686378
15.98823357
18.13921356
18.75490761
18.00392151
15.17843246
16.05098152
15.65098190
16.29215813
17.54510117
17.26274490
15.26666451
14.47843266
12.45882225
24.87843132
16.02745056
15.71176624
15.64706230
15.21960545
17.64313889
18.55098152
18.28235435
15.94706154
15.82353020
15.49215889
16.03137207
18.06470490
18.24706078
15.35686111
14.99608040
13.35882187
20.96470642
18.69019890
14.61764908
16.94509888
15.00588131
16.76274490
18.24510002
19.17059135
17.13137245
14.78627586
16.22156906
15.99411869
16.92156982
18.14706039
17.55098152
15.17058563
13.79412079
16.43333435
21.63529205
15.26666546
15.99607658
15.09999847
16.60784340
18.38823700
18.98235321
17.64313507
15.50588226
16.39215660
15.39215660
16.10000038
17.93333626
18.57255173
15.74902058
14.49019909
13.19019508
21.44705963
17.50000000
14.28235531
16.00588036
16.53137207
18.13529587
18.42745399
17.78235245
16.28823662
16.83333206
14.76666832
16.00196266
17.33921814
18.72941208
15.53137112
14.95294094
14.11176491
18.95098305
18.03921890
13.63725662
16.41372681
15.73137379
17.71568871
17.77647018
19.15490723
17.13137245
15.49215889
17.41176414
16.11176872
16.37255096
18.05882645
16.93725586
14.80588150
15.13921642
16.68431473
18.28431702
13.40784454
15.47058964
16.62745094
17.54706001
17.82353020
18.59804153
18.09412003
14.88235474
19.68430901
15.83137321
16.10392189
17.52745056
17.11764908
14.81176567
16.30392265
14.61372566
18.53529358
14.12549019
15.13333321
16.48627663
18.31960869
17.99411774
18.64509773
17.98627281
15.90000439
19.99411774
15.20980644
15.79412079
17.20588112
17.82745171
15.03725624
15.15490246
14.57058811
18.74313927
15.57451248
15.05294037
16.09999847
16.02157021
20.11176682
18.35294151
19.10392189
17.08431625
17.08235550
17.55686569
16.00196266
16.47451210
17.96470642
15.85490131
15.28627586
14.66274738
18.68627357
16.24705887
14.67059040
15.46862793
16.64705849
19.72352791
17.74705696
19.03529549
18.08431625
15.47255135
20.04117203
15.54902172
16.27843094
18.45490074
16.97255135
14.60391998
15.43137169
18.16470718
16.73333359
13.86078262
14.43725586
16.80000114
18.80980492
18.60195923
18.40196419
18.36666489
16.83725357
21.62745285
14.64313793
16.21960831
17.60000420
17.66274452
14.93921471
15.83725929
15.93333435
16.63137436
14.52352810
14.33921337
15.50196075
16.04706001
19.53922081
17.79215622
18.99019623
17.99411964
19.54901886
16.96274567
16.46666527
16.45686340
18.25097847
16.72745323
14.55882263
14.63333035
17.19215775
13.60196114
14.53137207
14.40980434
15.86078453
18.42353630
17.21764374
18.88235664
18.23137474
17.20392227
20.67647171
16.04705429
16.45294189
17.78627396
18.58039093
14.56666565
14.50980473
17.84901810
13.25098324
14.15686035
14.39999771
15.54509735
17.10784149
18.07058525
18.53137207
19.05882263
17.34313583
22.46666718
15.71764565
16.54117775
17.66862679
18.52941322
15.85293961
14.62940979
15.02353191
16.53333282
13.64117527
14.66862965
15.00000095
16.39607620
18.88627434
17.96470642
19.08627701
19.28235245
19.67254829
18.69411850
16.25293922
16.53921700
18.34902000
17.57254982
14.16470718
14.16274452
17.81764793
13.43529510
14.82941628
14.79215527
15.92941189
18.23725319
17.57843018
19.06078720
20.33137512
19.14117432
19.70588684
15.36666584
16.06862640
17.17254639
18.56470490
14.07843304
15.22157097
18.17843246
13.50000095
15.23529434
15.00784016
16.39607811
16.69019699
17.59215736
18.30000305
19.49019814
21.40588379
19.04117775
15.50588512
15.49215698
16.47843170
17.93921661
15.38235378
15.19607830
16.06078529
15.74117565
16.05686188
15.38823414
15.46274567
16.22156715
17.68039322
17.83333397
18.77647209
21.28235245
18.00784683
17.38627434
15.92745209
16.31372070
17.60391998
16.77254868
13.62744904
14.06274509
19.42745018
15.73333549
16.06274796
14.68627453
16.06274605
17.42352867
17.38235283
18.58823586
20.57451057
18.74118042
17.89804268
15.94509888
15.76862907
17.53333282
18.12941360
13.13137245
14.60784531
20.33921432
13.58627510
19.25098419
14.89019680
15.42941189
17.10196114
16.82548904
18.45294380
19.04902077
19.89411736
19.41960907
15.63333607
15.79607868
16.66274452
18.26666451
15.28823471
14.41176414
20.49411774
14.94902039
20.25294495
14.12549210
15.83529282
16.52744865
17.17058563
17.92352867
19.16470718
20.92745018
20.74901772
17.63137817
15.67058945
16.42941093
18.35686111
16.54705620
13.36274433
17.33137131
19.09019279
19.05882454
16.07646942
16.61764526
15.54117584
17.49215317
17.14509583
19.24706459
20.31764603
23.11961174
19.11764717
15.13137341
15.67843342
18.38039207
17.27451515
14.09411621
14.26470470
23.24117661
16.00980377
19.44705963
15.04313564
16.15490532
16.43921852
16.97843170
18.90980530
19.83529663
23.69607925
21.16666412
16.78627586
15.35097885
17.05490303
17.21764565
17.53529167
13.98039341
22.92548943
14.41568947
20.24509239
13.47059059
17.99608040
15.87255096
17.55882454
17.89608192
20.91960335
22.55294418
24.91764450
18.40588570
15.51372623
16.21176910
17.94509888
20.33529854
13.97451019
19.11960793
16.41372490
19.13725662
14.87254906
18.49019814
15.78823662
16.70980263
17.56470680
20.07843018
22.46862411
26.24902534
20.57646942
16.72352982
15.90196037
18.26470757
18.52941322
15.98038960
14.64117813
20.58235550
17.00196266
17.90980339
13.98627281
18.54901886
16.24705887
17.57255173
18.15686226
21.13136864
26.93529701
20.87058640
19.50391960
16.08039284
17.05490303
17.84313965
17.45686340
12.81960678
22.83529282
15.52157116
19.20784760
11.69607830
20.14313316
15.56274509
16.99215889
17.50784683
19.61960983
26.64313698
25.53332901
18.84509659
15.80000114
15.69019699
17.97646713
18.00000191
12.12352943
23.97646904
15.40196133
19.57646942
13.08431244
19.50392151
15.49803925
16.11764717
17.57254982
18.53921890
24.49411583
28.14706802
20.44509888
17.06863022
15.31372738
18.17843056
18.17647171
13.39019680
22.35686493
17.27058792
18.52353096
16.22745132
11.74117756
21.86274529
15.93725491
16.92549324
17.99804115
22.46470833
28.15882492
22.07059097
20.55097961
14.65490150
17.21176720
17.63725471
16.18235207
18.39804077
22.76274872
16.51176643
20.05097771
11.59411621
22.77647018
15.46078587
16.43529510
18.01372910
20.33333206
26.67646980
23.42745018
20.14313507
16.60195732
14.59019852
17.53921509
17.18431854
14.97255039
26.72549438
14.59999847
21.60588074
16.67255020
17.58431244
20.52548599
16.44509125
16.88431549
18.92745209
24.59607887
21.34117508
19.15293884
22.83333588
14.40588284
16.82353020
18.34706116
13.90000153
27.15098190
14.88627434
21.48431396
21.02156639
15.90980434
24.79411507
16.97647095
16.59607697
18.10588074
23.12352371
21.05293846
20.30784225
24.40980530
15.88235569
15.80588150
19.15882683
15.63137150
23.98235321
17.53921509
18.92352867
22.99215508
21.08235168
21.96273994
19.94313431
16.07254982
17.50980949
21.31176567
22.26470566
19.23921585
21.57450867
24.60588074
15.34705925
20.09607887
16.07646942
20.46667099
22.53137207
16.08823395
22.81765556
21.31176376
21.21960449
24.07843018
17.03725624
15.93725586
19.45490265
21.63921547
19.02352905
20.50000191
29.54118538
18.29215813
17.48235321
18.92156792
17.05097961
26.18235779
17.14509773
21.82549286
22.00392342
20.16666794
24.41176224
19.39215851
17.05686378
17.44706154
21.82744980
19.29804230
20.56078339
26.62745285
27.92156792
16.56666946
19.93333435
14.42156887
26.69215775
19.51176453
20.33529663
23.34116936
20.88431740
20.05686569
22.91176605
17.71176529
18.25294304
21.46078300
20.40784454
19.52157211
23.54313660
31.10196304
25.68235207
19.31960869
15.08823586
25.85490227
20.69215775
18.71764565
23.81764793
20.83725739
18.48431015
22.98431396
21.00195885
18.15294266
20.69607925
19.61372566
22.09412193
22.28823662
28.60980606
31.28431320
24.65882492
17.35686302
24.00980568
21.00196457
18.41176796
22.77843094
21.65098572
18.45098114
20.29411697
23.86666679
18.65686417
18.81176758
21.15686035
22.22745705
21.38235664
25.54117393
30.23137474
31.38039398
20.52548981
24.61764908
22.43333435
20.36274529
19.21764946
22.30980682
18.96470451
19.80196381
23.72156906
21.17647171
18.57843399
21.12745094
21.59803772
20.45490646
24.49608421
24.98431396
30.79215813
28.44901657
26.84117889
25.52353287
23.24901962
16.27647209
22.08235931
20.81568909
18.36666679
22.66666985
23.66863060
21.60588264
21.14509392
20.47451019
20.61372757
23.00980759
24.16078568
27.02157211
31.92941284
31.99215698
28.36078644
22.30784225
16.50980377
21.37646866
21.91372681
16.98823738
21.70391655
23.56470680
25.85686302
24.65294075
21.85098267
22.17451477
21.65098190
24.50588226
23.02353096
31.04117775
31.89019775
31.24313927
20.40588379
20.40784264
19.06078720
21.74117661
15.49215889
20.09803963
21.12352943
28.00784302
29.42940903
27.60000610
22.68038940
22.84117508
21.36862755
23.35490799
26.26274681
31.96470642
31.98039246
22.28235435
23.25882721
16.90196228
21.02745056
16.35490227
16.50980568
21.13725471
26.37254906
30.69804382
29.97058487
25.37647247
22.05490303
20.51176453
23.28235435
21.80980492
30.94510078
31.94509888
24.25685692
24.81764603
15.71568680
21.64117241
17.53333473
12.42745209
18.70588303
23.26274109
31.62549591
30.30784225
26.59412003
23.37450981
18.94509888
22.70196533
19.45882225
26.41176224
30.12353134
28.00196266
22.38235474
18.34313965
20.94902039
18.48039627
11.58039284
16.85490227
20.06078529
28.36078644
30.96667480
27.32549286
22.27843475
20.30588150
18.70980263
21.78823853
23.61764526
26.62745285
29.72353363
21.55098152
21.24313927
17.18039131
19.55882835
13.50588131
11.23725510
19.51960564
24.25490379
31.95294189
28.37843323
22.24705887
20.58627319
16.29411888
22.69804192
20.02156639
26.85686302
27.85097885
24.00000000
22.09999847
15.53725433
20.96667099
15.25882339
8.56274414
17.66078568
21.39607620
29.88235474
31.14313889
23.63137627
20.30784416
16.05686188
18.13137054
23.25881767
26.81568146
27.03725815
26.00980186
22.53921509
16.44313812
22.40196037
17.48627472
10.08823776
14.23333549
18.96274567
24.65882492
30.39020157
24.14705849
19.36470795
18.23333168
15.20588303
24.54117775
25.02157021
28.08235550
27.58627319
22.47254944
17.94313812
22.35293961
17.95882034
13.48039341
8.86862659
18.38235474
20.76470757
26.51568985
23.91568375
20.74118233
18.02941322
14.66470623
21.30980682
25.10980988
28.60000038
25.68235207
23.54902267
18.89803886
20.78627968
20.39412308
16.22156906
9.69411755
15.84706020
18.21568489
23.38627243
25.55097771
21.26078796
16.87451172
16.28627396
16.62156868
26.43333435
26.22940826
25.03921127
23.58039093
19.57647133
19.69215584
22.54705811
17.84509659
12.75490284
13.82941055
17.94117737
19.25097847
25.07450676
21.79411697
17.96274567
16.85686684
17.35686111
23.69803619
24.76274490
25.92353249
21.52745056
21.09019089
18.84313393
25.27255440
17.69999886
15.82353020
11.35097885
17.09412003
17.29215813
23.20392609
23.19215775
20.53529167
17.59215927
19.76666832
20.31372452
26.75686264
24.61961365
20.17647552
22.59999847
18.64706039
25.37451172
20.79608345
17.84117699
11.68627357
14.65098095
16.78823471
20.43725395
24.74705887
22.31372070
18.26274872
18.52352905
22.92157173
24.37058830
23.12157440
20.47843170
22.79215622
20.02352905
23.79999733
22.96275139
17.57450867
15.04117489
12.70392227
16.18235397
16.67647171
25.50784302
22.46470642
21.21176147
17.80392075
24.54705429
21.86666679
23.15490532
21.40980721
21.01372528
21.33725739
23.30196190
26.03137779
16.71372604
18.24706078
11.69411850
14.09999943
16.45098114
23.63333321
22.72352600
22.70588303
18.70392227
21.78235054
24.09411621
23.49804115
21.16274452
20.93725586
22.63921356
23.10195923
27.86078262
18.99803925
17.86862755
14.34509945
13.25686359
16.12353134
19.14313698
25.50588036
22.92352867
19.72353172
20.39804077
27.41568565
22.49804306
19.33136749
21.35882378
24.10392189
24.58431625
27.40588760
22.85293579
16.43137360
17.79019737
12.38039303
15.70000172
16.35686493
27.29804039
20.14902306
22.81176376
20.77058601
26.27647400
25.77842712
19.66274452
20.18627167
23.66274452
26.16862488
27.23333359
25.69019890
17.29412079
17.06274605
13.10588169
13.93529224
17.28431320
23.56862640
21.74117088
24.09411812
20.86274529
22.59803772
28.80588150
23.70979881
18.91764832
23.25097656
25.82941437
26.54902267
27.40784645
19.47058678
16.07451248
14.69608116
13.68039417
16.51176453
18.69999886
25.97647476
22.29019356
21.47647285
21.45490265
30.12549019
26.55097961
20.27842903
23.08627129
26.73332977
27.20981026
26.98039627
22.64706612
16.21568680
16.30784416
14.04705715
14.17255020
17.43333244
26.38431358
21.49215317
22.27058983
21.64117813
26.78430939
30.57451248
22.85098267
21.93529510
30.25294304
28.38627052
27.52744675
25.50980377
17.23725319
15.97843361
14.43529320
15.10196209
16.16666603
22.74705696
23.21176338
23.29215622
21.88431740
24.10980225
30.87647629
27.96666336
22.30980301
30.50980759
29.90196037
27.04706001
27.34117699
20.44902039
16.21764755
15.59411812
15.19411850
16.06274605
18.85293961
25.65294456
23.65883064
21.80980682
23.39411736
28.92549133
31.18431473
27.24901962
29.52941513
31.23725891
26.50784111
28.33333206
22.67450333
18.17843246
16.62157059
13.60784340
16.39019775
17.29804039
24.92352867
26.16471100
21.63333321
23.76667023
25.05686188
31.73137474
30.85490799
30.21372795
30.58039474
27.69411659
28.31372452
25.69019890
19.50784492
17.80980492
13.04902077
17.38823509
18.52548981
24.79412079
25.30980301
23.49019051
22.57254982
22.12941360
30.23726082
31.92549133
31.89804077
30.08627319
28.09608078
27.52549362
28.22941589
21.43333435
18.41176414
14.94902229
15.85882473
19.44901848
23.97646713
22.51960945
25.63725662
21.85686302
23.65882683
25.24509430
31.72941208
31.86666870
30.49019051
25.86667252
27.38431358
29.12744904
22.29215813
17.95097923
16.58823395
12.46078491
18.42549133
22.05882454
22.62549782
25.15882492
21.97451210
24.08235168
21.90000153
30.39019775
31.95882416
31.42941284
24.40980339
27.22745705
28.54509926
22.17254829
18.42352867
17.24510002
11.70392227
16.22352982
20.44902229
22.19019318
24.89215660
22.43725967
22.79803848
22.16470337
25.86274338
31.12157059
31.42353058
23.81960297
26.66666603
27.66862297
26.04705811
17.86470795
16.14902115
13.05294228
12.96862888
19.54117775
22.53921509
23.41176224
23.66078377
20.75882339
23.96471024
22.52940750
27.57058907
32.00000000
24.30588722
23.39019775
26.87647438
28.73333168
19.11568642
15.24705982
13.95098209
12.20196056
15.45293999
21.79215813
24.72744942
25.68823624
19.73725319
22.49019432
21.43922043
24.40392685
30.32941437
26.16666412
20.11176491
26.48823357
28.52549362
19.95294189
17.33137512
14.86862755
12.49804020
12.86862659
19.45098114
23.88038826
28.67058945
20.33137131
20.43137360
22.27647400
22.26666260
25.19607735
27.34313965
19.72745132
24.08823395
24.67646599
23.59411621
20.11764145
17.02156830
11.64117718
13.42745113
15.07843304
24.13137054
28.35882378
22.42941666
20.74510193
23.49019814
19.25882530
23.39019394
25.49019623
21.19215775
22.74117470
22.12745285
25.59803772
22.69411659
21.18431282
14.18431282
13.19019604
12.84705925
21.31176186
27.29412079
25.58430862
20.63333702
25.43137169
19.44117546
21.63725281
23.28627396
22.97058678
24.37843323
22.55686378
24.01764679
23.49411774
24.28235435
18.10196114
13.41372776
13.11372566
16.90587997
26.56666183
27.17059135
21.82549667
23.83137321
20.84117889
20.16078186
22.50588417
25.40195847
27.75686646
22.75686264
22.17254829
22.37451172
26.22744560
21.15294266
13.36862659
14.02157021
16.29804420
24.13922119
27.39215851
23.02548981
22.54117584
21.87255287
18.74313736
23.42942047
26.58431816
26.86470795
25.10980034
23.66470718
21.68627930
24.51372528
24.33333397
14.76862812
15.56274509
15.70980453
19.50980568
25.86274338
23.89411926
23.10980225
22.14313698
17.79999924
23.91176987
26.85293579
25.03137016
27.77843666
24.58431244
24.40587807
23.26666451
26.26275063
18.06862831
14.83333588
14.81568527
17.60000420
23.04117584
24.86274910
23.26275063
22.40784264
16.80196381
22.82548904
25.73333740
25.30588150
30.25490189
23.99804306
27.29020119
21.72353172
26.81764984
19.72745323
14.41568565
13.19804192
19.31176376
20.69411659
25.18431091
23.46471024
22.29803658
17.77647018
20.29607582
24.60391808
25.69607544
29.92549133
25.27450943
26.13137817
22.52548981
24.92745209
21.94705391
14.76862717
14.40784168
19.24117661
19.59411812
24.64902115
23.89215660
22.52352715
19.50588417
18.20392227
23.95097733
25.18823433
28.33333397
27.31372070
25.45687103
23.59412003
24.29019928
23.35294342
16.00196075
14.62548923
16.53529739
20.78235435
21.70784378
25.81960678
22.04314041
19.62745094
19.70392227
22.56275177
21.97450829
28.17646599
30.09411812
23.70980453
25.09608078
24.05490112
24.42745209
17.75882530
15.23333359
14.98627472
20.25489998
20.67450714
27.01372147
21.30980682
21.70392609
19.67646980
20.86470795
21.25882721
26.57255173
30.24509811
23.38627625
25.07451248
23.57254791
25.41176796
20.94902420
16.71568871
15.60392284
19.07059097
20.36862373
24.58235359
22.99215698
22.30980492
19.89019585
18.86274719
22.25686646
23.90980530
28.39215660
24.44705963
25.73726082
23.54705811
25.49607849
23.10392380
17.80784416
17.70588493
18.00391960
20.35882187
21.53529739
26.16274643
21.08235550
20.30784416
18.40980530
22.32941055
22.00000191
27.88627052
25.34902000
23.31176376
22.82745171
25.66078568
25.54509926
19.63529587
18.43725395
16.38823700
21.91372871
18.36862755
27.00588799
20.25293732
21.54706001
17.87646866
20.22353363
22.37647438
27.57646561
26.52156830
19.57255173
25.11176872
23.91960716
28.17843246
21.62157059
18.82549286
16.43529510
20.49019623
19.22548676
24.59216118
21.14314079
22.32744980
18.99607658
17.85294533
22.60196304
25.94706154
28.15294647
19.51372719
25.11960411
22.97255135
29.12745285
24.49411583
18.13137817
17.38823700
19.04706001
21.31764603
19.55882454
26.26470566
20.66274261
18.35882187
17.78627396
21.57646942
25.02549171
28.19608307
22.82156944
23.73332977
25.84901810
28.57450867
24.62156868
17.08431625
18.64117813
16.82156944
23.32744789
15.95098209
26.57451057
20.17058754
18.88431358
17.50000000
20.06078720
25.56666946
27.06078529
25.55294037
22.32548904
28.73725510
26.61961174
25.30980301
15.91568851
16.20195961
15.83529282
22.66078186
17.79412079
21.36470604
21.89411736
19.90391731
16.88431549
18.18235016
23.91372871
25.59608078
27.48431015
23.65882874
28.79216194
27.72941589
26.35882759
16.49803925
12.26862812
14.79607964
18.62352943
21.89019394
17.19019699
23.45685959
18.96862984
15.01960945
18.73137283
18.63137436
26.78627014
27.51176262
24.60588264
29.09608078
29.39803886
28.18824005
16.53725624
10.64117813
13.84509659
15.57450962
22.58235168
17.14706039
21.18235588
19.38039398
16.64509773
16.40000153
16.58039093
24.57254982
29.20196152
23.83725166
30.13922310
29.78824234
28.01372528
17.86470795
11.66274357
12.36274529
13.32549000
20.91176605
19.20784378
18.86078644
20.11960602
17.69411469
14.30195999
15.90784264
20.90784454
27.79607773
28.32157135
28.02548981
29.60588074
24.88235283
20.65882683
12.63921452
9.93529415
14.64313793
17.13333511
20.63725471
19.18627357
21.23137283
18.01176643
15.15882301
15.37254906
17.64902115
25.39607239
31.21960831
26.53333282
30.31961250
21.27058601
22.14118004
13.29803944
10.21764755
13.86274624
12.87647152
20.32744980
20.10980415
21.88431168
18.13333130
17.01568985
13.92352676
17.29804230
23.62352753
29.28431511
28.89999962
31.91960907
22.90195847
21.29999924
14.37058830
10.29607964
12.96470547
9.59411812
18.66078377
20.75098419
22.56078529
21.29999924
16.37647247
16.02157402
16.43333435
22.48235130
27.60588264
30.90195847
31.91372681
28.32549095
19.30195999
15.05294228
11.17058945
10.68039417
11.49999905
14.59803867
19.63529396
20.20196152
24.34705544
18.30195999
17.05098152
14.98039246
22.86862946
25.51568985
30.79019928
31.76666641
30.12353516
17.89803696
16.92353249
12.33725643
10.18235207
12.55686188
10.20588303
18.35882568
19.06274605
22.61568451
22.64705467
17.73921776
15.28039265
20.10196304
24.10000420
30.86666870
30.76666832
29.42548943
20.01961517
17.11764526
13.74117374
10.26666737
11.62549019
8.49411774
16.86666679
20.19999886
19.88235283
25.38627434
19.58627701
16.82353020
16.92941475
24.13725090
28.54706192
31.18431473
30.25490570
21.73725700
16.74117661
14.22156811
10.55882645
10.92745018
10.65882397
14.00196171
19.62352943
19.04705620
23.14117432
22.69019890
18.46470261
15.55294228
23.72156906
26.68235588
31.59412193
30.98627663
23.42548561
17.34706116
14.58823490
11.97254753
10.05490208
13.26274681
11.36666965
17.37254715
20.28039360
20.20784378
24.37647057
21.59411621
15.62549114
19.92941284
26.85686111
31.93529510
30.88627434
25.15293884
16.40588379
16.60391998
13.14509583
10.22941303
13.04902172
13.40784168
16.45490265
18.79607773
19.46470451
24.33921051
26.02548790
18.69804001
17.63725471
27.41175842
30.29216003
30.96666718
25.30784416
18.17451286
17.88431358
12.83725548
10.94509792
9.66862774
16.46666718
17.80980492
19.40196228
20.10392380
20.79019737
26.61765099
22.92548561
16.91176414
25.52549171
29.02745056
28.18627167
26.35882187
19.97254944
19.77843094
12.93725586
11.72548866
8.91176605
16.75686455
17.93725395
18.87059021
19.80784607
18.75686646
24.88039017
21.79803658
20.44313812
22.44706154
28.55293655
26.07646751
24.86470795
21.52744865
21.83921814
14.83333588
12.17647076
9.55882454
15.23333454
16.51764679
18.85882187
19.57254410
19.96862602
22.56666946
20.66667175
20.88627243
20.46666718
27.87842751
26.23921967
22.29607773
21.92745018
23.47451401
18.07647133
12.25098133
9.84313869
11.79607964
15.36274624
18.89411545
21.03137016
20.02156639
21.40980148
19.71764755
18.54706192
20.15686226
25.07647133
25.85294151
23.03137207
19.72941589
23.58627701
22.03529549
11.58235359
10.02745247
10.36470699
16.52352715
15.64705753
21.91372681
19.50784683
22.85097885
19.83529472
15.55294132
20.80980492
21.99411774
25.22156906
22.69019699
18.60588074
23.31960678
24.33136749
12.50588322
10.57843113
9.72353077
16.54313850
12.36862755
21.95686340
22.39999771
21.93137360
21.53529739
17.83333206
18.62940979
19.60784340
22.87451172
20.58235550
20.48235321
20.78235435
25.20392036
14.97647285
11.50784492
9.21764851
15.36666775
12.71372795
17.86666870
24.98039627
21.49608040
24.21176529
19.11960793
18.56274605
18.56078339
17.90196228
18.38039207
21.88627625
17.08823586
25.11568260
17.82744789
12.11764717
9.06078625
14.01568508
14.11372566
11.80784321
25.14313889
23.92745209
24.40392303
15.84313679
24.81764603
17.90000343
14.25490189
17.23921585
19.26666641
17.97254753
21.57646751
20.43725395
11.69215584
11.26078415
10.91372681
16.32548904
7.74117661
22.00195885
24.86470795
23.98431587
16.62549210
21.75686073
17.86274719
14.42156982
14.34901810
16.48627281
19.60196304
17.03333282
21.80784416
11.32941246
12.50784397
9.88235283
15.70392227
8.62941265
15.44313812
24.54313660
22.92156982
17.99411774
13.92353058
20.66666985
14.01960945
12.50784016
15.77647114
18.79019547
15.72156811
18.17058754
13.86470604
12.22352695
10.74313831
14.12156963
9.75686550
9.46666718
23.81372643
22.65882301
17.88039398
12.24902153
18.26666641
13.36078548
12.49804115
14.25293922
18.07647324
16.43333435
16.78823662
14.04509735
12.04313850
11.54510021
11.40784359
11.74313545
7.48431492
20.09999466
23.13529778
17.06078339
13.46666718
14.57058811
11.98039436
12.99019432
12.96666718
17.61568642
17.32353210
14.70392227
15.36470604
11.32549095
12.00588512
10.60196209
13.00000191
7.47843218
14.41568756
22.15882874
17.68627739
14.07450962
11.40588188
12.53529644
13.22352982
12.42156982
16.08235359
17.57058716
14.39019489
14.26666737
12.21372414
11.51568985
11.08627415
12.90980434
8.14509964
9.30392170
19.66470909
19.21961212
14.33137321
11.92156696
11.10588455
10.82156754
14.08235359
13.71764851
18.89215660
14.36078453
13.34705925
12.21764755
11.83921719
11.41568661
12.24313831
11.02941322
6.61372519
16.88235474
20.04313660
14.95293999
13.05490303
10.50000191
10.34510040
14.30588245
13.17058945
17.63137245
15.07843208
13.69999790
12.23529243
11.71568584
11.98431587
10.31372547
14.88627720
6.33725500
12.83137131
18.86078262
16.45098305
14.27254868
10.56863022
10.50392151
12.32941246
14.54509926
14.89411926
17.70000076
14.25686169
13.27450943
12.06666660
11.73725700
10.59804153
15.04901981
7.86666632
7.98627472
16.36470604
18.34902382
13.68039322
12.82353115
10.47254944
11.05098152
14.58823586
12.85294151
20.57450867
14.07647133
13.73333454
12.55686092
11.81568527
11.43921757
13.01764774
11.20784378
7.06666565
12.71764660
16.92352676
14.93137264
14.51176643
10.59411621
11.16470528
13.82156849
13.23921776
18.90587997
16.46470642
13.85882473
12.71764851
11.58235359
12.42549133
11.68039227
14.77647114
6.43529463
9.89608002
13.73725510
16.63529396
14.50588226
12.69019699
11.74313736
13.23921585
12.56274223
14.46274662
20.24510002
13.96078587
13.49411964
12.41764736
11.36274624
11.16470718
17.38039398
6.55294180
7.47647047
12.41176414
15.84117794
14.30588150
12.99607849
11.55294132
15.24509621
11.07451057
12.53725529
19.82941246
15.66862869
14.87843418
12.87842941
12.08039093
10.40784454
15.25882339
9.62941265
6.82549047
11.44705772
12.95882702
15.09411812
13.92941284
10.92548943
16.11176491
12.83333302
11.19019508
15.97058868
18.59411812
15.55490589
13.77843285
12.55686188
11.35882092
13.30196095
13.78627396
6.52941275
8.95294189
11.61372375
15.99804115
14.02352715
11.74902058
16.51960945
14.41764545
10.06666756
14.29804039
18.50196075
15.40392494
14.67646980
13.03921509
12.15490246
12.54509735
17.87451172
6.64901876
6.74509764
11.79019833
14.85294151
13.97058964
13.17451096
13.07450867
16.38431358
11.96862888
11.63333130
18.08431435
16.35882568
14.85882187
13.46862984
12.12548828
11.85490227
19.95294571
8.22941208
6.05686235
10.10392189
11.58627510
15.84902000
14.01372719
10.63137245
16.63921547
16.29019547
10.69607735
15.75490284
17.16666794
14.70195770
13.88627338
11.96470642
11.97646904
17.90392685
12.02941036
5.99411774
7.75098038
11.23529243
14.61176395
14.06862640
11.53137207
14.18823528
18.50195885
14.60784340
12.08039284
17.61568642
15.55490208
15.11960411
12.94901943
10.79019451
15.84313869
15.36078262
7.09607792
5.05098057
12.00588226
12.26862812
15.60784340
12.80000114
11.01176548
16.72156906
21.37254715
10.75686169
15.34902000
17.09019852
15.74901962
13.88627338
11.43333340
12.71372604
18.41960907
8.39607906
4.96470594
10.07450867
11.46274567
16.10392189
13.61176300
10.87058926
13.11764812
23.33333397
13.22941113
11.22549057
18.19019699
16.76078606
13.80000401
12.59607983
11.71764660
17.72941017
9.16862774
6.45882368
7.86666679
12.57647324
14.44313717
14.58823490
11.38431358
11.28627396
19.42156792
18.44706154
10.68823624
14.39019585
17.96666908
15.90980434
13.72156906
11.86862755
16.07254982
10.23529243
7.96862841
5.56274462
13.31960583
12.12352943
16.78235435
13.02941036
11.13529396
16.06862640
20.79411697
13.07059097
11.51372623
18.15882492
16.74705887
14.09019947
12.18235302
14.73529434
12.00784206
8.94117641
5.64902020
10.75294113
12.09215641
15.99019909
13.21568489
13.37254906
14.16862774
16.92352867
18.79803658
10.93529510
15.39803982
18.56862831
14.33529472
12.71176434
11.89608002
13.88823795
9.05294132
6.77058792
7.15294170
13.60196018
14.42745113
13.75294018
14.64117908
11.21568871
17.75686646
19.26667023
13.15294075
12.74705982
18.50392342
15.31176472
13.69999981
11.19215870
14.20195961
9.70784378
8.04706001
5.76274490
12.71960831
11.68235302
16.86470413
13.60784149
11.75294399
17.80196190
13.50784397
17.16470909
14.06470680
16.99804115
16.27450943
14.12744999
12.71176434
12.59019756
10.96078682
8.76274681
6.05294180
11.39215946
13.05882454
16.85098076
12.08431530
13.47058773
16.66470528
11.09804058
16.06470490
15.88823509
13.78235245
18.47058868
14.10195923
14.42352867
12.14901829
11.84901905
9.36862755
7.35882282
10.36666870
13.20980358
14.71372509
15.97647095
13.34509850
15.89999866
12.77451229
11.97647095
17.30392456
12.95686531
18.31960869
14.41960621
14.48627472
12.54313374
14.19803810
9.53725624
8.27843094
10.50588226
12.13137341
13.44901943
19.51764679
11.90784359
15.18627453
17.23136902
9.74117565
15.20196247
14.04117966
15.37647152
16.82353210
14.14509773
12.82941055
15.34706211
10.63529491
8.86666870
7.70784378
14.61764717
13.63529587
17.92549133
13.28039360
14.82353020
19.99804306
10.76470757
12.17255116
14.38627529
12.43137264
18.91960907
14.07450962
13.36862850
13.88431454
12.32745266
9.29804039
8.05882359
14.09411812
12.79999924
13.96666718
19.70588303
12.66862583
21.12549019
12.74509907
10.40588093
12.99215889
12.98039246
16.94902039
15.64705658
14.00196171
11.94902134
13.56274700
9.87450981
9.18039227
13.96666718
12.49803829
15.31764603
21.62549019
11.80392265
19.12156677
16.17647171
10.30784225
11.11960697
13.21176434
13.34117794
18.86666679
14.05293941
12.93921566
13.92353058
11.84705830
9.23333359
12.03921604
14.96862698
16.59215736
16.68235397
21.59411812
17.73921585
19.49607277
10.78235435
10.44706059
11.69804192
13.09019566
18.42548943
14.34509754
13.33333397
14.55882359
14.03725529
9.96666908
10.57647133
17.67451096
14.53529549
16.48431396
24.66078568
23.47254944
21.61961174
12.04901886
9.81176472
10.58431435
11.98627472
14.64313889
17.24117470
13.73921585
13.70588398
14.04117775
12.94117641
9.45882320
19.67254829
12.93725395
16.07646942
19.98627663
28.75686264
23.09215736
14.73921585
10.16078568
9.94509792
11.21960831
13.68235207
18.29999924
13.07647228
13.22156715
14.30588150
16.05294418
8.33725452
19.13137627
13.26470566
13.73921490
15.73921394
26.89608192
25.62352753
16.40391922
11.40000153
9.52352810
10.13333416
12.74313545
16.58235168
15.99019814
13.28235245
15.08823586
16.45294380
9.02353001
16.26470566
14.45098114
11.34509754
13.70000076
20.85293770
26.36274147
18.65882492
12.12744904
8.92156792
9.70980549
11.04509926
14.88039207
19.12745094
13.69607639
15.98039341
13.73137379
10.75490284
13.26470757
18.66274643
10.74313831
11.76078224
15.40588284
25.14705467
19.99411964
12.01764870
9.86862755
9.47059059
9.55294132
13.10784149
19.50980377
15.07843304
15.42352867
13.74117661
11.64117622
9.92549133
20.86470222
11.84705925
10.08431435
14.28823662
20.23921776
20.21568871
13.88823700
10.56666660
9.07254887
9.68039322
11.43529510
16.70195961
18.59019470
13.57254791
15.21960926
12.60588455
9.86078548
18.45490265
12.98823547
10.05882359
13.07843208
15.99804211
20.40588570
14.49019623
13.26666641
9.65490150
9.81960869
10.87647343
13.68431377
19.85686111
14.14902306
16.32745171
12.79607964
10.27254868
15.73921394
13.55686283
11.24313831
11.57450962
15.09019661
18.62157249
15.44509888
15.30196095
13.13921642
9.31176567
10.33921623
12.07843304
16.00196266
17.41764450
16.23137283
13.77058792
11.30588245
12.18823624
15.91764545
12.04509735
11.00195980
16.63921547
16.41372490
17.08627129
11.32745075
19.62745476
9.53725624
9.50588226
10.68235302
14.18431377
18.51372719
14.28627491
16.87647057
11.82352924
10.30195999
18.10980606
11.52549076
11.25882435
16.49215698
14.90196133
17.76274681
11.69999886
17.15882301
12.40000153
9.50588131
10.09411812
12.62156868
16.75686264
16.04117584
18.28039742
11.93137360
10.37058926
17.76862526
10.95294094
11.52941132
12.71568489
18.08235359
16.73921776
13.20000267
11.82941341
16.19215584
9.26078415
10.53921509
11.87646961
14.86470604
17.84901810
19.77647018
12.07254887
10.92745304
15.40784264
13.54313660
10.67058754
10.66862679
18.42352867
14.31568813
15.30392265
10.42549038
14.28627396
12.26078415
9.86666679
10.87058926
14.50196075
17.98627472
23.96471214
14.79412079
11.93137360
12.54902077
17.82549286
8.85294247
11.00588226
15.48431396
14.95294285
15.52353096
11.43333435
12.05882454
15.24313736
9.11372471
10.92352867
13.46862888
15.43333435
27.40588570
19.28431511
12.18039131
10.59803963
18.75097847
9.98431492
10.64117718
10.64705753
17.91569138
13.98627567
13.96078682
11.31961060
15.85882378
10.96274376
10.42745113
11.46666527
14.97058868
24.63529778
24.57646942
10.86862755
10.84902191
17.39411926
12.83333206
9.79411697
11.87254906
15.54117775
12.95294094
15.37058735
11.79019642
14.02941227
14.76274490
9.74117661
11.01960659
14.11176395
18.66862679
26.54902077
12.40784454
11.43725395
14.14902020
15.89804077
10.10392189
12.66274452
11.32353020
14.50980186
13.84705925
13.91372395
14.36274529
16.09019661
9.95686340
11.71372414
12.30784702
15.03725815
21.68038940
16.62156677
11.40000153
12.25490093
17.56666565
11.32353020
12.12941360
10.18823338
14.13333416
11.28431225
15.46470547
13.14509869
14.98039246
12.95882511
10.90588188
13.02745056
13.62745094
15.77647305
18.03529358
11.25882339
11.96862793
17.56666946
12.12352943
12.04117584
12.16666794
12.06666756
11.15882301
14.16274548
13.23529339
13.83529472
15.09803867
9.72548866
13.19215584
13.17254925
13.80000210
16.80588150
11.99803925
12.49607754
16.87058830
13.15490341
11.53725338
13.82745075
10.82941246
12.35294151
11.68823528
14.89999962
13.44705868
14.62352943
10.85882378
12.41176510
14.55098057
13.44901943
15.61764526
13.16666698
12.26078320
14.82941341
16.26470757
12.07255077
12.98627472
13.91372585
11.10588264
11.00784302
15.00196171
13.72549248
13.29411697
13.67451000
10.54117775
13.33921719
16.41568756
15.07647133
14.46862793
11.59607983
13.82352829
18.47059250
12.22157097
11.51960754
15.23333454
9.97647190
10.71960735
12.49215698
15.57451153
13.49019623
14.20980358
10.55490398
11.45294189
16.81764793
14.80588055
14.99411678
12.35882282
13.66470528
18.27451324
13.11764717
11.09019661
12.02352810
12.60196114
10.07058907
11.24509811
15.69804001
13.38039398
12.56863117
12.82156658
10.68235302
14.50392246
15.84705830
15.74313736
13.14902210
12.66274548
18.29019547
13.20392227
10.58627415
12.27254677
12.55098152
9.58039570
10.12941360
13.76666451
14.07843113
11.93333244
13.87647057
10.69411945
10.79215527
17.26078415
16.33529472
14.16862583
12.32941055
15.19215679
15.31960869
10.98235416
12.84313774
11.24901962
10.53921604
9.49804020
12.31764793
14.64901829
11.29607773
12.37254906
12.25294113
10.22157097
16.76470757
16.80980492
15.25882435
12.55882454
13.93725586
15.51568699
13.49804115
13.64117718
11.20392323
10.67647171
9.94117832
11.01176453
14.35686302
12.06862640
10.83529472
14.59999943
10.24706078
14.65882492
18.46666908
18.88235855
13.40196037
13.37843227
14.71176529
12.14901924
14.22549057
13.65490246
10.43137264
10.34313965
10.05098152
12.73725605
15.46078396
10.06274509
13.58823395
13.62744999
11.03137302
18.56078529
22.42157364
14.13529778
12.21176624
14.01568604
11.19215870
12.32941151
15.90196228
10.74117851
10.66274548
9.74509811
11.63137531
15.76862812
13.08823586
10.96078682
16.67451286
10.77647114
17.69411659
19.46470451
16.37843132
11.83333302
14.09803867
11.84313679
11.75097847
15.13137245
12.92156982
11.30000114
9.57843208
10.30588341
14.06470394
17.42157173
10.02941322
16.21372795
14.14313889
15.60784340
19.42549133
16.27843285
13.05098152
13.74313736
13.35294056
12.01372623
13.47450829
13.64706039
12.82941055
10.05686188
9.45098019
12.87450886
17.62941170
12.24509716
11.12549019
16.99215508
16.35098076
20.52745247
16.45882034
14.51764774
13.71960831
14.14313507
12.42745209
11.26470470
13.62156868
12.47058868
12.54313755
9.13921547
11.50000095
14.11372566
14.94705963
10.12549114
14.94313812
15.50196266
20.23921204
18.92940903
15.98431492
11.70196152
15.62745285
12.54313660
10.08431530
14.25097942
12.42745304
13.47647285
9.46862793
10.10588360
13.51176643
13.70392227
11.47647095
12.09411716
15.48039341
21.01960945
17.67450905
17.31568909
12.03333282
14.58431435
13.03137112
9.73137283
15.54901886
12.44901943
12.14313602
11.47451115
9.33333397
12.53333473
13.20392132
14.35882187
11.10784435
14.48431587
19.79608154
18.47058678
17.57059097
15.12548828
12.64118004
14.54509830
9.65294266
13.92156982
15.36862659
11.51960945
11.75098038
9.08627605
10.39411831
13.29019642
13.71568680
13.53137112
12.19412041
18.49804306
17.86274719
17.69215775
16.59607697
12.45882416
15.12549114
10.62745094
13.17254925
16.62549210
12.10980511
11.05294323
10.21372414
9.11372662
12.82941055
11.48235321
15.47451115
10.99607944
16.78039360
15.36862564
16.40980339
17.92941093
11.72745228
15.49803925
12.83921337
9.98039246
18.19019508
12.18627644
11.01960659
11.00980282
9.21764851
11.19215679
11.74313736
12.88039303
13.40392017
11.89804173
15.89804173
14.09999943
18.34902191
13.83921719
15.10392094
13.70588207
9.63333416
19.13921928
11.72940922
11.88235283
11.07843113
9.30588150
9.52156925
14.28235054
9.84902000
14.47450924
11.36078453
14.12352848
13.30588341
16.92156982
15.96667099
13.79019642
14.16470909
11.02156925
20.89411926
11.74705887
11.64313602
11.13137245
10.15294075
9.29411888
13.93333340
10.02941418
12.44313622
12.67058849
12.02156925
13.22745037
13.75882244
18.38235474
12.20000076
14.28823757
11.05686283
21.07451057
14.61372852
10.36666679
11.72745323
10.75686359
9.40392113
12.16862869
11.95490265
9.99215698
14.17450809
10.74313641
13.59608078
12.01372337
17.83137321
13.43921947
13.58039284
12.45686340
17.05294037
18.59411812
8.78823471
12.40784454
11.62352848
9.93137455
8.66078472
13.99019623
10.12941170
13.17058849
12.45490551
12.78235245
12.26470661
15.00980377
16.38431549
12.42941284
14.23333454
14.41764641
20.99411964
9.97058868
11.84313869
11.91960907
9.93921661
9.35294247
11.31764889
12.10392094
11.62549114
14.13137054
12.32745075
12.76666737
13.36862659
18.70980644
12.03529358
13.31960583
14.26862812
23.72941208
12.86078644
9.74901962
12.08627319
10.23725510
9.36274624
10.14510059
12.85098076
11.72941113
14.95882511
12.52744961
12.39607716
13.67843246
20.29803848
11.54902077
12.14705944
13.88823318
23.40000153
15.72941494
8.62941170
12.42156792
11.08823872
9.70588303
9.75294209
11.54901981
12.33137226
14.83137608
14.67058754
12.64117813
11.57843018
20.96666718
12.86470699
11.93137455
13.41372585
21.38235092
15.61176872
9.29803848
12.31568813
11.96274567
9.98627281
9.69999981
10.24313736
12.47647190
13.37843132
17.10588074
12.16274548
14.38235378
16.02548981
16.86077881
12.39411831
12.95294094
19.82745171
15.23921680
11.33333206
11.11960888
11.57647133
10.40784264
10.12353039
10.37255001
11.73137379
12.48431396
17.13137245
14.04117775
14.89411736
15.55686283
19.41960907
12.14117527
12.40196037
17.18823624
17.23921204
12.22745132
7.98823690
13.46666622
11.39803791
9.90392208
10.52549076
10.24117661
12.53725624
14.63921642
16.20588493
12.70196056
18.12353134
18.54901886
11.69999886
13.36862946
16.77647018
18.17647171
11.36274433
9.36862946
12.56666946
11.80000114
9.84313774
10.08431625
10.05685997
11.89607811
12.92941284
18.03333282
12.99804020
16.70784378
15.96666622
13.69215679
13.94705868
14.53137398
21.49411583
10.69019508
10.76078510
10.15686226
12.30784225
10.37058830
10.26078224
9.57254887
11.80980396
13.82352924
15.63529491
15.87843323
12.45490265
16.05882645
14.95882416
14.54117870
11.62941265
23.58038902
12.26862907
12.67058849
8.55686188
12.99411869
10.77058887
9.68039322
10.01372814
10.28823566
13.49019623
14.08235359
17.63333511
11.42549133
13.97647190
14.66862679
13.50000000
12.47843552
19.75294113
14.37647057
12.35490131
11.11176491
11.07843113
10.96666622
9.59019756
10.41568661
9.70392323
12.41764641
14.10392189
14.39411736
13.48431301
11.91176510
13.86274719
12.94902039
13.85882282
14.22941017
14.33725262
12.51960754
13.94313812
8.91960716
11.45294285
10.77451038
10.21176434
9.81176662
11.84313393
12.89608002
11.24509716
14.86862946
10.60392094
15.05490112
15.30980396
13.83333397
11.44117928
14.54901886
11.08039379
14.74706078
9.19019604
10.88235188
12.52156925
9.35686302
11.01568604
10.36666489
12.00588226
12.30588341
13.49608040
11.41176319
13.78431511
20.61764717
14.35098076
11.34705925
12.38431549
12.29607964
13.13725662
9.91176701
11.08823586
12.18235397
10.76078415
10.35490322
9.36666870
13.02156734
12.39019585
11.20588303
13.46666622
11.91176414
23.38431549
14.62549019
12.34117222
11.86470699
12.69411659
12.64705944
9.76862907
12.57254791
11.22745228
12.19411945
8.74509811
10.09803772
12.02941227
11.85294056
11.32353115
13.86078548
11.47647285
19.28431702
17.67058945
13.87647247
11.20392323
12.35882378
11.02156925
10.83529377
12.58039093
11.21764851
12.60588360
9.09019566
10.02353191
9.33921623
13.15686131
12.19019699
11.38235283
12.96666622
13.92156982
20.45097923
15.87254906
11.24901867
11.95686436
11.25490189
10.21960545
11.84509850
13.57647228
10.69411945
11.97255039
8.87843132
9.91176414
12.51372623
12.42549038
10.07450962
13.49215603
11.90784359
20.37058640
17.55098152
11.61176682
12.13921547
11.44705868
11.23137665
9.63137245
16.86666679
11.65098190
11.85294151
8.93333340
10.29607868
10.40392303
13.02549171
11.14901924
12.44117832
11.93529320
18.01961136
17.85686302
14.00784397
11.61960983
11.39804173
11.46078205
7.68823433
17.24706078
13.38823605
11.10000134
10.44117546
10.03137398
9.50392437
13.20196056
12.39215755
11.38823509
13.54705811
13.45686245
17.67647552
15.64117432
11.40588284
11.57058525
11.19215870
8.44313812
13.85686398
16.31568718
11.14117718
10.57059002
9.25490284
10.68235397
11.15098000
13.86862373
11.71960735
13.58627605
11.11372471
17.14313507
15.35686398
11.74901772
12.35294247
10.98431396
9.25490189
12.05294132
16.70588303
11.69215775
10.85882187
9.37254906
10.67843151
9.36274529
14.92156601
11.55882549
13.61176682
12.26862717
13.73921585
15.14901924
13.25294018
11.92548847
11.10980415
9.75294113
8.49803925
18.02941132
12.13137245
10.92156887
10.14902020
9.59019852
10.07450771
12.66078472
12.26274872
12.58627415
13.50588226
12.41764641
15.21764946
14.10980511
11.20980358
11.96078300
9.91960621
7.53921700
15.61960793
14.30196190
11.33725548
10.89019585
8.91568565
10.14705849
9.33725548
14.76862907
11.09019756
13.84313774
11.69411850
15.47254848
13.96274662
11.88627529
13.17843246
10.54313660
8.23725510
13.02745247
15.15294075
12.51960850
10.78823566
9.54901981
9.45098019
9.76274490
13.34705925
11.36862755
13.21960640
12.19803715
14.24117661
13.53137302
12.67058563
14.63921738
10.87843037
9.15098286
10.67451096
17.41568756
12.91176605
10.89019680
9.58431530
9.31960773
9.89608002
10.15490246
13.49019718
10.41568661
13.61960793
12.58431339
13.87843227
12.82941246
12.44117737
13.41568756
9.78823471
8.51960850
19.77647209
12.86274910
12.21568680
9.61176777
9.33333492
9.75686264
9.02353001
12.96470547
10.90588379
12.90588188
11.32549191
15.15882492
12.32353020
11.56078720
15.23725319
8.90196228
7.09215784
18.05489922
15.58431435
12.98039246
9.92744923
9.15097904
9.67843056
8.97059059
11.03137302
12.70392227
10.72941017
13.26862812
13.46274567
12.98235226
11.25882339
15.53921700
8.39804077
7.59019709
15.36078548
15.59999943
13.95686245
11.23333263
8.88039398
9.21960831
9.30588150
9.30000210
13.15882587
10.68431091
13.56274319
11.90392113
13.62157249
11.16666412
14.24313641
9.50000000
8.60980415
13.26470661
16.98627472
13.15294075
12.48823547
9.21568775
8.58823586
9.81960964
8.82549000
11.40196133
11.91568756
12.63137341
12.26666832
13.59412098
10.84705925
12.50588417
11.41176414
9.22745037
10.41176605
16.71764755
14.38039303
13.54901981
10.34313774
8.02353001
9.40196228
8.99999905
10.07254982
12.36862564
11.29804134
13.29019451
13.28823566
10.82156849
10.79215908
13.60392189
8.52548885
10.98235416
17.72156525
14.42156887
14.25294304
11.31568432
8.64705944
8.85686207
9.27843094
8.67843151
11.68235207
10.67450905
13.29607868
12.70784378
13.04705811
10.17450809
13.96470642
8.36470604
11.75686455
19.83137321
16.10588264
12.93333340
12.35293865
9.65098000
7.69607878
9.68627644
8.53333282
10.00000000
11.39999866
11.64901924
13.02941322
14.94509888
10.86470509
13.26862812
9.67647076
10.75686264
20.35490227
15.96078491
13.08039379
14.37059021
10.76470757
7.70980453
8.46274471
9.28235435
8.76274490
11.75686359
11.15490246
13.35097885
14.50392342
12.75098324
11.49411774
11.86862564
9.17647076
19.62745476
15.18235588
14.67646980
16.39803886
11.73137379
8.46666813
8.12352943
9.03137398
8.79411697
11.67451000
10.81176472
11.96274567
14.24117756
13.83137512
11.04509830
12.80195904
8.76862812
18.04313660
17.64902115
15.40196133
13.76274490
13.35882568
9.93137264
7.87843132
8.89215755
8.78431416
9.45294094
11.90784168
10.60588074
13.27647209
15.73529530
11.52941227
13.00391865
9.36470604
15.19608021
20.36666870
14.28431511
10.94705868
16.49215508
11.09215641
8.20784378
8.77058887
9.05097961
8.66078472
11.50000095
10.00588226
10.90784359
15.52744961
13.42352867
11.95098019
11.71568775
10.00980473
22.00980186
13.50000191
11.43137169
17.40588188
12.90392303
8.90588379
8.48431396
9.04902077
9.00392246
10.10980415
9.34706020
10.03333282
13.90980530
15.14706039
12.05098057
13.48039246
9.44117832
17.78235245
13.93529510
12.91568661
14.00980282
15.16470337
10.81764698
8.05098057
9.21176624
9.47646999
8.62156773
10.22745132
9.45686340
11.87647152
15.45097733
15.25097942
14.08627415
11.56862736
15.12941265
12.74706078
13.95294189
9.82352924
19.22156906
12.31568718
8.95294285
8.94705772
9.40392208
8.97451019
9.24705887
11.47647381
10.97843170
14.29215717
16.04901886
16.51764679
13.70392418
11.69999981
14.33725739
13.53921509
9.78431320
17.68823433
14.62940979
10.39411926
9.08627510
8.93137360
11.47451019
7.68823528
13.52745152
9.52745152
13.12352848
15.29607773
17.92353249
15.05882168
10.40392399
14.36470699
12.35686398
11.96666718
13.85098076
17.00980568
11.41176510
9.37451077
8.86666679
12.01960850
8.80588245
11.68431282
11.62353039
11.89999866
14.48235130
16.27254868
16.97058868
10.44901848
13.70980453
12.89019775
12.97254944
9.29215622
20.46666718
13.55098057
9.42157078
8.98235226
9.98235321
11.79215717
7.66862726
15.20196152
10.87647057
12.60588264
16.01176453
17.56274796
11.22156906
13.00980282
13.63333321
12.61960983
8.90588188
18.25098228
15.94706059
10.96078587
9.59215832
8.99019527
12.66862869
8.39999962
12.60196304
11.11960888
11.38823605
14.81960964
16.74901772
14.25490284
12.20588112
13.18039417
12.39215755
9.92549324
13.06666851
19.32549286
12.65098095
9.16666603
9.21960831
11.12352848
10.93333435
8.37058735
13.62549114
11.31568718
13.57254982
16.57843208
16.10588264
10.77058697
13.65686607
11.54313469
11.11372662
8.28235245
20.50392342
15.19804001
10.96470928
9.20392132
10.20784283
13.07451248
7.85490179
12.05098057
11.03333282
13.16470528
14.81764603
17.84117889
12.60195923
14.45294094
10.98627567
11.02745056
8.25294113
15.52156925
17.54313850
14.14313602
9.77255058
9.64901829
12.31764698
10.41568756
8.53725433
12.84117699
12.23333263
14.97058868
17.25098228
16.64705849
13.46666813
10.85098171
10.49608040
8.50980377
10.13333321
19.30392075
14.96078777
12.68627644
9.46470642
11.53529358
13.83529282
7.24901867
12.08431149
11.98431396
14.05294228
14.87254906
19.35686684
14.01960850
11.72745037
9.77450848
8.79607868
7.45490170
18.21764946
16.22549057
14.35686302
9.61176491
11.23725510
13.89607906
11.36666870
8.72941303
13.35686398
12.92157078
13.32548904
18.93137360
17.89608002
13.22548962
9.36274624
8.83921432
8.03333378
12.42352962
18.69411850
14.61764717
11.52549171
10.34705830
12.65294075
15.49411774
7.85686398
12.33725548
14.21176434
13.33725548
17.82156944
21.52745438
15.42941189
9.60588360
8.40392113
8.07843208
8.91764736
19.32941437
15.55686378
12.51764774
9.10000038
12.14901924
16.79803848
9.33137417
9.75490189
14.20000076
15.37254810
14.56470585
23.90784073
20.60588837
9.92745209
8.44706059
7.58431339
6.63137245
15.62941551
18.82352829
13.19607830
9.21960831
10.98823643
14.22941303
14.38823414
8.58627510
12.29607773
17.90784264
14.39607716
21.50196075
22.63529587
12.77058887
8.78431511
7.91568613
6.49215746
10.60588264
18.65097809
15.30588436
10.22941208
9.73137379
13.33921242
16.36078453
9.69019604
9.96470451
18.26470566
16.78431511
17.61372757
23.40196037
15.96862698
9.22549152
8.07058811
7.05098104
8.60980415
15.71960831
16.89019966
11.86470699
8.73725605
12.43333340
14.87254906
12.99411678
8.36274529
14.60980511
19.18627357
14.93137360
20.83725357
19.37646675
10.09411716
8.75686264
7.83529472
6.45294189
13.10391998
18.45686340
13.79215431
9.37647152
11.44901848
14.10000134
13.63333225
9.40980625
10.99607944
18.73333549
14.60391998
17.25686455
21.42941284
11.44313717
8.81764698
8.84706020
7.64705801
9.81372833
17.26078224
16.23137283
10.60588074
10.93921661
13.71568489
12.31372452
11.40000153
8.61568642
15.11176395
15.45686340
14.58627605
19.16666794
13.25097847
8.61764717
8.59607887
9.23921680
7.61176443
12.56274414
19.08234978
12.62352943
10.21372509
13.55686283
12.07843208
11.08235550
9.62744999
12.01961136
14.43333435
13.90000153
16.42549133
14.25098038
9.25882339
8.48039341
10.09019566
6.45098162
11.19215488
17.63921738
14.86078644
10.08627510
13.21372318
12.91960812
10.18823624
10.52745056
9.61176491
13.60588360
13.28431320
15.37647057
14.03333473
10.76666641
8.14313602
8.72352982
8.22548962
11.26274586
12.35294056
17.36666298
11.23725510
11.78039169
13.53529263
9.86862850
10.26274681
9.39411831
11.73333263
13.83137321
13.70588207
14.58627415
11.54509926
8.10980415
8.34117794
9.06862831
10.51372528
11.97842979
15.22352982
13.56470585
10.36470604
13.19411469
10.20392227
9.29019642
9.33921528
9.76274586
13.83333302
12.23137188
14.87058640
12.31176662
8.93725586
8.10000038
8.56274605
7.20196104
16.73137093
12.20588112
15.47255135
10.88627720
11.83725262
12.28823471
8.17254925
9.68823624
8.89803982
11.21764660
13.50980186
13.08627510
13.26862717
8.50196171
8.41372490
8.25490189
8.70980453
15.16078377
12.80588245
14.35882378
13.73333454
9.93529415
13.53921413
8.88627434
9.05490303
9.17254925
9.83137226
13.63921452
11.60784245
13.03921700
10.01568604
8.58627415
7.87058735
9.55686378
11.38627625
15.74705791
12.92156887
15.29411602
10.43529510
11.85294151
11.44313908
7.96470594
9.28235245
8.99019718
11.21176529
12.14117527
12.06666565
10.85882378
8.82549095
8.34509945
9.31568623
8.24705982
17.28627586
12.75686264
14.88823605
13.44705868
9.49019814
13.20784378
7.58431292
8.79019642
9.04313660
9.82941437
12.62156582
10.84705734
11.70196056
8.57647133
8.77451038
8.25294113
9.06862736
15.26274490
14.67842960
13.96862793
14.65686512
10.99019432
12.17843246
8.84117508
8.13529587
9.22745323
9.41176510
11.21960831
11.42156887
12.58234978
8.99019432
9.01568604
7.97843122
9.10784435
9.53921509
18.87843704
13.81176472
15.64509773
14.49019718
10.15294075
11.17647076
7.18235207
9.32156944
9.91960812
9.97646904
13.26274681
11.83137321
9.84509563
9.19804096
8.66470432
8.06666756
8.85294151
18.35097885
14.64901733
15.15098095
15.57647133
12.31764793
10.88431454
8.13725376
8.83333492
10.27646923
10.01764488
13.24901962
12.50784302
10.59999752
8.62548923
10.16078568
6.76862764
9.18431377
13.98039246
18.27450943
15.18039322
16.35686302
16.12353134
10.23137283
9.13137150
7.52745104
10.43921471
10.55882168
12.63725376
16.42941284
10.50784492
8.35294151
9.33333397
7.63921547
9.64902115
10.20784378
20.15882492
15.73921776
16.37843132
17.59019852
14.18431377
9.79804039
7.67451048
9.35882378
10.41764545
15.50000000
15.34706020
13.58431339
8.47451019
8.82549095
8.87646961
10.25686169
9.09607887
20.00980568
16.53529739
15.93137169
17.69412041
17.58235168
11.75882339
8.24509907
7.90196085
10.00000095
14.64117813
15.62941170
16.15490532
9.35882378
8.09607887
9.62352943
9.92549038
12.34313774
14.34117699
21.10784340
15.92157269
16.87647438
18.16666794
15.27450943
9.50588322
7.01764631
8.94902134
11.54117584
18.34117889
14.61176109
10.73137379
7.86078310
9.50392437
8.35490131
17.30195808
10.31960869
23.94901848
16.70000267
16.36274529
17.38431358
17.71960640
11.21764755
7.99803925
7.90980291
9.57451153
17.76667023
14.56862831
12.57451057
8.59215641
9.18431473
9.07843208
17.62549019
12.21176529
20.17843437
19.60980606
15.96666813
16.61568832
17.58431244
15.00000191
8.99019718
7.10392189
8.51568604
15.55882263
16.32549095
13.88039303
9.48823452
8.02156830
11.68627644
15.37843132
16.15294075
14.45882416
22.47647667
15.30392170
16.03137398
17.07451248
17.18627739
10.63529587
7.10196114
8.55294132
13.28431511
17.44509888
14.27254772
10.35098076
7.99411774
12.61960697
13.36666870
17.95098305
11.92941475
23.01372337
16.21960831
15.53333378
15.90588188
17.03529549
13.75294113
7.94313765
8.28235340
13.59411812
16.15098000
15.34705830
11.29607868
8.47058773
11.02745152
13.89019585
18.10000229
13.27254772
17.75293922
17.15293884
14.30000019
14.98039532
17.39019775
15.79607677
10.35294056
8.56666660
13.90196133
17.17451286
15.22941303
12.38823509
8.92941189
8.69019794
13.30784130
18.29412079
13.59607983
13.75097847
17.93921471
13.16078568
14.58235550
15.79215717
17.12353134
14.16470718
9.91176414
13.94509888
20.75294495
16.06078339
12.54117680
9.88039207
8.50784397
10.73529530
18.53333473
13.34706020
10.99999809
18.90392303
13.15490150
12.73136902
14.53137016
16.97254944
15.56274509
14.61372566
15.06470680
22.71961021
19.03137589
13.86862564
10.71764660
7.97647142
9.45294189
16.71960831
15.42941284
9.41176605
15.76078320
13.81372547
11.17647171
13.82941437
15.20784378
15.96863079
16.49412155
17.77255058
22.68627739
22.95490074
16.13529587
11.61568642
8.67058849
8.92156792
13.45294094
17.17843246
9.41372585
12.81960869
13.87254906
12.30392075
11.37450790
13.89215660
15.50980473
15.21764946
18.80196190
22.49019814
25.35686874
19.72941017
12.49215508
10.65490150
8.78039265
11.13137341
17.62352943
9.78431416
10.35490322
14.73333359
12.19804192
10.64706039
12.46470833
14.14705849
14.57255173
17.65490150
21.61569214
26.21765327
22.50000381
14.44117641
13.96862602
8.54901981
8.90000057
18.80784035
10.48823547
10.75686359
13.79411793
11.73333263
10.50196075
11.29607582
12.07451057
13.51960945
15.64902020
21.74313927
24.69607925
23.38039398
18.69215965
16.91764832
10.04901695
8.14313698
16.79804039
14.17843437
10.85882282
12.37059021
12.96078396
11.20392132
9.70588207
11.42745113
12.13333702
14.71372700
19.10783958
24.14706039
22.60980606
20.97058678
18.59411812
14.21372795
9.73529434
13.61568737
16.82549286
9.85098171
12.22548962
14.39804077
10.61176491
9.91372776
11.06666660
10.34117699
13.81961060
16.73137474
22.36078644
22.56274796
20.50195885
21.16078186
17.47647285
11.13725567
15.40588093
15.98039246
8.80000019
11.80392456
14.19607735
11.77843094
10.32941055
10.03921604
10.16470623
11.59215641
15.38431168
18.95098114
22.66470718
19.06078720
21.00000381
20.39608192
13.62745190
18.63529396
16.57647324
9.69607925
11.60196018
13.10588074
12.80392361
10.54313755
9.56666851
10.28235245
10.31960869
13.37843132
15.22352695
19.11176682
18.74706459
19.70392036
22.60195923
16.23333168
20.80588341
20.21372414
10.63529301
11.54902077
11.77646923
14.22353172
10.74117851
10.15686226
9.95097923
9.75098038
11.66470528
13.45294380
14.21764755
17.94509697
18.27647400
22.66862297
21.65686226
22.15882874
22.55098152
13.18235111
10.81764793
12.47647190
14.56078339
11.92744923
10.85686493
9.18823528
9.24117756
10.62941265
11.94509888
12.53333569
14.42745209
17.05882645
20.99804306
23.64509583
25.30196381
22.22352982
16.56471062
8.82353020
14.50980473
13.14313698
13.91960716
10.83137321
9.60195923
9.62941360
10.02156925
10.81960773
11.40980530
11.86470795
16.12352753
18.50000000
23.72549438
25.90588760
22.82549477
17.86274719
9.15490341
14.28431416
11.95294189
14.22941208
11.51372528
10.50196075
9.48627377
10.10980511
10.58627510
10.18039227
10.69411850
14.89607811
16.00392151
23.65490532
24.76470947
23.22744942
18.26666832
10.80392456
13.07647324
13.24510002
13.25294018
13.55098057
10.63725376
9.30392361
10.07647133
10.35686302
10.06863022
9.95882416
13.15882301
15.35490417
19.95294571
24.87059021
23.79216003
19.62745094
12.19215679
11.84705925
14.81568718
12.57254696
14.26666737
11.47451210
9.82353020
10.09412003
10.17647362
9.95490265
9.80196095
11.93137169
14.65294266
16.64117813
23.13921165
23.43921661
22.38823700
15.44117832
10.89803982
15.91176701
13.22353077
13.44313812
13.14901924
10.26470757
9.56078434
10.36470509
9.30784416
10.14117718
11.09607887
13.18823624
13.51176548
18.92156982
22.63725662
23.84117508
18.35490036
12.00392056
16.43137550
15.80784321
13.57647133
13.29019737
10.36470795
9.51176357
10.15294170
9.17647171
9.47255039
9.95490360
12.89019585
11.96470451
14.80392361
18.73921776
22.86079025
21.13137436
16.00588417
15.93137360
17.54705811
16.08039284
13.18039036
11.23921585
9.79804039
9.96078682
9.25882530
8.26470566
9.63137245
11.95098019
11.57059002
12.65882397
15.54117393
19.77842903
23.46666527
19.34706116
17.86274910
19.30588531
19.00196266
13.79215527
10.81764698
9.63725567
9.20588303
10.10392094
8.11372471
9.51764774
11.20588398
11.93529320
11.95882416
13.85490131
18.02353287
22.54117966
19.30784035
21.77058792
21.06274414
19.49411964
16.20000076
11.36666679
9.84510040
9.17842960
9.86666679
8.28235435
8.69607925
10.52745152
13.43921471
12.14902210
13.20196056
16.56470680
20.12940979
16.80195999
22.00195885
23.77255058
19.50195885
17.53725624
12.93333340
10.06862831
9.33529282
9.30784416
8.69019794
8.08039284
9.59804153
14.34705925
12.50784302
12.89411831
15.42157173
18.60784531
15.29215717
19.07254601
23.40588760
20.21960831
17.26666641
13.44313717
11.31372356
9.94314003
9.11960983
8.79411793
8.01176548
8.94706059
13.61568642
15.39803600
11.95490265
15.01568604
16.59803772
16.05098152
14.49412155
21.62745285
20.08627892
15.19411755
13.16862774
12.49804020
10.76666641
9.44706059
8.86078453
8.51568699
8.04509735
12.45490456
17.21961021
12.99608040
14.26862621
14.44117737
17.07255363
13.54902077
17.37647057
20.17059135
15.11176586
12.37450981
12.30784607
11.60391998
9.86470509
9.25098228
8.14902115
7.88627434
10.59607792
17.31960678
15.49803829
13.97254658
14.05882168
16.32353210
15.08235455
14.58039474
18.95490265
15.83137226
11.14313793
11.57647038
12.41176414
10.01961040
9.81372547
8.51764584
8.23725605
9.61568642
14.62548828
17.23921585
13.46274662
14.56274796
15.57647038
16.30392265
13.76666641
16.97843170
17.17255020
10.74117756
11.07255077
12.00196362
10.15490437
9.42941093
8.73333263
8.10784245
8.16666698
12.92941284
17.17059135
14.10588169
15.10392189
14.96470642
16.73921585
13.54902267
15.86862946
17.26666451
12.61568642
11.14902115
10.83529377
9.69019699
9.30980396
8.77843094
8.23137283
7.63137197
10.72352982
14.75294113
14.29019642
15.46078587
14.46667004
15.96470642
14.59019661
15.37451077
15.90196323
14.88824081
11.25294304
10.04902172
10.01960754
9.03725624
8.47254944
8.40392113
8.22352982
9.27843285
11.74509716
12.81960964
14.63921547
15.35098457
14.47450924
16.02156639
14.57647133
14.52744961
16.28823471
11.02745247
10.92941093
10.09019661
7.97254944
8.03529453
8.62549019
8.46078491
8.04313850
11.05294228
11.50196171
12.39411831
15.00196075
14.14509869
16.30195999
14.55882454
14.42352867
14.50980377
13.12744999
11.79999924
9.22549057
8.70000076
7.59999990
9.34313869
8.25686264
7.91372585
10.44705963
10.16666508
10.99411774
14.22549152
14.70196152
15.13725758
16.45490456
14.83725262
12.66470718
14.91764641
12.02745152
10.16862679
9.18235207
7.32549047
8.71568775
9.49411869
8.39607811
8.84117699
10.25489998
11.86666679
12.46078396
14.66470718
13.70196152
17.83333397
15.71764851
14.51764679
14.79215813
12.24313831
11.97451019
10.32745171
6.64509821
7.35882282
11.40195847
8.55098057
8.04509830
10.09411907
10.98627567
12.30196285
14.68235493
13.65098381
16.43137360
17.40784073
16.24902153
16.20195770
12.30000114
13.42549133
10.44509697
8.04902077
6.83333349
10.13333225
9.30784225
7.97254896
9.25882339
10.02156925
12.71176338
13.51764774
14.24705696
16.33529663
19.15686035
15.22156811
19.79999733
13.40784359
13.92941284
10.48039341
8.84901905
6.59607887
7.34509802
10.91372585
8.01372528
8.42548943
9.79411888
11.43333149
12.74901962
14.00000095
17.66862869
19.13137245
16.91176605
18.79412079
15.77450943
12.89411640
11.04509735
9.35294151
6.73725510
6.22549105
10.00784302
9.24705887
7.70980263
9.53725719
10.19804001
12.68431568
13.97451019
15.88431358
19.70000267
18.65294075
16.12352943
17.93333626
12.06274796
11.54313660
9.95882320
7.45098209
6.52353001
8.03333378
9.54902077
7.95097971
8.73921585
9.74509907
11.77843094
13.17058754
16.38627243
18.41568756
18.81176376
15.57843018
16.46666908
13.72353077
12.79215622
9.83137321
8.19803905
6.83725452
6.19411755
9.52745056
8.35686302
7.47450924
9.95098305
10.93137455
12.69607639
15.89019489
16.65294075
19.07843590
16.07843399
13.10196114
14.96470642
14.27254963
9.43921566
9.28431416
7.36274481
6.34313822
8.31372643
8.66470528
7.44901896
8.65294170
10.97450924
12.29607773
15.77254963
16.57646942
17.52156830
17.03137589
13.91176510
12.00588131
13.53725624
11.68235207
9.00980377
8.05294132
6.88431454
6.85490322
8.77254868
8.07254887
8.07255077
10.52549171
11.97451019
14.85098171
17.47842979
15.11568642
18.78039551
15.36862850
10.95882416
11.25490284
14.82156849
9.11372471
7.55294132
7.13137245
6.43137169
7.40588236
8.52745247
8.08431339
9.78235245
11.29607868
14.70980453
15.96862793
15.99215794
18.14509773
17.08627510
12.05686474
10.78823566
15.35293865
10.73725605
7.19607925
7.42352962
5.87254906
6.98039198
7.88235235
9.06470585
8.88235474
10.98235226
12.84509850
15.84509945
17.75490189
16.65686035
18.27255440
13.74509811
11.68823719
14.76274395
13.31372643
6.84705973
7.31176519
6.51568651
6.10980463
7.47254944
8.65882492
9.08823586
10.72549248
11.57647038
15.37843132
16.65882492
17.41960907
17.49608040
15.82156944
12.69019699
14.55490112
13.89803886
8.88823509
7.06470537
6.78039217
5.43921614
7.15294266
8.07451057
9.38039398
10.27058983
11.10588455
13.36078358
15.75686359
18.53529739
16.58431625
17.80588150
14.01568604
13.60980511
14.48823547
9.92549038
7.76274490
6.92156887
5.63725376
6.76078463
7.54313707
8.79607964
9.68235397
11.20588303
11.49019623
14.74901962
17.94705772
17.50392342
18.64706230
14.42745113
13.08039379
15.38627243
11.56078529
8.11568642
7.07647133
5.93725491
5.93921518
7.12549019
7.98627377
9.20588303
10.94117641
10.55882359
13.27843285
17.41960907
17.95098305
19.16862679
14.54705906
15.00196171
15.94902134
12.95097923
8.63921452
7.37450981
6.21568632
5.82352924
6.87450981
7.35490227
8.70980453
9.98627567
10.73529434
11.86666870
14.54705906
16.35882187
20.23137474
16.02353096
15.26274490
18.17451096
14.34117413
9.23921585
7.65686321
6.34313679
5.90000010
6.55294037
7.05098104
7.87450933
9.69019508
10.64902115
10.79804039
13.39019680
15.70980644
18.12940979
17.98235512
14.43137169
19.83725739
15.35294247
11.16078472
7.64901876
6.91960764
5.69803858
6.34117603
6.59607887
7.20784330
8.80980492
10.69999790
10.40392113
12.79215813
15.57451057
15.79019737
19.79019547
14.60784531
19.05098152
16.47451210
12.83725166
9.29019737
6.42745161
5.99607754
5.90588093
6.58039236
6.76862764
8.03921604
10.01764774
10.88235569
12.08627701
14.33137608
14.53333282
19.88235283
15.95489979
16.08823586
18.44510078
13.89215660
10.28823471
7.39411688
6.46862698
5.84313774
6.44313765
6.71764755
7.32156944
9.82156849
10.72941113
11.80196095
13.51568699
15.17451286
16.98627853
17.32941628
15.28627586
18.53333282
14.57254982
11.10980415
9.40784264
6.23529434
5.73137236
6.81960821
6.41764688
7.38235331
9.14313889
10.50195885
11.95490074
12.62744999
15.03529549
14.67254829
18.32549286
15.12744999
18.46470642
15.48627281
11.97451115
10.99411774
6.57646894
5.52156973
6.51960802
6.99215746
7.00392199
8.17451000
10.24313736
11.76274681
12.36078453
14.22745132
14.60784435
17.13333321
15.44313812
15.78039360
17.77647209
12.46666622
11.20196152
8.57450962
5.97254944
5.97058725
7.18039274
6.47254992
7.62548923
9.87647152
10.94509697
12.75294018
14.07843304
15.08039570
14.55686378
14.65098095
14.70195961
17.78235626
13.60980320
11.70784473
10.09019661
6.41372585
5.49215651
6.76862717
6.39607859
7.35882378
9.10000038
10.90980244
11.95490170
14.04901886
15.31568718
13.29019451
13.97843075
13.50391865
15.01568794
14.93921471
12.27450943
10.35686302
8.10196018
5.86862755
6.40196037
7.01764679
6.43921566
7.95098066
11.12940788
11.41372776
13.63137245
14.82744789
13.78627300
12.43529510
13.15490150
12.14706039
16.66078377
12.43725586
11.60588169
8.91176701
6.52353001
6.21176577
6.98627424
6.04902029
6.85097980
9.58823490
12.24117661
12.68235397
15.07843018
13.95490265
12.13921547
13.19804001
12.45294094
16.01176834
12.72745132
12.71176434
9.29411697
8.12156868
6.03725433
6.43137217
5.92352962
6.03333378
7.99607849
12.51568699
12.12940979
14.92353153
13.57646942
12.41568756
12.71960640
13.28039360
14.19411755
13.04510021
12.30980492
10.30196190
9.32941341
7.10196018
5.76666641
5.94705868
5.82352877
6.95098162
11.10392189
12.43921566
14.00784492
14.33137131
12.63333607
12.23333359
13.61960793
11.32156944
12.95686436
11.79411697
12.18039322
9.11960793
9.38627529
5.74705887
5.70196056
5.21960831
7.05098104
9.40980434
12.54705811
12.80588055
14.68235207
12.77255058
13.11568546
12.23529434
11.71372604
11.33725357
10.97058964
11.84313869
9.66078472
10.53137302
7.02156782
5.39411831
5.24117756
6.31764746
8.10980320
11.32941151
12.13137054
13.84901714
13.07450771
13.74902153
12.53137112
12.26470566
9.34313774
10.73529720
11.44117832
10.24313927
9.41372681
9.39999962
5.76666641
5.19607830
5.49215651
6.93333340
10.29803944
10.90391922
13.13333607
12.72941208
13.27451134
14.15098381
12.98235321
9.91764545
10.12352943
10.45686340
10.98431587
8.64117622
10.56274319
6.35294056
5.19019651
5.30784273
6.23333311
8.70784378
10.63137341
11.50784206
12.30980587
14.06666565
15.80784416
13.56862831
11.33137321
10.18627357
9.92549038
10.49411869
9.54509830
10.64313889
8.22745037
5.33529472
5.01764631
5.49215698
7.22745085
10.67647266
10.31568432
12.18039131
14.44118118
16.08627319
14.66862679
12.97647190
10.60588360
10.43137169
9.16666698
11.11176395
10.16274643
9.96666622
6.04117632
5.01176500
5.16470575
6.18039227
9.32353020
10.29607868
11.20588017
13.39019775
15.48823833
15.19019508
14.10588074
11.40980434
11.25686264
10.16470814
11.10392284
9.12745094
11.65686226
6.73529434
4.80392218
5.21176481
5.26862764
7.87058830
10.44117928
10.31176567
12.21764755
14.82157230
14.41372395
14.85686588
11.77843189
12.34117508
11.43725300
10.42353058
9.59803772
10.92352962
8.56274509
5.23333406
5.05098057
5.08431387
6.25686264
9.93921661
10.41176510
11.83529472
13.00392151
13.26274395
14.81568718
12.81568813
12.65294075
13.60392094
9.27450943
11.21568108
9.75098038
10.23921680
5.72745180
4.93333292
5.03529406
5.27843142
8.38039207
10.51764774
11.25490189
12.85294342
12.79607677
13.60196114
13.66666603
12.60784149
14.72548962
10.56274414
11.26862907
9.20392418
11.18431187
6.68039131
4.74509811
4.81960869
5.26470518
6.82745075
10.14509773
10.34313679
13.70784283
12.26274681
12.73529434
12.97450924
12.25294209
14.31568623
14.11764526
10.73529339
9.96666813
10.23529530
8.72745228
5.03529406
4.98235369
5.04117680
5.94117641
8.50980282
9.96470642
13.03529453
12.09803867
12.98431110
12.12156677
12.27647305
13.62157249
16.84117699
9.70588207
10.90588188
9.39411926
10.05490398
5.79803896
5.02352953
4.84313774
5.26470613
6.79411745
9.57450867
11.20784378
12.72156906
13.63137150
12.48627567
11.67450809
12.65098000
17.11960983
10.03725624
10.99215603
9.57451344
9.70000172
7.21372557
4.86862803
5.35097980
4.79215622
6.06274509
8.54117775
10.28235245
12.64705849
11.81960869
13.54902172
11.41372585
12.03921700
15.07843208
11.19607925
11.33921623
9.35490131
9.55097961
8.15490055
5.09607744
5.03333330
5.03137398
5.56470585
7.31372643
9.70784283
12.40588188
10.77451229
14.01568604
11.87451172
11.30784225
12.62941170
12.32745171
10.81568623
8.84117413
10.27843189
8.80196095
5.37843084
5.18431377
4.93529415
4.88039207
6.49607849
9.36666679
11.15686512
11.61176395
12.67647076
13.19804096
10.62941170
12.67842960
11.05490208
10.34901905
10.24509811
10.36274624
8.59411716
6.93137312
4.75098085
5.53137207
4.56078434
5.71960735
8.15882397
10.11568737
12.88235474
11.15686321
14.44901848
10.89999962
10.89607811
11.95490265
10.31960678
11.36274719
9.51176453
10.32353020
8.09607887
4.80588245
5.40196133
4.69999981
5.08431339
7.14509773
8.78431511
13.01960850
10.55490303
13.85098267
12.61176491
10.31764793
12.47647095
10.30588245
11.51764679
9.23137379
12.00784206
8.34902000
5.38235331
5.09019613
4.89411783
4.63921642
5.94313812
8.47450924
11.94902039
11.43921661
12.56078434
14.90000057
10.44705677
12.39411831
10.63333511
10.70000076
9.53921700
10.53725529
10.48823357
6.57254839
5.10980415
5.29607821
4.56470585
4.95882320
7.83529520
10.13921452
12.92157078
10.56470680
16.02745247
13.19607544
11.37058926
11.31372356
10.38627529
9.70980453
10.03137207
11.34509945
7.95882273
5.18823576
5.55686331
4.71960878
4.31764746
6.49411678
9.31176662
12.27255058
10.77255058
14.46078300
18.26666832
11.99215698
11.72352982
10.52353001
10.55490398
9.21372604
10.79019642
9.35294342
5.67058849
5.23137236
5.08431435
4.42156887
4.82549047
8.68039322
11.02548981
13.81372452
11.42548847
19.46666908
14.71372700
13.19999981
10.63137341
10.28627491
9.33725548
10.27058983
10.52156925
6.77254963
4.96274471
5.37451029
5.10196066
4.28627491
7.04901981
10.40196037
13.96078396
13.38039494
16.33529663
17.10980606
13.91764736
11.88823509
10.13921452
9.52745342
10.47254944
10.03725433
8.88039303
5.29019594
5.72156906
5.31176424
4.63921595
5.72548962
9.10980225
11.07451248
16.75489998
13.00980282
17.89607620
14.50784492
13.33921623
10.78823662
9.28431416
10.62156773
9.53921604
9.68823814
6.07254887
5.33921528
5.50980377
4.82745075
5.13725519
7.68627548
10.23725414
14.89803982
14.51372433
15.37842941
15.43137169
14.07451057
11.29411793
9.52745152
10.99411678
9.62353039
9.57843304
7.56078434
5.28431320
5.66470623
4.92156839
4.71764755
6.63921499
9.14901924
11.05098152
15.38235378
13.45490456
15.94117928
14.50392151
12.37647057
10.12156868
10.13529491
9.97843361
9.61372662
8.98431683
5.82549000
5.45098019
5.03333330
4.86862755
6.11960888
7.72549105
9.58235359
13.59215736
13.38039207
14.84705925
15.84313488
13.16470432
10.58235455
9.91764736
9.68431473
9.08627605
9.41568756
6.36666632
5.93137312
4.82549095
5.16862774
5.33529472
7.19411755
8.46274567
12.44117546
14.01960564
14.61372566
15.09412098
13.81960678
11.69215679
10.04705906
9.74509907
8.25882435
9.33333397
7.70588255
5.80588341
5.06470680
5.12745094
4.95490217
6.64117479
7.96862745
11.49607754
14.51960945
15.66666794
14.74705887
14.16666603
12.60196209
10.12352753
9.73333359
8.18627357
9.17843437
8.45293999
5.83137274
5.04509878
5.14509773
4.90784359
6.08235216
8.16078377
10.00980473
13.83333492
18.72352791
16.40000153
15.27058506
12.81960583
10.20588303
10.02941227
9.12156868
8.38431263
8.37843227
6.35098076
5.42353058
5.18627453
5.16470575
5.35098028
7.43137169
9.12744999
12.73333263
20.06666565
19.92549324
15.75686264
13.90980434
11.16862869
9.93333435
9.97058868
7.89803982
8.36274433
6.78039169
5.63137197
4.89019680
5.23333406
5.14901924
6.58039236
7.96470642
11.60784149
17.74117470
23.08431053
18.01568222
14.71372414
12.82156944
10.15686226
10.46666718
8.40784359
8.03529358
7.54705906
5.51372528
4.91960812
4.90980387
5.23725462
5.93725491
7.30784416
10.69411850
14.78431320
24.71765137
20.84706116
16.20980263
13.81176472
10.90392017
10.98235035
9.40000057
7.81568527
7.53529501
5.83725452
5.12549114
4.95882416
4.95686293
5.57647133
6.90196037
9.69803905
13.38627529
21.92353058
24.98039436
19.35294151
15.14313602
12.32745171
10.84509754
10.23137188
7.91372681
7.41764641
6.26666737
5.25098038
4.58823490
5.30980444
5.34509754
6.41176462
8.17843056
13.04510021
18.05294228
26.79411697
21.39216042
18.34117889
13.66470337
11.14509964
11.21764660
8.37058926
7.40392160
6.68627405
5.39999962
4.53137255
5.10196114
5.28823519
6.08823490
7.85098076
11.73333359
16.30196190
25.29215813
24.10784340
21.35882187
15.80196190
12.40196133
11.52156830
9.69803905
7.10980368
6.84313631
5.73529434
5.10588360
4.99803877
5.67254972
5.43921566
7.51568747
10.95882416
15.10784435
22.15489960
26.35293961
22.56862640
19.60784149
14.52353096
11.73529434
11.11960506
7.21764708
6.84313726
5.68823576
4.94117737
4.65490198
6.04509687
5.26274681
6.93333340
10.93137360
13.49804115
19.57059097
26.06274414
23.89608383
23.07843018
17.43922043
12.52352905
12.28627300
8.80588245
6.34313726
5.64117670
5.03529358
4.16274548
5.29019642
5.65490198
6.01764679
9.68823528
12.82352829
17.52157021
24.46862793
25.49215698
24.00784111
20.70588303
14.12549400
12.89803982
11.31764793
6.67450809
5.55098057
4.80784369
4.55098104
4.38039255
5.60784292
5.35882330
8.89019680
11.97058964
15.96666527
23.10588074
27.84902000
25.20588112
23.21764565
16.64705849
13.69216061
12.84705925
7.40392017
5.76078415
5.12156963
4.85686207
4.20392179
5.23921537
4.92353010
8.21960831
11.53333569
15.30392265
22.65882492
29.86274338
29.01764870
24.66471100
18.91960907
14.95882416
13.16274548
10.15098000
5.61176395
5.59803915
4.78431368
4.04705858
5.01764727
5.09803963
7.51568604
11.81960773
15.44705963
21.36078453
31.08627319
31.72157097
25.65097618
20.81961060
16.20196152
13.95294094
13.08823586
5.86078501
5.62549019
4.78431320
3.91568637
4.45686293
5.62941170
6.58627510
11.23725510
15.58627605
20.76862907
29.93921661
31.93529510
26.91764832
22.18823433
17.17451096
14.86078548
14.01568794
7.38823652
5.56862783
4.78823519
4.20588255
4.24313736
5.23921680
6.52745008
9.94313812
15.53137398
21.57843399
26.35882759
31.92941284
27.79411888
21.56666565
17.70588112
15.91961193
14.53333473
10.00588512
5.55686378
4.96274424
4.25490236
4.40980434
4.73137236
6.55490160
8.92941284
13.93725395
22.28431320
24.51372147
29.46078491
25.97842979
20.36078644
17.19215584
16.03725243
15.19803715
12.59607792
5.04509926
5.07254887
4.52941227
4.19019604
4.52156878
6.10196114
8.36862755
12.54706001
20.17843246
26.03332901
24.92744827
25.04705620
19.87059212
16.48039627
15.36078739
14.93921566
13.46470642
7.29215765
4.80392218
4.76274490
3.80196166
4.27450991
5.54902029
7.42156839
12.13725758
18.18039322
24.54314041
23.63725662
23.46078873
20.12548828
16.47646904
15.11960697
14.30980492
14.29019833
9.91764545
4.85490179
5.21372557
3.99215794
4.00980473
4.79803944
7.20980501
11.06666660
16.76470566
22.46078110
22.79999924
21.67843437
20.91960716
16.15490150
14.58431244
14.59607697
14.25098324
12.60000134
5.31568527
5.14902020
4.87058878
4.00588274
4.47254896
6.67843151
9.86470604
14.61176300
20.36862755
19.94705963
20.73725319
21.56863213
16.34118080
15.08823490
14.51372433
14.57254887
13.00784492
7.53529549
5.09019566
5.04509830
4.41764688
4.34509850
5.62745094
8.87843132
13.30392075
18.43725777
18.18039513
17.86274529
20.66274834
17.72157097
15.05294037
14.81568813
14.37255096
13.70784760
9.28235435
4.86470699
4.68431330
5.35098076
4.50000095
4.95490265
7.80784416
12.51372433
15.84705925
17.12352943
14.86666393
20.79999924
18.51176453
14.78627586
14.60392094
14.33137131
13.90392303
11.61372566
5.38823509
4.72549057
5.21568727
5.12941313
4.93333292
6.81960726
11.51176357
13.56078434
16.58431625
13.74705982
18.20391846
19.26078796
14.84902000
14.43137074
13.62941360
13.93529415
11.87450790
7.25686312
4.87058926
4.79803944
5.54509830
5.35882330
6.09019613
9.99607658
12.97843361
14.19607830
13.32353210
14.60980606
19.00783920
14.93725395
14.17254829
12.96666718
13.52156639
11.51176548
8.65490150
4.70392179
4.82549000
5.49803829
6.03921652
5.42548990
8.30980396
12.32352829
13.86274242
12.50588131
12.32156754
17.41372490
15.28431702
13.89019680
12.39804077
13.03333282
10.92352867
8.90196228
5.18627501
4.72745132
5.10588312
5.86470556
6.27451134
7.09411716
12.01568699
13.59019566
12.67843437
12.43921566
14.57254982
16.24313927
13.97451210
12.56862831
11.90980244
11.63921452
8.78627300
6.59411955
4.40980339
4.68823624
5.30392122
6.39411688
7.09411669
11.62548828
12.95294094
13.78431416
11.65097904
12.61372662
16.11960793
14.13529396
13.01568794
11.42549515
11.37254620
9.14705849
7.56078482
4.55686283
4.44509888
4.60784388
6.47647047
7.93529415
11.43529510
12.48823547
13.59607601
11.68039227
11.44902039
14.64313602
14.46862793
13.25490379
11.74706173
10.71176624
9.12745094
8.26862717
5.08039284
4.22941160
4.53333330
5.88431406
7.30392218
11.37843323
12.62745190
13.22352982
11.88039112
11.02745152
12.23333359
14.50196075
13.08235073
11.50588322
10.51568413
9.24705887
8.18627453
6.42353010
4.15686369
4.15882540
5.02353001
7.11372519
10.09215546
12.32353210
12.77647018
11.99803925
11.15490055
10.86274719
13.88823700
12.99215794
11.79999924
10.33725452
9.44705868
8.28235340
7.24509764
4.71372604
4.32941151
4.28235340
6.96078444
9.20588207
11.57647133
12.38431454
11.64902210
11.45098019
10.34509850
12.50392056
13.51176548
12.11372852
10.23333359
9.33725548
8.47255039
7.44313622
5.35098028
4.34705973
4.22941160
5.98823547
8.57058811
11.31764603
11.79803848
11.41176701
11.18431282
10.71764565
11.22549057
14.04901791
12.45686150
10.70588207
8.95882511
8.56078434
7.08039141
6.04901886
4.94705915
4.17451048
5.36666775
7.08235216
9.84510040
11.18823433
11.25686455
10.71764565
10.87058830
10.05098248
13.40588188
12.62940979
10.79019547
9.04902077
8.34706020
7.79803848
6.17058849
5.21372557
4.53333330
4.92352962
6.22352982
8.23921585
10.81960678
10.63921738
10.02156925
10.97058678
9.90196133
11.74705887
13.08235264
11.30980492
9.29215622
8.53137398
8.18431568
5.87451029
5.50980377
4.50196075
4.87647104
6.48235226
7.49803877
9.86666584
9.99803925
10.23725510
10.15098095
10.12549305
10.40000248
13.06470299
11.52353096
9.88431358
8.63529491
8.09215736
5.90784311
5.56666708
4.87058830
4.67843151
6.35490227
7.33137131
9.19999981
9.81568623
10.63137341
10.26666737
9.79215717
10.11568737
12.41176510
11.85097980
10.36666870
8.58039188
7.92549086
6.46274567
5.74313831
5.03137255
4.52156830
5.99803972
6.87451029
8.83725548
9.47451019
10.49803829
10.10392284
9.66274643
10.04509926
11.72353077
12.09607601
10.57451057
8.66862488
8.18627453
7.36274576
5.44705820
1.24313724
