20.38823700
27.58431625
26.11960602
25.63333321
24.75882149
24.76273918
24.51764488
22.05294800
23.95686150
23.06078720
23.24510574
24.18627548
24.37254524
26.02744675
23.84117699
25.44509888
24.11960793
20.75098228
21.67843246
25.96469879
25.27450562
24.79216194
25.17450523
25.03332901
22.84901619
21.46863556
22.89216232
22.36470985
22.70195961
23.61176300
24.06470108
24.21177292
23.88235092
25.16274452
23.34509850
16.63921547
24.97843361
24.44510269
23.73137283
23.82744980
24.74901772
23.96078682
21.45685959
20.75881958
22.28430939
21.88038826
23.30000305
21.80980492
21.75490379
22.44510078
24.72156143
24.29804611
22.88235855
15.60980511
26.22352791
23.06079102
21.40784454
22.13529968
23.32156944
20.52745247
20.99999809
20.81568527
21.69215584
22.30588722
21.87451172
19.54314041
19.41960335
22.64118004
25.71372795
22.81176567
21.82941437
16.58039093
22.95686722
21.10980225
20.14901924
21.14313126
20.91372681
18.74902344
20.11960793
19.88627625
21.12745094
21.62353516
18.47647095
18.58039093
20.01765060
23.01764679
24.74313927
21.54509544
20.36666679
17.91176224
21.36078644
20.66274452
20.21960831
19.91960716
19.71961212
18.32156754
18.51372337
17.76471138
19.44510078
18.97254944
17.34117508
18.71568680
20.82548714
22.29215622
23.26666832
21.13921356
16.59999847
21.36274529
21.10392189
20.72548676
20.08235359
19.35294151
19.33333588
18.24706268
17.42156792
17.23137283
18.43921661
17.80784225
18.36666679
19.57255363
21.23333359
22.38235855
21.87647247
22.17255592
16.58039093
22.69216156
20.31568336
20.44314003
20.29215813
19.54117775
20.34901810
18.93922424
17.36666870
18.28235435
18.91373062
19.20980644
19.45882416
20.99215317
21.42157173
22.94902039
21.65686417
21.39215660
18.55686188
21.83529472
20.21960831
20.78823280
20.47450829
19.97450638
20.58039284
19.30196381
17.80784225
18.99411774
19.96667099
21.10000038
20.28039169
22.78823471
22.63529587
22.97842789
22.32352829
18.98823738
22.37843132
20.84117699
20.02156830
20.92744827
20.55294228
20.83137321
20.34902191
19.05294037
18.40196037
19.70195961
20.61568069
22.05490494
20.90587997
23.60588074
24.46666336
22.30195999
23.44313431
19.20980453
22.60196114
21.10784721
20.47842979
21.34117508
21.07254601
21.41175842
21.23529053
19.00000572
19.92353058
20.44509888
20.73137093
23.46079063
21.52549171
24.60392380
25.91176224
22.47647285
24.17450714
12.13725471
23.28236389
21.67646790
21.51568222
22.26667404
21.46667099
23.38627434
21.87450790
19.66274452
21.37058449
20.97059059
21.56274605
23.72549438
24.45686340
26.69804001
24.96666908
23.17058754
24.56862640
12.29607868
22.94510078
21.98823166
23.84705734
23.54117584
23.48431396
24.95685959
22.45685577
20.01764297
21.86862183
21.27843475
22.15882492
24.77843666
27.08431625
26.80000114
23.66078758
24.94509697
22.63529205
20.38235474
22.66274452
21.44902229
25.77647400
25.26470566
25.26667023
26.46470833
22.77450752
20.83137131
21.33921814
22.65489578
22.46274567
27.03332901
27.62745476
25.95686340
22.73725700
25.87058830
21.56078529
21.97451210
23.10392380
20.78823471
25.59608269
25.85882378
25.85882568
26.46470070
21.87451553
23.17647171
22.79804230
22.90980339
21.74510193
29.64902115
24.45098114
25.21764946
24.36078453
26.63137627
18.96078873
22.12157059
22.74117851
18.05686569
22.27255058
24.08431053
24.35097885
25.15882111
21.80980492
26.35294151
26.03725243
19.92156410
21.34117508
25.42156792
23.37059021
24.03334045
24.62745667
24.54705811
17.86470795
22.84117508
21.12549210
16.01764870
20.02548981
23.21372604
22.00980568
24.59019661
24.22156334
28.63725471
28.11960793
17.12549019
19.96862984
19.57647133
25.27647209
21.92156410
24.00784302
20.70195961
19.76078033
22.93529320
19.86666679
15.42941093
19.68823624
22.06862831
22.25294304
25.44509888
27.32156944
30.29216003
27.21764755
15.91764736
19.22156906
17.15490341
25.10980415
19.48431015
23.56666946
17.46862793
21.14902306
22.79019547
18.25686073
16.06862831
20.00392342
19.92941284
23.18235016
27.10980225
28.02156830
30.97842979
25.30195999
16.38823700
20.95490265
17.38823509
22.21373177
19.04117393
23.66078568
15.78823853
21.61765099
22.50196075
16.63333321
17.07451057
20.32548904
18.67842674
23.58431053
26.39216042
28.86275101
29.42352867
23.93921089
19.51765060
19.41960907
18.52157021
19.15686035
18.75294113
24.65490913
15.42352867
21.21568871
21.71568489
19.96863174
16.89607620
18.38235283
18.63137436
23.60980606
26.20000267
24.75686646
26.94705582
25.28823853
23.10392761
17.21568680
18.40588570
17.53725243
21.00980377
20.60980415
16.87450981
21.84313393
21.60588264
22.38431549
15.90784550
17.29607773
18.11372757
23.86862755
24.04902267
21.94117546
27.32941246
26.11176300
23.87255287
15.84117794
18.63137627
16.79803848
25.43725586
16.89411736
17.76470757
20.32353210
23.20784760
21.04901886
16.12549019
16.38039589
18.09215927
24.39607620
23.08627701
23.19607544
24.43333626
26.19607353
21.59019852
18.67058945
18.64509583
18.84902000
26.24706078
15.85882378
18.14117813
19.24705696
23.45489883
18.09803963
16.77843285
14.71176529
17.80392075
25.02352524
21.97647476
21.34118080
20.37843132
24.65490150
19.98627472
22.39803696
18.23725510
24.60784531
22.26274490
15.00391960
17.76470757
17.92156792
21.42941093
15.80588818
16.45882225
13.81176758
18.09999847
24.33725739
19.45882416
18.26078606
18.84705734
22.79607964
20.07646751
21.70980835
18.79019737
27.26078415
17.73921967
15.73921585
16.37647438
17.66470718
18.70784569
15.38235474
15.60784435
13.98235130
18.62745094
21.51372719
16.54705811
16.26862907
17.89803886
20.88627434
21.29804039
19.97058678
20.60784531
24.95882607
16.27254868
15.14706135
15.99803925
17.61372375
17.29216003
15.95490265
14.44117546
14.67255020
17.01176262
18.24117851
15.83333397
14.85293865
16.98627281
19.09412193
22.32941246
18.80392456
24.01176262
20.48823166
16.34509659
15.33725643
15.66862488
17.36470795
16.36274719
15.69804192
14.87843227
14.32745171
14.92549133
16.40392494
14.56078339
14.19804001
16.09411812
19.74313736
21.02156830
18.98431396
24.49019623
17.32549095
15.02941132
15.66078854
14.61176491
16.69215965
15.33725357
16.01176643
14.54902172
13.90196037
14.78235435
14.96666527
14.48235321
14.03333473
15.98627663
20.90196609
20.36470604
20.07646942
21.59215546
16.15882492
15.59019661
15.43333817
14.10000134
15.77451134
15.34902191
15.37255001
14.92156792
13.14705944
14.57254791
14.96274662
14.61764431
14.49804115
17.65686417
21.74117661
19.31764984
21.78823662
18.44313431
16.25686264
15.93333340
15.61764908
14.05686378
14.98431301
14.59215546
15.44509792
14.10784245
13.27254963
14.06666851
14.99412060
14.59215736
14.54313850
20.02745056
22.35882568
18.98627281
21.29216003
16.85686111
15.82941341
16.44313622
15.15882397
14.19411755
14.15882397
14.30000114
15.06470680
13.65686512
13.45882320
14.48627663
14.60195923
14.84705639
14.56078339
21.96274567
21.79607964
19.66666603
19.06862831
17.04706001
15.68039322
16.10980415
14.98235226
14.34313679
14.27450943
13.81960487
15.03529549
13.13529301
13.59019566
14.60784435
14.19019318
14.63725471
15.19999790
21.61568451
20.71372604
20.36274719
17.36470985
17.68431282
15.38235474
16.07647324
14.65097904
14.18823528
14.49999809
14.76666832
13.38431358
13.21372795
14.12548637
13.74509525
14.09803772
14.65882397
15.62941360
23.30980682
17.45294189
21.83137321
17.87843323
16.63725662
15.59607792
15.66078663
14.87843227
16.44117546
13.20196152
15.47647190
12.46862411
13.71764755
14.52353287
12.66666794
13.85097885
14.57058811
16.86078262
22.32941055
16.60000038
21.74117661
17.88627815
15.55097961
15.72548866
15.01568794
15.05490303
17.64901733
12.74117661
16.34117699
12.27647209
14.30588341
14.16862583
13.00588226
13.49411678
14.74705887
18.07646942
19.02156639
18.29999924
20.14313698
16.20784187
15.87254715
15.19411659
14.78235054
15.01960850
15.78431320
14.71764851
15.73137283
13.60588264
15.05882263
13.76274681
13.05882359
13.78431225
15.16862869
19.06862640
16.83333397
20.51960945
19.25882530
14.96470547
15.61176491
15.16470528
15.04117584
15.15882397
13.20392227
18.95686531
15.30588341
14.34902000
14.68039513
13.16666985
12.94902134
14.28235149
15.53137112
18.28823853
16.48823357
22.13137245
16.73725510
15.05882359
15.90784454
15.30784416
14.41960907
14.26078415
12.11372471
22.92157173
15.57647324
14.60196400
13.59215546
12.76666451
13.52156639
14.92548943
15.95097923
17.24313736
17.13921547
20.57843399
15.67647266
15.25882721
16.65882301
14.90784454
14.22744942
13.23333359
12.75098133
24.11764908
17.08235550
13.45294189
13.08823586
13.03725529
14.22549057
15.04706097
17.39608192
16.58039284
19.18627167
18.43333244
15.16274357
15.47843170
16.20980453
14.45098209
14.49215794
12.52941227
14.68235302
23.12157059
16.77450943
12.54902172
13.28235054
12.99803925
14.80980396
14.54509926
18.73137093
16.22941399
20.60391998
16.03529549
15.08038998
15.43725586
16.10195923
14.79803848
13.90588188
11.84509659
16.86470604
21.98431396
16.54902077
12.73333168
13.01372337
12.69999695
14.64705849
15.70195961
17.80784035
16.74706078
19.10588264
16.01176262
14.52549076
15.67843056
15.95098209
15.21764946
12.88431454
11.45294189
19.49019432
21.81176758
16.48235130
14.00392056
13.12549210
13.09019279
15.17451096
15.30587959
18.18627167
18.29411888
16.77647018
16.17058945
14.64509487
16.14902115
15.14117813
15.55294323
12.25686264
11.44313717
21.52941322
21.09804344
17.53529358
15.28039169
13.80391979
13.61764622
14.53137302
16.18039322
17.78039169
17.39608002
16.72549248
15.96470356
14.68627548
16.48823738
14.55882549
14.55490112
11.58431530
13.83725548
22.46666718
21.19803810
17.27450943
15.93921471
13.78431225
13.99607754
13.91372490
17.62745094
16.73529434
17.22353363
16.15686035
15.58627319
14.99804211
15.65294361
15.33137321
12.71568489
11.73725605
15.63921452
22.20196342
20.39411545
17.58431625
15.44509888
13.59216213
14.13137436
14.08039379
18.48823738
16.36666870
15.98431396
16.03529549
14.84313488
16.03529358
15.71568584
16.18823624
11.34509850
11.14705849
17.01176453
22.89215851
18.74706078
17.51765060
14.55294037
14.00588226
13.41372681
15.03529358
18.19804001
15.90588379
15.73333359
17.19019699
14.45882607
17.06862640
15.60980511
15.54313850
9.95490265
11.09607792
17.79411697
23.35686493
17.70000076
16.84509850
14.07058811
13.65686131
13.21568871
16.10392380
18.39803886
15.15294266
16.23137474
17.04902267
14.24706078
16.16274643
15.84313583
13.34509754
10.03921509
13.23725510
17.62940979
23.68038940
17.57843018
16.06666756
13.82156849
13.69215488
14.15489769
16.73725700
17.88039398
14.74117661
15.57646847
16.48235512
15.42549133
15.31176567
16.98627663
10.82549095
9.88627625
14.75686264
17.86862946
24.18823433
17.35686684
15.48627377
14.52745152
14.54510021
14.31764793
17.64509773
16.79411697
15.22353077
16.59607887
15.02352905
16.18823814
15.56666851
16.92549133
9.48823738
9.50588417
15.47646999
18.95490265
23.77254868
16.98235321
15.06470585
14.76666546
14.46862793
15.48823738
17.59019661
15.92352962
15.53725624
16.73725510
15.05490112
17.69019699
16.15882492
15.58039284
9.09019661
10.56274509
15.19803810
21.01372528
22.03333282
16.69412041
16.09411812
15.00196266
14.31372452
15.83529377
19.05882645
14.83725643
15.37450981
17.55294228
17.73725700
17.25098228
17.21568871
13.22744751
9.11176586
11.76470661
15.74509811
22.22352982
20.25686646
15.93725967
16.99804115
15.16078281
14.39999866
17.02157021
18.73725700
15.39019585
15.87647152
16.65490150
20.98039436
17.81764793
18.30196381
10.29215813
8.56862831
12.89411736
16.61176491
21.61176300
19.47647285
16.82353210
16.30196190
15.14901733
15.75686073
17.02549171
17.20980644
15.49019718
16.19803810
16.49215889
22.70196342
18.98823929
17.56862831
8.82548904
8.50392151
14.12548923
18.05882263
20.88235092
18.77255058
18.87843323
15.95098019
14.50000095
16.53529549
17.54313850
15.47450924
15.14509869
15.87450981
17.19804001
22.88039207
18.98039246
15.26666451
8.56078529
9.70196056
15.60000038
18.43529320
20.34117889
18.26666641
18.82941246
16.93137360
14.20196056
16.58039474
18.58039474
14.43333721
14.89411926
16.63137436
17.21765137
20.98235321
18.66666603
13.13529491
8.55490303
11.84313583
15.33725929
18.80784416
20.19411659
18.31372833
18.42353058
18.83725739
14.37058926
17.28431511
17.36862946
14.43921280
15.34509850
16.06470490
17.26862907
18.85686874
19.10784531
10.17647076
8.55882359
13.27058792
14.75294018
19.49608040
20.21372795
18.71961021
18.48823547
18.69020081
16.44902039
17.26078606
16.20000267
14.94509792
15.32156944
14.81568813
17.64118004
18.56470299
18.31960869
8.59019661
8.29803944
14.84509754
14.96862888
19.90980530
20.32548904
18.69215965
19.13137436
17.72353172
17.38039207
18.86078453
15.30391979
14.67450905
15.14313889
13.53333569
18.86471176
17.81764603
16.43137360
8.50000000
9.22744942
14.68235207
15.96470547
19.50391769
19.71372604
18.64509964
19.91960716
17.89608192
18.00784302
20.42548943
14.10391998
14.42352772
16.66666794
11.50784206
18.59608078
18.55097961
12.84510040
8.47646999
11.73725510
13.31568718
17.26274872
18.02549171
19.35882568
18.87254906
20.65098000
17.64313698
17.35686302
20.73137665
13.75882149
14.52941513
15.93137360
13.60196114
16.80392075
18.58823586
10.21176720
8.53333378
13.94117451
12.68627453
17.00000191
18.71961021
17.78038979
19.75489807
20.25686073
17.58431435
17.49803734
18.70783806
14.15294170
15.11372471
14.89411831
14.76666546
16.81764793
16.92549324
9.25686169
8.76274586
14.83921528
12.99215794
17.03725243
19.39215851
16.34705734
19.64705849
20.01176453
16.60196114
19.91568947
16.66666794
14.31176567
18.53137398
12.59215546
15.53921795
17.93921280
14.42548943
9.34705925
10.05686283
13.64117813
14.82549286
16.72352982
18.59411812
16.25098038
18.71372604
18.85489845
14.93921566
21.93529320
15.38431263
16.57254982
19.88039207
11.10980320
16.70196342
17.90784454
12.19412041
9.00195885
12.07254982
12.62941074
15.50588226
16.32941055
16.76666451
16.15686226
17.63137245
18.11372757
14.94901943
22.15293694
15.10588646
17.40196037
18.51568413
13.07646942
17.25490379
17.90392494
10.77843094
8.48235416
14.16863060
12.44313717
15.54902172
15.89999962
15.54509735
15.84705925
17.84901810
17.71960640
16.41176414
21.86470795
15.11960793
19.16470718
16.38627434
14.83137512
17.09999847
16.11372375
10.44902039
8.76470566
14.73137379
13.16274643
15.85686493
15.36470699
15.11568642
14.55490017
18.92745209
16.75293922
18.93529510
21.15686226
15.86470318
22.15098190
13.01372719
16.10588264
17.33529663
13.91372585
10.36470413
9.90588284
14.46470547
14.44117546
15.75490475
14.99019814
15.08627415
13.99804211
19.47058296
15.41764641
22.11960983
19.63725471
17.27058983
22.99411583
11.11176491
15.77843380
17.46078873
12.29019737
9.65294266
11.94705963
13.69804001
15.08431339
15.31764698
16.20392418
14.64705944
15.17843246
17.72548866
15.63725471
23.23921585
19.25294304
19.05294037
21.16274643
11.65293980
15.18039322
16.93137550
12.07254982
8.89803982
13.36862469
13.81372833
15.66666698
14.55294037
17.43529510
13.90980625
16.77254868
17.74902153
16.31176567
23.97451210
19.76274872
21.90784454
17.66078186
11.51764584
14.59411907
15.94706059
12.38627338
8.83725548
15.31960869
14.68823433
15.61176300
14.37646961
17.49804306
12.66470432
18.04510117
17.87451172
18.14117813
23.74706459
20.61372948
24.89804077
13.09608173
12.38627243
14.74117851
14.27254963
12.44118118
9.77647114
15.72352886
14.73529434
14.65490055
14.72941303
16.97647095
11.61764622
18.85882187
17.71176529
19.94117737
23.66666985
21.23333359
25.64313698
9.70784378
12.92745018
15.69411850
13.90784168
11.20980358
10.98823643
15.32941246
13.67254734
14.07843590
15.83333302
16.00392151
13.19411755
18.68235397
18.19215775
20.14706039
23.54901314
23.30980682
20.69215775
9.37451077
13.35686207
16.24313927
14.20784378
9.61960793
12.01568508
15.10392094
13.47842979
13.84705639
16.47843552
14.11176491
15.30196190
18.89019966
17.78823280
21.37059021
23.46078873
25.16667175
14.90784264
10.20392132
12.57646942
15.84117699
14.07058811
9.32941341
13.47842979
14.25490189
13.13725376
13.94509506
17.09411621
12.56470680
16.70980644
18.02548981
17.53725243
22.27647209
23.97451019
24.56666756
10.59411526
10.88627434
12.72156906
14.99607944
13.50000095
9.10980415
14.87255096
13.03137302
13.54509926
14.64313602
17.23725510
11.76078606
17.94902229
18.16862869
17.97058678
23.34117317
24.25686646
21.30980301
9.39411736
10.15490246
13.27254868
14.58235455
11.56666660
9.62352848
15.06470776
12.32745361
14.92745113
15.05490208
15.51960850
12.14509773
18.03529358
17.99020004
18.26862717
23.62549210
25.40980911
16.33529472
8.84313869
9.11176682
14.15294456
14.55686474
9.92745113
9.95294094
15.23725510
12.05490208
17.25882149
15.01176643
14.52352905
13.19999981
17.87647247
17.29411888
19.09215736
23.95098114
24.90784073
12.61764812
8.87058735
9.08823395
13.93725395
14.70588303
8.72353077
11.86666584
14.63137627
12.75294209
18.90588570
14.68627453
13.02548885
15.05294323
17.07058525
16.51568604
21.04117966
23.45686150
21.77647591
9.64509773
8.86862755
9.58823490
14.06666756
13.49608040
8.43137264
13.28627682
13.69803905
14.34313965
18.24313164
13.91176701
11.81372643
16.78039360
16.36862755
15.77059078
21.81372833
23.28431129
16.02745056
9.26078510
8.12353039
10.82156944
14.34313774
11.53725243
8.82156754
14.92940998
12.86274433
16.49215889
16.23137283
13.27646828
11.76470661
17.67058754
15.38431549
16.31764603
22.05294037
21.98627853
12.95294094
9.59215546
7.04313803
12.00000000
14.84509754
9.72353077
9.64117718
14.96666718
13.23725700
18.93725586
13.97646809
12.81568623
12.48823547
17.55490494
15.31372738
16.89803886
21.47843552
20.99216080
10.52156830
8.93333530
7.13137245
12.95293999
14.78823376
8.21568680
11.81960964
14.72941208
13.72941303
18.73921585
13.64117813
12.26078606
14.87450981
17.14509583
14.60588264
17.93137550
22.24706078
17.75098038
9.85686111
7.80196095
8.87647057
13.56274319
13.39803886
8.05882263
13.63333321
14.33333397
13.93333340
17.10784340
14.13333416
11.37843132
16.83137131
15.88235283
14.10980415
18.28039169
22.32941055
14.79215908
9.36470699
7.32352972
10.74313831
13.97059250
11.49019623
8.94509697
15.08431149
12.34705734
15.40392303
14.33529758
13.57451057
12.53333378
17.15686035
15.24902344
14.69608021
17.31960869
21.01176453
12.49019527
8.55490208
7.36274576
11.66274643
14.56863022
9.46666431
10.95294094
14.58627510
11.29804039
16.78235054
13.46274376
13.40980530
14.72353268
17.03725433
14.14509869
15.62156773
17.67058754
18.87451363
10.87647057
8.45490265
7.11960745
12.17451000
14.51372528
7.68039131
13.36470604
13.30000019
12.00196171
17.06863022
13.48431492
12.20980644
17.62745094
16.44902420
13.72352886
16.65882301
18.11764717
16.78431511
10.38627625
7.94313669
8.02548981
12.93333340
12.16078663
7.11568689
15.22941589
13.84705830
12.49215603
15.92745209
13.94509888
11.92352772
19.19804192
15.61176682
14.70784187
16.02745056
17.68627548
13.97255039
9.07843018
7.20196009
10.02941227
13.55294228
9.86274529
7.82352972
16.96470642
13.04313564
12.66470623
14.34313679
13.10392189
14.54705811
18.96470642
14.72352791
17.19999886
14.12352943
17.63529587
11.83333588
7.79803991
7.27647018
11.36666775
13.95882511
7.63725471
10.84117699
15.61764908
11.86274815
13.69215965
13.17058754
12.61960697
17.96470451
17.84117889
14.40784359
17.95490265
14.02549076
17.72548866
9.93921661
7.60980320
7.11176443
12.14313602
13.54509735
5.96862745
13.38235474
15.27647018
11.31568336
14.45686245
12.90980530
14.09019566
19.88431549
16.81373024
14.72157001
17.53333282
15.48039246
14.81960678
8.97255039
7.19215775
8.89411831
13.21372414
11.21372604
5.75294018
15.49411583
15.20784378
11.25294304
14.35294247
13.61372662
16.52157211
19.84902191
15.01568699
16.29215813
15.81764507
17.00588226
12.68823624
7.44902039
7.10784245
11.19607830
13.39412022
8.36078358
7.69607830
17.61764908
14.09215927
12.39019585
13.60196018
14.30392075
18.93333054
19.04117584
13.81764698
18.02745247
14.36862850
18.34509659
10.37255001
7.31372595
7.50980473
13.00588131
14.31764889
6.59019518
11.27647114
17.79411697
12.71176529
12.76862621
13.91960621
15.23137283
20.20784569
17.83333397
13.81568718
18.97843361
15.52941513
16.35490608
9.43137264
7.33921576
9.41176605
13.46078396
13.05882168
6.81372547
13.84509850
17.53529358
11.40392208
14.14313793
13.89411831
16.93921661
19.62549400
16.53725815
15.33529472
18.14510345
17.01960945
13.67058754
8.61176682
7.04901886
11.93137264
13.86274433
10.19999790
7.78431463
16.13137436
16.48823357
11.94509697
14.42745113
14.16862583
17.91764259
19.20588303
16.47254944
16.67843056
17.04902267
17.31373024
12.94313622
7.19803905
7.12745190
13.84706020
13.86078548
7.15882301
10.44509792
17.36667061
15.00196266
13.77451038
13.84509754
15.10784721
19.14706039
18.99804115
15.31960678
18.66078186
16.24902153
16.80392265
10.67058754
7.65294170
8.38823605
14.27843094
13.27254963
6.75882387
13.42352962
18.65490150
14.72353077
14.91765022
13.44706154
16.51960945
19.25686455
19.56666565
14.20195961
19.89999962
16.26666641
15.65294170
9.78235435
7.91176462
10.13333416
14.13529301
11.04117584
7.79019737
16.15882301
18.08235359
15.69804001
14.99019432
13.35490227
17.94313812
18.32941246
18.34509277
14.66274357
20.18038940
16.80196190
15.25882435
9.91176414
7.03137207
12.23921394
14.09803867
8.41960812
11.25882435
17.71372414
16.70000076
16.27059174
13.58627701
14.77451134
18.11568451
18.53333282
16.64117813
14.95098114
20.21373367
17.12744904
15.42745018
8.83333397
6.79019594
14.51372719
13.48627377
7.59999990
14.48235321
19.54117966
15.92941189
15.34509945
12.42549133
16.43529510
18.09999847
19.04705620
14.19999790
16.00195885
19.08039474
16.24705887
14.39019680
8.62549019
8.26078415
14.47254944
11.94705868
8.59999943
17.38823509
19.16470146
16.48235512
14.53333282
12.78823662
17.37059021
17.47058868
18.82353210
11.91568565
16.36862564
18.18627548
15.84706020
13.81764889
7.80000067
10.29411697
13.82941055
10.16862679
10.55686378
19.74117661
16.94510078
17.40588379
13.52352905
14.35098076
17.45490265
17.37451363
16.76666832
10.95686340
17.28039169
16.57059097
18.11372566
11.25490284
6.56078386
12.61764622
13.25490570
8.22745132
14.21372795
19.90980530
17.10588646
15.94117737
12.46862698
16.16666603
17.91960716
17.52941132
13.50196075
11.48627377
18.22745132
15.14313984
19.97058868
8.58039284
6.79999971
13.51176548
12.64509583
8.00980377
16.71372604
18.62549210
17.60588264
14.55490208
12.86470699
16.78235435
17.93529129
16.78431320
10.74705982
13.33529472
16.69803810
16.29803848
18.42744827
8.37450981
7.46078396
13.07647038
11.63725471
9.48627567
17.93333244
16.94314003
18.15882492
14.07450867
14.76666451
17.25294304
17.40980148
14.74901772
10.10392284
15.85294342
15.62156868
18.09019661
15.12941456
7.84902000
8.70784378
12.57647133
9.54706097
12.46470451
18.33333206
16.60588264
17.77843666
14.62353039
16.73725700
17.17647362
16.85882187
12.93529510
10.47059059
18.12745094
15.20392227
19.15686607
11.80587959
6.95882273
9.55882359
12.43921757
7.88627434
15.96470737
17.61960602
17.58823776
16.86666107
15.82549095
16.99411774
17.73333359
16.56078720
11.82941246
11.38431358
17.64313698
17.31764793
20.29019547
8.29411888
6.79019642
10.16666794
11.70980453
8.87843132
17.04705811
17.61568832
18.95882225
16.43137360
16.27451134
16.74901772
17.76078415
15.82549191
11.22156906
14.82352924
15.47451019
20.15098381
16.76078987
6.97647142
7.05098152
11.26666546
9.79019642
11.05490494
17.41176414
19.06470680
20.23529434
14.54705906
16.81372643
16.99411964
17.00195885
14.58431244
11.58235359
16.25686455
15.15294170
21.52157021
13.33529472
6.92549086
7.35686350
11.38235378
7.76862764
13.55098152
17.52157021
21.08823776
18.30587959
14.55294228
16.71569061
17.93137360
16.20196152
13.45882320
13.17450905
15.26666832
18.35882187
18.67255020
10.76666737
7.21960831
8.01764679
11.30392361
7.47843122
14.73921585
18.79411316
21.40784645
15.32745171
15.42156696
16.61568832
17.44314194
15.74117565
14.06862831
13.74705791
14.87843323
20.90784264
15.64117813
8.33333397
7.28627396
10.01568604
10.37255001
8.73921585
14.49215794
19.90587997
20.87255096
13.59215736
16.03333473
16.44509888
16.42941093
15.76862907
15.25294209
13.69411659
15.12156963
20.81764603
13.18627357
7.09411716
7.82353115
11.84901905
9.04705906
9.59999943
14.94509697
21.04313660
18.95294571
13.49019623
16.84313583
16.26078606
16.32548904
16.63725471
15.33333492
13.96470547
16.59215736
19.68039322
11.52549267
6.78431416
9.28823566
11.75686169
7.16470480
9.83725452
16.74313736
21.94902039
15.34313774
15.20980358
16.98823738
16.17451096
17.14117622
17.75686264
15.14313412
14.42548752
19.02353096
16.99019623
9.23529339
7.27647066
10.75686359
9.97254848
7.50196028
10.39999962
18.00392151
21.31372261
14.11568832
16.52745056
16.01960564
16.41764641
18.77255058
17.75098038
15.04705620
15.88627529
20.03333282
15.30392265
6.85882235
7.38431311
11.68627548
8.57254791
7.94313717
11.79019642
19.10588074
19.95098305
14.35294247
16.35882378
15.14705849
16.39215851
19.69608116
17.46274376
15.11372471
17.40588570
19.91177177
12.82745171
6.55490255
9.78235245
11.21176529
7.94313717
8.58823490
13.51568794
20.11568451
17.94901848
14.83921814
15.52352905
15.53137398
16.64901924
20.70588303
16.51568604
16.50392151
18.87058830
19.13529587
10.15686417
6.62548876
10.67451096
10.12156868
7.63529348
9.06078339
14.83725548
20.49019814
15.17255020
15.94901943
15.11568642
16.53333282
17.18431473
20.83333588
15.77058983
18.10196304
19.73921776
17.34509850
7.29803944
7.04313660
10.79019547
9.44509888
7.31568623
10.36470604
15.35098171
20.46274376
14.43921852
15.58235359
14.80392551
16.69608116
19.24705887
20.10392380
15.51372623
18.86667061
19.57451248
16.34509850
5.49607849
7.44902039
10.28235054
9.58431435
8.18235302
12.44509983
14.77450943
19.78823471
14.65882492
15.95882320
15.06274605
16.74509811
20.94117546
18.43529510
16.03529549
19.29804039
19.75686646
13.57451153
5.99607944
8.87451077
10.21568680
9.54117680
9.08431435
14.19215679
15.27451038
18.51960564
15.73725605
16.10980606
15.55882454
17.38431549
21.60196114
16.96078300
16.84509850
19.62549019
19.75686264
11.47647095
6.69803905
9.94313812
10.18627548
9.62941265
10.08823490
14.32549286
17.12941360
16.83725548
16.33529472
15.99411964
16.09607697
19.10392380
20.54902267
16.06274605
17.61372566
19.87647057
19.22941399
9.23333359
7.35882330
10.40196323
10.27843189
9.14902020
11.79411793
13.62548923
19.09803963
15.41764545
16.45490265
15.73137474
16.63137436
20.19803619
19.54706192
15.62352943
18.01176834
20.02548981
19.37059021
6.48627520
7.90392208
10.31176472
10.44510078
9.03333473
13.31568718
13.58431625
19.57646942
14.10196018
15.90980434
15.57059097
17.04706001
21.11176491
17.98235512
15.54117966
18.95098114
19.84314156
16.59412193
6.50195980
9.00980473
10.67058754
10.52353096
8.71372414
13.66666698
15.03725624
17.30980301
14.25293827
15.31960964
15.74706078
17.19215775
20.35882950
16.16274452
15.64706039
19.56274033
19.60784531
13.11372662
7.02548981
9.56666756
10.82157135
9.86470795
9.54117680
12.35686684
17.05882454
15.26274681
14.73333263
14.29215813
15.87647343
17.38431549
19.51764679
14.83529568
16.08627510
19.55490112
19.42940712
9.33725357
7.77450943
10.05686378
11.24510002
9.04509830
10.48235226
12.38235283
18.41176796
14.39019394
14.55882645
14.23725700
15.82353210
16.92548943
18.88235283
14.11372757
16.98627472
19.37843704
18.76863098
6.70392179
8.88235378
10.34902096
11.10784531
8.80392075
11.49607754
13.94117641
17.60392380
13.98431301
14.80392075
14.30784416
15.66274452
16.97058868
17.13137245
13.67451000
18.06862640
18.86274719
15.80195999
6.99215603
9.93725681
10.51568413
10.56274414
8.49607849
11.96470547
15.60784340
15.98823643
14.35490036
14.02941132
14.37646866
15.15686226
16.74509811
14.71372795
14.66470718
19.08628082
19.79411507
12.70784473
7.00392199
10.71568775
10.55686378
9.80980396
8.78039169
12.28627396
16.73921776
14.41372490
14.07254791
13.17843056
14.18039036
15.04901981
17.08431625
13.50196171
16.20195961
18.78431702
19.87843132
9.41960907
7.98823595
10.62941265
10.05686474
9.33725643
9.74706078
14.57254887
16.02352905
13.66862679
14.36862755
13.01372623
13.94313812
15.52745342
16.88039017
12.85098171
17.71568489
19.86666679
18.78431129
6.41764736
9.83137321
9.82353306
9.76470852
9.42352867
10.85294151
16.58431435
15.01568699
14.17450905
14.03333569
13.90784264
14.10196114
16.12156677
15.43921757
13.18823624
18.74117851
19.72353172
15.28039265
6.08431387
10.57451153
9.73137283
10.19803905
9.10588169
12.40392303
17.20196342
14.75490189
14.38039207
13.27843189
15.75882530
14.30196190
16.71568871
13.09804249
14.77058792
19.48627281
18.91568756
11.34313965
6.68235350
11.40588188
10.16470718
10.31176472
9.68823624
14.47255039
16.34313774
14.13921642
13.99999809
14.02745152
16.69019890
14.82549286
15.79999924
12.36862850
16.37647438
19.59215736
18.40980339
8.45098114
8.40588188
11.14901829
10.13921738
9.66078568
11.60588264
15.76078606
15.05686378
14.50000095
14.07647038
15.53529453
15.78431416
15.68235397
13.66470528
12.77842999
18.04117775
18.86470604
16.63529778
6.32745171
10.06078148
10.88235474
10.07254982
9.59019756
13.14705944
15.40784454
14.77451134
14.64902115
13.88823605
17.08627510
15.00000000
15.82352734
12.18823719
13.50196171
19.25490189
17.57058907
13.79411507
6.30980396
10.66862583
10.60000229
10.26078224
9.40980434
14.17451096
13.71176434
15.26274681
13.61568451
14.56666660
18.12352943
15.76470661
14.47843075
11.58235359
14.67843342
18.55098343
17.26078606
11.36470699
6.42745113
10.87843227
10.58627605
9.15098190
10.05882263
14.32352734
13.11960697
15.29804134
13.23921490
16.25098228
17.51176453
16.66078758
13.71960735
11.19607830
15.98627377
18.21372604
17.65686226
8.23921585
7.33529425
11.04705811
10.00195980
8.89019680
10.75098228
14.40392303
12.79215622
15.53137207
14.57451057
17.49608231
16.87058830
17.33137512
12.15686131
11.78235435
16.62549019
18.33529282
17.42353249
5.46274471
8.69019508
11.58823586
9.08039284
9.09607887
11.64313889
13.34901524
13.31372643
15.17451000
16.82353020
18.00784111
18.38823318
16.51372528
11.26470852
12.61764717
17.01764870
18.39020157
14.19215870
5.18235302
9.74705887
12.43921471
8.16274452
8.78627682
12.19019794
12.46470737
14.35490036
15.08039188
19.03921509
17.43333817
20.08234978
15.57450867
11.10588360
13.31372452
18.05294418
18.31176376
10.24117661
5.99411821
10.28823662
11.35686207
7.94509792
9.08627605
13.55294228
11.81960869
14.95686531
16.89608002
18.47843361
18.41764832
21.00784111
14.24705887
11.89803791
14.35490131
19.67255020
17.40980721
7.92156839
6.56274509
10.89215755
8.75490189
8.23137283
11.00980377
13.71176529
11.95882225
15.49608040
18.52745247
17.98823357
19.17254639
21.09020042
12.93921852
12.34705925
16.02745247
18.20588112
17.41372871
4.61960793
7.83333349
10.43333340
6.85490322
8.70196056
14.17059040
12.57254887
13.39019394
15.53333664
19.87843323
17.90196419
20.69804382
20.50588226
11.90588379
12.73333168
17.56274796
17.68235397
13.93922043
4.63333416
8.81960773
9.90392113
6.95294046
9.70588303
15.66078663
11.96470451
14.60196304
16.17058754
19.55686188
17.55294418
22.07059097
18.81960869
11.98627472
13.35490131
18.41960716
16.97059059
10.97646904
5.16862774
9.15490150
8.87843323
6.72941208
11.97647095
15.80000019
12.32156849
14.83725357
17.40588188
18.30784416
18.04901886
22.12156677
17.43333244
13.64509678
14.43333435
17.91372108
16.92548943
7.68823671
5.44705915
10.29215908
7.80588102
7.36862803
14.22156715
14.92745209
13.82745266
14.41960907
18.64117622
16.21764755
19.30392647
21.50000191
15.67254734
13.83529472
16.36274529
17.15882492
16.96470451
4.29019690
6.11764765
10.87058830
6.61568689
8.31568623
16.33333397
14.39019585
14.80980396
14.37451077
19.14902115
14.10392189
19.63725471
20.87058640
14.79999924
13.68823528
17.48235321
16.47647476
14.00980377
4.13529444
7.24902010
10.66274452
6.51568604
10.50392246
16.30784416
14.13725662
15.12352943
14.39803982
18.71568871
13.46666527
19.09411812
19.07451248
14.78235435
13.88823509
17.81568527
16.52548790
10.35098267
4.22745037
9.11372566
9.85097980
6.67451000
13.05686474
14.82745266
14.76078510
14.52549362
15.21176529
16.49608040
14.21568680
18.23137474
17.33921623
14.65686226
14.60196114
17.65098000
15.38235283
7.28235483
4.65686274
10.97254944
9.49411774
7.70980358
15.86666679
13.56862926
16.61176491
12.44509983
16.19607925
13.99019337
14.82549095
17.36863136
15.73921680
13.90196323
16.19804001
17.36274719
15.88627434
4.20392179
5.23921585
12.69215775
8.30195999
10.53137398
16.83333397
13.87647152
16.32549095
11.89411831
16.36470795
12.56078148
14.41764545
16.96274948
15.57647228
13.18039036
17.70392227
16.74510002
13.09411621
4.55490208
6.11372614
13.44705963
8.08431339
14.28431320
17.36078644
15.45294189
14.98235321
12.03921604
15.49411774
12.52548981
14.07254791
16.50980759
15.26274300
14.20784378
17.97451019
16.64117813
9.82352734
4.46470690
7.83725500
12.62352943
9.13333321
17.30392265
17.96078873
16.51764679
12.64117432
12.78627586
13.66666794
12.54117680
14.89411831
15.42941189
14.13529301
15.77058983
18.16470718
16.81176949
6.50196028
4.60196114
9.19999981
11.88039207
11.64313793
19.77058792
17.71176338
16.39215851
11.19803810
13.91568565
12.79607773
11.73333645
15.44313717
15.34705830
13.51176453
17.00588417
18.85686493
15.59019756
4.29411793
4.89019585
10.47058773
10.38235188
14.70000076
21.06078529
16.27058983
14.34117508
11.35294151
14.63725471
12.50587940
11.44117737
15.74313736
14.79411793
13.65686417
18.55686569
19.84510040
11.05882263
4.27843237
5.14313793
11.01568699
9.41960907
16.76666641
20.58823586
15.28038979
12.36078262
12.50196075
13.82156944
12.01960945
12.71568584
15.59215641
13.88823318
14.81764698
20.18431282
18.97059250
7.78431416
4.34117651
6.26274586
10.86862755
9.63921642
18.18431091
18.79019737
14.79411793
10.90980339
14.20980549
14.04901981
10.62548923
14.40196037
15.19019890
13.42156792
16.89411926
20.99803925
16.59803963
5.99607801
4.35686207
7.51372528
10.54313660
11.58431339
19.55490494
16.28039169
11.91176605
11.30000019
15.64117432
13.94901752
10.74901962
15.06666946
14.55294037
13.43725395
19.65490532
20.26667023
14.02745056
4.37254906
4.52549028
8.94902039
9.91176414
13.49607754
19.22745132
14.51176739
9.66862583
13.04117584
16.60196304
13.67254829
11.65686417
15.23137283
13.97843075
15.40784264
20.84117126
20.00000191
9.32352829
4.34902000
5.08431339
9.97058964
9.30392265
15.47254848
17.39607811
13.46666908
8.86470509
16.98039246
16.45294380
12.67451096
13.69411755
15.14901829
14.13333321
17.49215698
21.48627853
16.06862831
7.19607878
4.16666698
5.46078491
10.02745247
9.66862774
16.38039017
15.40391827
11.45294094
10.96666718
18.87058640
16.84706116
12.01764679
15.96470737
14.40588093
14.39999962
19.47451210
20.64117432
11.84902096
5.56274605
4.27843142
6.50196123
9.59999943
10.79019737
15.94510078
13.97254944
9.59607983
14.81372547
19.10000229
16.46470642
13.21764660
16.71960640
14.45294189
15.57647228
21.04510498
18.82744980
9.89803791
4.38627434
4.17058849
7.70980501
9.55686283
12.17058754
14.63137341
12.85882568
10.43725586
17.66078377
18.50784492
15.66470718
15.50588131
16.68823433
16.21764946
17.45490265
22.21960640
14.61765003
8.45490170
4.29019642
4.35882378
8.38431454
9.90000153
12.70392227
13.85882378
12.08823776
13.06470776
17.68039322
18.57059097
15.16862774
17.34117699
17.95293999
16.49803734
19.19607925
21.45882225
10.73529530
6.93333149
4.27254963
5.67058897
9.67058945
10.62352943
12.37843132
13.26862812
12.19803810
14.68627644
16.51176453
19.49608040
15.30980492
18.52940941
18.48039818
16.60980225
20.40000343
17.21372795
9.63137245
5.80392313
4.87451029
7.26666689
10.68627262
11.83529282
12.02745056
12.95882225
13.34313965
15.00000191
15.75490189
19.14706230
16.13725281
19.73136902
18.59607697
16.66078377
20.86274719
12.31568813
9.02353001
4.35490274
5.70980406
9.19215775
10.60392284
12.43137360
11.86666870
13.53725624
14.34117413
13.24901962
17.51176643
17.75882721
16.90392113
20.21765327
18.33725739
16.75490379
18.66274261
8.96666813
8.16274548
4.40196085
6.81176424
10.49215794
10.98431587
12.09804153
11.75098038
13.96078300
13.99804115
12.36078548
19.87843323
16.13137245
17.35490608
20.51960754
17.50588417
16.85294151
14.94313717
8.25686264
6.62941313
4.84313726
7.52353001
10.72745132
11.78039360
11.43137169
12.18823433
15.16274643
13.16862869
13.99215698
20.64313889
15.62549114
18.47058678
20.64706230
16.81764984
17.08039474
10.80784512
8.59411907
5.50980425
5.40000010
8.47647095
10.25686264
12.65489960
10.47255135
13.08039093
15.73333073
12.53725624
17.99411774
19.73725319
15.87255001
20.04117393
19.57255173
17.26470566
15.27451038
9.00392151
8.08627605
4.34509754
6.08431387
9.16078377
9.89411926
12.47647285
11.01764679
13.70392036
15.32353020
12.67254639
20.99216080
18.29804230
16.63529778
20.88431358
18.55097961
17.19999695
12.94705868
8.27058887
7.34705925
4.36274529
6.79999924
9.32156944
10.98627377
11.35098267
12.22156906
14.01568413
15.18431568
15.18823433
22.23529243
16.15293884
18.15882301
21.18627167
17.65293884
16.80784225
10.89607906
8.86274529
6.31568670
4.91764784
7.93333340
9.30588245
12.13529396
9.72549152
12.97450924
14.66470909
15.18823624
18.89215660
20.58823204
14.02352715
20.82353020
20.10196304
17.99608040
15.09411907
10.03137112
8.53921604
5.50980473
5.09215593
8.49607849
9.00588131
12.12156773
9.61568642
14.30195999
14.72744942
15.75882339
21.29607773
17.86862946
14.38431358
21.73529243
19.18431282
17.60000420
12.67450714
9.43529510
8.62548923
4.45686388
5.55098009
8.87255001
9.13137341
10.85098076
11.02941227
15.26274586
14.28235245
17.37450981
20.74510193
15.24313736
17.63529778
21.30196381
18.62744904
15.40784264
10.50980377
9.79803944
7.58039331
4.11176491
6.46078444
9.28431320
9.55490208
8.75882530
12.74901962
15.81960678
14.59803963
18.72353172
18.21568680
13.67255020
21.20588493
20.03137398
18.57255173
13.22549057
10.10196114
9.56666660
6.75294113
4.47647142
7.00588226
9.22941208
9.16470623
8.97843266
13.53137207
15.94313526
15.48627567
17.99215508
16.19803810
14.54509735
22.14314079
20.30980492
17.46470833
11.10784245
10.03333378
9.29215622
5.42941284
4.96666670
7.59804010
8.92353058
8.74705887
10.86862659
14.93137360
13.37843132
16.14706039
16.72744751
15.13921642
17.49803925
21.30391884
19.89804268
15.69607925
10.27647018
9.43529320
8.73137379
4.19215727
5.26666737
8.20000076
8.57058716
8.45686245
12.62941265
15.37843037
11.61372566
16.47059059
16.39215660
13.90195942
19.77450752
20.68235016
19.12353134
13.03725433
9.86078453
9.35686398
7.38431311
4.35686302
5.74705935
9.19411945
8.74902058
8.53921509
13.83333397
16.21176529
11.43529510
15.75294018
16.09607697
13.86078453
20.55882263
20.91960716
17.99412155
11.01960945
9.99803925
8.82745171
6.35490227
4.46274567
6.69607830
9.42156887
9.04313660
9.81568813
14.31372738
14.81960678
13.04509926
14.88039207
15.04313850
16.14117813
20.27842903
20.88823891
16.14118004
9.67843246
9.99804115
8.82352829
5.17647028
4.45098019
7.96470690
9.18039227
9.26470566
11.11960697
14.72549057
12.99411964
14.06274414
14.12156963
15.56470966
17.62352943
20.80000305
20.28627396
13.60392189
9.36666679
9.44509888
8.80588150
4.08235312
4.71176529
9.21960831
9.12941265
8.69411850
12.80784416
14.99607849
11.36078644
14.17843056
14.62745285
16.88823700
17.99804306
21.81764603
19.32157135
10.74509716
9.24706078
9.59804058
7.61960888
3.95882368
4.96470594
9.53137398
9.17647171
8.46274376
14.18039227
13.85097980
10.66078568
15.32549000
16.22941017
17.61568451
18.02941513
22.55489731
16.87255096
9.81764698
9.36274433
9.55098057
5.73333311
4.33725548
5.61568689
10.85098171
9.28431320
8.58431435
14.04313660
12.19607925
11.43921566
16.54117584
18.80196381
16.37255096
18.79411888
21.61961174
14.65294361
9.24117661
9.66470718
8.56862736
4.53137255
4.51960802
6.64902020
11.67058754
8.77647018
9.76274490
13.38431740
11.65490150
13.23137188
17.60392189
19.19607925
15.51568317
19.54706001
19.78823853
12.35490322
9.11372757
9.82941055
8.25098133
3.85294127
4.67647028
8.36470604
11.16078568
8.20784473
12.22745132
13.15098190
11.25686264
14.59019661
18.82156563
18.40392113
14.67059040
19.94705772
17.34901810
11.70392418
8.69411850
9.90784454
7.31764793
4.40784311
4.78627491
9.79019737
10.27058887
7.96274519
14.61372662
13.63333416
10.28039360
16.20196152
19.82156944
16.50980377
13.83137131
20.38235474
15.83137417
10.13137150
9.14705753
9.41372681
5.99215698
5.08039188
4.80784369
10.88039112
9.42941189
8.51176548
15.91568661
14.15294075
11.59804153
16.80195999
20.77058601
13.56862926
15.51960945
19.92157555
14.20588207
9.14902020
9.50980473
8.77843094
5.04509830
5.60588217
5.73333311
10.84117699
8.93921757
10.13137341
16.46666718
13.49019718
14.60196209
17.26470757
19.62353325
12.27843189
16.90588188
18.52941132
12.33333397
8.12156868
9.69608116
8.48627472
4.44313717
5.50392246
7.15686226
9.83921528
8.81764507
11.69607925
16.59607887
13.08039284
17.39411545
18.71960831
17.27254868
12.33921623
18.09411621
16.37647057
11.03921223
8.35490227
9.37254906
7.14902115
5.10588312
5.11568546
8.11176491
9.43333435
8.48039246
13.62353039
15.88627625
14.94509697
18.64706230
19.85490036
14.03333092
13.31960869
19.05882263
15.05686188
9.78627300
8.75686264
8.60784149
5.87058926
4.86470556
5.27647066
8.19804001
9.03725624
8.66470528
13.88431358
15.95686436
17.29216003
18.26078224
19.26862526
12.64509869
15.09019566
18.53725433
13.65490246
8.81372643
9.15490341
8.07451057
4.54902029
4.95686245
5.53137207
7.71960878
8.98431396
8.80000019
14.41960716
15.71960640
18.26274490
19.08039284
16.99999809
12.54117775
16.33921814
17.10392189
12.17059135
8.71176624
9.16078663
7.98627472
3.87255001
5.26078510
5.51372576
7.55686235
8.29215717
10.00784302
15.14509964
15.84313774
17.04117584
20.00196075
13.78431416
12.69215584
18.10588264
15.86274433
10.67843246
9.18235397
8.85490131
6.76470661
3.95490193
5.35686302
6.04705906
7.62352943
7.80784369
10.63529396
15.29999828
15.86470699
15.83921814
17.59411812
13.19215584
13.34313583
19.62941360
14.49608040
9.31372643
9.82549095
9.03529263
6.16470671
3.63333344
5.82941198
6.79215717
7.60196066
7.80392218
11.37255001
14.72548676
15.68431759
14.48823547
15.42745113
13.70195866
15.31372547
19.34509850
13.27843380
9.19215584
10.91764736
9.26862812
4.69607878
3.81960750
6.55686331
6.91764736
7.60000038
8.02549076
12.70196152
14.14705849
15.05098057
13.94313622
14.95882416
13.58235359
17.88039398
17.87843132
11.89019680
9.16862679
11.30980206
9.48431492
2.90588260
4.39019632
7.64901924
6.97647047
7.48823547
8.17254925
13.78039169
13.59215546
14.63137245
14.01372433
15.02940941
14.14705944
19.91176605
15.97255421
10.86274624
10.69804001
10.85882473
7.89411926
3.29803967
4.48039198
8.02352905
7.31960821
7.15882349
8.81176567
13.72353077
12.64117622
14.65098000
13.82548904
14.90588284
15.50784206
19.54117584
13.93137074
11.12353039
11.59215927
10.95882511
6.33921623
3.52353001
5.27843094
7.62941122
7.12156916
7.16274500
10.08235264
12.18235302
13.63529491
13.48627377
13.58235455
14.35686302
16.95294189
18.17647171
12.10587978
12.95098019
11.86274910
11.06862736
5.00784349
3.51568651
6.39215708
7.26862812
6.99215698
6.98431444
11.62156963
10.46862888
15.00391960
13.07058620
13.18039322
14.83333492
18.18039322
14.74509907
12.25098228
13.46078491
12.41568756
10.60392189
3.38235307
4.15686226
7.25686312
7.07647085
6.93529463
6.68235445
12.10392189
10.15294266
16.67058945
12.77451038
12.57254887
14.99215698
17.50000000
12.88627529
12.79215813
13.26470852
12.60980511
8.55686569
2.77058840
5.34705877
7.28039122
7.18627405
6.66862774
7.49607897
11.08039284
12.75098228
16.20000267
12.41568661
12.61960602
15.98627472
15.18627357
12.76078415
13.03333282
13.29804039
11.80392361
6.63921499
2.80980420
6.94901943
7.03921652
7.21764708
5.71764708
9.71568584
10.95490456
15.87059116
14.92353058
11.32941341
12.79019642
16.96666718
13.68823814
13.00784492
13.64509773
13.56666851
10.30195999
4.71176481
3.31960821
7.80784369
5.93725443
6.69607878
5.60980415
13.64706039
9.40000153
18.14902306
13.24705601
11.16666794
13.02352905
17.32941437
12.84509850
13.30980587
14.26078224
12.97647190
9.74313831
2.70980453
4.36862755
8.12745190
5.15490150
6.33529425
7.11960697
14.99019432
9.60784340
19.20196342
13.41568661
10.95098209
13.81372643
16.56666565
12.64902306
14.28823280
13.68823624
11.00196075
7.60588169
2.09019637
6.08627510
7.86274672
5.11176443
6.20392227
9.63921642
14.10588360
11.60980511
18.99411774
13.56666851
11.13529205
15.82549000
14.00980377
13.70980358
14.42941093
12.19411564
9.70392132
5.05882263
2.45490217
8.10392094
7.41176510
5.22549057
5.97843266
12.85294151
12.79999924
13.52157116
19.82548904
13.72941208
11.16470909
17.04509926
12.69411755
15.14117527
13.48038960
11.01372528
8.44117546
3.44705915
3.09607840
8.80980396
6.79803991
5.78627586
6.10196161
15.62744904
11.44901943
15.50196266
21.22941208
13.40980434
12.26470757
17.52941513
12.89999962
14.71176720
12.02352905
9.52156925
8.28039265
1.78039289
4.10588264
8.73529530
6.24509764
6.50392151
7.58235359
16.99411964
11.93333340
17.98627472
22.25686073
12.49804115
15.97451019
15.24314117
14.36078453
13.05490494
10.47058868
8.85490131
6.48627567
1.81176496
5.05294132
8.58039284
6.24313688
6.86666727
10.33725357
16.68431282
14.29411697
20.27647591
21.97255135
13.12549114
18.18235588
13.80588436
15.10784340
11.17647076
9.55490208
8.66470623
4.79215765
1.48235309
6.38823557
8.18235302
7.39411688
7.20392179
13.10784340
16.20980453
16.25098038
22.70196533
21.40000534
14.97058964
18.80196381
14.84313679
13.22745132
10.33529377
9.10196018
8.39019680
3.26666760
2.28431368
7.61960793
7.35490274
9.02941132
7.56274557
15.08235455
15.89019966
19.60784340
23.38431740
20.92941666
17.28823471
18.30392265
15.27843285
11.05882263
9.77647114
8.92941189
7.94705820
1.97451019
3.58431387
8.09019661
7.01764727
9.20196056
8.67058754
16.73725319
15.98627472
22.66666603
22.29804611
20.96274567
19.68039131
16.70588303
14.79803944
10.00980282
9.25882339
8.69411945
6.38431501
1.78823578
4.75294161
8.17647076
7.43725443
8.37647152
10.49019432
16.73137665
17.08235359
24.41372871
21.32744789
21.67843056
19.57451057
15.82157135
12.85882282
9.46470737
8.63529396
8.68823433
5.31568623
2.10000014
6.16274548
7.99999905
7.77647114
7.46470642
12.62353039
16.44705963
19.66274643
24.47842598
21.28235245
20.80392075
19.46274567
14.85293961
10.58823776
8.97254944
8.64705753
8.64901829
3.03921628
3.52549028
7.75294113
7.03529453
7.78627491
8.15098095
14.28431416
16.95294380
22.33137703
21.97450638
20.85097694
20.12941551
18.17255211
12.82549191
9.77450943
8.75686455
8.66470528
8.02941227
1.58627462
5.36862803
7.92352915
6.50980282
8.15882301
9.60392094
17.68627357
17.80784416
23.10392380
21.01372337
19.66667175
19.55098343
16.16862679
10.94901943
9.92549133
8.90392208
8.76470566
6.33921576
1.94705939
7.00000000
7.36078453
6.90784407
8.89215469
12.24901962
20.26078033
17.96862602
23.79999924
20.96666908
17.25097847
18.16666603
13.60195923
10.27058792
10.18823528
8.83333397
8.55294037
4.53333282
2.88823533
7.89215708
6.98431396
7.96862650
11.05686188
14.44117832
21.31569099
19.11372375
22.59803963
20.01960754
15.38431358
16.41176987
11.49804020
10.15098000
10.03529453
8.93921471
8.53333378
3.17647076
3.94313717
9.01372528
6.75490141
9.12352943
13.21764755
17.06078720
20.92745209
20.24902344
20.77255058
17.63725662
13.90784168
14.04510021
10.70392513
9.99411678
10.09804058
9.84705925
8.86274529
1.75686324
5.98823547
9.50980377
6.69607782
10.34705830
13.89411736
19.32744789
19.81176376
21.82745171
18.07450867
15.21764565
13.46470356
12.51764679
10.48431396
9.95686340
9.93137264
10.07843304
7.19215727
1.87254941
8.29215622
9.02745152
6.07254887
12.11765099
14.16470623
20.05293846
19.08823776
21.69411469
16.49608040
14.30196190
13.18431377
11.11960888
10.14705849
10.11568642
10.09607887
9.98823738
5.29215670
2.47451019
10.99411869
7.71176386
6.18823576
13.76862717
15.47058773
20.19803810
19.27450752
19.34509850
15.55882263
14.53725338
12.57255173
10.80588150
9.87647057
9.86274529
10.10588169
9.98431492
3.68235326
3.60588264
12.45294094
6.22156954
6.60784388
14.46666908
17.24117851
19.80000305
18.50000191
17.24117661
15.92352962
14.51568508
11.81372452
10.85882378
9.79411888
9.92549038
10.15490341
10.02941322
1.79019654
6.06666708
12.74117661
6.04901934
7.59215689
14.74706078
19.01372528
19.32745361
16.16470718
16.59215736
17.46666718
13.66862679
11.99411678
10.84705830
9.87843323
10.09607697
10.31176376
8.31568623
2.36666679
7.97254944
12.86666489
6.04902029
9.06666756
15.89215851
19.98235512
18.58039284
14.09215927
16.65686417
18.36078453
12.97254658
12.66078377
9.90392303
9.40980530
10.69411564
10.45686150
6.35098076
3.00392175
9.45098019
12.33137321
6.27450895
10.67843246
19.02745438
20.30392456
16.27058792
13.81176472
16.38823509
18.19215775
13.61960983
12.29607964
9.18823433
9.45490170
10.87450790
10.37843323
4.22941160
3.96274471
10.47647095
11.75882435
6.46862793
15.20196152
22.09411621
18.94509697
15.80980396
14.14313889
16.41764641
17.84706116
14.90980721
11.52941322
8.91176414
9.81568718
11.07254696
10.62941170
2.05686307
5.45882368
11.87843418
10.57450867
9.39804077
19.46078682
22.84901428
18.46274567
14.89411736
14.16078568
15.61568546
17.93333435
14.48823547
10.50196266
9.10000134
10.64706039
10.61960888
8.00196075
2.29607892
7.18823576
12.47058868
9.70980358
13.71176529
23.25293922
21.60588646
18.54117966
14.48627567
14.40784073
14.82549286
16.92353058
13.13725567
9.92157078
9.48627567
10.90588284
10.18823719
6.01960707
2.77058816
8.52941227
12.44509983
9.46666622
18.00980377
24.90196037
19.47647095
18.83529854
14.05490398
14.95098209
14.03137207
16.34314156
12.06274700
9.51960850
10.08627605
11.57843208
10.12745190
3.65882468
3.89607906
9.13333321
12.02548981
10.70784378
19.87059212
24.62156677
17.60392189
18.56470871
14.78235245
14.21960735
14.71568680
14.96274376
11.26862621
9.12745094
10.87058735
11.74902153
10.42549133
2.00588250
4.99607849
9.80588150
10.91176605
11.91960812
20.70391846
22.41764450
16.36470795
17.16862679
15.64313889
13.69608116
14.85294056
13.56470490
10.64509583
9.55686188
11.57255173
11.71764755
8.02941132
2.39019608
5.89803934
10.31372547
9.67254925
13.47646999
19.68235397
18.70392036
15.74313831
17.68431664
15.49411678
14.09215641
14.59411621
11.97254848
10.02941322
10.13725567
12.90392208
10.96862698
5.69411707
2.68235326
6.61176443
10.46078587
9.00196075
13.03137207
18.74117851
15.76078701
15.71764755
18.04509926
15.18627357
14.67254734
14.10784340
11.04901886
9.79411697
11.54509735
12.38235283
10.62548923
4.08627462
3.49411821
6.76274395
9.27647018
10.04509830
11.87058926
18.16078186
14.11176491
15.30588150
17.32941246
14.64313602
15.58235550
12.94117451
11.05686378
10.12745094
12.33725548
11.53921604
9.68431473
2.30000043
4.53725529
6.84509754
8.22548962
10.58823490
11.29019737
17.48431396
13.83137417
14.92352962
16.25882339
13.84705830
15.99608040
11.76274586
10.67450905
10.56862831
13.00588226
11.07843304
7.23333263
2.08235335
5.30588245
7.10195971
8.38823509
9.15490341
12.36862850
16.45882416
14.34902000
16.22156715
13.97843361
13.26274586
15.36862850
10.08235455
10.60587883
10.89411736
12.99411774
10.55686474
4.79215717
2.08431411
6.27647066
7.33333302
8.53333282
8.10980415
13.55489922
15.70392036
14.57254887
16.59803963
12.74901962
11.70588017
13.72156811
9.61764622
10.75490189
11.42941284
12.25882530
9.92156982
3.34313679
2.12156892
6.87647200
7.42156935
7.87843132
8.43529510
16.09215736
15.26470470
14.57450962
17.17255211
11.66470623
10.88235283
10.86078358
9.90196228
11.13333225
11.70784378
11.41372585
8.66470528
1.59803951
3.64901996
6.65686321
7.73333359
7.31568623
11.15294075
16.42352867
15.01764774
14.71176434
17.38039398
11.52941418
10.18627548
9.50980377
10.28235245
11.16274643
11.13725567
10.12352848
6.30392265
1.93137276
4.71568584
6.58235407
7.96862841
7.35490131
13.40000153
15.27842999
16.30196381
14.70000076
16.06666946
11.60000038
9.90784359
9.58235359
10.41568661
11.13137245
11.08627510
9.35882187
4.48823452
1.96666706
5.46274519
6.81176424
7.44705820
9.71372509
14.26862717
14.78431511
17.19411850
14.13529301
14.76274586
12.55490112
10.49215698
9.91960812
10.42353153
11.25882244
10.87843227
8.43921661
2.85098052
2.33137274
6.02352953
7.69019651
7.13725424
12.84705925
15.25490284
15.38235283
16.96274757
13.29215717
14.97451019
13.83921623
10.75098419
10.16666794
10.75490189
10.64117432
9.86666679
7.40980482
1.84901989
3.21176481
7.19804001
7.63333225
8.44705868
15.44117546
15.53529644
16.74313927
15.62548923
12.64313889
15.51764870
14.32745171
10.51764870
9.93725586
10.58431530
9.76078415
8.93137169
5.90784311
1.97058833
4.14901972
8.14117718
7.49215698
10.83529282
15.91568851
14.76862812
17.34509850
14.82157135
11.61176395
15.65882301
13.70784283
10.78235149
9.69215775
10.14313889
9.31176567
8.35098171
4.25098038
2.01568651
5.20392132
8.75490284
7.70196152
11.46666718
16.43725586
14.05686188
17.24510002
14.30588245
11.42156887
15.11372375
13.48823357
11.57254887
9.32941246
9.21372414
8.65686321
7.49803925
3.10980415
2.15882397
6.19803953
9.05490303
7.81568670
12.23137379
16.50980377
13.61765003
16.55490494
14.79019547
12.32941246
14.67255020
13.43725395
11.63921452
9.26862907
8.68235302
7.77843189
6.73333263
1.74705899
2.74901986
7.91960859
8.59607983
8.51372623
11.98431492
14.70000362
14.27254963
16.12156677
16.16078568
13.29019451
14.93333626
13.78627586
11.33725357
9.21176529
8.31568718
7.47058916
5.11764765
1.75882375
3.81372595
8.66274452
8.95098114
9.64901924
12.21764660
12.36274147
15.20980453
17.31568909
17.16274643
13.98038960
15.69215775
13.66666603
10.45098114
8.86862850
8.25882435
7.00392151
3.97450972
1.80588245
4.99607849
9.16274643
10.32156849
10.26862812
12.12941074
12.93137169
15.90392113
18.76274300
18.61568642
14.07058811
16.36274719
13.41764641
9.46274567
8.73921585
7.51176310
6.53333378
2.69215703
2.07843161
5.78235340
8.90392303
11.97254753
10.81960583
11.90196037
15.46862984
16.39215851
19.56863403
17.68038940
14.55490398
16.41372681
12.62941265
9.06862736
8.05097961
6.83921480
6.14901972
1.49803925
2.58039260
6.97843170
9.41764832
11.96470356
11.51176548
11.51960754
17.21176720
17.16666794
19.39215660
16.76274872
14.91176701
15.08039379
11.63333416
8.59019756
7.64313698
6.26274538
4.93529367
1.65490258
3.27254915
7.46666718
9.43529415
12.28038979
11.52156734
12.85686302
17.60392189
17.92548752
18.36078262
16.58039474
14.47059059
13.82941055
9.92744827
8.24509907
7.07647085
6.00784349
3.74901986
1.58823550
4.19999981
7.64901924
9.66666794
12.36274433
12.22157097
14.71764755
18.76078606
16.56666756
18.19411850
14.87058640
13.08039474
11.85882473
9.09803963
7.80784273
6.75098085
5.78431368
2.77058864
2.20784330
4.53137302
8.14509773
11.64705753
11.84705734
15.79607868
16.69803810
18.93137360
15.17058945
18.28823662
12.98235416
10.89607906
10.94901943
8.52156734
7.70980549
6.32156754
5.33725548
2.01176500
2.78823566
5.34901953
8.34509754
12.85097790
14.23529339
19.38039398
19.34117317
16.80588531
15.78431416
17.00784683
10.82549095
10.48235416
10.60588360
7.98235273
7.38627625
5.93137264
4.30196142
2.05490232
3.40392208
6.08235264
9.48039246
11.70784187
18.96274567
21.15098381
19.44117737
14.50392151
16.11568642
13.49019814
10.07254982
10.58627415
10.13137245
7.54705954
6.94117641
5.60588312
3.31960821
2.20980430
4.13529444
7.05882359
11.09019566
13.50195980
21.41764641
20.17647552
17.28235054
13.61176300
15.28823662
11.12156773
9.25686264
10.63921452
9.47255039
7.09411669
6.22352982
5.45294142
2.48823524
2.51372552
4.65294170
8.05098152
12.02548981
18.52353096
20.63333130
18.36078262
13.71176338
14.53725147
13.63137436
10.00784588
8.74509907
10.31764698
8.67255116
7.11568689
5.67450953
5.32745075
2.14117670
3.02156878
5.62745190
9.34902000
14.11372566
20.50196457
18.61372757
15.18235302
11.99019623
14.80392075
11.34509850
9.35098076
9.36862850
10.63725662
8.21568775
6.67843151
5.46078444
4.26666737
2.31960845
3.73137259
6.44313765
10.97058868
17.55294228
18.56862640
15.47843170
12.87647057
13.94901943
13.41176510
9.77450752
8.93529510
10.34705925
10.63333321
7.84117651
6.32941103
5.23921633
3.52156854
2.82745123
4.16470575
7.64901924
12.44117737
18.82745171
15.40980721
14.61764526
11.30980301
16.51176453
12.08627510
8.87254906
8.92549038
11.33137417
10.13725758
7.95686245
5.84117651
5.17451048
2.90196085
2.88823557
4.62549019
9.30196095
13.73529434
17.40588570
13.58627415
12.93725491
12.27255058
16.89411736
11.08823681
9.42352962
9.41960716
11.48235321
10.23921776
7.04705811
5.46470547
4.89803934
2.08627462
3.44901991
5.97843266
10.63725471
14.21372604
14.17646980
12.68823433
11.72941303
14.68431473
14.58431339
10.25882435
10.01764488
10.24705982
11.45882416
9.60196209
6.31960821
5.18823528
3.69215727
2.43725514
4.76666689
8.02352905
11.46666622
13.25293922
11.94706059
11.65098190
11.59803963
16.48039246
11.84510040
9.92745113
10.15490341
10.81372452
11.07254982
8.70784283
5.92941141
4.97058916
3.03333354
3.61568642
6.21176481
9.81568432
11.45098019
10.79411888
11.16470528
11.60980511
12.72353077
14.29019737
11.36470795
9.90196037
9.75882530
11.24313736
11.68823528
7.86862707
5.63333321
4.80588245
2.54509830
4.98039246
7.54313755
10.54313850
10.59607887
9.76470661
11.07058811
11.80195904
13.92352867
12.61960697
10.96862793
9.65686607
9.72352982
13.04509926
11.79803848
7.11176443
5.50980520
4.37254953
2.17451024
6.08431339
8.49411869
9.97254944
9.41372490
10.05294228
10.61960888
13.29607868
14.55686474
11.26470757
10.72156906
9.59411812
9.98823547
15.95490551
11.58431053
6.40980482
4.90784311
3.67254949
2.74705911
6.68823528
9.28039360
9.43529320
9.61960888
10.00392246
11.65882397
15.93921661
13.89804077
10.29411888
10.23333454
9.39215755
11.59215641
17.85098076
10.51764774
5.76470709
4.54313707
3.09607887
3.19607878
7.66274500
9.43725491
9.02941132
9.86470795
9.54313755
16.10392189
16.39999962
12.30196381
10.78235435
10.40980434
9.60392380
14.88823509
17.48038864
7.99804068
5.31568623
4.42941141
2.56862760
4.49019670
8.20980453
9.69607925
8.30000114
9.34313679
10.62353039
19.16274643
16.60196114
11.45490074
11.87255001
10.19019604
10.55686283
17.68627548
14.86470604
6.42745256
4.80980396
4.12352991
2.29607892
5.04313755
8.70588207
8.45882416
8.45686340
8.80588341
13.92352772
18.10000229
16.82353210
11.11764717
11.44117737
9.69019794
12.28431320
19.09215736
12.35490227
5.79803896
4.20784330
3.30980420
2.66274524
5.31764746
8.88039398
7.72549009
8.77451134
9.79608059
16.00784302
16.01176262
15.86666679
11.46078491
10.38823414
9.91568756
16.09803772
18.14314079
9.75490093
5.23137283
4.28627443
3.08431411
3.24313760
6.43921566
7.60392046
7.07843018
8.89999771
12.08627796
15.35882378
14.89607716
14.24313736
11.53725815
10.04901981
11.61372471
18.72745323
16.20392036
7.90784454
4.65882444
4.46862841
2.60196066
4.34902000
6.39411688
6.39019585
7.00392199
8.79607773
14.58431435
12.90588474
14.87058830
12.29215813
11.27450943
9.55098248
14.27646923
20.24901962
13.68627548
6.46862650
4.44117737
4.20000029
2.57451034
5.28431368
5.88627481
5.62156820
7.39607906
9.66470623
14.98235321
12.67254925
14.61960602
11.26666832
11.06862831
10.17843246
17.35294342
19.25097847
10.81764889
5.34313869
4.19607925
3.38431454
3.71960759
5.10980415
5.29411840
5.57843161
7.81176472
11.21960831
13.66470432
13.01568508
14.28627396
10.37843227
10.48039246
11.80980301
19.72941017
17.11372566
8.62156868
4.50196171
4.23529434
3.07450986
4.29803896
4.82549047
5.01764727
5.50392199
8.01176548
12.98235130
12.41960621
13.79607964
13.00392342
9.51372623
10.18039131
15.37254715
19.73725510
14.76274395
6.76862669
4.30784273
3.54117656
3.06274509
4.12941170
4.94509792
5.08235216
6.43333387
8.20980263
13.98431492
11.62744904
14.59019756
12.21960926
9.12548923
10.64117813
19.35685921
18.98823929
11.86078453
5.52941275
4.03529358
3.74902034
3.08039212
4.19019604
5.11764812
5.22156811
7.82745171
9.65490150
13.58627701
12.54509735
14.34705734
11.41568565
9.20392132
12.76666737
20.63725471
17.99608040
8.58823395
4.67451048
3.90980434
3.38823605
3.33529449
4.26078463
5.11764669
5.55490255
9.22745132
10.76862717
12.83529663
14.47647190
13.49215412
10.36862564
9.91568756
16.83921623
19.92353439
15.50000095
6.74509859
3.76666689
3.76274562
2.99019599
3.37843180
4.16666698
5.13333368
6.66274548
9.10588264
11.07059097
13.20784378
14.16666603
12.68823624
9.58823776
11.17843342
20.19803619
19.19020271
12.59019661
5.42941236
3.69019628
4.01176500
2.82352996
3.09019589
4.35098028
5.22156954
7.67843199
8.86470509
10.50000095
14.07646751
13.73529434
11.46470642
9.28039169
14.74509811
19.96862984
18.17647171
9.84117603
4.69999933
3.56470585
3.91568637
2.63725519
2.73333335
4.85098076
5.55098057
8.60392189
8.63333416
11.08627510
14.03137398
13.14705849
9.56274509
10.90196228
18.13725471
18.39216232
16.42745209
7.88235331
4.25294209
3.68823576
3.30000067
2.64902020
3.07843208
5.33333302
5.60588217
9.31568623
8.89803886
12.23333359
13.73137665
12.03921604
8.94509983
12.71961021
20.00196266
17.63137436
13.75686359
6.42941236
3.48235393
3.52745128
3.28431416
2.86666703
3.88039207
5.30000019
6.55098104
8.75294113
10.00980377
13.67451000
13.00195980
10.10588455
9.06470680
15.67255020
19.52352715
16.91764450
11.45294094
5.29019594
3.43137288
3.62941217
3.13725495
2.87451005
4.43333387
5.31176472
7.89019728
7.62549019
12.35294247
13.09215546
12.40980434
8.48823547
11.18823528
17.82157135
18.08823586
15.76863194
9.38627338
4.29411745
3.72156882
3.49019647
2.82549071
2.53529406
5.12156868
5.52549028
8.54509735
7.66666698
13.66470718
12.06470680
11.58038998
8.23921490
14.14705849
18.95490074
15.62549019
13.91764641
7.10392094
3.82549024
3.77254939
3.15882373
2.70196128
3.11960816
5.04313660
6.39607811
8.57254982
8.49804020
13.56862640
11.97842979
10.57254887
9.39803886
17.12352943
17.92549515
14.09607697
11.70588112
6.10392094
3.64509845
3.47254896
3.21568680
2.08823562
4.04902029
5.38431406
7.71960735
7.74117804
9.19607925
13.33529472
12.34509659
9.56274700
12.69411850
19.24117661
15.52157021
13.68627262
10.84313869
4.66274405
3.62745142
3.76666689
2.67058873
2.61568666
4.32156801
5.94117737
8.43333435
6.89803791
10.43529510
12.65293980
12.10196209
9.16078568
17.72352982
18.82549095
14.12156963
14.05686283
9.27843094
4.24509859
3.55882382
3.75882435
2.21568632
2.55294204
4.78235340
6.11568594
8.11764812
7.34509850
11.68627644
12.48823357
10.13137341
11.67254829
22.59804153
16.15686226
13.14117813
14.35882568
7.82156992
3.69411802
3.62352991
3.22941160
2.09803963
2.39607859
4.73725510
7.39607906
7.36666584
8.45882511
12.24313927
12.48431206
8.73137379
16.80392265
21.21764374
13.21961021
14.10980225
13.96078777
5.87451029
3.63725543
3.44705939
2.83921623
2.16862774
2.82941246
4.89411831
8.20392036
6.44901991
11.20392036
12.98235226
11.78627491
9.49215794
21.89019394
17.88627434
11.37451077
16.63725662
11.59412003
4.33921623
3.44117618
3.60000014
2.35294127
1.97843146
3.40784359
4.91568613
8.12745094
6.84117603
14.14509773
12.70980453
9.79215813
14.28627396
23.44705582
14.08039284
12.40588188
17.37058830
9.33137226
3.78039312
3.39607882
3.11372566
2.13529444
2.01176500
3.70392179
5.51960802
7.11764622
9.39019680
14.20588303
11.96274281
8.24902058
21.22156525
20.83333015
11.89019680
13.77647209
15.75882339
7.03529501
3.41764736
3.34117651
2.80196071
2.20196080
2.36862779
3.96470571
6.00588226
6.46666574
11.60000038
13.38627434
9.75490570
11.55686283
24.46470833
16.73725510
10.85490322
15.59999847
12.80392075
5.06862640
3.33529496
3.44117713
2.56862736
2.07843184
2.89019632
4.26666689
5.82941246
6.97254896
11.65098190
12.02548981
7.62549114
18.99215508
22.07843018
13.43333435
11.19999981
15.18823719
10.57450867
4.05098057
3.17254925
3.40980387
2.74117708
2.11568618
3.31372571
4.38431406
5.64705896
8.06274509
11.18823528
10.54509926
8.79019547
23.97842979
17.52353287
11.46862793
11.62549210
14.07646751
7.88039160
3.56862760
3.17254925
3.65294194
2.31960821
2.00588274
3.58431363
4.60392141
5.76078367
9.49803925
10.32156754
9.24313927
15.33529377
23.11568260
14.39803886
10.40784264
12.11176777
12.34706020
6.01960707
3.59607887
2.78627467
3.26274610
1.95490241
2.61568618
3.70000005
4.75882530
6.54313707
9.69999981
9.83333302
8.12549019
23.57842827
20.05882454
12.36274433
10.84705925
12.66666698
10.39803696
4.70000124
2.97843218
3.18039250
3.53137302
1.53137267
2.98235321
3.67647076
5.36078405
7.49804020
8.13529396
10.18235302
12.28235245
25.77843285
16.91568756
10.67843437
11.50588322
12.39411926
8.43725491
3.98039222
3.00196099
3.52156901
2.60000014
1.84313762
3.45686340
4.10980463
5.36274481
7.77450943
7.55882359
9.97646999
18.93529510
23.68431473
14.02941322
10.56274509
11.59019566
11.57254791
6.87254906
3.68823552
3.06470585
3.56862783
1.80980432
2.38431406
4.37254953
4.49607897
5.63137197
7.75686359
8.22745132
10.77451134
24.36274147
20.08823776
12.15294266
11.29411888
11.09803963
10.54313850
5.53333330
2.89411807
3.26078415
3.59803963
1.44117677
3.36862755
5.08627510
4.81372547
6.76078510
7.41176414
8.80196095
16.25490189
23.61568451
16.15098190
11.37255096
11.51372623
10.36470604
8.70980453
4.43921518
2.75098038
3.66470575
2.83725548
1.79411805
4.28823519
5.66470575
5.26666689
7.69215631
7.19607878
9.71568680
22.54313469
20.32941246
13.35882378
11.60588264
11.11176491
9.95686245
8.12941170
3.84509850
2.95686245
3.73333406
2.06666732
2.24509811
5.39019585
5.50392151
6.29411697
8.00588322
7.86274576
14.07450867
24.09607697
17.53725815
11.49019718
12.23529625
10.38823700
10.09607887
6.83333397
3.47058845
2.88039231
3.39215708
1.59215713
2.68627477
5.99411774
5.22745037
7.76078463
7.85882330
8.64117622
21.26274300
21.11176872
14.43921661
11.36078453
11.93137169
9.70392132
9.56274700
5.87451029
3.28627443
2.76274514
2.86862755
1.56862772
3.69607878
5.92744970
5.82549047
8.56470680
7.12745094
12.94509792
25.30587959
17.14117622
12.58038902
12.77058601
10.90784359
9.70588207
9.36274529
4.41568661
3.34705877
2.64901996
2.49019670
1.79411793
4.24117661
5.86862755
7.25490236
8.49607849
8.03725529
21.79608345
22.18627739
14.21372890
12.74510193
13.25294113
9.76078606
10.08823776
8.01568508
3.35098028
3.29607844
2.82549000
2.10392189
1.97843146
5.11176491
5.47647095
8.41764736
8.34509754
13.46862602
27.36666870
17.22549248
13.19019508
14.12941074
11.98431301
9.41372585
9.59607887
6.39999962
3.09215689
3.09411788
3.34705925
1.86078465
2.10980439
5.58627558
5.84117603
8.76274490
10.13333416
22.50196266
24.79019737
14.34510040
13.14509964
14.33725452
10.49019527
9.20588303
9.52548981
5.27647066
2.92549038
3.25294113
3.30392194
1.52156878
2.85882378
5.37647009
6.80196047
8.61764717
16.21961021
27.48039627
18.79607964
13.25294495
13.17254829
13.21568680
9.36078262
9.34117603
8.62745190
4.18627548
3.23137259
3.28039217
2.70588231
1.55294132
3.60784316
5.40392113
7.92941141
9.16862774
23.46470451
24.69412422
15.17843056
12.18823433
13.32549191
11.41764832
8.58431530
9.72745132
7.79019642
3.54117680
3.22156906
2.74117708
2.46470594
1.86862767
4.28627443
5.65294170
7.89215517
12.10784531
27.06078148
19.76274681
12.26470566
11.51372528
12.58627510
9.68431664
9.31372452
9.39803886
6.65098095
3.07647133
3.10392141
3.20392227
2.35294104
1.85490215
4.77647018
6.33725500
8.33529472
16.09608078
25.34509659
15.27843094
10.83725357
11.56078339
11.74117470
8.93137360
9.62156963
8.74705982
5.46470594
2.92549038
3.24117684
3.17451048
2.00196123
2.52156901
5.21568680
7.17646980
8.62745094
19.75686264
20.09216118
13.44118023
10.54117775
12.03725529
10.33137417
9.04117680
9.78823566
7.70784378
4.16862869
2.87843132
3.00980401
2.49607897
1.91176486
3.07450986
5.30196047
7.66274595
9.73529434
21.81372643
16.24117470
11.90980530
10.56666565
11.91960907
9.03921413
9.47647190
9.50784492
6.71568584
3.32549047
2.69019628
3.20392156
2.52941179
2.29215741
3.48235321
5.23333311
8.26274681
12.67254925
19.66666412
13.74705982
11.24117661
10.56862831
11.11372566
8.57058811
9.85882187
9.08431339
5.59999990
2.71372628
2.47058845
3.63333344
2.31764746
2.35294127
3.89411807
5.71568727
9.20000076
14.59804058
16.10196114
12.93725491
11.12744904
10.51764679
9.86470509
8.56078529
9.75882435
7.91764784
4.78431368
2.69803977
2.60196114
3.21568632
2.01568651
2.62941170
3.87058854
6.75294209
10.27255058
14.34313583
14.86274529
12.25686455
10.53137398
9.80784416
9.16862583
8.94117641
9.25686264
6.54313707
4.05098104
2.77450991
3.05686331
2.83921552
1.87254930
3.08823538
4.05098057
7.69804096
12.72352886
12.95294285
14.04117966
11.10196114
10.31568813
9.56862736
9.22549152
8.80980492
8.31176376
5.91568518
3.10980392
2.75098085
3.11568666
2.01764727
1.87254918
3.59607911
4.59215689
8.86862850
13.89803982
12.03333569
12.77254868
11.06666565
10.18431568
9.74706078
8.76862907
8.91176605
7.51176357
5.09411764
2.67647076
2.70000005
3.08627439
1.75882363
2.13921618
3.85882330
5.64117670
10.13137245
13.39411736
12.37647247
12.01372528
11.11372757
9.89412117
9.44313812
8.77450943
8.55490208
7.14901924
4.41960859
2.75490189
2.86078453
2.82156920
1.83921587
2.59019613
3.50588274
6.85686350
12.71176434
11.41372776
12.28235245
11.74117756
10.74313545
10.02941227
9.29607677
9.24313927
8.31176472
6.89607859
3.73921633
2.73333311
3.44509792
2.32549119
1.78627467
2.71764708
3.66470599
7.72352886
14.33725548
9.67647362
12.30196190
11.02353096
10.67254829
11.07254791
9.00000191
8.77450943
8.02548981
6.00980377
3.23921609
2.63529396
3.30588317
1.92941213
1.82352960
2.50392175
4.39803934
10.05097961
12.92941093
9.70980263
11.95294189
10.45294189
9.96666908
11.23529530
9.02745056
8.48039150
7.13137341
5.39803934
2.63529444
2.88235331
3.15294147
1.85098052
2.07843137
2.59019589
5.58823681
11.96470642
10.59019756
10.13529301
11.11960983
10.05490208
9.50196075
11.25882244
8.59215832
8.04705906
6.73529339
4.68431425
2.37058830
2.96078444
2.69019675
1.89607859
2.11176515
2.85098052
7.10392189
12.77058983
8.95097923
11.08627319
10.33921528
10.00392532
10.00588322
10.20392418
8.00588226
7.34117603
6.76274490
3.84901953
2.55294204
2.85098052
2.14313745
1.80392158
2.20980382
3.60980439
9.34117699
11.62941074
8.96274662
11.67647076
10.43137360
9.43137074
10.29607773
9.86274529
7.36862755
7.01372528
6.42549181
3.09999990
2.79607868
2.82156873
1.94117677
2.15490222
2.54117680
4.50196075
11.42156601
9.87451267
9.95490170
10.93725777
10.47647190
9.39019966
11.15490150
9.44117737
6.90980339
6.69999933
5.47058868
2.70000029
2.66274524
2.61568689
1.88235319
2.13921618
2.94313741
6.07254887
11.82745361
8.39019585
10.75490093
11.11372375
10.85490227
10.03529453
11.62156868
8.32549191
6.28627586
6.65490246
4.76862812
2.57843184
2.52156901
2.54509854
1.88823569
1.86862779
3.26666689
8.25686264
10.77843285
8.67843151
10.93333340
10.96470642
10.73921871
11.53137112
10.62745380
7.35490227
6.28627491
6.60196114
3.84117651
2.19607925
2.80588269
2.45294166
1.72352946
2.10980392
3.87647057
10.31960678
9.07451057
9.69999886
10.92352867
10.93921375
11.23725510
12.49608040
9.61764526
6.66862679
6.57254839
6.06666660
3.33137274
2.24901986
2.67843127
2.22352982
1.68235302
2.53333378
4.85686255
11.43137264
8.22941208
11.01372623
11.27451134
10.98039341
12.79411697
11.51568794
8.22156906
6.18235254
6.77450943
5.72941351
2.92549038
2.37058854
2.64117694
1.87451029
2.06862760
2.63137293
7.02941275
10.32548809
8.12941074
11.09607697
11.80195999
11.01568604
14.25098133
10.46274567
7.05294037
5.93921614
7.14901876
4.57058859
2.53921580
2.45294142
2.53137302
1.62941206
2.06470609
3.03921580
9.22352982
8.96470547
8.76274490
10.79019547
11.66862869
11.28235340
14.39608002
9.95686245
6.19019651
6.08627462
6.71372461
3.79215693
2.66274548
2.39411783
2.03333354
1.81372583
2.26274538
3.61764741
10.42745018
8.28039265
9.47255039
11.31764698
10.77058983
12.07647038
12.74117661
8.78235435
5.55294228
6.83921528
5.89607859
3.25882363
2.51764727
2.40588260
2.05490232
2.14117694
2.14901972
5.21372557
10.02745247
8.18235302
9.71960735
11.75097942
10.18431377
12.41176605
11.07450962
7.41764688
5.62548971
7.29019594
5.09607887
2.63137317
2.44509816
2.44509864
1.94705927
2.08823562
2.21568656
6.66470623
8.75294113
7.98627520
10.04313755
11.45882320
9.84901905
11.83333206
10.19019699
6.60588360
5.93921614
7.08627415
3.91568613
2.22549009
2.35882401
2.11372590
1.83921599
1.64117670
2.73921585
7.47843170
8.07254982
7.87843084
10.19607925
10.74117851
10.03725433
11.65098000
8.98039246
6.04313660
6.28627396
6.61568642
3.27450943
2.00588250
2.18431425
2.29411817
1.93333364
1.64705908
3.72745109
7.64509916
7.60392094
8.17058849
10.38431454
9.42549038
10.99215603
10.88235378
7.32549000
5.81176567
7.02548981
5.72353029
2.66666698
2.21176505
2.41176462
2.26470590
1.94509816
2.00196099
4.19607830
7.49411821
7.29607868
8.60196018
10.39803886
9.82156849
10.99215603
9.64313889
6.30195999
6.18039322
7.13921547
4.79411745
2.44705939
2.22352958
2.61568594
1.94117677
2.06078482
1.93137288
4.90980434
7.50392199
7.34313726
8.97058868
10.25490284
9.94117737
11.18823528
8.49215984
5.84313631
6.18431473
6.84117556
3.88235283
2.23333359
2.13725543
2.75098085
1.64705896
1.91176498
2.33725500
5.80196095
7.72156858
7.75294209
9.53529358
9.69607830
10.02353096
10.84510040
7.72745132
5.44313717
5.99803829
6.34705973
3.11372614
1.93921590
2.37647080
2.39411807
1.86274540
1.68235314
2.79215717
6.31960821
7.87647104
7.97058868
10.01568604
9.24313641
10.80980396
9.42353153
7.37647104
5.22352982
5.82549000
5.75686359
2.66274524
2.13725519
2.15882397
2.28627467
2.23921609
1.68823552
3.64117694
6.46078396
7.67843056
8.51372623
9.42548943
9.78627586
11.20588207
8.11568737
7.04313707
5.37058783
6.00392103
4.44117737
2.41764736
2.20588255
2.59215665
2.41960835
2.06078458
2.08823538
4.34313726
7.01764727
7.39803982
9.25882435
10.07450962
9.63137436
10.59804249
7.62745094
6.30588150
5.70588207
6.27058840
3.50000024
2.28039217
2.36862731
2.80784321
2.11764717
2.03137279
2.30980396
5.16666698
7.44313812
7.30588150
10.13921738
10.52353191
9.16470623
9.68038940
7.69804001
5.73137283
5.71372604
6.27058840
2.80000019
2.22941160
2.47254944
2.26078463
1.81176496
1.95098066
2.46666741
6.06862688
7.34313822
8.45882416
11.38627625
9.56274319
9.65294075
8.65686321
6.78823519
5.59215641
6.31568670
5.39607906
2.54705930
2.01960802
2.21372557
2.05098033
2.34901977
1.85882366
3.08235312
6.08627653
7.23137188
9.92549038
11.21372509
8.78627586
9.71568680
8.77451038
6.22549057
5.61372614
7.25686264
4.38627529
2.25686312
1.97058845
2.11372566
2.41568661
2.17254925
2.21568656
3.91176534
5.74901915
6.70588207
10.37843132
10.41568375
8.81176567
9.41764832
9.58627415
6.14117622
5.51960754
7.80784321
3.43921590
2.09019637
2.30000043
2.16666675
2.45686293
2.07058835
2.04509830
4.40196133
5.69411755
6.91372538
10.44117546
9.72548866
9.12157059
10.08235359
8.78039360
5.70784330
5.85882330
6.90784359
2.95294142
1.96274567
2.25098109
2.59019637
2.40000057
1.87058830
2.19215703
5.31764698
5.55490208
7.91372490
10.35882473
8.88235474
9.65686226
10.60980415
6.81568670
5.43529320
6.30784273
5.51764774
2.94901967
1.87647092
2.27647090
2.63333344
2.18431377
1.82156909
2.77647066
6.15882301
5.75098038
8.80000019
9.56274509
8.84509945
9.70588398
10.18823528
6.09019518
5.36666727
6.74901915
4.26666689
2.48039246
2.20000029
2.12549043
2.88039255
1.47843158
2.01372576
3.50392199
6.07451105
6.43529415
8.95490265
9.12745094
8.86470699
9.39215755
9.37450790
5.32156897
5.59607792
6.93725538
3.27647114
2.32549071
2.02549052
2.12549019
1.98627472
1.54901981
2.03137279
4.46274519
6.14705896
7.03921413
8.88823605
8.69411945
8.86274624
9.48039246
7.79803801
4.91176510
5.81960678
6.10784292
2.87058854
2.14509845
2.25882363
2.28235292
1.62745118
1.78039229
1.92156911
5.16078377
5.69215775
7.53137302
8.64117622
8.55098152
9.08235264
9.23725510
6.17254972
5.13725424
5.75294065
4.89803886
2.76274562
2.18627477
2.22745156
2.31764722
1.60588264
1.68627489
2.45882368
5.19411755
5.39411736
7.71568727
8.29608059
9.04706097
8.19607925
8.26470566
5.41176462
5.20980453
6.30588245
3.61568666
2.37843132
2.09411812
2.56862760
2.22156882
1.93333352
1.89019644
2.89803982
5.04117680
5.48235321
7.83333397
8.56078434
8.80392361
7.13333511
7.38823557
5.51176548
5.23529387
5.89019632
2.84705997
2.21764708
2.37647057
2.72156858
2.14117694
2.04509854
2.13333321
3.46666694
4.84117603
6.09803963
7.72549057
8.82156849
8.37450981
6.72156906
6.65686274
5.46470642
5.29215622
5.21764755
2.62745142
2.30000019
2.29411793
2.66862798
2.20000029
1.90784335
2.51764703
3.97058797
4.57254934
6.01764774
8.11176491
8.93725491
6.64313793
7.29804087
6.33137226
5.14313793
5.22745180
4.41176510
2.26666665
2.38823557
2.01960778
2.60980392
2.00000024
1.89803934
2.59411764
4.62941170
4.83921576
5.87450981
9.11764812
7.85098028
6.87450886
7.10392046
5.85098124
5.17843199
5.15097904
3.78235316
2.24117684
2.30392170
1.92352951
2.33333373
1.96274567
1.90392184
2.90588260
4.76862764
5.35294151
6.26862764
9.33333206
7.32156706
6.95490217
6.78235292
5.28627539
5.08627558
5.04509878
3.23725510
2.13333344
2.14901996
1.91960800
2.20196080
1.91372573
1.77647102
3.57254887
4.74705887
5.76078463
7.30392170
8.92156982
6.51960707
7.34313726
6.04509735
5.01176405
4.90392160
4.40784359
2.53725529
2.06666684
2.50000024
2.24901986
2.34902000
1.67254949
2.05686307
4.18235302
4.86666727
6.03137255
8.39215851
8.06274414
6.64901972
7.18823528
5.70980453
4.64901972
4.46274567
4.05098057
2.16078424
2.29803944
2.35882354
2.37254930
2.05490255
1.72352970
2.13529468
4.70000029
5.27450943
6.02941179
9.37647057
7.58235264
6.74705839
6.90195942
5.60196209
4.52549028
4.93137217
3.54313779
2.19803929
2.11764741
2.22156906
2.24313736
1.83529425
1.88039231
2.93333364
4.95098114
5.68431473
7.00392246
9.07451153
7.20784235
6.96078587
6.95098066
5.32352877
4.54705906
5.01372528
3.14901900
1.90784335
2.40000010
1.99019599
2.46078467
1.99411786
2.00980425
3.55294204
5.09215689
6.06274509
7.78431368
8.36862564
6.85490179
7.18431234
6.53137255
4.61176538
4.70980453
4.87058735
2.84509826
1.72941208
2.34705901
2.21568680
2.21960783
2.03137279
2.07647085
3.79607844
5.15294123
7.01568556
8.21568584
7.90588140
6.37254858
6.85882378
6.21176481
4.21372509
5.15294075
4.46274614
2.63333368
1.89411783
2.30392194
1.94313776
2.30588245
1.59411788
2.37254953
4.31568670
5.59019518
7.86470795
8.46470547
7.34705877
5.69215775
7.50000000
5.35490227
3.99411869
5.49803877
3.85490203
2.17254925
2.01372576
2.34509802
1.81372559
1.76666689
1.92352939
2.69411802
4.76470566
6.08235216
8.43333340
7.82549047
6.97843170
5.87254906
7.42156839
4.73529387
4.15098095
5.69607830
2.99607921
2.11764741
1.91372597
2.69803977
1.87843168
2.02156878
2.22549009
3.05686307
4.91764688
6.59411860
7.83333206
7.89215708
6.43921518
7.54313755
6.73333406
4.26078510
4.51372623
5.14117718
2.66862774
2.16470623
2.24509811
2.70196080
2.00196099
1.89607859
2.26274538
3.69607878
4.36666679
7.20588255
7.53529215
7.63529444
6.55882311
7.68627405
5.77843142
4.03725481
4.93333340
4.54902029
2.72745156
2.35490203
2.33137274
2.25686312
2.74705911
1.59019649
2.19411778
4.10196066
4.52745199
7.61764717
7.36666727
7.19019842
7.14902067
7.61176491
4.96862745
3.63333392
5.73137236
3.93725514
2.61372590
2.16470623
2.20392179
2.41764736
2.37647104
2.13529444
2.54313755
4.14705896
4.95686245
7.46862745
7.52549124
7.08039284
8.22156811
7.16862726
4.18039274
3.89215636
5.71568680
3.33725476
2.29411769
2.11568642
2.44117665
2.52156901
1.90784335
2.37254930
2.62745118
4.23529482
5.53137207
6.99607897
7.23529482
7.66470671
8.71176529
6.20588255
3.75882339
4.22745085
5.77058840
2.93529439
2.31372571
2.16470623
2.79803991
2.17647076
1.86470616
2.05686307
2.81568646
4.39411736
6.06274509
6.62941265
6.70980358
8.19607830
8.64117718
5.23725605
3.64901996
4.85882282
4.84902048
2.56470585
2.25490260
2.04509854
2.39411759
2.25490212
1.51568675
2.48823571
3.39607882
4.22352982
5.97254944
6.44117689
6.80588245
8.97646999
7.42941189
4.56470633
3.49411774
5.70196104
3.70000052
2.45294094
1.92352962
2.02941203
2.39607835
2.27451038
1.57254934
2.18823552
3.81372571
4.58039236
5.68823481
6.72548914
7.59999990
9.18235397
6.71568727
3.95490193
3.78039217
5.62156916
2.79607892
1.95686305
2.07058859
2.23333359
2.52352977
2.00392175
1.80588281
2.06470609
3.98235321
5.22548962
6.12352943
7.34117460
7.89215708
8.95097923
5.97843122
3.43333411
4.51960802
4.84117651
2.23921537
2.07647085
2.03725505
2.60392213
2.26862764
2.23529434
1.61568642
2.62745094
4.26862812
5.37843132
6.64901924
7.87254858
8.75686359
8.03137302
5.39215708
3.13921642
4.85098124
3.80588269
1.97451019
2.15490222
2.06862807
2.63921595
2.55294132
2.25686288
2.09607863
2.94313765
4.02745152
5.76078415
8.02548981
7.80588150
8.88627434
7.32549095
4.50588274
3.14509821
5.20980406
2.90196085
1.97451007
2.28039217
2.04117703
2.80784321
2.36666679
2.31960773
2.13333344
3.30392170
4.56078386
5.95882416
8.85882473
8.19215775
8.56470680
6.74313688
3.82745194
3.63725495
4.45097971
2.76274562
2.09607863
2.14313769
2.47254896
2.68431401
2.01764703
2.17647099
2.20980430
3.59411860
4.89411688
6.68627453
8.70980453
8.72941208
8.03725433
5.69803953
3.06274509
4.00784397
3.50588250
2.51960778
2.19411802
2.38823533
2.62745142
2.68627477
2.11960816
2.03921580
2.34509826
3.66666675
5.22745132
7.39803982
7.63921595
9.31568718
7.37254906
4.87058878
3.18039250
3.77451015
3.11176491
2.48235297
2.30588293
2.11960816
2.92156911
2.32941198
1.83921587
1.72549033
2.70588231
3.88823605
5.43333340
7.20784235
8.23333359
8.91372585
6.85490274
4.52352905
3.18431449
3.60784340
2.91568661
2.45490193
2.16078448
2.49607897
2.82941151
2.09607863
1.86666691
2.11960816
2.90980411
4.42549038
5.59607887
6.88235283
8.91372681
8.14313698
6.27255058
4.19804001
3.20784354
3.51176500
2.85686302
2.28627491
2.13921595
3.04509783
2.33725548
2.40000010
1.80196106
1.79019630
3.49607873
4.98431301
5.92549086
7.35686350
9.17843151
7.18039036
5.48431349
3.58431411
3.20000005
3.26862741
2.41568661
2.13529444
2.15098071
2.44901967
2.49411774
2.04117680
2.09411812
1.88823581
3.79607868
5.37647057
6.35294104
8.64117527
8.54313755
6.67647171
4.86078358
3.50784326
3.30000019
3.10588288
2.51372552
2.09215689
2.19607854
2.39411807
2.29215717
2.15686297
1.67647111
2.70196080
4.31960821
5.38431358
6.89411831
9.72549057
7.77843189
6.20392132
4.40784359
3.44509816
3.42156911
2.92353010
2.40000057
2.22156858
2.32352972
2.31372571
2.41568637
1.86470628
1.87451017
3.47647095
4.19803905
5.50980520
8.36470604
9.41764545
6.80000114
5.81568575
4.09019613
3.40196109
2.91764736
2.89607859
2.06078482
2.40784359
2.41176510
2.37254906
2.20980430
1.83333349
2.51176476
3.71176481
4.63529444
6.23529482
9.42941093
8.00392151
6.70392179
5.48431349
3.78431392
3.46274519
2.87058806
2.50588250
2.13333368
2.44901967
2.27254963
2.50980401
2.20784354
1.93333364
2.55686331
4.31764698
5.12745094
7.37255001
9.04902172
7.24117613
6.91176319
4.80392218
3.57843161
3.27254915
2.90784359
2.20196104
2.10000038
2.34705925
2.31372571
2.38431382
2.16274524
2.06470609
2.98431373
4.36274529
5.98235321
8.18627548
8.12745190
7.12549114
6.30784321
4.32549047
3.70000052
3.36470628
2.48235297
1.88431406
2.04705906
2.54705954
2.74313736
1.98235357
2.07843137
2.10588264
3.56470609
4.10196114
7.32549047
8.63529491
7.20980406
6.71764755
5.73333406
4.14313745
3.23333335
3.18039250
2.49019623
2.23333359
2.15490222
2.70784354
2.59019637
1.90784347
1.92549038
2.17254925
3.40588212
4.60196114
8.19804001
8.42352962
6.84902048
6.66666651
4.96862745
3.97254896
3.33137274
2.91176510
2.39215708
2.25294113
2.66470575
2.68627453
2.60588264
1.91960788
2.02156901
2.44705915
3.37254953
5.44705868
8.38823605
7.56078386
6.69607735
5.96470547
4.59999990
3.57254887
3.09411812
2.90784311
2.44509816
2.02549052
2.58431363
2.53137279
2.35490203
2.16470623
1.97843170
2.77843165
3.10980392
6.24313688
8.17843246
6.98039103
6.16666651
5.58039236
4.41176510
3.04705906
3.25098085
2.48235321
2.20980453
2.18823528
2.46666718
2.50784349
1.95686293
2.38627458
1.92352962
2.87647128
3.50392175
6.99411774
7.58627462
6.67451048
5.99019575
5.26666737
3.85686278
3.10392141
3.00392199
2.41372609
2.28823543
2.37647033
2.50588250
2.40196109
2.01372552
2.57843161
1.99411809
3.18235326
4.15490198
7.77451038
7.39607668
5.98627567
6.23725510
4.76470566
3.73921585
2.68235302
2.84705901
2.14509821
2.35098076
2.29607844
2.73725533
2.51372552
2.37451029
2.34117723
2.25098062
3.31764722
4.78431320
8.16078377
6.56470633
5.75098133
6.11176538
4.36470652
3.36470556
2.55882359
2.30000043
2.30980420
2.33529425
2.40784359
2.99019623
2.53529429
2.07254958
1.97843146
2.83529425
2.97058868
5.53137302
7.57451010
5.91960907
5.59411812
5.82745075
4.24509859
2.97647142
2.60784316
2.29215693
2.27843165
2.36862803
2.76470566
2.65490222
2.23333383
1.80980420
1.86274540
2.69803929
3.69019651
5.86666632
7.31960678
5.41372681
5.45882416
5.40588331
4.03725481
2.75490212
2.90196109
2.23333383
2.30000043
2.42549038
2.81176496
2.25098062
2.13921571
1.85294127
1.97843170
3.07647133
4.57451057
6.45490170
6.80392170
4.91372633
5.61568642
5.26470518
3.56666684
2.60588264
2.83921599
2.24705935
2.04313779
2.53529429
2.60196114
1.93529427
2.21372581
1.98627508
2.21960831
3.10196090
4.71960783
6.91960764
6.02353001
4.69999933
5.86274385
4.76078510
3.14901972
2.82352972
2.73725557
2.03333354
2.12352943
2.64901996
2.66078424
2.02745128
2.18627453
1.82941186
2.53921604
3.28823614
4.90784359
6.91372633
5.21960783
4.87058783
5.45097971
4.30588245
3.14313793
3.11960816
2.71372604
2.02941203
2.38823533
2.34705901
2.72352934
2.16274548
2.18235326
1.84705901
3.00588274
3.30196142
5.18823528
7.19215727
4.74902010
5.00196028
4.82549047
3.85686278
2.82156849
3.05882359
2.10000014
2.47451019
2.52353001
2.62941217
2.53725553
2.19411802
2.30588293
2.20196104
2.82549024
3.65098071
6.01764822
6.47254992
4.83137274
4.46666718
4.54117680
3.62156916
2.55686355
3.17450976
2.20784354
2.54509807
2.54705930
3.05686259
2.35882378
1.84117687
2.79215765
2.33921576
2.90784311
4.15098047
6.56666660
5.53725529
4.43725491
4.58039284
4.09019613
3.43333340
2.57843184
3.08039236
2.36862803
2.39215684
2.72352958
2.86666679
2.07058859
2.04705906
2.61568689
2.49411798
3.09803963
4.52941179
6.54509830
4.92549133
4.19607925
4.77843189
3.55490232
3.31764770
3.10588264
2.62745118
2.14705896
2.65686274
2.72941232
2.44117689
2.02352953
2.33725524
2.50784349
2.53137255
3.86274529
4.70392132
5.90196085
4.42156982
4.51960850
4.63725519
3.47450972
3.13137245
2.93529463
2.63725543
2.26666689
2.44509816
2.61960793
2.74705935
2.10000038
2.11372590
2.66274548
3.09803963
3.98627543
4.90980339
4.96078396
4.30784369
4.57254887
4.49019575
3.20588279
3.14509797
3.19411755
2.62745118
2.10980392
2.73333406
2.50980401
2.65686345
1.85686278
2.37451005
2.56470609
3.39999986
4.03333378
4.89019585
4.57647038
4.19803953
4.77058744
4.22745132
3.01372576
2.88235354
2.78431463
2.25098062
2.30980444
2.67647099
2.56666660
2.33725500
2.05294132
2.32745099
2.73333359
3.14117670
4.20588207
4.90784311
4.17058849
4.09019566
4.80784416
3.54117727
3.18039298
2.85490227
2.44117689
2.28039265
1.94509816
2.84509826
2.72549033
2.42156887
2.30392194
2.02353001
2.69411802
3.29803967
4.29019642
4.45686340
4.02549028
4.16666698
4.64509821
3.45294142
3.04705882
2.95490217
2.51960778
2.01960802
2.34117651
2.61764765
2.79607844
2.46274543
2.06078434
2.14509892
2.95882344
3.53921604
4.21764708
4.45490217
3.97451043
4.43333340
4.63529396
3.28039169
2.84509826
2.71568680
2.35490179
1.98039222
2.40392184
2.67058849
2.67843175
2.40196109
1.93333364
2.48431396
3.19215679
3.89411783
4.26274538
4.40588284
4.34313726
4.46862745
4.32941246
3.20588279
2.75686240
2.53725553
2.11568666
1.99803960
2.52745104
2.78627467
2.78235364
2.06078434
2.08431387
2.65098119
3.60784340
4.00980473
4.14509869
4.35294151
4.34902000
4.67451000
3.48627496
2.39803910
2.78039265
2.56274509
2.09803939
2.00980425
2.71960759
2.96862769
2.59019661
1.92941225
2.29803967
2.54705882
4.00392199
3.93921566
4.31764650
4.32745075
4.12549019
4.78431320
3.12549043
2.31568646
2.77254963
2.61764717
2.33137274
2.30000019
2.95098042
2.84509802
2.29607868
2.06274533
2.27647090
2.63137293
4.03921604
4.20196104
4.73529482
4.06274557
4.80196238
4.13529444
2.68039227
2.38039231
2.56666708
2.08235359
2.29803967
2.65490174
2.83725524
2.61176491
2.27254915
1.86274529
2.42156863
3.06862736
4.31372595
4.82745075
5.05097961
4.31176519
5.14313650
3.56862807
2.46666694
2.75686264
2.35882401
2.06078458
2.05098081
2.62352967
2.80784369
2.32745147
2.25882411
2.04313731
2.37254930
3.06078506
4.25490236
5.49607754
4.64901924
4.57058859
5.01764727
3.42941260
2.41960788
2.65098047
2.34509850
2.09607863
2.46862769
2.75490212
2.84117675
2.62745118
2.10196114
2.21568656
2.33529472
2.88235307
4.37647104
5.98039246
4.45098114
4.66666603
4.78039217
3.23333359
2.45882392
2.53529429
2.21568632
2.26470590
2.39215732
2.91372585
2.82941198
2.31176472
2.37058854
2.20392179
2.52745128
3.35294127
4.68039274
5.55882406
4.51372623
4.64705896
4.18039274
3.22352958
2.60000038
2.47843194
2.48823547
2.40784359
2.44901991
2.36274552
2.62156916
2.11372542
2.33529401
2.30784321
3.00980401
3.78039217
5.05294132
5.50980377
4.36862755
5.03921652
3.56274533
2.86078405
2.53137279
2.41960788
2.36274529
2.45490241
2.53529406
2.46274567
2.56274509
2.09215713
2.46274519
2.19019651
3.38431382
3.74705958
5.93137264
5.36078501
4.34901905
4.94509745
3.08235335
2.30000043
2.71960831
1.89215732
2.21568680
2.30588245
2.91176510
2.60784316
2.76862764
2.47058892
2.33137274
2.48627496
3.12941146
3.79607892
6.59019566
4.81568623
4.52549028
4.85882378
2.58627510
2.55882359
1.98431432
2.02352977
1.99215710
2.27058864
2.92745090
2.65686345
2.91764736
2.38431382
2.41372585
2.49607944
3.25098062
4.22549057
5.56470633
4.57058907
4.68627501
4.00392151
2.43725538
2.79411769
2.10980392
2.28039217
2.26274538
2.37451029
3.24901986
2.56078458
2.55294156
2.53921604
2.10588241
2.76470590
2.97843170
4.45882416
4.83529472
4.27058840
4.82745171
3.51176548
2.33921576
2.66666651
2.59411788
2.08431411
2.38627458
2.67451000
2.86274529
2.12549067
2.06862783
2.37254930
2.43333387
2.72941232
2.90000033
5.13333321
4.60392141
4.10980415
4.77843142
3.01372504
2.71176529
2.25882387
2.60980415
2.11176515
2.50392222
2.95294189
2.91372538
2.33725548
1.93921602
2.17647099
2.23725533
2.95686316
3.46862745
4.94902039
4.48235273
4.35882378
4.28235340
2.78823543
2.89215708
2.15098071
2.54705906
2.06666708
2.39019632
3.14313769
3.08431411
2.63921571
2.16666698
1.92156863
2.38823533
2.77843213
3.94509840
4.57646990
4.67843103
4.49215698
3.81764746
2.76274586
2.56666660
2.36078453
2.13725495
2.08235312
2.55098104
2.96666622
2.82352996
2.52745128
2.52352977
2.14705920
2.60980415
2.68627453
4.20784330
4.78235388
4.24706030
4.52941275
3.55490255
2.80588269
2.30588245
2.02941203
2.55882406
2.19803953
2.70392179
2.40000010
2.39019680
2.47647095
2.38823557
2.38823533
2.64117670
2.81568646
4.68823576
4.60196066
3.77843142
4.48431396
2.68627501
2.65294099
2.58431363
2.04313755
2.32745123
2.77058864
2.97254944
2.40000033
2.52941227
2.15098047
2.07058835
2.33725500
2.76666737
3.38431406
4.77254963
4.01764727
4.05490208
3.79411793
2.66862798
2.57058883
2.15098071
2.21960807
2.53921604
2.65490198
2.77254915
2.59215665
2.39411783
2.16078448
2.02156878
2.22549033
3.26470518
3.48823547
4.61372614
3.69607878
4.38627481
3.35098052
2.76470661
2.37843108
1.99215698
2.24313736
2.50392151
2.28627443
3.03137279
2.69803953
2.38039231
2.19607878
1.86274540
2.52745080
3.11960793
3.88823533
4.33725500
4.02941132
4.03137255
2.92745137
2.52745175
2.20588303
1.98627460
2.28039241
2.44117665
2.54313731
2.81372571
2.70392179
2.54705930
2.37058878
1.58039236
2.81568694
3.14117670
4.19019604
4.16470575
3.84705925
3.80784321
3.00980401
2.08431411
2.20196104
2.08627486
2.09607863
2.39803934
3.08823657
2.44313741
2.60784340
2.58235312
1.85098100
2.05490208
2.47451019
3.28039217
4.17451048
3.97843122
3.88235331
3.37254977
2.63333344
2.29803944
1.99411809
2.13921595
2.31372595
2.71176481
2.90392137
2.25294161
2.38235307
2.50196099
1.63333368
2.48431396
2.34902000
3.70784307
4.29999971
4.02941179
3.93529463
3.03137255
2.46862745
2.72156906
2.18823552
2.31764722
2.67254949
3.01960850
2.72549009
2.38235331
2.26274538
2.30980420
2.16862750
2.37647104
2.87647033
3.75294161
4.27451038
4.00784302
3.98235369
3.14705944
2.75490236
2.71568632
2.23725510
2.55686283
2.65098047
3.15098119
2.77843118
2.26862788
2.25294089
2.09607887
2.41568637
2.31568646
3.07058835
3.71764755
4.17254972
3.99607801
3.65098119
2.85294151
2.62941170
2.58627439
2.32156897
2.51960802
2.49019623
2.73725486
2.65294170
2.04705954
2.36862779
2.21568680
2.27647090
2.58823538
3.10588264
3.65098047
3.96666718
4.08431387
2.98431420
2.73725533
2.28039265
2.47451043
2.44509864
2.25490236
2.26666689
2.76274586
2.69215751
1.90392184
1.99803936
2.56470633
2.28627491
2.81764770
3.25882363
3.84509778
3.97451067
3.74313736
2.95882344
2.71568656
2.34117675
2.51764750
2.37451029
2.16078472
2.27451015
2.59019637
2.62941217
1.97451007
2.28823566
2.23725486
2.14117694
2.42156887
3.47647095
3.89803934
3.78235316
3.58431387
2.91960764
2.57843137
2.64313769
2.17451024
2.29411840
2.12352967
2.53333354
2.52352953
2.47254944
2.12941194
2.26470613
2.12352967
2.29999995
2.39019632
3.79215717
3.73725533
3.55098104
3.28235292
2.69019651
2.20980406
2.38235331
2.24902010
2.34902000
2.44705915
2.82353020
2.54705882
2.41960883
2.18823552
2.28039217
1.83725500
2.67647076
2.66274476
3.85686374
3.67843175
3.63921571
2.81960797
2.32549047
1.99215710
2.41960835
2.18431401
2.71960783
2.37058854
2.90980411
2.39607859
2.66862774
2.13137293
2.08039236
1.89803970
2.39607835
3.28039265
3.86666632
3.59411812
3.57254910
2.80000067
2.10980415
2.32352972
2.32156873
2.28431416
2.60784340
2.51960802
2.47450972
2.57647109
2.60196090
2.13333368
2.06274533
1.97451031
2.58627510
3.74509835
3.66666675
3.47254920
3.26274562
2.63921618
2.16666722
2.28627467
2.42549062
2.38039255
2.53529406
2.71568656
2.45686293
2.46666670
2.61960793
2.08627486
1.80588281
2.07058859
2.77450967
3.64705873
3.76666689
3.16862750
2.86666703
2.54902005
1.97843146
1.98039258
2.59411740
2.51176476
2.56078482
2.59607863
2.50980449
2.29411769
2.18235326
2.22156906
1.78235304
2.46666670
2.77843142
3.60980392
3.40392137
3.32941151
3.00196099
2.48431396
1.86078501
2.30980420
2.23137259
2.60196114
2.38431382
2.78235364
2.28235316
2.22745180
1.78235316
1.86470592
2.22352982
2.19019604
3.10000038
3.59411788
3.57058811
3.41960788
3.31960821
2.48039222
1.75098050
2.43333340
2.26078463
2.44313788
2.84901953
2.50196147
2.55490255
2.13333368
1.99607873
2.21372557
2.18627477
2.98235321
3.04705906
3.63921642
3.04509854
3.23725486
3.16078496
2.20784330
1.85098052
2.56274557
2.51372576
2.90784335
2.91568637
2.29607821
2.54117656
2.33725500
2.32745147
2.31372547
2.37647104
3.09215713
3.08627462
3.31960845
3.01568675
3.32745099
3.05294156
2.01568651
1.84117663
2.58627486
2.56470585
2.85098076
2.84117651
2.84313750
2.23137283
2.24509835
2.33725500
2.15490198
2.20000029
2.92352939
3.32549024
3.15098047
3.00588274
3.21960807
2.62353015
2.26666689
1.77843177
2.52352953
2.42549038
2.76666713
2.81568670
3.07450986
2.26666713
2.03137279
2.15882397
2.36078405
2.10196090
3.30392194
3.49607825
3.13725495
2.74901986
3.08235288
2.16078448
2.20784330
1.57058835
2.80196095
2.51960802
2.61764717
2.71764731
2.62156892
2.40196133
2.14117718
2.26078439
2.22745132
2.42941189
3.22549057
3.34117723
3.04901958
3.28235316
2.96666646
1.77058864
1.90392172
2.03725505
2.73137283
2.50588250
2.47058868
2.47647071
2.80980420
2.11568642
1.65882373
2.23529434
2.09019637
2.23333359
3.47843170
3.01372576
2.70980406
3.60392165
2.69607878
1.53333354
1.85294139
2.19215703
2.47843170
2.53725529
2.62549019
2.85882330
2.56078482
1.88039267
1.74509823
1.99803960
2.19411826
2.74313736
3.39215684
2.89803886
3.06862736
3.28627419
2.19215751
1.81568646
2.03529477
2.14117670
2.18627477
2.56470609
2.85686302
2.74509835
2.07254910
1.79411781
1.74117672
1.93725526
2.43921590
3.37254906
3.02941179
3.65098071
3.15882373
3.08039284
2.34509850
1.97451043
1.80000019
2.25294137
2.27451038
2.71568680
2.45490217
2.55294132
1.81568646
1.90588236
1.89803946
2.36078453
2.17058849
3.25490212
3.23921561
3.36274529
3.07254982
3.22549081
2.16666698
2.07843208
1.75098062
2.59019637
2.09215689
2.85686302
2.45294118
2.60196090
1.93137288
2.21568680
1.79215717
2.26470637
2.27058840
2.95686293
3.31568646
3.62156916
2.97451019
3.19019628
2.07843161
1.77451015
2.06274533
2.51960802
2.53529453
2.92352939
2.62745142
2.46470642
2.20000005
1.84313750
1.64509845
1.98235321
2.68823576
2.86470604
3.52352953
3.26274467
3.16274595
2.75490189
2.00980425
1.71176481
2.29803944
2.34705877
3.02745128
2.49803972
2.52745104
2.45882368
2.04117680
1.61568642
1.56274521
1.84117687
2.86666727
3.24705935
3.21764803
2.93921590
2.98235297
2.33725524
1.82549059
1.72156870
2.41568661
2.34705877
2.77647090
1.41568637
