14.55294323
21.76470375
22.08823776
23.06667137
22.05490685
22.21176910
22.55490494
23.13725662
24.56469727
23.73529053
23.39215851
23.78627205
22.75490570
22.43725967
22.62352753
21.31568718
21.98234940
19.49607658
21.79411507
21.82744789
23.38235855
22.99411583
22.92353249
23.01569176
23.67058563
24.85882187
24.08627701
24.31764984
24.22549057
22.87451553
23.07843971
23.32941437
21.58039093
22.56078911
20.86667061
22.03137207
21.89411545
24.17646599
23.55489922
24.19804192
23.54314041
24.54509926
25.52942276
24.70783997
24.23725700
24.09804535
23.17059517
23.69019890
23.79412460
22.33725739
23.14314270
19.81372643
22.93333817
22.62157249
24.24510193
24.39607620
25.96666336
24.46666718
25.03332901
24.97451401
25.99804306
23.90980530
24.15490723
23.55686951
23.97647476
23.44313431
22.80588150
23.69412041
19.59019852
23.53529739
23.44510460
25.17254639
25.48627281
27.14313126
24.99411583
25.25686073
25.66471100
28.20000267
24.74509430
24.47255325
24.43725967
24.20783997
23.29019356
23.03921700
23.71960831
19.88627625
23.26470566
23.61373329
25.02156830
25.81569481
27.47255707
25.50196266
25.89608383
26.30000305
28.52744865
25.80980492
25.20392227
25.37255096
24.62352371
24.04901886
23.32549477
23.36274147
20.37647629
22.90784645
23.75490570
25.54118156
25.76667023
27.92941666
26.45098305
26.41960907
26.17255211
27.94117737
26.46470642
26.65294456
25.65686798
25.03725433
24.57255936
23.14313507
23.08431625
21.74706268
22.72353745
24.15882301
25.67451477
25.72156906
28.35686493
26.72157288
26.38235092
26.58234978
28.05686569
27.01961136
27.52941322
25.81568909
25.21764946
24.31176949
22.78823471
22.78627968
21.90980721
23.27059174
24.05882454
25.23922157
26.45098495
28.71176529
26.68039322
25.91960716
26.81176567
28.44902420
26.91176224
26.94705963
26.47058487
25.06666374
24.39608002
22.59216118
23.31568527
20.24313736
23.81961060
23.56470680
24.87843704
26.29804230
29.60196495
27.03725433
25.39608002
27.49020386
27.54313660
26.22352791
27.22745132
27.03137589
25.21372795
24.30000305
22.44706154
23.20980453
21.54313469
23.65882683
23.44901657
26.16666794
25.80392265
29.00588608
26.19215775
24.02353096
25.82157326
27.10784149
27.25882339
27.93529892
27.32548904
24.64705658
23.75097847
22.23529434
23.22745132
22.38235092
23.45686722
23.89019585
25.81176949
26.30980682
28.53333092
25.74117279
23.87647629
23.50784302
26.89216042
27.17451668
28.48235512
26.26666451
24.94509888
23.91176605
22.60196495
23.05098152
21.72156715
23.67646980
24.07843781
25.28824043
27.29608154
28.78431320
26.33333206
25.42353249
23.01372719
26.54705429
27.10000420
28.47255325
25.40588379
24.65294456
24.59215736
22.76274872
23.66666412
20.21764565
23.63136864
23.55098343
24.92940903
26.55098343
28.78627205
26.09999847
26.74706268
22.70392418
24.29019165
26.42745399
27.82353401
25.44705963
24.79607964
24.64313507
23.31764984
24.05294228
21.09608078
23.17451477
22.60980797
23.29804611
23.73137283
27.73725510
25.19216156
26.99411774
22.12353134
22.77254868
24.50000572
26.31372643
25.00588417
24.55490112
23.70784378
23.11372375
24.87254715
22.74509621
22.62548828
21.88039780
21.71961212
22.57255173
25.74902344
24.70980453
26.78039360
22.31568718
21.87647247
23.65490723
24.64118195
24.45097733
24.27647209
22.43333435
22.29019737
24.72941589
20.76470947
22.75293541
21.34705925
21.07254791
22.12352753
24.15686417
23.76470757
24.48627090
22.81372643
20.83137131
24.65490723
23.47843361
23.14314270
24.23921585
21.26470947
22.72352982
24.74510002
20.74901581
23.05686188
20.85294151
21.06470490
22.04902267
23.63529587
22.89803886
23.17450714
22.80980873
20.32745361
24.69608307
21.91568756
22.08823395
23.52353096
20.32745552
22.83726120
24.99019814
20.07843018
22.84117889
21.83529472
20.83725166
21.58823776
23.31568718
22.48431396
22.93333054
22.90588379
20.64705658
22.34901810
20.75882149
21.84902000
22.05490303
19.40195847
22.77646828
24.53529549
19.97646904
22.03725433
22.43333244
20.43921089
20.11764908
22.52745247
22.45294189
22.72157097
23.68235397
21.58627510
21.24117661
20.40391922
22.15882874
21.37843323
18.86862755
22.37842941
23.83137321
19.74313354
21.75490952
22.08823586
20.90196228
19.90980721
22.41568375
22.18431473
22.18039322
22.91960907
21.33921432
20.11372948
20.33137512
21.94901848
20.70980835
18.39804077
21.50980568
23.09804535
20.08039665
21.65882111
22.01568222
21.48823738
19.73333549
22.48039055
22.43921852
21.50980377
21.55294228
20.98039246
19.94510269
20.81372452
21.85490417
19.98431015
17.88431740
19.88039398
22.26666832
20.46078682
20.99607658
20.48431206
21.23333359
19.44902229
22.09803581
22.67646980
20.40392494
20.81372070
22.46666718
20.54509926
21.62352562
22.23529816
20.10783958
17.36274910
18.74902344
21.74705315
20.41764450
20.51176643
19.42941475
21.21960831
20.10392189
21.23725319
23.60196114
19.98235130
20.67646790
24.29804420
20.46666908
22.02940750
22.48039627
19.99215317
16.92156792
17.44705963
21.47842789
20.45293617
20.03529358
19.80195808
21.89608383
20.29804230
20.87058258
23.09215927
20.44313431
20.58431053
24.48039246
20.03137589
22.23137283
21.79019737
19.03333282
16.60784340
16.21176338
21.37450790
20.78627014
20.26078033
20.55489922
22.35686874
20.29608154
20.38823509
22.56862831
20.40784454
20.53137207
23.72352791
19.72548866
22.55294418
20.88431358
18.10980415
15.90784454
14.80980682
21.29803658
20.84509850
20.93136597
20.34117699
22.37450981
20.11764526
20.21960831
22.50195885
20.16470718
20.22940826
22.18038940
20.53333664
22.16274261
20.87451172
17.66470718
15.98431301
14.29019737
20.97842979
20.44313812
21.22548866
20.84117317
21.75882912
19.98823547
19.79803467
20.94509888
20.82549095
20.03137398
20.68431282
21.01569176
21.56666374
20.64901924
17.24705696
17.96470451
14.50000191
20.61764908
19.66274261
21.34313965
21.56470108
22.07451248
19.47843361
20.07451057
21.17059135
21.08431435
20.03529739
19.60784340
20.57451057
21.09608078
20.50784683
17.18235207
18.98627281
15.93333626
20.46274567
19.38431168
21.62549019
21.35293961
22.45489502
19.68235779
20.51765251
22.32548904
20.78431511
19.85686493
19.14706421
20.03921318
20.44901848
20.67255402
17.19019699
18.47059059
19.16077995
20.96666718
19.04313469
21.60980415
21.60000229
23.65882492
19.84510040
19.98235321
22.98431587
21.06274605
19.95686722
19.01568985
19.68627167
19.99608040
20.05097961
17.09215736
18.59607887
21.44117737
20.59999847
19.28039169
21.42156792
22.02745247
25.37842751
19.99019623
19.86470795
23.10980415
21.02352715
20.49412155
18.63529396
19.83333206
19.78431511
19.57647133
17.91764832
18.79607773
23.24510002
20.21372604
19.11372566
21.05098343
21.88627243
24.71961212
20.44313812
19.91372681
23.12156868
20.36274529
21.52549171
18.97058678
19.73529816
20.16078377
20.08235359
18.96862411
19.65882683
23.90980339
20.51372147
18.70588303
21.25882530
21.51568222
22.81568527
20.43725204
19.58431625
23.12548828
20.03333282
22.47058868
19.48039436
19.58039665
21.16470528
20.19019318
19.64509964
20.41764641
23.82156944
20.11372375
18.05490112
20.98039436
21.60587692
22.34313202
20.55685806
19.25686646
24.30196190
20.83921432
23.14314270
20.49412346
20.18235397
21.46666718
20.01960945
20.65098190
19.58235359
23.59804535
20.98234940
18.08823204
21.59019470
21.85097694
21.93920898
20.44705582
19.25490379
23.91960907
21.36470795
24.34706306
21.38627815
21.34509468
21.31372833
19.97059250
21.69607925
18.75294495
23.31176758
20.74902153
17.97842979
21.71960831
22.74314117
21.71568298
20.39215469
19.30980873
23.11176300
21.66666222
24.19216156
22.10784531
21.25882339
21.13137627
20.40392113
21.79608345
18.83529472
22.64313889
21.03529358
18.60392189
21.87059212
22.85098839
21.40980339
19.58823395
19.91569138
21.57254791
21.80195999
22.15294456
23.27450943
20.62156677
20.01764870
21.14118004
21.17255211
18.93333626
21.29411697
20.79215622
19.17647362
22.14706421
22.57058716
21.08235359
19.30980301
19.99412537
25.67451286
21.95882416
21.24510193
24.47647095
19.34314156
20.01961136
21.26862717
20.39803886
19.27254677
20.52549171
20.46666527
19.18431473
21.94902420
24.11961365
20.96862602
19.50980568
20.11961365
26.92744827
21.64117622
21.50196266
24.91568565
18.34313583
22.16863060
22.11372375
19.57254601
19.58431244
20.85490036
20.61568642
19.17450905
21.61372566
25.68039513
21.16666603
19.46470833
20.63333130
27.05489922
21.35882187
21.35686111
24.61764336
17.88235283
25.17450523
24.51176643
19.68039131
20.07450676
21.20588112
20.58823967
19.00392151
21.31176186
25.38039398
21.66274452
19.59019470
22.33725929
24.67451477
21.23921967
20.81764603
23.53921700
18.61765099
26.01568985
25.95686150
19.95882797
20.33333015
21.28627396
20.62157059
19.06274605
20.76470375
24.06275177
22.26470375
19.53921318
23.16078568
23.01176262
20.57843399
20.07451248
22.55098343
18.60392570
25.57254982
24.75686455
22.20391655
20.48039627
21.72548866
20.75294495
18.54706192
20.68627548
24.06078720
21.49607849
19.16862679
21.96079063
20.36666679
20.29019547
20.42156982
20.85294342
17.99215698
23.17254639
23.06667137
24.06274223
20.70980453
21.42941093
20.66666794
18.40392113
20.48431206
24.50392342
19.43529701
16.47451019
19.00196075
18.75882530
19.99215508
20.56666756
19.28235054
18.29411888
20.40392494
23.09804153
22.91176987
20.41373062
21.39019775
20.84705734
18.34117699
19.43333626
23.78627396
17.22156715
13.72745037
16.16470718
18.58823776
18.92353058
20.33725548
18.96274185
20.38235664
18.67646980
22.11176109
20.84117508
20.30980492
21.40196228
21.12745285
17.68235588
18.26274490
23.03725433
15.35294151
12.57843304
14.64314079
18.75882912
17.99804306
20.70980263
19.17059517
22.52352905
18.09411812
19.82353210
18.63725662
20.89215469
21.41372681
20.55490303
17.70980644
17.43333244
22.48627281
14.42941093
12.35490417
15.35882378
19.39804077
17.63725853
20.62156677
19.64313889
22.95293999
18.10588074
18.45490265
17.69804192
20.92941666
21.21372986
19.72157097
18.01568604
16.88627625
21.10392761
14.00195885
12.08627605
17.09411621
20.21569061
17.55490303
20.42353058
20.26470757
21.99804115
18.54313850
17.50784683
16.78824043
20.17059326
21.39216042
19.56666374
17.64901924
16.54902267
19.66470718
14.22157001
10.87647152
17.18823624
20.15882492
17.01568985
20.48431206
20.24901772
19.90784264
19.38431168
17.53725815
16.34902191
20.04313660
21.76274681
19.06470871
18.25294304
16.46667099
18.54313850
14.38431644
10.90196037
16.58823586
20.00196457
16.29019737
20.60000229
19.65098000
19.49803925
19.83137321
17.72549248
16.55686188
19.57451057
21.14314079
18.46471024
17.95294189
16.32745361
18.91568756
15.77451229
11.56470490
16.46274567
20.11960793
15.69215965
20.79019928
19.47647095
19.88039398
19.96862793
17.43921852
16.60784340
19.82548714
20.85294724
19.02156830
18.12549019
15.51764870
18.12156868
16.95294380
11.43529701
16.16666412
19.70195770
14.63529491
20.76470757
19.11568642
19.74314117
20.57451248
17.49215698
16.63725471
19.80980682
20.52549171
19.72941208
17.48039436
14.53725433
18.64705849
18.03922081
11.32353020
15.77843094
19.58431244
13.44902325
20.46862984
18.96274376
19.04313660
20.41373062
19.10980797
16.85294342
19.57255173
20.79607964
20.93529510
16.49411774
13.91961002
18.68235016
19.16470718
11.13921833
15.87843227
19.91176987
12.93921757
20.54117393
18.79411697
18.79999924
19.27843285
19.50392342
16.84313965
19.46666718
21.25489807
23.11764526
17.16470909
13.66078568
18.68431282
19.93529510
10.40784359
15.33725548
19.12156677
12.72941208
21.04510117
18.74313736
18.60784149
18.85098076
19.00195885
17.06863213
19.83333397
21.45293999
24.18235588
17.29411697
13.48823547
18.84705925
19.87059021
10.12352943
15.57254887
17.83529472
12.47059059
21.67059517
19.25294113
17.67843246
17.73333359
17.47843170
17.51176643
19.62549400
21.93725395
24.63333511
17.53333282
13.69804096
19.03921509
19.26470566
9.89999771
15.57647228
16.94902039
11.85686302
21.04705429
19.97450829
17.11372566
16.67255020
16.88431549
17.49019623
19.41176605
23.22352791
24.20588303
17.27647400
12.98823833
18.87451172
18.86862755
10.21764755
15.64313698
16.13529396
11.34902096
20.51568604
20.15097809
17.00392151
15.92156887
17.11960793
17.05098152
18.66470528
24.67059135
22.92941475
16.55098343
13.36078358
19.11960983
18.63528824
10.11960888
15.40000153
13.99607658
11.16862679
20.58039474
20.62353516
16.38235474
15.78235626
16.78627777
16.66274834
18.66274643
27.09019852
22.60391998
16.09019470
12.49019527
18.96274567
18.01764679
10.62549019
15.40588665
12.61176300
10.77843189
20.44118118
20.42940903
15.92745113
15.52549267
17.25490570
16.60588455
18.97451401
28.44902229
21.90980148
15.97451115
11.82156944
18.00784492
17.43333244
10.95294189
14.64117622
11.93333435
10.05294132
19.74706078
20.71175957
16.01372719
15.26667118
17.39411926
16.63725471
19.01372528
28.49215889
21.92156601
15.63333321
11.30980301
17.30000305
17.50588226
10.92941093
13.91568661
11.36078548
9.58431339
18.76666451
21.15882492
17.28431320
15.36274529
16.69215775
16.82549095
19.07059097
26.01568794
22.32353210
15.11764717
10.56274605
16.72744942
17.99216080
10.91961002
13.44901657
11.49019527
9.49803925
17.67843056
20.69411659
18.57254791
15.60588360
16.55490494
17.22745132
18.78431702
23.62745094
21.57255173
14.97451115
10.52353001
16.49411774
18.05882454
11.59999943
12.94509983
11.96666622
9.55882263
17.89999962
20.24509621
18.65490341
15.93725681
15.89019585
17.66470909
19.01960945
21.32157326
21.12352753
14.93725395
11.05294037
15.89215660
18.78627777
12.44706059
12.35294247
11.81176567
9.53333282
16.48039436
20.26862907
18.39804268
16.48039436
15.67647076
17.87255096
19.03725624
20.31961060
21.15882492
14.55294228
10.65686321
15.21372700
19.29608154
12.63137150
12.44706059
11.83529472
9.54313755
15.61764908
20.23922348
19.19215393
16.79804420
15.30000114
18.13333511
18.64313698
20.07451630
21.56863022
14.74902153
9.42156982
14.96667004
19.75686646
13.05882549
12.46470833
11.07843208
9.78627586
14.42548943
20.21569061
19.22352600
17.37450981
16.03725433
18.36078453
18.33333397
20.99607277
22.13529396
14.24705791
8.41764641
14.78235626
18.89803886
13.67059040
12.08431339
10.81764889
9.34510040
14.76666737
19.48823738
19.49020195
18.44117737
17.12352943
18.28431702
18.03529358
21.70980644
22.12157440
13.64706039
7.85686350
14.60588264
17.67254829
13.50784492
11.87843323
11.08823681
8.89215660
15.02156734
19.40000534
19.22352791
19.72352982
16.91176414
18.50784683
17.70588112
21.48039436
20.34313583
12.95882416
7.63921452
15.40980625
16.99411774
13.83529377
10.95686245
10.41568756
8.16666794
14.43921471
18.91765022
19.92941284
20.76078415
16.10392189
19.28431511
17.70980263
20.55490112
18.45490456
12.22941208
7.63529444
15.12745094
17.16078568
14.88235378
10.96666431
9.92156982
7.81764746
13.18431473
17.81372833
20.98235512
21.07647705
15.63725662
19.72549248
17.70980263
19.74118233
17.03725815
11.65686131
7.52941418
13.96470737
17.23137474
15.08627605
10.49804020
9.09607792
8.28627491
11.87646866
16.93725395
21.22353363
20.54706383
16.17647171
19.21764946
17.38235283
19.54314041
16.60000229
10.45490265
7.73921728
13.99019718
16.32549095
14.87254810
10.54509830
8.80195999
8.06078625
10.02745247
16.91764641
21.50392723
19.74118233
15.90784550
19.12744904
17.70392036
20.40588379
16.61176682
10.56863022
7.75686216
13.68627453
16.20588684
15.39019585
9.85098076
9.24117661
7.84117794
9.78431511
16.76274681
22.20196152
19.09412193
16.02157021
18.72548485
17.65489960
20.37843323
16.79607773
10.69019699
7.56666565
13.80392361
16.02157021
16.02745247
9.63333321
9.14117813
7.77254868
9.63921547
16.29607964
22.35882568
18.78235626
14.82156944
18.45294189
17.46078300
20.50980377
16.38627625
10.35882473
7.28627539
13.58235359
16.43333435
15.28627396
9.91568756
8.98627472
7.69019604
9.11372566
15.92353058
21.66470337
18.18039322
15.71372509
18.91568565
17.61960983
20.80980110
16.09608269
10.26862717
7.02156878
13.65882301
16.63921547
14.90196133
10.05686760
8.44705963
7.53921604
9.20000172
15.38823605
21.09804344
17.93137169
15.90392208
19.14117432
17.79607773
21.45490265
16.46666718
9.92352962
6.90980434
13.77255058
16.33137321
14.37254810
10.06274796
8.50392342
7.60980463
8.84313774
15.30196381
21.01372910
18.23137665
15.94509983
19.59607315
17.85294342
21.87058449
17.10195923
10.00196075
6.98627567
13.85490513
15.88039207
13.65490437
9.58823776
9.28823662
7.87647104
8.39215851
14.72941399
20.94901848
18.10588074
16.53529739
19.60196114
17.98039246
22.26078224
18.07254791
10.03333282
7.03137350
13.96078491
15.45294189
13.11176586
9.23921585
9.23137283
7.97058868
8.18235397
13.81960678
21.05882454
17.33529282
15.55882072
18.73529625
18.08823776
21.77254868
19.41176605
9.70392036
6.95294142
13.79607868
14.49803925
12.75490379
8.35882378
8.82352924
8.12549210
8.09411907
13.47058773
21.24313736
17.62549019
14.87451077
18.40784454
18.15098190
21.23529434
19.83333588
9.69215584
6.60392237
13.42941380
13.65490150
12.08039284
7.81764793
7.86274433
8.08235264
7.23529530
13.27843285
21.52352524
17.07255173
14.75686359
18.71961021
17.70196342
20.73333549
19.25490570
9.41764927
6.40784359
12.49607754
13.31372643
11.37254810
7.94313812
8.35686302
8.20000076
7.19607878
13.16862679
21.90587807
17.40000153
15.40980339
18.77647400
17.08627319
20.73137474
18.91372490
9.77647209
6.46862650
11.92156982
13.22745132
11.65882492
8.05098057
9.14313793
8.27254963
7.74313784
12.56666565
22.52353287
17.65489769
15.70196342
18.53921890
17.35098267
21.33529663
18.66862869
9.44705868
6.76470566
11.84902096
13.35686588
12.61372375
8.01764870
8.42352962
8.25686264
7.80000067
11.55098057
21.36666870
17.42549133
15.24313641
18.64510345
17.19215775
21.56470871
18.54705811
9.09215832
7.01568747
12.09019756
13.64509773
13.10392284
8.00588131
8.36078358
8.33137321
7.81568670
10.84313869
19.28627396
16.91176414
14.93529320
17.66666603
16.50980568
21.29804230
19.18235779
9.48039341
6.79215765
11.35490227
13.82549286
13.33333397
8.01372719
8.01372623
8.18039227
7.70784283
10.68235302
17.71960831
16.70000267
15.08235264
17.26667023
16.90588379
21.48627472
19.42156982
9.47255135
6.03725481
11.28431416
13.61372662
12.88039398
8.27647018
7.88039303
7.94705868
7.87058878
10.65882397
17.54902267
16.93725777
15.19607925
17.72549057
17.56078529
21.73529816
19.33921432
9.63333416
5.98823595
10.97058868
13.04706097
12.31568527
8.78431416
8.30588245
7.89019632
7.66470671
10.09607887
16.77451324
16.39215851
15.72353077
17.69019890
18.05489922
22.10391998
18.90391922
9.36274815
6.11960888
10.80980396
12.01372242
11.95490360
8.83725548
8.31764698
7.88431358
7.30980349
9.17647171
17.12156677
16.35098648
15.94117928
17.52157021
18.17843056
22.76470757
19.19607925
9.92156887
6.04901981
10.29411793
11.69215775
11.10392189
8.75098038
8.42156887
7.66666746
7.15294170
8.60588264
16.45882607
17.34902191
16.05098152
17.73137474
19.13921738
23.17843628
18.47451019
9.81568623
5.80784369
9.65686417
11.31372547
10.84117603
8.97254944
7.53137255
7.28235388
7.28431320
8.39019775
16.05686378
17.77058983
15.70980549
18.30784225
20.46862602
22.55097580
17.83725548
9.96470642
5.83333397
8.79019737
10.93333244
11.51960945
8.82156754
7.76862717
7.02549124
7.27058744
8.36862850
15.84509945
17.36470604
14.96470642
18.33137512
21.10000229
21.94706154
17.43333817
9.20392227
5.79215765
8.80000019
11.64706230
11.55490208
8.19411755
8.60588264
6.87647152
6.93529415
8.33529472
15.22745228
17.58823395
14.74117756
17.77450752
20.40784264
20.41960716
17.43333626
8.45882511
5.49019670
8.98627567
12.45097923
11.31372738
7.74705887
8.27058887
6.66666746
6.59804010
7.94509888
15.02745152
18.18039322
14.89215851
17.32941055
18.47058868
18.77646637
17.89215851
8.83725643
5.30000067
9.41960907
12.79215717
10.86862659
7.96862745
8.75882339
6.48627472
6.15490294
7.51960754
14.69019794
18.39608002
15.21961021
17.07843399
17.44902229
17.70980263
17.94705963
9.61372471
5.23921633
8.70980453
12.84509850
11.11176586
8.41568756
8.10980415
6.58823538
5.93725586
7.49019766
14.12352943
18.85489845
15.73725414
16.78627586
16.12157059
17.60391998
18.01764870
9.76078510
5.68627501
8.38431358
12.71568775
11.40980530
8.40000153
8.02941322
6.66274548
6.04901981
7.16078472
13.07059097
19.15882301
15.93725491
16.33921814
14.79607964
18.15098381
17.93921280
9.22157001
5.50196028
8.19215679
12.10392189
11.30784416
8.18039322
8.26666832
6.57058811
6.19999981
6.86666775
12.35098171
19.12549019
16.28627396
16.37843513
14.43529510
18.11176491
17.79411697
8.90980625
5.78431511
7.96274471
12.80588436
10.61568546
7.96862888
8.85686398
6.33529472
6.02941322
6.91764736
12.08039284
19.37843323
16.20392036
16.39215660
14.51372910
17.97058487
17.57254982
9.26862907
5.95294142
7.73921680
14.51568699
9.94313717
7.85490322
8.49411869
6.13921642
5.85882330
7.10000038
12.16666698
19.36666489
15.91176510
16.08823586
14.53333473
18.33725739
17.19804001
9.58235359
5.66274548
7.39607859
15.03137207
9.74117756
7.90392303
7.26666784
6.12941217
5.75882387
7.43137264
12.28823757
18.65098190
15.42549038
16.04510117
15.00000191
17.97058487
17.01960945
9.17843151
5.32353020
7.26862717
14.77255154
9.81372547
7.77843142
7.29215765
6.21764708
5.55686283
7.83333397
12.01568604
18.20588493
15.60392284
16.06078529
15.79019547
17.33137321
17.17058945
8.13529491
4.68039227
7.11568737
14.19999981
10.05294228
7.19803905
7.97647238
6.24509907
5.42745113
7.91568661
11.39215755
18.66666603
17.03529358
16.07254982
16.10195923
17.42940903
17.22745132
8.15098190
4.64705944
7.42156982
14.59019852
10.16274452
6.66274548
7.66078472
5.98039246
5.29411888
7.83921623
11.30196285
19.35097885
17.82157135
15.43137455
15.40784454
17.16470718
17.11372566
8.21764755
4.71176529
6.97450972
15.59411907
10.07255173
6.65882349
7.58235407
5.35882330
5.46078444
7.40000057
11.84902000
19.56274414
18.23725700
14.88039207
15.31568813
16.50392151
17.60980415
8.26666832
4.73137283
7.37254953
15.50392151
10.18235302
6.51568699
6.92156887
5.14705944
5.25882435
7.07647133
12.03137398
20.21372414
19.19804001
14.54706001
15.43921947
16.66274643
17.65686607
8.14117622
4.88627481
7.41960812
14.27843094
9.96862793
6.09607983
6.91372585
5.06274509
4.76470613
7.08431339
11.64902115
21.30392647
21.22941208
14.30392265
15.33921528
16.73333549
17.24901962
9.18039417
5.49019623
7.48627424
13.86666870
9.17451000
5.89607859
7.50392199
4.77647114
4.51960754
6.98823643
11.34509754
21.20980644
23.00196457
14.78431416
15.11176682
16.63137245
17.32156944
11.69607830
6.08039188
7.71372557
13.67450905
8.51372623
5.64117670
7.48235273
4.80000019
4.41568661
7.29215670
11.16862774
21.99019623
23.39608002
15.28039360
14.75294399
17.00000191
17.46666718
11.84902000
6.20588350
7.63921642
14.40980625
8.11960793
5.35098028
7.69019747
4.92548990
4.50588322
8.07647038
11.14509773
23.00784492
22.71960640
14.82548904
14.55098057
16.72941399
17.34313965
11.88235378
6.31960869
7.88627481
14.79999924
7.61960793
5.23137236
6.89215755
4.91960907
4.57451010
7.78039217
11.08431435
23.38823509
21.40980530
14.42156982
14.82941437
16.28431320
17.30392075
10.10196209
8.92745113
8.24313736
15.54313755
7.26470518
5.17254972
6.64902067
5.08235359
4.17451048
7.10588217
11.20784283
23.80391884
20.26862526
14.70784760
14.68627453
15.95293999
17.15686417
7.26666784
11.05098057
7.99215746
15.90000153
7.07647038
4.79411793
6.76666689
5.33333492
4.28627443
7.47254944
11.22549057
24.40588379
19.09019470
14.40784264
14.68039227
16.22941017
16.71765137
7.40000153
10.82156849
8.07451057
15.70392418
6.71568680
4.80784321
7.06666708
5.82549095
4.17254972
7.30588150
11.18823624
24.44902420
18.45097923
14.39019871
14.06470585
16.31960869
16.46862984
7.60980511
9.28235340
8.74901962
15.25686359
6.23921537
4.65098095
6.53333378
5.91372538
4.71176481
7.04705954
10.88823414
24.08235359
18.73725510
13.82745171
13.30196476
16.39215660
16.15882492
7.72745275
7.01568651
12.29216003
14.92156982
6.46862793
5.27647161
6.02745104
5.50196171
4.75294065
6.69999933
10.41176510
23.24509811
19.17059326
13.77843094
13.25882435
16.03725624
16.41176605
7.93529510
5.67647123
13.64706135
15.25490189
7.00392151
5.56274509
5.81764746
5.34901953
4.48431444
6.39215708
10.65882492
22.61568642
19.27058983
13.26078796
13.73333645
15.63137245
17.24510002
7.89215708
6.24902058
13.28039360
14.44509697
7.08039236
5.21568680
6.49607754
5.23529530
4.54509783
6.10980511
11.48039246
21.55882454
19.45686340
13.30000401
14.23529530
16.50392342
17.19804192
8.11960602
6.76078415
11.49215698
14.90000153
6.78431463
4.50196171
6.24313784
5.18431425
4.65490198
6.43333340
11.96666622
20.28039551
19.73529434
14.39999771
16.22549057
17.63333321
17.09608078
9.00392151
6.57058811
9.20196152
16.56666756
6.69411707
4.46666718
5.95882463
4.97058773
4.72549105
7.03333426
10.89215946
19.00000381
20.17647362
16.71765137
17.24510002
17.42549133
16.65882492
9.88235283
6.61568594
8.84509850
17.28431702
6.03725576
5.04901934
5.17647076
5.15882349
4.42745113
6.53333378
10.70196247
18.80784416
19.96274757
19.12745094
17.68039513
16.92745018
16.98627663
10.02941322
7.31960726
8.48431396
16.94117737
6.56862736
7.23333359
4.80392170
4.96274614
4.41568613
5.90588284
10.08039284
18.72941399
20.69019699
23.08627319
17.89608002
17.63333130
16.95294189
10.37058830
7.72352982
8.22157001
15.55490303
9.61372566
9.83725643
5.59803867
4.40196085
4.13921595
5.60980368
10.06666660
18.26470566
21.39215851
24.65294838
17.55685997
17.99608231
16.64706039
10.65686226
7.59803915
7.99411869
13.99607944
9.77647209
10.00784588
5.19803953
4.16078424
3.67254925
5.49803972
10.06666756
17.97843361
22.09215736
24.16274643
17.30392075
17.00000191
17.31176376
11.67254734
7.82549095
8.20196152
12.80588341
9.89607906
9.10000134
4.94705915
4.05294132
3.78039217
5.76862764
10.52549171
18.16863060
23.75490570
23.40784454
16.69019699
16.16666794
17.81176758
12.63921547
8.18627548
7.81176472
11.50392246
8.58823586
9.63137245
4.24313736
3.96274543
3.82352948
5.81372643
10.31764793
17.50980568
24.57843208
22.90392303
16.17647362
15.53529644
17.45686150
12.62745476
8.47647095
7.78431463
11.01568604
5.48039293
10.25490189
4.68823576
4.10784340
3.66274548
5.57451105
9.74901867
17.42745209
24.04901505
22.56471252
15.52156734
14.55882359
17.13137436
12.30784607
8.98235226
8.20784378
11.08823586
3.52549028
10.50196171
5.20000029
3.73529434
3.07843208
5.10392189
9.31960869
17.09411812
24.02548981
22.47451210
15.40980244
14.37058640
17.65882301
12.58431530
9.31764889
8.73921680
11.37842846
4.01960802
10.70392227
5.04117632
3.74705911
2.77254939
5.03725576
9.27647018
16.52353096
23.49607658
20.86470795
15.39804077
14.50784397
18.06470871
12.37647343
9.45294380
8.23921680
11.99803829
4.39803934
7.72941160
8.11764908
3.64901972
2.84902024
5.30000114
9.35882282
16.26078606
22.98235130
19.12745857
15.03725719
14.73333454
17.59608078
11.89019680
9.53137398
7.71764660
11.48627567
5.30980492
5.00196123
10.43725681
3.75098062
2.71372557
5.41960812
8.49215794
15.78431320
22.46863174
17.97254753
14.34313679
15.10196209
18.40784454
10.97647095
9.42941380
6.92745161
10.95686340
7.00980330
5.28235340
8.58627415
3.34313750
2.37843156
5.48823547
7.71960878
15.61372566
22.22549438
16.99019623
14.09215641
15.22353363
18.93921661
10.65294266
9.28039360
6.50196028
10.30196285
7.20392179
5.50784302
8.67647171
3.61764717
2.51176476
5.51960754
7.92549038
15.80000114
22.87843513
17.51960754
14.09215832
15.06078529
18.76078415
10.79607773
9.28627300
6.50196075
9.57843304
6.38823557
5.45882368
6.87451029
6.84705973
2.99215698
5.37647104
8.11764717
15.24313927
23.63529587
17.46863174
13.90980434
15.18039036
19.11960983
10.21568584
9.61372566
6.16078472
9.30000019
6.26274443
5.27451038
4.29803991
9.48823452
2.82352996
5.19607878
8.14705849
14.62549114
23.41176224
17.83922005
13.62157154
15.29411888
18.72353363
9.71372700
9.99803829
5.98823500
8.80000019
6.53333378
5.38627481
3.67058849
8.77843189
2.74313784
5.17647076
9.35098171
14.22156715
23.20196533
18.15294266
13.51765060
15.35686493
18.06470680
9.39607906
9.90784264
6.31568623
7.91372728
6.01568699
5.04313707
4.06666660
6.50784397
3.91960883
5.91372490
10.28627586
14.61372852
22.63333702
18.94117928
13.17647171
15.26274872
18.02745056
9.35294056
9.95098209
6.33921671
6.69607830
6.20980453
4.78627491
4.85098028
4.48823547
7.38431263
5.52941227
9.78431511
14.47451019
21.93332863
18.41960526
12.63725471
14.73921490
17.63529587
9.73921776
9.65294170
6.00588226
6.31372595
6.47058821
4.39607906
4.98823547
3.72941208
9.24705887
5.36078501
8.78627586
14.55489922
22.38235474
19.11568642
12.39804077
15.43921757
17.15294266
9.93921661
9.08431435
5.82549095
6.62549114
6.40588284
3.89607882
4.81372595
3.18039250
7.90588379
5.56470537
8.16666794
14.68627357
22.22941589
19.80588531
12.89608097
15.61372566
17.13333321
9.27254963
8.69607925
5.77255011
6.19607878
6.30000067
3.97254944
3.90196085
3.23137307
4.38431406
8.20000172
7.83529377
15.00784492
21.70392609
19.28039742
13.72157097
16.22744942
16.75686264
8.62549114
8.07254982
5.83333445
5.33921623
6.86862803
4.28431416
4.16078424
3.76666737
2.19607878
10.50000000
7.87255001
15.37450981
21.59411621
19.31176567
14.21372700
16.63333702
16.44902039
8.34705925
7.65686369
5.74902010
5.00196123
6.28823471
4.21568632
5.24509859
4.12941170
1.99019623
10.96470642
7.42352962
15.22157001
21.85686302
19.11764908
14.16470814
16.13921738
17.09019852
8.29019547
7.45098066
5.28627491
5.10784340
5.46274519
3.80392218
5.12941170
4.30392075
2.24705911
9.39607811
8.41568565
15.04313850
20.95882607
18.91176605
13.94313717
15.47058964
17.07059288
7.98235464
7.09607887
5.52353001
5.01960802
4.25686264
2.98431420
4.39215708
4.16078329
2.57843161
6.51764727
10.23137379
15.19019794
20.04117393
18.60588264
14.13137531
15.26274872
16.83333778
8.22941208
6.62745142
5.53725481
5.30196095
3.79019666
2.18823528
3.71764779
3.50392175
2.39803958
5.58627558
11.40196037
14.98235416
18.61568451
18.21568871
13.99215889
15.14117813
16.63529587
8.10784435
6.18627405
5.26078463
5.52548981
3.80588269
2.34117675
3.12549043
2.96862721
2.01372552
5.60588264
12.06470585
15.32157040
17.61372948
18.34706306
14.27254868
15.40000057
16.32745171
8.21176434
5.94901991
5.23921537
5.50000048
3.80980420
3.23333359
4.07843161
2.94901991
2.17843175
5.85686302
10.07843113
18.22156906
16.54313850
18.06078720
15.14509964
15.68823719
15.59019375
8.20980358
5.95294094
5.51176548
5.76274538
3.90588260
3.52156901
4.14902020
2.94313741
2.47254968
5.74313688
6.90784502
18.84902191
15.78627682
19.05490494
15.67451096
15.00196075
15.17058945
8.13333416
6.05882359
6.26470661
6.07451010
3.86470580
3.00392175
4.09215736
2.70000029
2.36078405
5.53529406
6.99215746
16.14901924
15.47647381
19.33137321
16.21176338
14.37255096
15.42941284
8.46470642
6.00196171
6.81372643
6.36470652
3.50392222
2.41764712
3.28431392
2.62352943
2.33921552
5.15098047
6.77647114
15.33529282
14.91568947
19.23137665
16.34902000
14.35294056
15.50392342
8.20980453
5.90980482
7.26470566
7.56274557
3.05490255
2.22352958
3.49019647
2.38431406
2.11764717
4.95490217
6.71960878
13.35098076
16.58235359
19.01568794
15.29607868
13.82353401
15.55294418
7.86666679
6.31568623
6.76078510
9.29019642
2.90392184
1.89215732
4.40000057
2.63137269
2.22352934
4.88431311
6.68627453
11.71764755
17.99215889
18.94117737
14.92352867
13.24313736
16.10195923
7.85686350
6.44901991
6.19019651
9.57450962
2.92941236
2.16470623
5.28235340
2.99215674
2.75294113
4.60196018
6.57450867
11.12745094
16.31764793
18.52548981
14.58235168
12.92352867
16.39999962
8.05098057
6.28823471
6.20392227
8.52549171
3.00392199
2.51568627
4.57058859
3.61960793
2.72156882
4.34117699
6.67255020
10.61176586
14.75882530
19.64510155
14.56862831
12.78039265
15.82941246
7.93725491
6.40588284
6.22941208
7.49607992
3.52941179
3.11764717
3.39215732
4.05294180
2.35098028
4.17843103
7.40588188
10.74510002
13.66078472
20.27647209
14.66470909
12.65098095
15.81568527
7.82941246
6.40980434
6.27254915
6.72156858
4.31764746
4.13921595
3.44509792
3.89215732
2.48039222
4.00784349
8.44901943
10.15490246
12.65294266
23.61960793
15.92353249
12.58627415
16.26470757
8.08039188
6.30000114
6.23529482
6.30588388
4.74705935
4.28235340
3.98823547
4.11568642
2.62745142
4.11372566
9.04705811
9.71372604
12.47058964
22.33137131
16.31176758
12.61764622
15.89019585
8.11960793
6.62941265
6.34117699
5.53333378
4.45294189
3.29607844
4.01764774
4.19607830
2.46078467
4.18823528
9.05686188
9.61372566
12.28039169
21.51960564
16.53529358
12.49607944
16.46078110
8.16078568
6.45882320
6.69019604
5.38823605
3.77451015
2.50784326
3.72745109
4.09607887
2.49215698
4.45882368
8.46470547
9.96862793
12.41568756
17.59803772
15.28627872
12.61765003
17.26078606
8.26470566
6.17254925
6.32941246
5.07451057
3.65098071
2.07647085
2.98235369
3.80784345
2.43921614
4.49019575
7.79019642
10.19804096
12.38627625
17.35882378
15.40784264
12.09019566
18.02941132
8.20392227
5.96078444
6.19607830
4.61568689
4.62941217
2.45098042
3.48039269
3.89607906
2.54705882
4.59019613
7.23725414
10.22745323
12.43725491
17.23921585
15.31960773
12.08039474
19.02548599
8.31764889
6.00000095
6.56078434
4.83529377
5.57843208
3.04902005
4.35098076
4.05098104
2.25686288
4.06862783
7.06470585
10.05882454
11.80588245
17.07647133
15.25882530
12.58627415
18.86078644
7.88627529
6.01764774
6.61568689
5.43333387
6.18823528
3.33137250
3.92549038
4.03333330
2.51960826
4.13333321
6.96470690
9.67647076
11.86078453
17.14901924
15.28627682
12.57843208
20.02745247
7.99803925
6.01568651
6.66470671
5.35882425
6.93921566
3.43333316
3.92549086
4.02745152
2.83725548
4.48823547
6.94117641
9.36862755
12.14705944
17.11568642
15.30000114
12.56078529
21.02157021
8.33529377
6.00196123
6.83725595
5.08235359
7.34117651
3.53137302
3.29607868
3.80392170
3.24902010
4.70588303
7.40392208
9.37058926
12.13921642
16.96274376
15.30784416
12.89607906
22.43921852
8.30000114
5.72548962
6.94509792
4.99411726
7.77451038
3.91764736
3.18627477
3.53333354
3.47450995
5.57058764
7.36470652
9.69803905
12.42353058
16.82352829
15.76078510
13.10588455
22.94705963
7.90000057
5.73725510
6.59215736
5.19804049
8.38627434
4.28235340
4.83137321
3.53921580
3.29019642
6.80392170
7.25490189
10.39803982
12.33137417
15.54509926
15.64901924
13.79215717
22.68235397
8.17255020
5.68235207
5.83529425
4.68235302
8.82941246
4.88235331
5.11568642
3.22549057
3.05490208
7.55098057
7.19019651
11.32549095
12.76666546
15.21372414
15.65490532
14.38431740
22.83529282
8.66078377
6.09019613
5.93529415
4.39411879
7.92941284
4.99019575
5.37450981
3.47647119
2.90196133
8.37255001
7.31568623
12.15882587
13.12941170
15.13137531
15.19999886
14.79999924
22.54902077
8.58431435
5.96862841
7.04902029
4.33725500
6.87450981
4.96274471
4.65098047
3.55882406
2.86862731
9.08039284
7.61176538
12.53137398
13.90196133
15.28823757
15.04901981
15.15490150
22.78235626
8.57647038
6.27058840
6.94313765
3.85098052
6.47647095
4.93921614
4.47451019
3.32352948
2.88235331
9.04313755
7.83529425
13.68627548
15.31176662
16.01372528
15.19215870
15.99804401
23.24118423
8.76470566
6.69411802
6.81764746
3.55686331
6.58627558
4.64901924
5.20000029
3.58627510
2.83529449
8.51372528
8.07058907
14.13921642
15.84117889
16.06862640
15.10196114
17.14902115
23.68039703
8.68823624
6.91176510
6.94902039
3.68627477
7.41764688
4.51176548
4.91960716
3.70392179
2.79607844
7.60588360
8.31568623
13.86862755
15.40000057
15.67843056
15.32941437
17.61372566
23.66863251
8.10980415
7.22156858
6.62941265
3.88039303
8.08431435
4.73725557
4.74705839
3.56470609
2.69607878
6.93333292
8.35098076
14.00000000
15.19804001
15.45882511
15.35098267
17.67843246
22.48235512
8.29607868
6.81372499
5.97647047
3.43921542
8.12745190
4.45098066
3.96862721
3.14901972
2.58039260
6.22549057
8.93137360
14.01960945
15.46470642
15.76078606
15.11764908
17.28823853
22.96862984
8.03333473
6.88823557
6.40000153
3.69804001
7.68823481
4.25098038
3.81568646
3.00980425
2.45882392
5.90784311
9.92549133
14.16078758
15.66078568
16.02156830
14.49411774
17.22941208
22.03725052
8.04509830
6.70392227
6.88627481
3.74901962
7.29999828
4.14509821
4.75098133
3.00980401
2.37843156
5.33725500
9.92745209
14.55490494
16.48431206
15.45490646
14.25882530
16.88431740
22.24510002
7.92156887
6.74901962
7.00392294
3.92352915
7.47058916
3.91764736
5.10196161
3.73725557
2.35098028
4.64705801
9.17647171
14.91961002
16.81372643
15.07058907
14.00588322
17.21372795
21.62157059
7.63921642
7.16078520
7.09019709
4.42745113
7.24313831
4.19411802
4.70000076
3.64901948
2.45098066
4.05294132
9.55294132
14.76470757
16.39019585
14.93921471
13.74117565
17.86470413
21.16666985
7.84117794
7.00784397
6.88431454
4.33529520
6.47647095
4.44509840
3.48431420
3.45294166
2.67058873
3.73333406
10.51764870
14.23725510
16.36862946
14.40000343
13.76470852
17.81372643
21.26863098
7.81960869
6.84313822
6.86666632
4.09215641
5.90000105
3.86470628
3.04901958
3.60392165
2.90980411
4.19215679
10.65294170
13.87843418
16.37843513
14.24509621
13.39215851
18.17058754
21.52353477
7.78039217
6.63333321
6.61960793
3.88039184
5.99607897
3.10392165
4.42352962
3.71568656
3.14705896
4.47843170
10.14313889
13.57450962
16.15490150
13.27647018
13.44509792
18.38039398
21.54117966
7.41568470
6.95686388
6.64509821
3.75098062
5.71372509
3.06862736
4.30784321
3.81764770
3.04705858
4.51960802
10.94901943
13.64706135
15.56470871
12.60980320
13.29804134
18.43137360
22.22549057
7.82941294
6.90000105
6.76862812
3.96274543
5.53725672
2.74117661
4.38235378
3.93725467
2.85686302
4.62549019
11.43137264
13.64117432
14.77647114
12.61960602
13.52745247
18.06274605
22.37843132
8.08235359
6.60784340
6.64901972
4.25686264
5.29019690
2.86862755
3.24117661
3.56666660
2.92745137
4.40000010
12.21372604
13.26862717
13.60588455
12.60196114
12.32157040
18.51568985
22.35489845
8.20980263
6.61764717
6.59607983
4.21372604
4.67058897
2.80784345
3.33333373
3.09411788
3.22352982
4.36666584
12.13333321
12.95686340
14.33529663
12.31960678
12.78235340
18.80784416
21.67058754
8.35686398
6.70784378
6.37450981
4.11764765
4.08823633
2.55686283
3.65098023
2.85686302
3.22745109
4.56078386
12.09411907
12.67843246
14.50784302
12.41568756
13.35098171
19.49216080
21.62745476
8.09804058
6.80588293
5.92745161
4.11176443
3.82941198
2.85882378
3.88823605
2.80588293
3.03921604
4.48823547
12.32353020
12.56862831
14.61764717
12.67647362
13.76862812
19.87255287
21.34510612
7.99803972
6.98627424
5.86862707
4.09803963
3.73137259
2.89019632
3.75882435
3.08039260
2.97647047
4.48431349
12.40196133
12.92549038
15.10588264
12.88823795
14.49215984
19.53333473
20.31568718
7.74706030
6.72941256
6.16862679
4.15490198
3.52353001
2.30980444
2.92156935
3.15490198
2.79411793
4.73529434
12.18039227
13.24117756
14.77450943
13.22744846
14.98627472
19.21765137
19.88824272
7.97058773
6.16470623
6.23725510
3.91176534
3.22549081
2.74509835
2.97254896
3.08431387
2.88627434
4.99607897
12.45098114
14.14117813
13.80784512
14.20980740
15.02157211
19.31372643
19.16470909
7.88627386
6.01176500
5.82156897
3.74705887
3.13529372
2.69215727
3.56078410
3.08431387
3.16862774
5.05882454
12.67451286
14.54705906
13.67255020
14.43529606
15.60392189
19.54117775
18.68039131
7.96666718
6.40196133
5.77450943
3.98823571
3.18823552
2.65490222
3.51176524
3.08235312
3.16078496
5.10980558
12.79215813
14.14313984
14.21764851
14.69215584
16.04117775
19.97450829
18.53137398
7.83137321
6.54117727
6.06274509
4.39215755
2.97647095
2.67647099
3.67451000
2.84313750
2.81568646
5.43725491
12.72941208
14.02352905
14.27843285
14.92745018
16.32745171
20.04313850
18.44902229
7.54705906
6.09999943
6.06470633
4.38823605
2.57058835
2.56666708
2.64705896
2.51568651
2.79999971
5.67843151
12.32353020
14.51961136
13.51176453
14.49019623
16.59412003
20.03333092
19.20588303
8.02744961
5.71960783
5.99215698
3.95490193
2.37254906
2.54117656
2.43333364
2.47254944
3.03529382
5.60784340
12.13529491
14.98235512
12.82157135
13.92745399
16.48039246
20.42548561
20.06862450
8.74509716
5.70784378
5.82549095
3.59215641
2.36666703
2.53137279
2.88823605
2.60980439
3.09803915
5.48235273
12.38431644
15.14901924
12.93725491
13.35098171
16.33137131
20.65686035
19.69215202
8.76470757
5.32352924
5.39019632
3.51764750
2.30980420
2.60000014
2.73921585
2.56470609
3.18823504
5.74902010
12.52352715
15.50784492
13.36078548
13.14509869
16.13725662
20.22352600
19.46470642
8.30392265
5.40784311
5.01960754
3.44117689
2.45098066
2.21372557
2.58235335
2.36470604
2.95098090
5.84509850
12.52157211
15.94705868
13.83529472
12.94509888
15.64902306
20.11372185
18.89019585
8.33333397
5.87058783
6.00784349
3.64705920
1.97058868
2.11176515
1.57254934
2.22352982
2.83137250
6.02941179
12.86470699
15.75490284
13.97058964
13.01960945
15.14706039
19.76274681
18.72548866
8.43921661
5.99411726
6.51568699
3.55882359
1.46078467
1.78823555
1.39411783
1.91568637
2.71176529
5.82745123
12.97843170
15.82745171
14.11960983
12.96863079
15.13921642
18.96862984
18.54313660
8.37843227
6.35882425
6.31568766
3.36470580
1.19019616
1.75686312
2.27647090
1.37843156
2.60196114
5.98627472
12.86862946
15.87254906
14.46470451
13.01764870
15.20784378
18.43333626
18.59804153
8.16666794
6.17058802
6.81372643
3.41764760
1.01960814
1.98627460
2.21960831
1.08823550
2.68235326
6.44901943
12.69999981
14.94117928
14.96078873
13.03725529
14.78235435
18.33137131
20.21372604
7.81960821
6.04509878
6.98823452
3.38823533
1.01764739
1.87058854
2.07254934
1.10196102
2.55882430
6.32156897
12.44117737
14.19019508
15.28627586
12.54117966
14.42156792
17.68431473
22.18431473
7.66274500
6.16078472
6.67254829
3.42549062
0.95294142
2.06078458
1.24509835
1.14705896
2.12745118
5.98431444
12.41176701
14.20980644
15.07059002
12.10588264
14.59804344
18.23137474
22.77843094
7.64902020
5.86666679
5.72941160
3.54313731
0.95294130
2.21372557
1.08823538
1.09411776
1.67254949
6.09411812
12.37843132
14.80196381
14.69411945
11.86078644
14.56666946
18.19607925
23.62549210
7.65490198
5.99803925
5.45097971
3.70000029
0.89215714
2.43725538
1.67647099
1.09803927
1.68823540
6.28627491
11.90392208
14.93725777
14.34117699
12.24705982
14.62157059
18.05686569
23.10588074
7.39607906
6.45490217
5.49019575
3.23137283
0.90392178
2.04117680
1.71960819
1.00392175
1.28627479
6.38431358
11.90784454
14.94313908
14.07451057
11.83529472
14.68431377
18.45490265
21.96666718
7.25294256
6.38235331
5.96470594
2.63529444
0.89215696
1.94705904
1.46470654
0.85098058
1.19019616
6.55294132
11.59804153
15.28039455
14.32941246
11.93333435
14.90392113
18.70195961
21.12941360
7.26274538
6.52156878
5.74509811
2.68039298
0.80588239
2.12156892
0.49803922
0.67843151
1.37843144
5.95686293
11.32353020
15.60980606
13.97843170
12.30588341
15.49804211
18.62157059
21.08039284
6.93333387
6.38823557
5.86470604
2.84705949
0.80196083
1.91960788
0.55686283
0.55490208
1.39019620
6.13725567
11.52745152
15.55098152
13.62549305
12.00588322
15.55882454
18.49803734
21.36470604
6.69803905
6.39803982
5.89607906
2.61764717
0.87843150
1.64509845
1.24117696
0.47647059
1.47843134
6.52549076
11.89019775
15.53529549
13.18431473
11.91372585
14.92353153
18.22941208
20.80980492
6.92156982
6.52941227
5.93529463
2.32156873
0.93921596
1.56666708
1.21568668
0.41960785
1.64509821
6.46666765
12.60980511
15.50784492
13.12941074
12.05098248
14.65686417
18.08627701
19.42941666
6.91372633
6.30784369
6.18235302
2.74509835
0.84313738
1.52941203
1.12156904
0.50000000
1.65882349
6.38039255
12.96470737
15.44117546
13.55294132
12.16078377
14.44706059
18.43921471
19.07059288
7.02156878
6.28235340
5.99019670
2.89607835
1.09215701
1.61176527
0.32352942
0.58431375
1.53529418
6.43137169
12.65686321
14.20392323
14.19215870
12.01176548
14.61764908
18.67059326
17.96862793
7.22745085
6.25686264
6.23137188
2.65098023
1.28235328
1.57843161
0.35686275
0.56274515
1.86078453
6.47647047
12.19999886
13.30980492
14.50784206
11.90000057
14.99019527
18.61960983
17.29607773
7.37647104
6.24902105
6.12745094
2.29803896
1.42156887
1.38431418
1.18235385
0.39411765
1.94901991
6.69411755
12.31568527
12.87450981
14.22353172
11.79607964
15.06470394
17.59412003
16.43921661
7.38039207
6.20588303
6.04117775
1.95686293
1.07058835
1.65686321
1.74509859
0.26470590
1.79215705
6.65294123
12.63725567
13.41960907
13.30784607
11.58627415
14.99019623
17.85686493
15.97843170
7.36078453
6.17058849
5.98039246
1.94705915
0.72352958
1.66078472
0.85882401
0.23333333
1.90588248
6.66078377
12.72549248
13.59019756
12.44509888
11.35490227
14.71764851
18.57451057
16.58039284
7.10784292
6.40784407
5.35490227
2.36862779
1.13725519
1.07647085
0.39019608
0.26274511
1.97647071
7.16078472
12.38627338
13.61764812
12.10392189
11.34706116
14.27647305
18.81764793
16.94510078
6.70000076
6.73725462
5.05294085
2.59607840
1.60196114
1.00000024
0.42745098
0.26078433
2.03333354
7.45490265
11.64706039
13.68431568
11.75294113
11.46274567
14.25294209
18.87843323
16.99019623
6.21176481
6.81176472
5.17647076
2.71372557
1.43529451
1.07254910
0.68431413
0.31764707
2.12156868
7.44313669
11.34706020
13.20784378
11.68431377
11.94509983
14.79215717
18.03725433
17.36666870
6.70392084
6.12745094
5.38823462
2.52353048
1.10588264
1.04313731
0.61176497
0.35686275
2.41176486
7.09804058
11.53137207
13.20196152
11.23529148
12.56666756
14.95490074
17.51764679
17.66862869
6.61764717
5.52353001
5.03529406
2.49019623
0.73137271
1.24901998
0.63725525
0.27450982
2.35294104
7.19607925
11.58627510
13.20000267
11.49411774
13.18235302
14.92157078
17.39019775
18.03725433
6.23137236
4.64313698
4.65294170
2.50784302
0.73725498
1.06078470
0.36078432
0.21764706
2.02352953
7.66470575
11.69607830
13.24313736
11.79804134
13.33725739
14.72745323
17.00196075
17.71372795
6.41960812
4.95490122
5.00196123
2.35294151
0.94901973
1.02941215
0.41372550
0.28431374
2.03725505
8.00196171
11.50392151
13.17255020
11.66274643
13.22352982
14.15882778
16.27450943
17.33529663
6.62941217
5.48431444
5.59215784
2.16274595
0.84901977
1.30980420
0.74117684
0.25686276
2.34901953
8.33921528
11.10588169
12.83921719
11.69215775
13.34510040
13.78823662
16.04510117
17.43529510
6.61372614
5.65294170
5.69411802
2.12352967
0.62156874
1.17058837
0.75490248
0.17058824
2.47843146
8.61568642
11.12745094
12.48431492
11.88039303
13.58039188
14.10587978
16.22157288
17.57647133
6.63137436
5.70980406
5.60784292
2.17647076
0.56862760
1.06470609
0.80392188
0.12745099
2.40000033
8.64313793
11.25882435
12.39019489
12.15294170
13.63725662
14.38235378
16.50588417
17.75882339
6.86078453
5.34901953
5.74705935
1.97451019
0.61372566
0.77843153
0.30588236
0.23137255
2.22745109
8.49607944
10.98235226
12.13333321
12.88235283
13.54902267
14.38627434
16.64313889
17.48235130
6.17255020
5.18823624
6.43137264
1.63333344
0.92745107
0.81176490
0.31176472
0.08627451
2.28235316
8.15098095
11.06862926
12.10588360
13.73529625
14.13725471
14.27058792
16.90196419
17.46666527
6.48627472
4.78039265
6.89411831
1.41372597
1.02745116
1.50196087
0.30000001
0.21764706
2.61568642
8.18431377
10.32549095
12.37843227
14.51176643
14.57843208
14.43921852
16.83137321
16.95686340
6.40196133
4.85882378
7.13137245
1.58039248
0.95294136
1.55882370
0.14313726
0.28431374
2.86862755
8.31960773
10.67255020
12.73137379
14.88039017
14.34902000
14.28039265
16.89019775
16.79804039
6.06274605
5.09411812
7.31568670
1.47254944
0.91176486
1.73529434
0.19215687
0.31372550
2.74705911
8.18235397
10.30980301
12.48823547
14.75882530
13.95294094
14.61372280
17.02157211
17.04901886
6.09411812
5.04117632
7.16078472
1.36470628
0.87843174
0.67450988
0.26078433
0.37450981
2.62156868
8.07451153
10.76078606
11.52745247
14.20588207
13.93725300
14.65098286
16.67058945
17.19412041
5.84705973
5.07647085
6.99215794
1.67450976
0.95490211
0.62549025
0.17254902
0.31568629
2.69019628
7.91176510
11.66666698
11.10000038
13.39999962
13.96862793
14.56470776
15.90392208
17.25097847
5.96666765
5.06862831
7.18627501
1.83529460
1.18823552
1.34117651
0.38235295
0.40196079
2.71960831
7.57647038
12.25882435
11.41372681
12.78627491
13.78431416
14.41568565
15.14313698
17.07255173
5.74902058
5.14313745
7.08039379
1.56862783
1.16862786
1.39215696
0.20000000
0.29215688
2.50392175
7.11960840
11.84902000
11.55686283
12.69803619
13.66666603
13.78235245
14.65294170
16.96274757
5.90588379
4.86666679
6.73725557
1.88627517
1.21764719
1.48431385
0.33725491
0.45294118
2.39607835
6.37647104
11.40784550
11.49215603
13.40000057
13.92941189
13.81176567
14.57647133
17.81568909
5.96274424
4.69607830
6.47254944
3.04117656
0.88235319
0.73921585
0.36862746
0.59803921
2.63333344
6.09019613
9.98431492
11.06666660
13.81764603
14.26862907
13.66666508
14.36078644
17.76274681
6.13921690
4.88431406
6.85098076
3.55490232
0.87254918
0.63921577
0.27843139
0.50000000
2.53137279
5.95490265
9.44509697
10.70588303
14.04706097
14.39608192
13.42745304
14.26471043
17.60588455
6.20588303
4.88627529
7.19019556
3.33921552
1.10196102
1.54313743
0.26666668
0.27058825
2.33333349
5.84902048
9.10391998
10.28823662
13.62353134
14.55686283
13.16666889
13.89803982
17.63921165
6.32549047
4.91372585
6.75294209
3.71568680
1.09019649
1.57843149
0.35294119
0.25294119
2.40588260
5.79607964
9.08431435
9.96666622
13.62549210
14.45490360
12.78039360
13.90588474
17.82548904
6.86274576
5.07451010
6.92941332
4.21960831
0.93725514
1.44705904
0.31960785
0.37058824
2.18627453
5.31176472
9.22156906
10.09607887
13.30980492
14.25490379
12.55294323
13.48235321
17.79019547
7.22352982
4.87843180
8.13137341
4.21372604
0.63333368
0.45490196
0.16078432
0.40980393
1.84705889
4.75098038
9.27843189
10.25098038
12.63529587
14.57843399
12.62745285
13.06078529
18.27254868
7.33333445
5.20392227
9.62744999
3.85294175
0.50980395
0.44117647
0.17450981
0.57647067
1.66470599
4.34705925
9.41960812
10.42353058
11.81176662
14.40980530
13.16470623
13.66862679
19.71764755
7.49607897
5.70196199
9.46470642
3.76666760
0.86078447
1.27647066
0.17450981
0.32352942
1.95686293
4.63333368
9.82549095
10.56862736
11.83333492
14.32156944
12.76862717
14.43921566
20.07255173
7.54902029
6.29411888
8.48235416
3.61764789
0.96274537
1.20588243
0.20392157
0.37647060
2.06078458
5.01764822
9.11176491
9.87058735
11.39411831
14.06470680
12.08039284
15.29215717
19.50196266
7.97254944
6.56078529
7.85490227
3.33529449
1.10784340
1.30196095
0.22549020
0.63921577
1.92745113
5.18627501
8.22745132
9.24117756
11.33921814
13.84705925
12.17647171
15.62744999
17.88627434
8.23529339
6.36078453
8.16862774
3.32941270
1.08627486
0.43725491
0.25294119
0.60980397
1.78235316
5.12352991
7.91372585
8.80392265
11.49411678
13.05882454
12.03725338
15.27647209
16.83725739
7.86078453
6.01372576
8.06274509
3.30784345
0.88823551
0.39607844
0.26274511
0.38431373
1.68823576
5.01568699
8.16470623
9.18627548
11.23137283
13.29019737
12.05490303
14.46666622
16.91960716
7.68627453
5.90392303
7.32941246
3.10784435
0.82156897
1.44901967
0.22941177
0.38823530
1.65882373
4.80000019
8.59411907
9.37255001
11.02156734
13.67059135
11.80196285
13.85294247
16.88235474
7.79019690
6.02941227
7.06470633
3.19803953
0.72352958
1.75490212
0.19019608
0.55098051
1.70980418
4.55294132
8.32745075
9.18627644
10.98431396
13.50196171
11.45882225
13.74705887
16.33921814
7.44117689
6.17058849
7.61960888
3.29411817
0.71372557
1.62549043
0.28235295
0.59215695
1.52156866
4.21764755
8.01764679
9.26862812
11.20392323
13.40000153
11.59019566
13.85686302
16.51372719
7.34509802
6.54313803
8.23529339
3.31764746
0.74117661
0.85490215
0.31568629
0.67254913
1.93333364
4.42941189
7.77647066
9.40980339
10.97647285
13.08431530
11.85686398
14.31568718
17.15489960
7.38431358
6.88235283
8.18627548
2.93725514
0.64509815
0.70196092
0.37843138
0.68823540
2.05882359
4.54313707
7.02549076
8.73725510
10.82941341
12.57254887
11.84901905
14.66078472
17.34705544
7.88823509
7.36862803
7.81176472
3.13921595
0.68235314
1.69607866
0.34509805
0.52941179
1.70784318
4.69019604
6.07058954
8.33137417
10.49803925
11.93333530
11.99803925
15.00392342
17.37254715
8.77451038
7.68627691
7.01764870
3.75490284
0.86666685
1.70784330
0.25098041
0.38627452
1.27451015
4.50588226
5.67058849
8.28431416
10.21568584
11.86862850
12.22745228
14.15490150
16.11176491
9.54313850
8.08235359
6.83333397
3.94902039
0.88627464
1.59019625
0.28235295
0.37450981
1.09019625
4.16470671
5.84705877
8.27058887
10.58823586
12.10784054
12.46078300
13.29412079
15.19803810
9.81176567
9.27451038
7.17451000
4.09019661
0.85098046
0.62156874
0.32549021
0.52352941
1.21568644
3.92941189
5.80000019
8.37254906
10.84117603
11.80784225
12.54902077
13.27058792
15.05294132
9.76078415
10.29999924
6.40392208
4.24902010
0.95882380
0.50588238
0.29803923
0.62352949
1.43725514
3.51960850
5.41960764
8.04902077
10.47843266
11.45490456
12.18823624
13.96274757
14.99411869
10.03137207
10.71764946
5.54509878
3.83921647
1.02549040
1.46666670
0.32549021
0.62352943
1.44117653
3.18823576
5.42353058
7.80784321
9.93529320
11.73921394
11.64901924
14.45882416
15.14313698
9.73333454
10.59411716
5.33529425
3.15294147
0.92941195
1.46078432
0.41764706
0.96078455
1.51764727
3.14117718
5.18235302
7.50784445
10.24706078
12.21568871
11.27842999
14.37058830
15.41176510
9.16470623
10.65882492
5.56666756
2.91372609
0.76078451
1.40196097
0.42156863
1.25686288
1.68039238
3.04117656
5.61176586
6.79803944
10.44705963
12.29215908
11.09607697
14.36666965
15.41176605
8.17451000
10.74509811
5.47647047
2.93137264
0.80392176
0.64313734
0.36862746
1.71960819
1.76862776
2.92745137
5.98235369
6.54705954
10.11960793
12.24705791
10.89412022
14.68627357
15.96078491
8.07451057
11.98235130
5.22941208
2.95686364
1.02549052
0.60392165
0.39411765
2.11176491
1.65490246
2.79019618
5.79803944
6.73921633
9.79215622
12.08235550
10.92549133
14.27451324
16.48627472
8.92156982
12.06078434
4.98431396
2.89411807
0.99215722
1.45098054
0.50980395
1.83137286
1.50784349
2.62941170
5.36862755
6.99411774
10.06274414
11.63333321
11.12941170
13.19607735
15.82156754
9.24313831
12.67647362
4.63137341
2.71176457
0.77843148
1.61568654
0.67843145
1.36078441
1.64901996
2.43725514
4.88039255
7.22157001
10.13529491
11.29411697
11.07647228
13.00000191
14.86862850
9.00196075
13.92157173
4.83333397
2.80196095
0.70392174
1.49019635
0.79019618
1.31960797
1.93333352
2.27451015
4.73921633
7.10588264
9.60392094
10.99019718
11.02941036
13.52941418
14.46274567
8.56666660
14.31568718
4.99607849
3.59607887
1.05490220
0.64509815
0.94705898
1.78627479
2.01764727
2.19411802
4.68235350
6.83921671
9.05294037
10.67843056
11.06078529
13.53921890
14.52549267
8.87647057
14.05098343
5.84313869
3.75098038
0.99215704
0.53529418
0.74509817
1.84705889
2.38235331
2.40784335
4.66862774
6.64117622
9.05294323
10.25686169
11.22549152
13.15098190
14.68039131
9.47255039
14.26274681
6.88431358
3.44509816
0.89803958
1.37450993
0.56470603
1.66862750
2.47451019
2.65490222
4.46274519
6.39607859
9.02941036
10.19607830
11.08235359
13.21372700
13.48431587
9.70392227
15.02745152
8.08823586
3.29215693
0.82941204
2.23529434
0.71960801
1.73725522
2.43725538
2.71764708
4.51764774
6.16078568
9.22156906
10.28431416
11.37451172
13.67451096
12.75294113
9.93137264
15.53725624
8.15098190
3.38627481
0.87843168
1.44705904
0.99607861
1.85294127
2.32745123
2.72156882
4.42549038
5.92941189
9.29803848
9.92745209
11.47647190
13.60196209
12.41372490
10.33333397
15.51176643
8.13921642
3.36470628
0.91176492
0.67058831
1.04705894
1.96862781
2.35490227
2.83529425
4.06274557
5.88431358
8.77058887
9.50588226
11.75490189
13.47254944
12.35882473
10.33725643
15.55686378
7.95882368
3.54313803
0.89215708
0.70588243
0.86274529
2.42352962
2.64509821
2.81372595
3.97647047
6.06666803
8.28627586
9.59411812
11.24313831
13.51176548
11.74313641
10.21176434
15.87843037
7.70196152
3.73921561
0.81764728
1.67058849
0.77843153
2.72156858
2.73333311
2.59607840
3.97058845
6.30784225
8.29215717
9.88823509
10.28431606
13.12156773
10.81960869
9.90980434
16.85098076
7.75098085
3.77254939
0.83137268
1.74117684
0.89803934
2.18431401
2.61176491
2.63333368
3.68431425
6.20980453
8.50784206
9.65294266
10.21568871
12.89019680
10.73725700
9.42549038
17.70784187
7.82549047
3.25686264
0.88039237
1.73921573
0.83921587
1.96862757
2.72941232
2.90196085
4.14509821
6.09607887
8.59999943
9.56078529
10.37843323
12.52157021
9.80784416
9.06666756
17.75490379
8.04902172
3.03921580
0.72941190
0.78823555
0.91960806
2.26666689
2.97058821
3.20588231
4.51372623
6.32941246
9.19411755
9.56078434
10.16666698
12.33333492
9.17450905
8.23333454
17.37058640
8.36078548
3.07843089
0.61568654
0.60196090
0.90000015
2.24313784
2.98823547
3.30784321
4.38823509
6.49607944
9.50980473
9.41176510
9.64705849
11.82745171
9.06078434
8.24705887
17.13921547
8.74902058
3.12352991
0.64313734
1.52549028
0.81568646
2.28627443
2.81960797
3.25098014
4.16666698
6.37647152
9.10784435
9.24117756
9.50195980
11.49411869
9.06666851
8.23921680
16.07058907
9.14901829
2.85294175
0.61960816
1.40196073
0.87647074
2.40784359
2.84902000
3.12352991
4.26470566
6.38823605
8.92941189
9.33137226
9.85294247
10.93137264
9.30000114
8.35098171
14.49019623
9.48823547
2.55294132
0.66862774
1.24117661
0.94901973
2.27254939
2.97843122
2.86666679
4.32549000
6.29803944
9.11176491
9.30392265
10.05294037
9.62157059
9.59803963
8.85686302
13.70784378
9.71764755
2.75686312
0.90980417
0.44117647
0.83529425
2.44901967
2.99215698
2.61568642
4.09999990
5.89019632
9.13529396
8.95882511
9.95490170
8.85882378
9.63333321
9.34509754
13.94117832
9.78235149
3.08235359
0.96666694
0.39019608
0.81372565
2.37254930
2.86274552
2.74705887
3.85098052
5.07058907
8.68235302
9.03921413
9.92156887
8.57451057
9.46274757
9.50588226
13.99804115
9.94510078
3.07647085
1.22549045
1.32941198
0.76470596
2.66862750
2.92156911
2.70392156
4.08627462
4.83333349
8.27254868
9.51568794
10.10196018
8.34509754
8.87058830
9.53137398
13.17254829
9.21176624
3.54705882
0.92156893
1.34509826
0.98431385
2.85098076
3.00000048
2.47058868
4.50196075
5.21960831
8.06862736
9.57255173
10.16078568
8.30980587
9.48823643
9.73921776
11.92745209
8.80784512
3.09803987
0.61176491
1.32745111
1.27254915
3.25294185
2.89607882
2.20980430
5.00196123
5.91960907
8.04313755
9.72941208
9.88235474
8.17647076
10.15294170
9.83529282
11.06078625
8.06078529
2.48823595
0.55686283
0.35686275
1.31568658
3.47843194
2.54313803
2.00980425
4.47843122
5.78235340
7.91960764
9.85490322
9.33529568
8.55098057
10.18823624
9.68039131
11.13725471
7.55490160
2.81960797
0.62549031
0.30980393
1.22156870
3.21176505
2.35686326
1.83137286
3.94117665
5.58627462
7.80980301
9.59019661
8.78823566
8.14902020
10.53333282
9.51568699
11.88235283
6.94902086
3.04117656
0.80588245
1.29411769
1.25686288
2.83333325
2.46666694
1.73921597
3.46078444
4.99411821
7.63529587
9.54313850
8.54901981
7.93725491
10.59608173
9.19215775
12.21764565
6.21372604
3.05686259
0.80000013
1.30196095
1.31960809
2.45882392
2.61960793
1.77254927
3.39215708
4.92353058
7.39804029
9.69019794
8.52352905
8.34117603
10.12549114
8.89411736
12.57647133
5.40392113
3.11372566
0.82352948
1.33725512
1.33137250
2.47843170
2.66078472
1.64313745
3.20980406
5.22353077
6.81568718
9.77647018
8.94509983
8.54313755
9.84706020
8.88235378
13.90196133
5.57058907
3.26078463
0.77647066
0.73137265
1.58823550
2.34313750
3.10000038
1.74901986
3.10392237
5.61568737
6.83333349
9.76274490
8.47647190
7.80784416
9.96666718
8.93921566
14.68823910
5.67843103
3.50784349
0.77843148
0.81176490
1.69607866
2.26274538
3.12941194
1.94313765
2.78627467
5.74117661
6.82745171
9.51176357
7.74509859
7.79607868
10.07058907
8.77647114
14.65686321
5.45294189
3.86862755
0.79215699
1.82549036
1.56078470
2.18235326
2.90392208
1.99411786
2.96274519
5.19019508
6.78431511
9.40196133
7.51764917
7.55882454
9.93725586
8.39607811
14.13333416
5.78431368
3.97451019
0.61568636
1.86666691
1.36666691
2.15490222
2.99019599
1.98627484
3.15098071
4.61176443
6.65294075
9.59803963
8.14117718
7.44705915
10.74901962
8.23137283
12.45686150
6.91568661
3.60000014
0.35490197
1.80392170
1.22156894
2.42745137
3.13333368
2.24901986
2.81568623
4.64705944
6.52941227
9.61568737
8.84313774
7.28235388
11.13333130
8.32549000
10.10392284
8.08235359
3.51960802
0.37254903
0.80392164
1.21176517
2.79215717
3.07058883
2.53725505
2.62352967
5.00588179
6.76078415
9.26470757
8.86470604
7.56862736
10.30195904
8.33137417
8.66078377
8.96862698
3.93529463
0.53529412
0.81176478
1.30000031
2.90000057
3.05294132
2.57254910
2.61960793
5.18431377
7.20980453
8.95294189
8.56078339
7.82549047
10.26862812
8.91176510
8.32744980
8.60980415
4.58627510
0.72352958
1.80196095
1.39607871
2.46470642
2.93725491
2.22549057
2.89803934
5.63137245
7.39411783
8.94117737
8.22352982
8.00392246
9.87254906
9.28627491
7.94313717
7.12352991
4.65882444
0.82941180
1.75490212
1.42549050
2.42352986
2.61568642
2.45490217
3.11764741
5.24901962
6.45686340
9.60588169
7.55294085
8.59019566
9.61764717
8.87058640
8.11568737
6.10980415
4.51372623
1.07843161
1.62352955
1.27254939
2.70392179
2.80392194
2.38431406
3.39803958
4.88235378
6.11764717
9.57843113
6.82745075
8.83333302
9.74117756
8.12353039
8.60980511
6.15098143
4.79411840
1.35882401
0.92941183
1.24705911
2.99607825
2.41372585
1.61764729
3.45686293
3.58627462
5.96470690
9.06078529
6.84509850
9.18039227
9.62352943
7.56274509
8.92549133
6.03333282
5.14509773
1.39019620
1.09019637
1.29019642
2.94901991
2.44901967
1.31568658
3.08235359
3.01568604
6.09607935
8.84509850
6.53725481
9.52941132
9.52156925
7.36666679
9.22156906
6.09607887
5.02745152
1.34313738
1.96274555
1.02156878
2.73529434
2.40588236
1.71372592
3.02549076
3.60784340
5.79607821
8.52745152
6.84117746
9.48235321
9.87843323
7.61568689
9.46666718
6.49803877
4.78235292
1.76078451
1.97058868
0.72352952
2.40196109
2.42549038
1.85098064
3.28039217
3.69019580
5.98039198
7.75686359
7.20392227
9.43725681
9.98431301
7.77843189
9.49803925
6.33529425
4.50980377
2.40000010
1.64117658
0.75294125
2.08235312
2.73137331
1.82352948
3.06078434
3.76274514
6.49803877
7.15686274
7.22352934
9.39607906
9.86274529
7.79803944
9.04117775
6.20784426
4.42745066
2.68823552
0.71176475
0.89803946
1.67254925
2.46078444
1.54313731
2.78627443
4.01960802
6.49803925
7.50784349
7.08235455
9.14509869
9.34117699
7.72156906
8.74705887
6.08039379
4.32156849
2.84902024
0.78627467
0.99411792
1.56078458
2.38627481
1.13137281
2.60000038
4.08627510
6.05882311
7.62156916
6.85294199
9.07254887
9.00392151
7.90000057
8.54117680
5.95294094
4.48039293
2.73529458
2.37647080
1.28431416
1.82352960
1.92549050
1.60392177
2.41176486
3.89803934
5.92941284
7.26078558
7.00196123
9.06862831
9.09019852
8.09804153
8.39608002
4.86470699
4.73529434
2.90000057
3.17254925
1.22745121
1.93725502
1.64117682
1.83333373
2.44509816
3.93137312
6.18235302
6.90588284
6.64902020
8.31764793
9.27254963
7.92745352
8.46470547
4.15882444
5.63725471
3.54901934
3.40980411
1.18627512
1.53333378
1.91568637
2.23137283
2.46078444
4.27450991
6.24509907
6.74509764
6.04509878
7.88235331
8.94902039
7.62352991
9.08627415
4.91568708
6.81960821
3.73137283
2.82941198
1.39803982
1.34705901
2.11960793
2.12745118
2.22941184
4.71960831
6.04509830
6.75098181
6.02352953
8.04902077
8.82157040
7.62156916
9.70980549
5.73921585
7.00000048
3.26470590
2.72353005
1.27451015
1.49019611
1.91960835
2.01568651
2.13137293
4.88627434
5.92549086
6.99804068
5.96470547
7.79019737
8.29411793
7.78823614
9.85882282
6.20000124
6.55490303
2.86862826
2.46862793
1.03137255
1.52745116
1.77451015
2.16470623
2.36862779
4.46862793
5.92353010
7.01568747
5.73921537
7.55686283
8.48431301
7.91176558
9.67058754
6.62745094
6.37843227
3.03333354
1.89411783
0.92352962
1.25098062
1.81960833
2.08823538
2.69607854
4.18823528
5.50980330
7.09411812
5.78823566
7.78039312
9.81372547
8.07450962
9.14313602
6.91568661
7.04901934
3.50392175
2.07451010
0.95490217
1.23333371
2.17451024
2.23725510
2.47843146
4.27843189
5.43333292
7.15882397
6.16078377
7.91960907
10.60588264
8.02353001
9.08235264
6.82352972
7.37254953
4.03529453
1.32745135
0.78823549
1.30588257
1.56862772
2.15294147
2.39607859
4.48627520
5.47647142
6.99804068
6.50980473
8.06078434
10.51568699
7.64117813
8.56666756
6.09999990
7.31568766
4.96274614
1.91960800
0.68431377
1.32941186
1.30196118
1.97058856
2.05098081
4.46078396
5.60000038
6.58627462
6.75686264
8.14117622
9.94509888
7.43333292
8.57843208
5.67647076
7.04117727
5.92548895
2.86470604
0.91764730
1.15294147
1.62941217
2.01372576
2.19607854
3.90392208
5.59607887
6.58431339
7.09607887
7.99019575
9.39607906
7.51568651
8.67843246
5.64117575
7.05686331
6.55294085
3.02549052
1.15686297
1.05098081
1.86078453
2.15490246
2.04117656
3.93333364
5.47451019
6.58235312
7.46666670
8.01176548
8.71568775
7.62744951
8.99411774
5.60196066
7.60000086
6.69804001
3.52352953
1.36078465
1.16470611
2.18235302
2.03137279
2.45294142
4.49019623
5.23725510
6.24313688
7.49803925
8.21568680
8.37058830
7.62352943
9.57058716
5.87058830
7.89215660
6.30000067
3.50000000
1.59215713
1.27254951
2.24509811
1.81372583
3.33333325
4.44117641
4.97843170
6.19411850
7.31176567
7.94901991
8.30392170
7.61764669
9.58235359
5.89019537
8.33921528
5.92745066
3.83529472
1.62549043
1.26470625
2.38431382
1.58627510
3.97647023
4.25686312
5.22745180
6.54313755
7.64705944
7.18823624
8.30784321
7.95686388
9.42745018
5.74313784
7.96666765
6.14509821
4.70196104
1.86666691
1.29607868
2.24313760
1.41764736
3.75882387
4.30588245
5.86470652
7.51960850
7.76078463
7.05098009
8.39607811
8.02941227
9.28431511
6.28235388
7.69019651
6.02549124
5.67451000
1.89019632
1.33333349
1.96078444
1.49803948
3.75294185
4.10196114
6.29607868
8.07647133
7.94705820
7.49215746
8.35294247
7.85098076
9.32745171
6.29607868
7.51176548
5.99215794
5.06078434
1.68039238
1.32156885
1.65882373
1.68431389
3.28039241
4.21960831
6.16274548
7.61176491
7.81176567
7.71372700
7.74313831
7.82941246
9.04901981
5.64705992
7.38823557
6.12549019
4.45098019
1.37843192
1.26078463
1.54901981
1.72156870
2.61960769
4.42352962
5.93137360
7.34705925
7.39607954
6.75490284
7.38823605
7.34901953
8.69411755
5.42549086
7.16666603
5.65294075
4.20784330
1.21568656
1.22352970
1.60196090
1.83529449
2.42941236
4.34117699
5.86078405
7.59803915
7.29607964
6.94509840
7.68431425
6.85294199
8.70980453
5.59215736
6.47058821
4.92352915
5.13333368
1.34705913
1.22156870
1.65294123
1.98431420
2.53921604
4.18823576
5.86862755
7.63725567
7.49804020
7.34705830
8.10588360
7.27058887
8.57843113
5.75882339
5.63921595
4.71764708
4.99019623
1.59215724
1.30000019
1.62156880
2.01372576
2.85490251
3.90392184
5.92353058
7.74117708
7.61764812
7.12156916
8.48823547
7.31372738
7.90784311
5.43529415
5.29411793
4.88627529
4.97646999
2.13333368
1.37058854
1.37058830
1.91176522
3.25686288
3.65686297
5.89411783
7.31568670
7.31960821
6.77450991
8.98823547
7.24705935
7.58823633
5.67647171
4.77254868
5.07843161
5.90392160
2.07254982
1.65098059
1.28431392
2.11176515
2.99019647
3.38823581
5.35098171
7.87843180
7.07058859
6.66274595
8.97646999
6.94313765
6.85098028
5.58823586
3.96470618
5.03333378
5.23529482
2.14117670
1.66078472
1.03725517
1.95098054
2.75882411
3.00784326
4.36470556
7.50196171
6.66862869
6.71176481
8.62745190
6.82745123
6.46470594
6.06078482
3.51568627
4.69803858
6.07843161
2.25686312
1.53333342
0.83921587
1.71176481
2.69607878
2.68039227
3.95098042
6.73921585
6.25490189
6.60196066
8.69411755
6.70196056
6.31960917
6.09411860
4.02745104
5.03529501
6.20784378
2.25098062
1.60980403
0.85882372
1.81764746
2.62941170
2.53333354
4.35882330
5.87843132
6.08823586
6.37647009
9.06862736
5.97647142
6.40392208
5.69803953
4.96666670
5.63921595
5.95882368
2.24705935
1.71568656
1.05294144
2.05294156
2.32549047
2.53333378
4.42352962
5.32352877
6.35490227
6.58431435
9.12745190
5.43137264
6.69999981
5.88627577
5.06274605
5.43921614
5.30980349
2.19215703
1.72156870
1.36470652
2.16078472
2.10392189
2.60000038
4.10784292
5.57647085
6.64901924
7.01960897
8.85686302
5.69215727
6.68627501
5.70392275
4.42352962
5.05294275
5.66274595
2.10392213
1.73725498
1.64509833
2.21960807
2.12352943
2.68039250
4.09019613
5.68627501
6.69215631
7.19803953
8.37058735
6.23725462
7.12941217
4.94313765
3.69804025
4.98039293
5.77647161
2.21176529
1.73529446
1.75294161
1.93921614
2.03529406
2.75098085
3.96274519
5.39607763
6.79215670
7.29411888
8.14705849
6.72549057
7.41372633
4.30392265
3.56470633
5.26078510
16.97843361
1.90392196
2.00588250
1.59019649
1.88627481
1.79411781
2.54313755
3.99019647
5.06078386
7.40784454
7.32353115
8.25686264
7.19804001
7.88823509
4.35294104
3.71176505
4.71372604
16.71961403
1.69803941
1.92352974
1.63725507
1.90784371
1.79019630
2.39411831
3.93137240
4.86078453
8.03333473
7.41960955
8.19019604
7.67843151
8.02353001
4.52156878
3.79411817
4.19215727
16.84117889
1.89411795
2.12745094
2.00784326
1.74705935
1.72156870
2.43529439
3.68627477
5.22941208
8.58823490
7.54706001
8.07843208
7.79607916
7.53333378
4.37451029
3.80784321
4.01764727
6.54313755
2.14509845
2.60196114
2.16470623
1.38823545
1.59803951
2.44313717
3.76274514
5.78039265
8.45686340
7.65882397
7.98627472
7.62745237
6.95098019
4.31764650
4.17647076
4.28039217
6.48431301
1.98823547
2.81176543
2.44117665
1.22941184
1.51176488
2.38235283
4.31568670
6.47843218
7.65098047
7.64901924
7.66862822
7.42157030
7.20784330
4.36470652
4.50784397
4.65882349
6.51960897
1.58431387
2.98823547
2.74117661
1.31372559
1.45686305
2.41372561
4.51176548
6.84117603
7.13137388
7.52745104
7.28235340
6.95686340
8.03921700
4.48823547
4.36274529
4.31764793
6.12941217
1.34705925
3.06666708
2.50196099
1.36666691
1.71176505
2.53529453
4.17451048
6.36470604
6.89804029
7.38039207
7.11372614
7.06862736
8.51568794
4.24117661
4.00980425
3.89215708
5.36666775
1.10392177
3.14705896
1.80588269
1.00588238
1.97254920
2.40588260
3.80392194
5.75294209
6.99019527
6.96470547
7.54705906
7.19804096
8.29803944
4.99215698
3.58431458
3.61960816
4.77451181
1.32549047
3.14117670
1.71568656
1.18431401
2.00784326
2.29411793
3.64901996
5.55098104
6.75294161
6.48235416
8.72549057
6.74705935
7.66470623
5.34902096
3.21764755
3.42941213
4.60196066
1.61764717
2.73137259
1.48627484
1.47647083
1.71372581
2.20000005
3.86666703
5.94313812
7.17058754
6.84902096
9.78039074
6.44705915
7.12549162
5.09019756
3.23921585
3.34705877
4.82156944
1.84313750
1.91372585
1.75490212
1.31960809
1.50588250
2.40196109
3.60784388
6.31372643
6.93725681
6.88627481
10.54313755
6.55098057
7.58823490
4.75098085
3.07843137
3.42745090
3.03137302
1.92745113
1.61764741
1.41176498
1.19215691
1.69803953
2.34117651
3.52156878
6.26862860
6.38431501
6.45882416
10.71960926
6.67843151
7.75490236
4.91568708
3.01176476
3.14313745
3.12549090
1.93529451
1.70980418
1.31764722
1.34901989
1.76862776
2.01568675
3.87647057
5.90784407
6.39999962
6.72549105
10.20000172
6.90196085
7.51176405
5.11372614
3.40980411
2.69607902
3.04705882
1.96274579
1.58039248
1.47058845
1.27843153
1.64313745
2.08235312
3.89215660
5.44901991
6.35686398
7.13529396
9.43921661
7.03529501
8.23725414
4.69411850
3.59607887
2.85882401
2.66274524
2.02745128
1.56274557
1.73333359
1.20392179
1.61568654
2.21764731
3.97254944
5.42156887
6.37058830
7.06274605
8.77843189
6.72745132
8.67647171
4.40588284
3.10980392
2.46470642
2.89803958
2.11568642
1.43529451
1.72156894
1.40392184
1.94509816
2.14901972
4.31960773
6.02549028
6.34313774
6.34509850
8.19803905
6.66470814
7.78235245
3.96862745
2.96470618
2.53333330
3.23921585
2.23529434
1.41568661
1.75686300
1.72941220
1.99215710
1.88039231
4.17843151
5.84117746
6.04509735
6.17647076
7.82549047
6.68823481
7.43137264
3.90980434
3.03529453
2.29803920
3.18627477
2.22745085
1.51176512
1.79215705
1.63725519
1.98627472
1.99803925
4.15490198
6.29607868
5.72157001
6.61960793
8.20784283
7.00784302
7.50784349
4.38235283
3.37254882
2.33333325
3.05294156
2.22745132
1.39803958
1.77254927
1.40392172
1.76470625
2.20000052
3.99411821
6.20784378
5.88235331
6.26470661
8.22941303
7.57843256
7.96862793
4.86078548
3.54313731
2.85294151
3.23333406
2.17843175
1.86862779
1.68039250
1.48235297
1.75098062
2.06470585
3.91764736
5.67254925
6.36078453
5.86666632
7.79803991
8.01372528
7.89803982
5.13725519
3.52352977
3.06274533
3.29803944
1.95686281
2.24117661
1.53529418
1.42352974
1.86078465
2.04313755
3.88039231
5.90980291
6.49215746
5.97254944
7.38039207
7.82941341
7.83333397
5.34117746
3.66666698
2.83529472
3.22156930
1.96274555
2.85490251
1.56078470
1.26666689
1.69803953
2.05686283
3.80196095
6.22549105
6.37843132
5.84313631
6.67647123
7.29803991
7.47058868
5.48823500
3.92352962
2.78431392
3.35490203
2.26470613
3.14117646
1.75882351
1.32156897
1.70392168
1.86078465
4.01960802
6.03529406
6.43529415
6.12941170
6.30196142
6.66470623
6.84509754
5.36078501
3.93921590
2.75294161
3.76666689
1.94313729
2.84117675
2.04509830
1.34313750
1.91176510
1.74117672
4.22941160
6.14117622
6.84509850
6.42941284
5.99607801
6.27451134
5.69411850
5.07843113
4.26862812
3.02352953
3.60980392
1.98627472
2.88627481
2.12156916
1.58627462
1.78627479
1.89803958
4.10196114
6.03725481
7.06078482
6.47843266
6.03921652
5.80980444
5.47647142
5.26078415
4.20392227
3.31568646
3.70392179
2.12745142
2.75882387
2.31568646
1.87647104
1.93921590
2.04313755
4.42352915
6.25294113
7.05882406
6.38039160
6.47254848
5.77450991
5.74705982
4.75098038
3.67451024
3.76666689
3.87254930
2.28627467
2.34509850
2.43921614
1.85490239
2.05098081
2.08431411
4.62352991
6.22549009
6.91764736
6.64313745
6.74902058
6.07451153
6.23725557
4.52549028
3.37450981
4.41568708
3.66666675
2.40588307
2.03333354
2.22549033
1.68039262
1.91568673
2.12941194
4.59411812
6.21960688
6.85097980
6.90000057
6.64509821
6.30980349
6.76862860
4.63333273
3.49607921
4.69215727
3.26862741
1.93137276
2.05098057
1.85686314
1.73725533
1.91764748
2.21764731
4.62941170
6.49215746
6.69999981
6.24901867
6.70784378
6.27451038
6.72941160
3.95882392
3.52352953
4.32352972
3.02745104
2.12941194
2.02156901
1.74901998
1.78627467
2.05686307
2.34509850
4.50784349
6.36078453
6.31764698
5.22352934
6.80392170
6.18823528
6.74705887
3.64509845
3.36862731
3.79607868
2.91568613
2.31960797
1.82745147
1.85098076
1.62352967
2.04509830
2.42941189
4.45686293
6.03137255
6.01764631
4.85490227
6.63725519
6.23921585
6.81372595
3.85686302
3.23529434
3.76470613
2.86862755
2.07254958
1.88235354
1.75686288
1.67058861
1.54117656
2.64313745
4.28235245
5.65294170
5.53921700
4.88823557
6.16862869
6.38627481
6.05490255
3.85098076
2.98823547
4.12549019
2.79019642
2.14705920
2.00784373
1.64117682
1.97058833
1.82549059
2.64313698
4.30000019
5.69019604
5.95294094
5.19999981
5.82156849
6.62941217
6.12941170
3.56862783
3.22156906
4.10784340
2.61176443
1.98431396
2.07254934
2.02745128
1.98823547
1.85490215
2.65490198
4.53921556
5.91176462
5.63137245
5.45294046
5.46078491
7.11176443
5.92941236
3.69607830
3.10392165
3.81960869
2.52549052
2.16862750
1.98823559
2.36862755
1.73137283
2.05490208
2.79019618
4.90000057
5.93333435
5.64313745
5.48431396
5.25294113
7.75490236
5.60784388
4.03725386
2.71372581
3.38039255
2.65098095
2.50588274
2.24705911
2.39215732
1.65686297
2.21568656
2.88039279
5.08431387
5.69215727
5.68823576
5.39803934
5.30000019
8.11960888
6.12156868
4.16470623
2.73137259
3.27450967
2.66470623
2.66078448
2.51764750
2.21568632
1.88039243
2.09215689
2.72156882
5.10980463
5.71176481
5.14902020
5.29411697
5.50000048
8.14117718
6.54313803
4.33921576
2.65882444
3.81568646
2.56470609
2.65882397
2.59411812
1.89019656
2.05098057
2.02745104
2.54705906
4.94117641
5.87451029
4.81960917
5.04509926
5.53529406
8.07843113
6.67255020
4.45490217
2.42941236
4.20784235
2.47843170
2.43529487
2.96078444
1.88039243
1.99411786
1.96862769
2.53921580
4.74117613
5.81960821
4.64705944
4.80000019
5.37254906
8.25098038
6.50392246
4.16078472
2.98823500
4.22941208
2.88627505
2.42352962
2.97058892
2.00980425
2.04313731
1.70196116
2.46470618
4.66666603
5.45882368
4.30588293
4.78627443
5.43529415
8.30980492
6.69019699
3.88627434
3.43725538
4.12941217
3.50000000
2.55686307
2.84117723
2.12156892
2.10980415
1.58039260
2.70196128
4.41176414
5.19607973
4.03921556
4.81960678
5.30000114
7.85098028
7.21960783
4.14705849
3.88627481
3.77254915
3.95490193
2.73529482
2.98235297
2.24705935
2.07647085
1.56666696
2.64705896
4.00980425
4.99803925
4.34313679
4.71176577
5.19019604
7.28235245
7.81764650
4.42156935
4.10196209
3.41176438
3.77843189
2.64901972
3.14901972
2.28627467
1.89803946
1.89607859
2.30000043
3.54313755
4.65686274
4.59803867
4.62352943
5.19999933
7.24901962
8.16862679
4.34705973
4.20588255
3.66078401
2.98823595
2.82352972
3.01372576
2.18039250
1.85098064
1.92941213
2.06078434
3.24509883
4.02156878
4.60588217
4.64705896
5.22352934
7.30784321
7.91372585
4.16862774
4.22156858
4.34313822
3.31764674
3.00000048
2.87058854
2.01176500
2.03529429
1.83137310
2.05098057
3.33921599
3.51176572
4.59019661
4.49411774
5.29019642
7.15294218
7.76666737
4.18431330
3.99607849
4.63333321
3.45098090
2.50588274
2.88823605
1.90196097
2.01568651
2.17254901
2.13529444
3.56862712
3.28431416
4.38235331
4.28431416
5.31568623
7.04705858
8.42941189
4.53725529
3.71960807
4.39215660
3.13333368
2.02353001
2.87647057
1.91372573
1.73137271
2.41568661
2.21176481
3.66666651
3.18823600
4.25098085
4.27647114
5.33333445
7.07647085
8.85490227
4.78039265
3.76666713
4.01764727
3.30588198
2.08235312
2.72352982
2.11176515
1.84313750
2.29411840
2.25882387
3.48627520
3.34705949
4.25882387
4.24901915
5.37058973
7.07451057
8.60980320
5.28235340
4.26274538
3.69803905
3.61568713
2.48039198
2.59607887
1.91372561
1.95294142
1.99411786
2.15098071
3.19803929
3.43725467
4.02745104
4.26666737
5.46274519
7.01372623
8.44509888
5.40588236
4.82156944
4.12352991
3.74509835
2.97647142
2.31372547
1.70392179
1.88235343
1.86274564
2.33137250
3.71568680
3.06862783
3.28627515
4.47843170
5.62352943
7.17647123
8.02156925
6.02156878
5.01176500
4.76862764
4.36470652
3.21764708
2.53137279
1.89803946
2.11176491
1.94901991
2.30980420
3.47058868
2.92745113
2.91764760
4.65294123
5.57843161
7.14705992
7.98627472
6.74509859
5.07254934
5.25098038
4.90196085
3.18823552
2.68431425
2.28823566
2.16274524
2.07647109
1.94901979
2.80196071
2.97647071
3.49019623
4.60784340
5.46470594
6.96470594
7.10392189
7.00392056
4.95882416
5.47058821
4.55882406
3.10588241
3.01960826
2.32745099
1.80980420
2.15294147
1.92745137
2.85490227
2.95294118
4.08823538
4.45882368
5.63529348
6.92941141
6.34705925
7.30195999
4.80392218
5.15882444
4.23333359
2.91960788
3.58039236
2.10980415
1.70980430
2.18431425
2.20784330
2.87058854
3.35294175
4.25686312
4.37451029
5.65882301
6.69607925
6.22156906
7.24705887
5.11764717
4.80980444
4.27254915
2.61372590
3.42352986
2.06470609
1.77058840
2.12941194
2.27254939
2.83137321
3.82353020
4.34902000
4.31764650
5.36078501
6.23137379
6.02941275
6.95686340
6.03529501
4.47450924
4.50392199
2.37647104
3.02549005
2.31764770
1.90588260
2.00000024
1.90196097
2.74901986
3.55686307
4.26666689
4.15490246
5.00980425
5.84705877
5.83137274
7.15882397
6.42156887
4.16862726
4.21568680
2.51568604
2.93921566
2.63529420
1.95294154
1.87058842
2.32745075
2.60196114
3.44117641
4.37058878
4.08823586
4.99019670
6.08039331
5.77058840
6.45490170
6.06666756
3.67058849
3.94705915
2.62941217
2.80784321
2.63725495
2.28431416
1.73725533
2.54705906
2.40000033
3.21960783
4.59607935
4.12352943
5.11176395
6.16862774
5.91764784
6.04313755
5.34117651
3.88235307
3.47058892
2.66862750
2.53529429
2.49215722
1.76862776
1.70980430
2.16862774
2.59215713
3.15294147
4.65098095
4.50196075
5.14902020
6.00196171
6.06078529
5.82156801
4.98431444
4.27058840
3.04509878
2.89215755
2.18431401
2.50784302
1.73137295
1.74705899
1.79803932
2.32352972
3.36470580
4.44901991
4.73921680
4.89019728
6.23725510
6.25490189
5.50588322
5.19804049
4.22745085
3.30000043
3.17254901
2.05294132
2.35686278
1.71960855
1.82745111
2.02549028
2.55882406
3.55686307
4.39019632
4.83529472
4.48235369
6.35490227
6.42745209
5.86666727
5.67647219
4.40196085
3.66078448
2.95294166
2.12745118
2.01764750
1.71568668
1.87843192
2.25490212
2.78431463
3.53137279
4.64901972
4.94313765
4.32745123
6.16470623
6.46666670
6.29607821
5.76862764
4.69215727
3.58627486
2.42549038
2.15294147
1.91960788
1.92352939
1.91568649
2.12745118
2.68431377
3.43333411
4.93333435
4.70196152
4.41764688
5.79411793
6.20588255
6.51372623
5.77843142
5.06666708
3.28235388
2.17058849
2.42941213
1.66470611
1.75294149
2.02549052
2.08627486
2.71568656
3.10980439
4.81960773
4.54117632
4.60000086
5.77451038
6.28627491
6.48627520
5.50195980
4.69804001
2.87647104
2.08039260
2.67647076
1.90000045
1.93529439
2.09411764
1.97451031
2.86078429
3.21176505
4.63333273
4.28235292
4.85882330
5.44313812
6.01372623
5.91176462
5.21176481
4.42352915
2.78431439
2.06666708
2.51176476
1.87843156
2.06274509
1.88627458
1.78431392
2.74509835
3.02352977
4.78627491
4.12549019
5.02745152
5.11960745
5.78823519
5.11176443
4.48823547
4.50784349
2.92745066
2.23333359
2.25882363
2.12745142
1.97254920
1.48823559
1.90196097
2.83725548
3.22352958
4.94902086
4.11764765
5.17843199
4.78431463
5.40392065
4.59215689
3.84902000
4.59607935
3.21764731
2.35294127
2.30196118
1.68039227
1.96078455
1.60392189
2.08039236
2.84117699
3.32156849
4.76078415
4.47843170
5.31568670
4.67646980
4.82549047
4.21960783
3.85882378
4.24901962
3.23725533
2.23333383
2.15490222
1.81960797
2.04705906
1.73921585
1.75882375
2.57254934
3.33921552
4.52548981
4.53921604
5.07647133
4.78823566
4.69607782
4.09999990
3.91960835
3.67058849
2.71960878
1.95294166
1.77451003
2.06078458
2.09411788
1.69411778
1.60392177
2.56470633
3.83333349
4.36862755
4.29019642
4.55686283
4.64117622
4.76666641
4.24902010
3.99803948
3.33333349
2.43529415
1.70784342
1.63725507
1.65490210
2.06666660
2.02549052
1.97647095
2.67058873
4.00000000
4.16862726
4.46078444
4.26470613
4.43529415
4.78431416
4.69215631
3.99019647
3.05097985
2.37647104
1.87843168
1.72745109
1.51960802
2.18235350
2.02352977
1.73725510
2.72745085
3.64313745
3.88627481
4.21176481
4.64509916
4.41568661
4.73921585
4.59803963
3.63333297
3.10588264
2.53529453
1.96862793
1.96666706
1.43333364
2.35098052
2.14901996
2.01176500
2.90392184
3.38823557
4.06862783
4.30000019
4.75686264
4.99215698
4.72941208
4.60588264
3.40000033
2.85294127
2.46666694
2.17843151
2.05490232
1.43725526
2.19019628
2.35098052
2.27647066
2.99607849
3.03529477
4.01960850
4.21960831
4.70784283
5.20784378
4.62156820
4.45686245
3.55882406
2.60196114
2.35882378
2.09411764
2.10392165
1.56470609
1.77058852
2.41568661
2.39803958
2.67058897
3.72941160
4.37451029
4.15098047
4.76078510
4.73725605
4.39411736
4.39019728
3.63529444
2.68431425
2.52549028
2.04509830
2.08823562
1.67843151
1.58627474
2.30784369
2.45882368
2.32156897
3.75098062
4.58039236
3.96078444
4.99019575
4.33137274
4.29019642
4.19411755
3.30784321
2.73725557
2.65882349
2.15294123
1.83529449
1.66274559
1.65294135
2.27254939
2.48823547
2.45490241
3.55490303
4.12352943
4.01764727
4.87647104
4.25882292
4.37058783
3.41568685
3.05490208
2.57843184
2.56078458
2.08431411
1.87450993
1.67843163
1.72745121
2.25294137
2.40980458
2.69411802
3.58431387
3.96470571
4.60392141
4.59411716
4.50196171
4.44509792
2.81764770
3.07058835
2.42745090
2.46078444
2.11764741
2.32745123
1.71960807
1.71176481
2.17058802
2.29215717
2.61176515
3.60000038
4.19999981
4.92549086
4.54313707
4.53529453
4.25294209
2.71568680
3.08431315
2.50392222
2.65686297
2.39803910
2.06666684
2.15490222
1.59019637
2.05294132
2.38431406
2.70980406
3.58823562
4.49411726
4.68627453
4.74509811
4.57058859
3.96274543
2.96274495
2.72745109
2.59411788
2.70784354
2.11176467
1.92156899
2.22156882
1.67254937
2.35490227
2.09411812
2.72156906
3.44313765
4.69411755
4.41764736
4.67843199
4.20196152
3.99999952
3.01568675
2.75882363
2.66078448
2.59607840
2.30196095
2.08431387
1.95098066
1.57451010
2.17254901
2.08431387
2.84705901
3.60000038
4.68627501
4.35490274
4.91372538
3.95882392
3.92745090
3.10392213
2.84509873
2.76862812
2.51372576
1.97254920
2.33529425
1.79607868
1.47647071
2.23333359
2.09999990
2.91372585
3.49607849
4.29607821
4.36470604
4.45686340
3.80196166
3.82548976
3.33529449
2.98235345
2.79411793
2.49019670
1.68235314
2.13725543
2.04313731
1.57254922
1.79411781
2.24705935
2.75098062
3.40392208
4.14313793
4.21764708
4.50588274
3.67254925
3.82156873
3.19803953
3.12352967
2.57451010
2.23921585
2.02156878
1.85294139
2.10980415
1.69411790
1.61960804
2.34509826
2.48627472
3.62156916
4.60980415
4.10784340
4.43333340
3.89607882
3.62549067
2.75490189
3.04509830
2.23529410
1.96078432
2.08627462
1.88431394
1.87843168
1.76862764
1.74117661
2.17451000
2.35686302
3.57254910
4.91568661
4.13137245
4.11568642
4.13921547
3.48431373
2.54705906
3.00392222
2.02745128
1.92549062
2.09215713
2.02745128
1.72549033
1.83137262
2.15294147
2.21960807
2.40000010
3.35294127
4.70980406
4.11372566
4.05294085
4.07647181
3.51372552
2.73921633
2.76470590
2.05490208
2.08823514
2.20980430
2.20588303
1.85294151
2.09411788
2.22156882
2.30392218
2.34901977
3.14705896
4.38431406
3.99803901
4.11764717
4.02156830
3.25686312
2.95294166
2.30784345
2.20000052
2.07058859
2.06274533
2.16078472
2.40196109
2.03725529
2.21176505
2.28235316
2.51764774
3.23333383
3.86274505
4.01372528
3.97254920
4.18823576
3.54509854
3.09019613
2.64117694
1.86666679
2.19019604
2.19411802
2.22156858
2.47451043
1.77843165
2.26666689
2.31176496
2.37843180
2.98627448
3.63725519
3.73529434
3.91764736
4.00588322
3.69019651
2.91764736
2.57843137
1.93921602
2.36862755
2.22549033
2.30392218
2.03333354
1.53333354
2.23921609
2.30980420
2.18039250
2.98039293
3.57647085
3.72941208
3.90392184
3.50980473
3.47254920
2.72352910
2.39019632
1.85882354
2.49607849
2.21764779
2.29019618
1.37647080
1.58823538
1.97843170
2.20980406
2.03921604
3.16666698
3.43529415
3.70392179
3.77254939
3.05490208
3.22941184
2.82156944
2.68627501
2.13921547
2.71176505
2.19411802
2.29607844
1.13921583
1.78039217
1.70000017
2.08431387
2.12745118
3.18039227
3.59803939
3.45098066
3.66666698
2.90784359
2.93725467
2.89803958
2.71372581
2.13137293
2.80980444
2.09411812
2.32352948
1.49607861
1.86274529
1.74117649
2.09803963
2.42352939
3.17450976
3.76470637
3.50000000
3.59019613
3.22745109
2.82156897
2.78823566
2.70000005
1.93921614
2.69607878
2.25686312
2.30000043
1.70980430
1.84901965
1.99411798
2.14117670
2.33725476
3.03529453
3.61176467
3.62156868
3.52941179
3.70000076
2.90980411
2.60392189
2.97647119
2.01568651
2.49607873
2.47450995
2.00784326
1.91568625
2.07254958
2.13725519
2.37843227
2.51176524
3.29019666
3.32941222
3.46862793
3.57254910
3.92549038
3.05882335
2.70980430
2.64705896
1.98039234
2.39803958
2.38431406
1.79215717
1.73137271
1.89803946
2.13921595
2.24117661
2.55098033
3.36666679
2.90588260
3.64313841
3.81960821
4.19019651
3.29803967
2.82549119
2.31568646
2.21176505
2.40000010
2.43333364
1.81176496
1.53725529
1.57843149
2.12745118
2.22353005
2.61960816
3.31176496
2.72156882
3.46666718
3.69019628
3.82549047
3.33333349
2.79803872
2.39607835
2.44509840
2.39607859
2.18823528
2.02353001
1.62352967
1.86862767
2.04313755
1.99803960
2.47058821
3.25490260
2.67647052
3.43725538
3.49019670
3.52156878
3.17843151
2.70392179
2.61372590
2.44705939
2.40392184
2.66078448
2.05686283
1.81764734
1.85686314
1.93137288
2.38627458
2.29019642
3.11176491
2.96470642
3.50392151
3.28823590
3.64313745
3.06078458
2.72549081
2.51372576
2.49607825
2.62941265
2.69411826
1.94509828
1.80000043
1.52352953
1.82941198
2.31372595
2.38235307
2.80000043
3.34705925
3.43725491
3.14901996
3.40980434
2.99411798
2.72156906
2.39215732
2.69215703
2.77254963
2.38431430
1.95294154
1.80588257
1.72352970
1.86274552
2.18235326
2.42352939
2.65294170
3.24901986
3.31176543
3.33333325
3.05490208
2.88039207
2.58431387
2.52352977
2.73921585
2.63725471
2.07647085
2.05686283
2.01764703
1.75882387
1.98431408
2.24705911
2.21568632
2.84705901
3.10196066
2.97451019
3.40980434
3.15098071
2.47451043
2.58627510
2.35294175
2.35490203
2.51764703
1.81764758
2.02941227
2.17058849
1.82549047
1.86470628
1.95098078
2.11568666
2.73529434
2.87254930
2.73921609
3.16274595
3.32549047
2.78039265
2.97843146
2.35882378
2.31176519
2.57254982
1.80980396
2.00196099
2.15490222
2.30980420
1.78431380
2.00784326
2.19803977
2.78627467
2.86274529
2.91372561
3.18627501
3.08431387
3.08431363
2.69607902
2.56862783
2.49803972
2.67843127
2.08039212
1.97843170
1.98823535
2.56666708
1.89607859
2.23333359
2.53725529
2.88823533
3.01568699
2.95098066
3.11176491
2.50588226
2.87647104
2.52352977
2.50392175
2.54313779
2.54117656
2.31372571
1.73725510
1.90000033
2.21372581
2.15098071
2.10980415
2.59803939
2.95686293
2.94509840
3.18431377
3.10000014
2.63333368
2.77843165
2.42549062
2.44705915
2.34901977
2.18823552
2.24509811
1.78823543
2.07254934
1.91176486
2.28235292
2.01960802
2.57843208
2.85490203
3.01568675
3.15490222
3.41372561
2.96862817
2.99607897
2.39411783
2.60196161
2.40588284
2.11568642
2.15882397
1.99019635
2.29411769
2.07058835
2.29019618
2.20000029
2.48039222
2.64313745
3.24705911
2.80980420
3.80392146
2.93725467
3.03921604
2.84509850
2.60196090
2.61764741
2.33333373
2.12745142
1.77058887
2.32352948
2.11372566
2.21372628
2.18039250
2.15686297
2.56078482
3.03137302
2.77451015
3.76470590
3.13725591
3.06078458
2.98235321
2.68235326
2.60980415
2.45882392
2.01960826
1.60392201
2.26274514
1.81372571
2.11568642
2.15686274
2.10196114
2.59019661
2.76078439
2.78235269
3.42941189
3.18235350
3.10392189
2.91176510
2.56470609
2.29803944
2.35882378
1.90000010
1.74509811
2.19803953
1.78431416
2.30000019
2.02156901
2.27058887
2.61372566
2.91960812
2.87647080
3.03725529
3.10980463
3.10980415
2.65686321
2.41764736
2.10980439
1.89411795
1.92745125
1.64509821
2.03333354
1.49607861
2.22745109
1.90784335
2.07647085
2.37647057
2.90000010
2.87647057
2.94313788
