18.53725433
21.74117851
20.79803658
20.82352829
20.18823624
20.98627281
19.94313812
19.11764526
19.78235245
21.13529396
22.18627739
21.77058983
22.05490303
17.47451019
22.38431931
21.05685997
22.90392303
21.30392075
21.32744598
21.22353172
20.71764565
22.40392113
22.54509544
23.31372643
21.83332825
22.69411850
17.19215775
22.53921509
21.56274414
23.44902420
22.88823700
22.58823776
22.56274414
22.04510117
23.88431358
22.62157440
23.23529243
22.00980186
23.12940788
17.02352905
22.17843246
21.48627663
23.50980568
24.42745590
24.08432007
23.73137093
22.76470566
24.42549133
22.53529739
23.55098534
21.73529243
23.05685997
17.14117622
21.63529205
20.78038788
23.36862946
22.74510193
23.90784454
23.84902382
23.07255173
22.69019699
22.06078339
23.20784569
20.44509888
21.83726120
16.17058563
21.17058945
19.90392113
23.45490456
20.51764297
23.06078911
23.72353172
23.08235550
21.53137398
21.08431053
22.87255287
19.36078453
20.47842979
17.55294037
20.50392151
19.18235588
20.92352486
20.15489960
21.48627472
23.66863060
22.10000038
21.49019241
20.69019508
20.81568909
19.11961174
19.72156906
17.84313965
19.53333664
19.01373100
19.27451324
19.98038864
20.16666412
22.63725471
21.72941589
21.82745171
20.07843208
18.02941322
18.84117699
18.75686646
17.44902039
19.04902649
18.89804268
18.59019661
19.42156792
19.82549095
21.29411888
20.96078682
21.83921432
19.89607620
16.07647324
17.66470718
18.33725739
16.24117661
18.69804192
18.22157288
18.32548904
19.71568680
18.61176682
19.73725700
18.51568604
19.92353058
19.53333473
15.53529358
16.76666832
18.21568298
11.22156906
18.39803886
17.75686073
18.05097771
19.72548676
17.91372681
18.16863060
16.91764832
17.99215508
17.79215813
15.76666737
16.43333435
18.86667061
9.76666737
17.81764793
17.41960907
17.78235626
19.20392227
17.23137665
17.30196190
16.05098343
16.79999924
17.21176720
15.76274586
16.09411812
19.06862450
13.78627586
17.25686264
16.78627396
17.09019852
18.68235016
16.57646942
16.97059059
15.39608192
16.38431358
17.61764336
16.11568642
15.98235416
18.64509583
14.89803982
16.83921623
16.38235092
17.22352791
17.93529320
16.28039169
17.10000420
15.14117622
15.98823547
17.40980339
16.64705849
16.43921661
18.59608078
15.66078472
16.45097923
16.24117470
16.26863098
18.02352524
16.34902000
17.28431702
15.01765060
16.13725662
17.12745094
17.11372375
17.85490417
18.70000076
15.58627510
16.45686531
16.01176453
15.88039303
18.05686951
16.97843742
17.22549057
15.19804096
17.46863365
16.76666832
16.91764832
18.75098228
18.71764755
15.85882378
16.09803963
15.53333282
15.38823700
18.19608307
17.56666946
17.43725586
15.00784492
18.33725739
16.10000229
15.96666813
19.05294228
19.31372452
15.72548866
15.96666813
15.31568718
15.32941437
18.34705925
17.77647400
17.94314003
14.93921280
18.21372795
15.92353153
15.54706383
18.48431587
20.07450676
15.29803944
15.62941360
15.88235569
15.10980701
17.71569061
17.54117584
18.13333511
15.49608040
17.59804153
15.30000114
15.28627968
17.23137283
20.06666756
14.25686359
15.60784340
15.97059250
14.89215946
17.13137245
17.28431511
17.55097961
15.90196037
17.24313736
15.03137589
15.55098152
16.79215622
19.95294189
14.71372604
15.47843170
16.18038940
14.79215717
16.25490379
17.01176643
17.02941132
16.15686798
16.32745361
15.14509773
15.91568661
16.70980453
19.15490341
15.09607887
15.05098057
16.62549019
14.86470604
15.76274872
16.41568947
16.48431396
16.02549171
15.05098152
15.00980377
15.79215813
16.50980377
18.64117622
14.41176605
14.64509964
16.46862793
15.41176891
15.13921833
15.83725739
15.80000305
16.11372948
14.72745132
14.52353096
15.10980606
16.86666489
17.84313774
14.03922081
14.28039074
16.59019852
16.14706039
14.57647324
15.36862946
15.62549019
15.84510040
14.70980072
13.88823891
14.44313812
17.17843056
16.60784721
14.17058945
14.08431244
17.18039322
16.38235283
14.33725452
14.92157078
15.08235550
15.36470699
14.89215374
13.43333435
14.68039322
17.05294228
16.44117546
14.47058868
14.11372375
16.88039398
16.31176567
14.32157040
14.50196171
14.80784416
15.47647095
15.27255058
13.72157097
14.16078568
16.23725700
16.19411659
14.01764965
13.99607944
16.38039398
15.70588493
14.16666889
14.21961117
14.84313774
15.37451172
14.71961117
13.79804230
13.39607906
15.23137283
16.12156868
13.66078854
14.50196266
15.84705925
15.07058811
14.25882626
13.90784454
14.45686150
14.79215622
14.34509754
13.92353058
13.17843246
14.52156925
16.43921852
13.47647095
14.66274738
15.38431168
14.94117737
14.61764812
13.48823738
14.54117393
13.97058773
14.28235245
13.96274567
13.71568871
14.34706020
16.04902458
14.31764889
14.81568909
15.06666470
14.94117928
15.25490284
13.38235378
14.28627491
13.93725204
14.05098057
14.05098152
14.22157001
14.59019852
15.87450886
14.94509697
14.63333511
14.84901905
14.83333588
15.44509697
13.55490208
13.44117832
14.17058754
14.06666851
14.20196342
14.49411964
14.80980587
15.61176491
14.97058964
14.31764698
14.70588398
14.85490608
14.80784225
13.60196114
14.04510021
13.63333607
14.07059002
13.96862984
14.78235340
14.84117699
15.48039341
15.64509964
14.30784416
14.71372986
14.94901943
14.38431549
13.67647076
15.00000191
13.50980663
14.02353287
13.87843037
14.86274719
14.78039169
15.78235435
16.06863022
14.67646980
14.66666698
15.39412022
15.20392132
14.39411736
15.69804096
13.55294323
13.61568642
13.86863232
15.15882492
14.81372643
16.11960793
16.57843208
15.13725281
14.49804115
15.12157249
15.70000076
14.95490551
16.01372528
13.46274853
13.35098171
13.73333359
15.12745380
14.71372795
16.04509926
16.49019623
14.96078587
14.72352886
14.99019527
15.74902153
15.05294132
16.11960983
13.30588341
13.73921776
13.92549324
14.94510078
14.94705868
16.27647400
16.70196152
15.21764755
14.94902325
15.54117966
15.34706116
14.65490532
16.32156944
13.31372643
14.11960697
14.13333511
14.56862545
14.92353249
16.20392227
16.80980301
15.83921814
15.06862926
15.53137398
14.83137226
15.29019737
15.93137455
13.55686283
13.82157040
13.61176491
14.85098171
14.38823414
15.71568584
16.22352791
15.54117775
15.63333416
15.24901867
14.82941151
15.48235416
15.43921375
13.08627415
13.75294304
13.13725662
15.58627510
14.36274433
15.94117737
16.16470718
15.19411469
16.11764717
15.51372433
14.97254753
15.12353134
15.58823872
13.27451134
14.28038979
13.30000114
15.34313774
14.72941303
16.30588341
16.03725433
14.62941170
16.35097885
15.71372700
14.65490341
14.88431740
15.44313812
13.44902229
14.45490360
13.69608116
15.80196095
14.79019451
15.35686302
15.97646999
14.10000038
16.59411812
15.73333549
14.26862907
14.85294151
16.07059097
13.72549248
14.71764946
13.93529606
16.39215851
15.38627434
14.93529606
16.76862717
14.13725662
16.77059174
15.96078873
14.79607964
14.57255173
16.02745056
13.78039360
16.49411583
14.21764755
16.68039513
15.86078262
14.87451077
17.01764870
14.68235302
17.38627434
16.43921661
15.42941380
14.58431530
15.68235397
14.06078625
18.27843475
14.36078548
16.06862831
15.58431625
15.05098152
16.61764908
14.74902248
17.34706116
17.35098457
16.20392227
15.07255077
15.26470661
14.27647114
19.14901924
15.08627605
16.20000267
15.49804020
15.75098038
16.89019966
14.83725548
17.21372604
17.91764832
17.27254868
15.11176586
15.33529472
14.55686283
17.89215851
16.54117775
18.00392151
15.84509945
16.66666603
17.78627396
15.10588360
17.76470757
17.60392380
17.97254944
16.38823700
15.19607925
14.90000153
17.58431244
17.02156830
19.91176796
16.00588226
16.77254868
18.49999619
14.83333778
17.57058716
17.39804077
18.58235168
17.87254906
15.27647209
14.39019680
17.90392303
16.23137474
19.23332977
16.12549019
16.54117775
19.46274757
14.95490646
17.31568909
17.27451324
19.52353096
17.95882607
15.56470394
14.38431644
18.52941513
15.17843151
18.01372719
15.93137360
15.87451172
19.87842941
15.46862602
16.86078453
16.57058907
19.33333397
17.43725777
15.29608440
14.44117832
17.33333397
14.77451134
16.66666794
16.59019470
15.94117737
20.89411736
15.92940903
17.33137512
16.50784492
18.53725815
17.16078758
15.97647095
14.23137569
16.58039474
14.68039417
15.94902039
18.32745361
16.25294304
22.19804192
16.50784302
16.93137360
16.76274872
18.00784492
16.65882683
17.12353134
14.17059135
16.75882149
14.72745228
15.73921585
19.47451210
16.89019585
22.40785217
17.09412003
16.77451324
16.11372757
17.36078453
16.13529587
18.15882301
14.76274681
16.18039322
14.96666718
15.66862679
19.35098267
16.86862946
22.41372681
17.55686188
16.83136940
15.86078548
16.80588341
15.80000305
18.79412079
15.40588188
16.32352829
15.52549267
16.04902077
19.17451286
16.39411926
22.32353020
17.76078606
17.01960754
15.72548866
16.90196228
16.10392189
18.52745438
15.32352829
16.71372795
16.70392418
16.70980453
18.36274719
16.23921585
22.56470871
17.49411583
17.42353249
15.99411964
16.67843246
15.71764755
17.96470833
14.83725548
16.59999847
18.16078568
17.35490417
18.34705925
16.17058945
22.58823776
18.40980721
18.48628044
16.28431511
16.42156792
15.82941151
17.98823738
14.49215698
17.94902039
18.43725586
17.26470375
18.47059059
16.31372452
22.13921738
18.56274796
18.69412041
16.67058754
16.51176643
15.79019928
18.34117699
14.58627701
19.09999657
17.85686493
17.16862679
18.10196114
16.44705963
22.00980759
18.50784492
18.98431396
17.02352905
16.59412003
15.88039398
18.78235054
15.83137226
20.01372147
17.56078720
17.49215698
17.74509621
16.67451096
22.10784340
18.79607773
19.75882721
17.09803772
17.19411850
16.11960983
18.75686264
18.26274681
20.76862335
17.24313927
17.89607811
17.95293999
16.49411964
22.11372757
18.92745209
20.19803810
17.91764450
17.26666641
16.07058716
19.20000458
19.66470718
20.51372147
17.82353020
18.27843285
19.62549210
16.44509888
22.19804001
20.14118004
20.70587730
17.81960869
17.52352905
16.16666985
19.68039703
20.85686684
20.18234825
18.76470375
18.74313545
22.25882339
16.77843285
22.19019890
21.43725586
20.77843285
18.07646942
18.75294113
16.59019470
19.48039246
22.24314117
19.54509544
19.31568336
18.71960831
22.52745438
16.78627396
21.94902039
21.94706345
20.95098114
17.83529663
19.10980988
16.61764526
19.58823395
21.95294189
20.28627396
20.32353401
19.81765366
21.80391884
16.58627510
21.28039360
22.26667023
21.14901924
18.91568756
19.86863136
16.49999809
20.09608269
21.06470871
21.10783958
21.05882835
20.73529625
21.13921547
16.75882339
20.21764755
22.73726082
21.71372986
20.11568832
20.88627243
16.87647247
20.55098152
20.84706116
20.89019203
21.26666832
21.34902191
20.60784531
17.37255287
19.51764679
22.58823395
22.26078224
20.47451401
21.29215622
17.31568718
20.86274338
20.27842903
20.28038979
21.14510155
22.47058487
20.01568604
16.98235512
19.65490150
22.85098267
21.79215240
20.95294380
21.00588226
17.68431282
20.70000458
20.02352524
20.39411545
21.09215736
23.17058945
19.71372414
16.15098572
19.65294075
22.97842789
21.59019661
21.33333588
20.79804420
17.89804077
21.08234978
19.00783920
20.66471100
21.02352524
23.94705772
19.15686417
16.27647209
19.58627510
22.40784264
21.38039017
21.68431473
21.29607773
18.50784492
20.96470642
17.89215469
21.32157135
21.12549591
23.88431549
18.58431435
16.21176338
19.53137398
22.43137169
20.88823509
22.00000000
21.30784416
19.30980301
20.31176376
17.81568718
22.06274605
21.87647438
23.42549324
18.90195847
16.68823624
19.10196304
22.77254868
21.46078110
22.64901924
21.59215927
19.38823700
19.27450752
17.46862602
21.43725967
20.84313774
23.12352562
19.45490837
17.16470718
18.39019775
21.97058868
21.85489845
22.38235092
22.00196457
18.67843246
18.21372414
17.08235359
19.86667061
19.82941437
22.21176720
19.34902191
18.43921852
18.27058792
22.03334045
21.46274185
21.32745552
21.55882835
17.02157021
17.14313698
17.04902077
19.07254791
18.72352791
21.18627548
18.80588531
19.45490074
18.30000114
21.91372681
21.37058830
21.03725433
22.00196266
16.01764870
16.50196075
17.21764755
19.44117546
18.12156868
21.01961136
18.52744865
20.28235245
17.76470757
21.19607544
20.86078453
20.31372833
21.26666641
16.42548943
16.16078568
17.35882187
19.49019623
19.29019928
21.09215546
19.53137207
20.06274414
17.94705772
20.90196037
19.94706345
20.26862717
21.17058945
16.65882492
16.27255058
17.26862717
19.23137474
20.92549133
20.68823242
19.78039551
19.86274338
18.70195770
21.22156525
20.10588264
20.64313507
20.87646866
16.43333435
16.55686188
17.42941666
19.41176224
21.87059021
20.25097847
19.21765137
19.29804230
20.15686035
20.99607849
19.71176720
20.32156372
20.62745285
16.29412079
16.33725548
18.09608078
19.62156487
23.14117622
19.41764832
19.28431511
19.01960945
21.33725548
20.41568565
19.39019585
20.98235321
20.52157211
16.02157021
16.26470566
18.73529625
20.20980835
23.14117622
18.56078720
19.00784683
18.76274681
21.39804077
20.18627167
19.85490036
22.31176949
20.42548752
16.06274796
16.94313812
19.48235321
20.14510155
23.67058754
18.05882263
19.19608116
18.83922005
20.69019127
19.60784721
19.69803810
23.30392265
20.14509583
15.70196152
17.31961060
18.94117546
19.96078873
23.88823318
17.98823738
19.05882072
19.03333664
20.00784111
19.18431282
19.41372681
24.46078682
19.37843323
15.75882912
17.60196114
19.73725510
20.00783920
23.74706078
17.93529320
18.91960716
19.10784340
19.62353516
18.56078339
19.35293961
23.62745285
18.59019470
16.65686417
18.87254715
20.06274986
19.93136978
23.85293770
17.63725281
18.65686417
19.51764679
19.86471176
18.25294304
19.56470871
21.52352715
18.32941246
16.60588455
18.48235321
20.29411316
19.48039055
23.72941399
17.15098000
19.60980415
19.25097847
19.99019814
18.63529587
19.95686340
20.34706306
18.39411736
16.53921700
18.62157059
20.60980415
19.49216080
23.34509850
17.01176643
20.37058640
17.47843170
19.33136940
18.30980301
20.98235130
18.98039055
17.68235016
16.66666603
18.61176300
21.27842712
19.80000305
22.27059174
17.63921547
20.25294113
16.81960678
18.82941055
17.27254868
22.19803810
18.53529167
17.74901962
16.82745171
19.04706383
21.94509888
19.72745705
21.75490189
18.38823700
19.60980606
16.45686340
17.94705963
17.32941437
22.66274643
18.35686493
17.85490227
17.14117813
19.11960983
23.94705772
20.82549667
19.92745018
18.05686188
18.92352867
15.89411736
17.16666794
18.84705925
24.57647324
19.30980110
20.12156868
17.85686302
18.97843552
25.14314651
21.71373177
19.83921814
17.99019623
19.06470871
15.94117737
16.99411964
21.91372299
26.16863632
22.39215469
23.74314117
19.26274109
19.68431282
23.35097885
22.27647591
19.55098152
17.37647057
19.24705887
15.83921719
16.84313774
23.35490036
25.59215355
26.53529358
25.80784607
21.30980110
22.72941589
22.27450943
22.01568413
18.70000076
16.66470718
19.08235359
16.24902153
17.26470566
23.56078339
23.70392609
28.65686607
26.74706268
25.22744942
26.63529587
22.62157059
20.79607964
17.89019966
16.61960983
19.24902153
16.37058830
17.10588455
23.46078873
23.35686111
26.70392036
26.51961327
28.64313889
28.39804077
22.73333549
20.25686073
16.81372452
17.17451096
19.97058868
16.85098267
17.33921814
22.29608345
24.58431053
24.85098076
25.82941055
30.67059326
28.24510193
22.53529549
19.83921432
16.56078339
17.93921280
20.57647133
16.95686340
17.09215546
21.28431702
25.06274796
23.18823624
25.49216080
31.50588608
28.07842636
22.52745056
19.61176682
16.71960831
18.49411583
21.03137207
16.62156868
16.11765099
20.28431129
23.63725471
21.47254944
25.49020004
29.23529434
26.86078072
22.93334007
19.94118309
18.27843475
19.75293732
21.30196190
16.61176682
15.70980453
18.58039093
20.59607697
20.69216156
25.15882301
25.42157364
24.88823700
23.37451172
19.99608040
19.12353134
20.47058868
21.91372681
16.25097847
15.83137321
16.28823662
18.31960869
20.42940903
23.63726044
22.53530502
24.30196381
23.38627625
19.77647400
18.82548904
20.37058830
21.97059441
16.42156982
14.88039494
14.71176434
17.09804153
20.57647133
22.19411659
22.40784454
24.78039551
23.40980911
19.81568527
18.79216003
19.39411545
20.92157745
16.85098076
13.01372814
14.37059021
16.34705734
19.96274567
21.23921394
22.11764336
24.82549858
24.31569290
19.71568680
18.81372833
18.88431549
20.83725929
17.18823624
12.62156963
14.64117813
15.55686378
19.56862640
20.60392189
22.02941132
24.82745171
25.42549896
19.23725700
18.00588608
18.34509659
21.00000381
17.11568832
12.63921833
14.72745228
15.71176815
19.85882568
20.05098152
21.70588303
25.01765060
25.71372986
19.25490379
17.26666641
18.60000038
20.33137131
16.60588455
13.10784340
14.49804020
16.30000114
19.63921738
19.08235359
20.93921661
25.18039322
25.40980339
19.60588074
16.62549400
20.46470642
20.51764488
16.30980492
12.85294247
14.24901962
17.51176834
19.46078491
18.81764984
20.89019012
24.66470337
25.04509735
19.19019318
16.67843246
20.72156906
20.40784645
15.16862869
12.25686646
14.69019699
18.46666718
19.81176567
18.45490646
21.86666870
22.87843323
25.08823776
19.47254562
16.49607849
19.47059059
19.73725319
14.13333321
12.27059078
14.66862774
19.22156715
19.13725662
18.04313850
22.08432007
21.04706192
25.86470795
20.05490685
16.62157249
19.46470451
18.30980110
13.58627701
12.17451000
14.68039417
20.21960640
18.36470604
17.29216003
22.26862907
20.63137436
25.95294571
20.35098267
16.96078491
19.51176643
16.61568832
13.81372738
12.17843342
14.64509773
19.32353020
18.03725624
16.59019661
22.23725510
20.76862907
25.12549591
20.75686264
17.23529434
20.33725357
16.11764526
13.95686436
12.50000191
15.03529358
17.87646866
17.75490379
16.19019699
20.21176910
19.99803734
23.96471024
21.73137283
18.03725433
22.93333435
15.86470795
14.78039360
12.42745304
14.97843266
17.28235245
17.74117851
16.01960564
17.81960869
18.92548943
22.92941284
22.89803696
19.62745094
25.27647018
15.15882397
15.16078472
12.44117737
15.04117775
16.96274757
17.92549324
16.32156754
17.23921394
18.60196495
22.80980301
23.87254715
24.01372337
26.54706192
15.27254963
15.37646961
12.30000019
15.30784321
16.30196190
17.79411888
16.62549019
17.13333130
18.14314079
22.62156868
25.05490112
25.99020004
25.14902115
16.18627739
15.38235283
12.19411850
15.13921642
16.12745094
17.52549171
17.30980492
16.28235245
17.70000076
22.05882263
26.73529816
23.67058563
22.47647095
16.58039284
17.48823738
12.44901943
14.64705849
16.27843475
18.06078720
17.15294075
15.72745323
16.90980530
21.78823662
28.77451134
21.76862144
20.92744827
17.03725243
21.52156639
12.39804173
15.29608154
17.53137207
19.23333168
17.21568680
15.88823605
16.14117622
21.92941475
29.51372719
22.04509926
20.22353363
17.48823929
23.29019737
12.13333511
16.50392151
17.49411964
19.67058945
18.63529587
16.38627625
16.42549324
20.74902153
29.66275215
25.01372719
20.93333244
18.44510078
22.36862564
12.07451057
16.63529587
17.22353172
19.31372643
22.35881996
17.02352905
16.77843285
20.02549171
28.42353058
26.92941475
21.57451439
22.93136978
21.13333130
12.01764870
16.04117775
16.71176529
19.52941132
23.23137665
18.01372147
16.90588379
19.75882339
27.50000000
27.36078644
21.96862602
27.00392151
19.26470757
12.05490208
15.58235550
18.42941284
20.34509850
21.67255020
18.85489845
16.57255173
18.94510078
27.69411469
27.88236237
22.93137741
27.34117889
18.86274529
11.96862888
15.51568890
21.49607849
21.13725662
18.46078300
18.81176376
17.18039322
17.46862793
28.10195923
28.72941208
24.66667366
25.70392227
18.90000153
12.11961079
16.12352943
21.04706192
21.09215927
18.50196266
18.40980530
18.07254601
17.63725471
27.72353172
29.59019279
26.15686035
24.90392303
17.70196152
11.42745209
16.16470718
18.93921661
21.82352448
20.42941475
18.94313431
18.61568832
18.67451477
27.24117851
29.49999809
26.71960831
24.79999924
16.23725510
11.41372395
15.34117699
17.33137321
22.61176491
22.90588188
20.16666794
19.42549133
18.51765060
27.10784340
29.45881844
28.75294495
25.16275024
15.47450829
11.47254944
14.43921757
16.61568832
21.15294266
24.79020119
20.20196152
18.80195808
19.53725433
26.27058792
29.94706345
29.72352600
24.93529510
14.79411793
11.26470757
13.71568871
16.04706192
20.40000343
26.58235550
19.31176758
19.03725433
20.99607658
25.31961250
30.55294228
29.55098152
23.55686760
14.63137531
11.67254925
13.19411755
15.93333244
19.90784645
27.45686340
19.34901810
19.57254982
21.94313622
25.06666756
30.73922157
27.85686302
22.39412117
15.07843494
11.74901867
12.96078682
15.61176491
21.31176567
27.32157135
20.24313545
21.12352943
21.92549324
24.74901962
29.81176758
25.52157211
21.27059174
14.89608097
11.94509792
14.81176567
15.22745228
22.99607658
25.45489883
22.16470718
22.21568680
21.01372147
24.57255363
27.23530197
24.33137512
19.88432121
14.85882092
11.76470757
16.94901848
15.40588379
22.49608421
24.45097733
24.06078339
21.34117699
20.73529816
24.33137512
24.25490189
24.69019890
19.89216042
15.34705925
11.43725681
17.17843246
15.42156696
20.04313660
23.84902000
25.00196075
20.67843246
20.62352943
23.85097885
21.84510040
24.74902153
19.77451134
16.06667137
11.34509754
15.52745247
14.44313717
17.01372719
24.65882492
25.42941093
21.00784302
19.03333282
22.25098419
20.20196533
25.02745438
19.05686378
16.74901962
11.58235264
15.12549114
16.83333588
15.65098000
23.33137894
25.42353439
21.99216270
18.91372490
21.26666260
19.62548828
25.61176491
18.76471138
16.72352982
12.00980568
15.70000267
20.46078491
15.52745152
20.78823853
24.34313583
22.36078644
20.83333588
21.16078758
20.47451210
24.86275101
19.41372490
16.54510117
12.66667080
16.56078529
20.99803925
15.85686493
20.17058563
23.75293732
23.24705696
22.29019928
20.73921585
21.03137779
23.16274261
19.62549591
15.77647305
13.35686398
16.29216003
20.18823624
16.40784454
19.55882645
23.86274338
23.99216080
22.50196266
20.71569061
20.91764641
20.91372681
19.20980453
15.54706192
13.70000076
16.87843132
19.50196075
16.61960983
19.56863022
24.17058945
24.95098114
21.83333397
20.78823471
20.70392227
19.11569214
17.79803848
15.55882645
14.33333588
20.04510117
17.94313812
16.10000038
21.50588036
24.36666679
24.60588837
21.75882721
21.13529587
20.66666794
17.50392151
15.92157173
14.96666813
14.71176434
21.87647247
15.92548943
15.42745018
22.92941475
22.38627625
22.96274185
21.50784111
21.10000038
20.08823776
17.62745285
15.70784664
14.70980453
15.24706078
23.42745209
13.52745342
15.19411850
22.44706154
19.93137550
20.63529396
21.01765060
21.30392075
19.73333359
18.46078491
16.07843399
15.80980492
15.90980434
24.78431702
12.91764736
17.21372414
20.24706268
17.17843437
19.28823853
20.22744942
20.64509773
19.94509888
20.00000000
16.23137474
16.03529358
15.95882511
25.78235626
13.21568775
21.31961060
18.49216080
15.48235321
19.40980339
20.59215736
19.56274796
20.02745056
20.52941513
15.84902096
16.88431358
16.37254906
25.13921356
14.43725491
23.51372910
18.44313812
14.31568718
19.54902077
21.86274719
20.46470642
20.27647018
19.82745552
16.78431511
20.07451057
17.43725395
24.70391846
16.50000000
22.70196342
17.25294113
14.27843189
20.42548752
23.66470718
20.58627319
20.90784264
21.07647324
18.84509468
23.51568794
17.42941284
23.89215660
18.50980377
19.86470795
15.77843380
14.91372395
21.38039207
24.57646942
20.04705811
22.44313812
22.98627472
21.41176414
24.89216042
15.64509869
23.32549095
21.62941551
17.30588531
16.30784607
16.19019890
22.63921738
23.95882988
19.10196114
23.49803925
24.14706039
23.28431320
25.43726158
13.73725796
22.69215584
23.73137665
16.94510078
18.43333244
16.96470833
22.97254944
23.50195885
18.98823547
22.68235779
24.49412155
23.65882492
25.25098610
13.41960812
22.22941399
24.44313622
17.74509621
21.02352715
17.38235474
22.28627586
23.92352867
19.54705620
21.53725433
24.13332939
24.43725777
25.25686073
13.25490379
22.16470718
24.06078529
18.92941284
21.79411697
17.98627472
22.00000954
24.30980873
20.53529739
21.60588074
23.48235512
25.79804420
24.45686340
13.55294323
22.35490227
23.55294418
20.08431816
20.93529510
17.07647133
21.78823853
24.89804268
21.50196075
22.62745094
22.53529358
26.68823814
23.50000191
14.11568642
21.09607887
23.19019890
20.92942047
20.43333626
17.15490150
20.81960678
25.74117851
22.21764565
23.31960869
22.96666908
25.82156944
22.63725281
14.55294132
20.25097847
23.41176605
22.64314270
20.69412041
18.68627357
19.77059174
25.63333702
21.44706345
22.67255211
24.80196381
24.11764908
22.03725815
15.44313908
19.69804192
23.40588379
23.91960716
21.10196304
20.24509811
19.90784264
24.83725739
21.74902344
21.38431740
25.06078339
22.92353249
21.94117546
16.63921547
20.37646866
23.43529129
24.52941132
21.79215622
21.65489960
21.80588341
25.10784149
23.89020348
19.74313736
23.77058792
21.78038788
21.43333244
17.19215775
21.42548943
23.47451782
23.98235512
23.05882263
23.81176186
24.25294304
28.31764603
25.18038940
19.34705925
21.93334198
20.86862946
21.51372337
17.37255287
21.15490341
23.47254562
22.72745323
24.16863251
24.36666870
24.30588341
30.29607773
27.16470909
19.60588264
21.01960754
20.10392570
21.23529625
16.02941132
20.91176605
23.89804077
22.33724976
24.55882454
23.50195694
22.78235435
28.76078415
28.03921890
19.38235283
20.29411697
19.87842941
21.66078568
14.34509850
22.31764793
24.96078300
22.67255020
24.59216118
24.11569023
21.94314003
26.11372757
26.35490608
19.88628006
20.97843170
20.05490112
22.31372452
13.53333473
24.96078491
26.51960564
21.89019775
23.26274490
26.35490608
22.43333435
23.25098610
24.49216080
21.89803696
22.84901237
20.40588379
21.87451172
13.52352905
26.30588531
26.32549095
20.04313469
22.09608269
28.20980453
21.84314156
20.07843208
22.86862946
25.77059174
22.90587997
21.27843094
20.28431511
13.42549038
25.27058983
25.16471100
16.50392342
20.63725281
28.62941360
21.05294037
18.16470337
19.84902000
27.65490341
22.96470833
21.61372375
19.04705429
13.29803944
23.45686531
22.86862564
14.26274490
18.95882225
26.08431625
19.73333168
16.12745094
16.54706001
26.75490189
22.37059593
21.21568489
18.10196304
12.93725395
22.81764984
20.89019394
13.19019508
16.31764793
22.65489960
19.16078568
13.30392265
14.05294132
24.01764870
21.48627472
20.70196342
17.75294113
12.31176567
22.25294113
18.20196152
12.62156963
13.80000019
19.29412079
18.82744980
12.57647133
13.04313755
21.28431320
21.21568489
20.52548981
17.40392113
11.66274548
21.89999771
15.31372452
12.44705963
13.02941227
16.84902191
18.25098228
13.02745342
12.37647152
19.28823853
20.08038902
21.55686569
17.24706078
10.47647095
22.01765060
14.37647343
12.33725643
12.04117584
15.20000172
17.36862755
13.23333454
12.13333416
17.20980453
19.18431282
21.77647018
17.96470833
10.40588284
21.14901543
14.79411697
11.29215717
11.31568718
13.88823605
17.40587997
13.53137398
11.92941284
15.79019737
21.14117241
21.92156601
20.29019928
10.85098171
18.67646790
15.33921528
10.87647247
11.58431339
13.63921642
17.56666565
13.29215717
11.53921795
15.56862926
23.51568794
22.65882111
21.95882034
12.10588169
16.15686607
15.21568680
10.63725567
11.85294056
13.76078510
17.32157135
12.67255116
11.63725376
15.52352905
24.79215622
24.20784569
23.39608002
13.23725510
15.29803658
15.36470699
10.40784073
11.32353020
14.05490303
17.70980453
12.53529358
11.05882549
15.03333378
24.57647133
24.20783997
24.42548752
13.75098038
15.14117527
15.16666698
10.60980415
10.46470451
14.81372547
18.59608078
12.42941284
10.81176376
14.16470718
23.21568489
23.05293846
25.31176567
13.35294342
14.22549248
14.96862793
10.14509678
11.15490150
14.66470718
18.15294647
12.62549019
10.76863003
13.39215851
20.90392113
22.12744713
26.32157516
12.87843132
13.35686207
14.92549229
10.12745094
11.23529625
14.17254925
18.07843208
11.69019604
10.72157097
13.25098133
19.81372833
21.59019852
27.00785065
12.55686474
13.56470776
15.15882397
10.08431435
10.93137455
12.99607754
18.08235741
11.54117680
10.37843227
12.90980721
19.57058716
21.46078491
27.80196190
12.27843189
13.45293999
15.32941341
10.24509811
10.94901848
12.03725529
17.43921661
11.12156773
9.87254906
12.31764698
18.97843361
22.11764908
27.09215736
12.12352943
13.29215813
15.03921509
10.76666737
10.85294247
11.49215889
16.89411736
10.89608002
9.83725452
12.34706020
18.96078110
22.09803772
25.47647095
12.44706154
13.02745438
15.24901962
12.33725548
11.18431473
11.47254944
15.76862907
10.93725586
9.76078606
12.06862736
19.23921585
20.84509850
24.09803963
12.74117756
12.99019623
16.33333588
13.95882416
12.08431435
11.65294075
13.36666679
11.43333244
9.54901886
12.19999886
19.85294342
20.71764755
22.59020042
12.50588322
13.01372719
17.35882378
15.53137398
13.86666679
11.87647247
11.21568871
11.99019623
9.59607697
12.21961021
20.52940941
21.72745514
21.21961212
12.43725586
12.89804173
17.64901733
17.08235168
15.18235397
13.07647038
10.89608002
11.94509983
10.11960793
11.86470699
19.21372795
21.62549210
19.81764603
12.51764679
13.67255116
17.61764908
18.75490570
17.59019470
13.79607868
10.97843075
11.89803982
10.15686131
11.39215946
17.72745132
20.26862907
18.58431244
12.74117756
15.04706001
17.26666832
19.25882912
19.43137741
15.20980453
10.75098038
12.80196190
10.36666679
11.80980396
17.07058907
20.39608002
18.38235474
13.33529377
17.21568298
17.87255478
19.82549477
22.25489998
15.57647133
10.68039513
13.33333492
9.17059040
11.71176243
16.33529282
20.46666908
18.64706039
13.44706059
18.67647171
18.27058792
20.05294418
25.35882568
16.85490417
10.57843304
12.65490246
8.78235245
11.46274471
14.97059059
20.46862602
18.77451324
14.04314041
20.25490379
19.46274948
19.66470718
27.12745094
19.85294151
10.59019661
11.57450962
8.73921585
11.74313736
15.16078472
20.72941208
19.44314194
13.90980530
19.99804115
19.67255402
19.24117661
25.99411201
22.27254868
10.74313736
11.30000114
8.16862679
11.45294094
15.65490341
21.34510040
20.21372795
13.17646980
18.88039207
18.91764450
18.02157211
22.49412155
23.60980606
10.89215755
11.35098171
7.61372519
11.28039074
15.09608078
21.59412384
20.17843056
12.77451038
17.43137169
18.10196304
16.24117661
19.18823242
23.32941628
11.43333244
11.05294037
7.83333445
11.61176491
14.43725681
20.85294151
20.58431244
12.42941189
17.02352905
16.89215851
15.49412060
16.67843056
22.85882378
12.24705982
10.49019718
7.85686350
11.56274796
14.53725624
19.55294418
19.24902153
12.28627396
17.33529663
16.33725548
14.90000057
15.25294399
24.33725929
13.11960983
10.52548885
7.84117651
11.25686264
14.40392399
19.36078453
18.61960602
12.65294266
16.74706268
15.96470547
15.42156982
14.23333836
23.79216003
15.31961060
11.58431435
8.43137455
11.55294228
15.16666889
20.32157135
18.64117813
12.69215870
15.43725586
15.24117851
16.75882339
13.62941265
21.73921585
18.11764717
12.94117928
8.49411964
12.00392246
15.76862907
20.81961060
19.50784302
12.54901886
14.73725510
15.20588493
18.60588646
14.20000267
19.90980339
20.57450867
13.65686607
8.97451019
12.44117641
15.24510193
20.23725700
19.82941246
12.36666775
14.35882378
15.99804020
21.20588112
17.10980415
20.33333588
22.49803925
14.83333588
9.78039360
12.67647076
14.98823643
19.81176376
20.44901848
11.82549191
14.39215755
16.19804001
22.34902191
20.54510117
20.78039360
23.07451439
15.80980492
9.93333435
12.38431454
15.42548943
19.70392036
22.01765060
11.68823719
14.30196095
15.60980606
21.92353058
21.54117966
21.63921356
22.07254982
15.98431301
9.96470833
12.35294342
15.07254982
19.92156410
23.03137398
11.62745285
13.99803734
14.78823566
20.34313583
20.41960907
22.84705925
21.42745018
16.68235207
10.30588341
13.22745228
14.79803944
19.52940941
23.09019852
11.04313755
13.82941246
14.62156963
19.74510002
18.92745399
24.05686760
21.58039093
18.34705925
10.95490265
13.82157135
15.22745228
19.47842979
22.34706116
10.26862717
13.80980396
15.15490341
19.66863060
18.19999695
22.81568909
22.29607773
19.45686340
12.29215717
13.79803944
15.97646999
19.90392303
21.06863022
9.63529491
14.03922081
15.37451267
19.02549171
18.79999733
20.53725624
21.47058868
21.00980377
13.57058811
15.51372528
15.98235321
19.31176567
20.57647133
9.04313850
13.61176586
15.46274662
18.31568718
19.12744904
18.77255249
20.04705811
22.31176376
13.76078320
17.88823700
15.63725471
19.70588493
20.15098190
9.19607735
13.42941284
15.13137436
17.20980453
20.85882568
17.18431664
18.66863060
21.80784607
14.76274681
19.91568947
15.76274395
20.91176796
19.87450981
9.37255001
13.26666737
15.28431320
15.43529510
22.36666298
16.17255020
16.81568718
21.17647171
15.91764736
21.11569023
15.99607658
21.59803581
19.63137245
9.44509983
12.86078739
15.20784283
14.51764774
21.34117889
15.05098152
15.71568775
19.68431282
18.22549248
21.31764603
15.68039417
21.34117508
18.73333168
9.56862926
13.03137493
14.06274700
14.84117699
19.67647171
14.55097961
14.65490150
16.69804001
21.27843285
20.51568985
15.35686302
20.88430977
16.71764946
9.89215660
13.22353172
12.88235378
14.77843475
18.17647171
14.51372623
14.11568642
14.08039188
23.27254486
20.66078758
15.54510021
20.11177063
15.65098190
10.40980339
13.88235474
12.49607849
14.61176395
16.75686264
14.37647247
14.17647076
14.01176453
22.94313431
20.68039513
15.70196247
19.79999924
15.10196209
10.81764889
15.94510078
12.46078396
15.60000134
16.62157059
13.96078300
14.93725586
15.51568699
22.61568832
21.20196152
15.75686359
18.96078682
15.04509735
11.06274509
18.40196419
12.32549000
17.22353172
17.19019508
12.98627663
15.12745094
17.63921547
21.94314003
20.84117889
15.23921776
18.25489807
14.51764679
11.36078262
20.47451019
12.41176510
17.74313736
17.76666641
12.79215813
14.88823700
18.11176491
20.87254906
20.13137627
14.73333454
17.66274261
14.30980587
11.29803848
21.61176682
13.39019585
15.99411774
18.49020004
13.14705944
14.08823586
16.31372452
20.91568947
20.16274643
14.04117775
17.39608002
14.52156639
10.96274662
21.96077919
15.81372452
14.94510078
18.92549133
13.72941303
12.48627472
14.70196152
21.65098381
19.42745399
13.35686398
16.58823586
14.38431740
10.95490360
21.40784454
17.16666794
15.79803944
19.36666679
13.96470737
11.08823490
14.03529549
21.60196686
18.51176453
13.02941418
16.06666756
14.75882339
11.15882492
20.87647057
18.24313736
17.30392265
20.13921928
14.00784397
10.36274529
13.94705963
21.26862335
17.54117775
13.22156906
16.44313812
14.82549381
11.21176624
19.70391846
19.44901848
18.99412155
20.33921623
14.57254791
13.26666451
15.13529301
20.52352905
16.47059059
13.39019775
16.45490265
14.12745285
11.20196152
18.20196152
19.99607468
19.49020004
19.79607964
15.39411736
17.82353020
16.03725815
20.60000229
15.55882454
13.24901867
16.21568871
12.97058773
10.48627472
17.13921738
20.29215622
19.85686111
18.25686455
16.63333511
21.46274567
16.95882416
21.44902039
15.32745266
13.14509869
15.40784359
11.99411774
9.82745361
16.73921776
20.04118156
20.34705925
15.70000172
18.49412155
23.77058601
16.67451096
21.55490303
15.66862679
12.78431320
14.41764545
10.98431396
9.55882454
16.43529510
19.77255058
21.91176605
13.71176624
19.21764946
24.17451286
16.67058945
22.77254868
15.81960869
13.09019661
13.98627472
11.01764774
8.81764793
16.37450981
19.00196266
22.03137589
15.12549305
20.05882645
23.62156868
18.30000114
24.96274376
15.36666584
13.19215775
13.63921738
11.36274338
8.18039227
16.66862679
18.25882339
20.39215660
16.13137245
19.39215469
21.62353134
19.72352982
25.45293808
14.16470623
13.07647133
13.03725529
11.17254925
8.05490112
16.08627510
18.88039398
18.96078300
17.51764870
18.53529549
19.43529320
19.91176796
23.30393028
13.35097980
12.88823700
12.63333321
10.92352867
8.60784340
15.00000000
20.31373024
18.37843132
18.55294418
19.72549057
17.40588379
19.37254906
20.98235321
12.41372585
13.47451019
12.32353115
10.57843113
10.18627453
15.18627644
21.09607887
18.61960983
18.43725586
21.12941170
14.99019527
18.02156830
19.89608002
12.21372604
13.78823662
12.10980701
10.21176338
12.40784073
15.33529472
21.48039246
18.95882416
18.10196304
20.80784607
13.23529243
16.80588531
19.66274643
11.79411888
13.37058830
11.45882416
9.94117737
14.86470699
14.81372547
20.94509506
18.85294533
18.32745361
19.29215813
12.76863003
16.39019775
18.81960678
10.91176510
12.80784416
11.17255020
9.93725395
15.49803925
14.10980511
20.30588341
18.26862907
18.23333740
19.18823624
12.66666985
16.89019585
17.55098343
10.30588245
13.14706039
11.05882454
10.12941170
14.49019718
13.43529510
19.67254829
17.35294151
18.06862831
19.79412079
12.66666698
17.62940979
17.19607544
10.11960793
14.01764965
11.42352962
10.11764812
13.33725643
12.65294075
17.93137360
16.81176567
18.14902115
18.41764832
12.86274529
17.92548943
17.47451210
10.34901905
15.03333282
11.30196190
9.92745209
12.94902134
11.97451115
16.23921585
16.23529434
17.71568871
17.02549362
13.65098190
17.91176414
16.47255135
10.52156925
15.59019661
11.28431511
9.91764641
11.98627377
11.93921757
14.73333359
15.61176300
17.33529854
16.04706192
15.14509773
17.31960869
15.54509926
10.15686226
16.44117737
11.48823547
10.60000038
10.97843170
12.38235283
14.00392056
15.63137436
16.27843285
15.31960964
16.78627777
16.64117813
14.65098095
9.81960869
16.90980339
10.80195904
11.92352962
9.99411774
12.96274567
13.83529472
15.90392303
14.68039322
15.21960640
16.61568642
16.01372719
14.87647057
9.41176414
17.31372261
10.16274548
12.93921757
9.44902039
13.83333588
13.80980492
16.40784454
14.81764889
15.60392189
15.17059326
15.60588169
15.98431396
8.79215717
17.39999771
10.28627396
13.04117680
9.60392094
13.93921661
13.83921623
17.36666870
16.59999657
16.84705925
15.36470699
15.44509888
16.49215889
8.54901981
16.84509850
9.98627472
13.82745171
9.75686359
13.65294266
13.84902191
18.57059097
18.48627663
19.57059479
19.12157249
15.70392323
15.89607716
8.34117699
18.51372910
9.18039417
15.31960964
10.12941360
13.82745075
14.62548828
18.97842789
20.22941589
20.28431702
23.45098114
15.48431396
15.32353115
8.46078396
20.49411774
8.90588474
16.97058868
10.47058773
13.71960831
15.36666679
18.84901619
21.76274872
20.55686569
23.61176682
14.99215698
14.47451305
8.38823509
22.61569023
9.19215775
19.74901962
10.64117813
13.35882378
15.80784607
17.09411812
21.94313812
20.89607811
21.51372719
14.75098228
13.98431587
8.61960697
22.62157249
9.70980358
22.43725395
11.64509869
13.34313679
16.86862755
15.13725758
21.75098419
19.68627739
18.10392189
14.41568947
13.34902000
8.51568794
22.40588760
10.50784397
22.78823471
13.42941189
13.02353096
17.62744904
13.98627567
20.65490341
19.21568871
16.67255020
15.13921547
13.23333263
8.94117737
21.39411926
12.22941208
23.48235512
14.77059174
12.71568775
17.73137665
13.98823643
18.91176414
18.49019814
16.37451172
17.50980759
13.22549152
9.75882435
20.15294075
17.23137283
23.26274681
15.16862869
12.06862926
17.78235245
14.34313774
17.64902115
16.12941170
16.41764832
18.77843094
14.62745190
10.90784359
19.38627625
22.29411888
21.58823395
15.22353077
12.22353077
17.48823547
15.16862869
17.10392570
15.26274681
17.50588608
20.04509926
16.19411850
12.69019604
19.71569061
22.75882721
20.11176491
13.82941151
13.14509869
16.43725777
15.35882378
15.87451172
15.57058907
19.83529663
21.58039284
16.87647057
15.23529434
21.06666756
22.61764526
19.93137741
11.93333530
14.35882473
14.97646999
15.86274719
14.16470718
16.56078339
20.75882149
22.27058792
17.53725433
18.68823624
20.85490799
23.17646790
19.80588150
9.89411926
15.79411888
14.49411869
16.42548943
12.74705696
16.58823776
20.74706078
21.79411316
19.40980530
21.26667023
19.17059135
22.10980415
18.24313545
7.93725538
16.77255249
15.04117584
17.11568832
13.13921833
15.05098152
20.99803925
21.72941589
20.34706116
22.97451401
16.00392151
20.07451439
17.52156639
6.24509907
17.71372795
16.65294075
18.54313660
14.17255116
14.10980701
20.51764679
22.99411774
20.70196152
22.61568451
13.26862907
16.94901848
17.94117737
5.69999981
17.67058563
18.11765099
19.12548637
15.77059078
14.11568737
20.67058945
22.82156944
20.82548904
20.69216156
11.98823547
14.24509811
17.99215889
5.78235292
17.09803581
18.22744942
18.87254906
17.23725700
15.24509811
21.10784531
20.60980606
20.17254829
17.74510193
11.31176472
12.99019814
18.27843285
5.87058830
16.41764832
18.14509773
17.96274757
18.80784607
18.18627548
22.12940979
18.56667137
18.91176796
17.15293884
10.37059021
12.96274662
18.26470757
5.73333263
15.61764812
17.91568565
17.52548981
19.72352982
20.71568489
22.04509354
16.86862755
18.03725433
16.97255325
9.80588245
12.74901962
16.47843361
5.81568670
15.20784473
17.48823547
16.66274261
22.00000000
22.00587845
21.53725624
15.28039265
17.85882378
16.65490341
9.65686226
12.49999905
14.11176682
5.77843189
13.62941074
17.44314003
15.39019680
23.31568527
21.56274605
21.49804306
13.66078568
18.14706039
16.86470795
9.58431435
12.01764774
12.07843208
5.64902020
11.93725491
16.69411850
15.18627548
22.88627625
20.84509850
20.77450752
12.76274586
18.60980606
18.48235512
9.01960945
11.78039360
11.28823662
6.23137283
9.80392265
15.67254734
15.01764870
20.59411812
20.83333397
20.32548904
12.02745056
18.61176491
20.72549248
8.79019547
11.50784492
11.03529549
6.89411879
8.72548962
15.11372566
14.69019890
18.33137512
21.68431091
19.69804382
11.16078568
18.85882187
22.32745171
8.49215794
10.83529282
9.83921623
7.21372652
7.85294151
13.48235416
15.39411831
17.99803925
23.25882530
18.38039398
11.29411697
18.90000534
21.07058525
8.37843132
10.25490284
8.88235474
7.16862679
7.64509773
11.81372452
15.06666756
19.58627510
23.66863060
16.61176682
12.15294170
18.91372681
19.56863022
8.93725395
9.92156887
9.01568985
7.22941303
7.70392179
10.76470566
14.83725929
21.84902000
22.47058868
14.23725605
12.56470680
19.27647400
18.51764870
10.18823528
9.79411888
9.38039303
7.26078463
7.77843189
10.37450886
14.62941265
22.84509468
21.36862946
13.78039169
13.12548923
19.10980606
18.38627625
11.58039474
9.41372585
9.58431435
7.27058935
7.61960936
10.52745247
13.85294342
23.94314003
23.31961250
12.73137379
14.52157021
18.48823738
17.54117775
14.03333473
9.75882339
9.73725414
7.42353058
7.37843084
10.58431435
13.03921700
22.52745247
24.38431358
11.20392227
15.86862850
18.41568565
14.86666775
17.13725281
9.81176376
9.51960850
6.80784369
7.22745037
10.33725452
13.43137455
19.94902420
21.22353172
10.55882549
16.43137360
18.85098267
11.98823452
18.56666946
9.82941341
9.13921547
6.49019623
7.17647076
9.17451000
14.53725719
18.29608154
15.90980530
9.96078682
16.44902039
18.41568947
10.42941380
17.80392075
11.41372395
9.36470699
6.48823500
6.87843180
8.64705944
14.22549152
17.71764755
13.14705849
9.20196247
16.16274643
16.88235283
10.27058792
16.13725853
12.70784283
10.25686264
6.52353001
7.07254934
8.96274662
13.23137474
16.25686646
12.95098209
8.84313869
15.49215698
14.20196056
10.40980530
14.25294304
13.11372757
11.99411964
6.67843103
7.60784388
8.98235226
11.78627491
13.80196190
12.35098076
8.89411926
14.94117641
12.31960773
9.99607849
11.54509735
13.63333225
13.93529415
6.89607763
7.54117632
9.10784340
11.18039131
11.63529491
10.90784454
9.02156830
14.88235378
12.01764679
10.14117622
9.70196247
13.84117508
15.70392227
6.93137360
7.39215708
9.38039207
11.09411907
11.05882454
9.69019604
9.25098133
14.90980721
12.05686378
9.90588188
8.08431435
13.74902058
17.05490303
7.04313803
7.76862812
8.90392208
10.93725491
11.36078644
10.09019661
9.53137302
14.84313774
12.08039284
10.55686378
7.97647142
14.21764755
20.70392227
7.52941179
9.00784397
9.08235359
11.13137245
11.32157040
9.58039284
9.23529434
14.40000057
11.82549191
11.19215679
8.19803905
14.74509811
24.16666985
8.31176472
10.51960754
9.52353001
11.40000057
10.96470737
8.91372585
8.65294266
13.62549210
11.63137436
11.36470509
8.27255058
14.99215889
23.05490685
9.10980320
10.60784340
9.85490322
11.41960907
10.42549133
8.52941322
8.55686378
12.86078739
13.02157211
12.42352867
8.48235321
14.84706116
19.37058640
9.89215565
9.83725643
9.96862793
11.91372585
9.98823547
8.78039169
8.44705963
12.78039360
15.00784302
13.99215698
8.43725681
12.24313927
14.70588303
10.18431473
9.58039188
10.37058830
11.24117756
11.03725624
9.15882301
8.10588360
13.16666698
16.52353096
14.12941360
9.11568832
9.02157021
10.95686436
9.82353020
9.44509888
10.36862850
10.98431587
11.19411755
9.37843132
7.89607859
13.59215832
17.42352867
14.01960754
10.07058907
7.45882368
9.29215717
9.60588360
9.28431320
9.83137321
11.48235416
10.35294151
10.53333569
7.65098190
14.04509926
16.66862679
13.14510155
11.49019527
7.48235369
8.73529530
9.53725338
9.22549057
9.80980492
11.40784454
8.40588284
10.94706249
7.44509888
14.46862984
15.10000229
11.64509869
12.30588341
8.68431473
9.11372757
9.71764469
8.90588093
9.21372509
10.50000191
7.14509821
10.79411888
7.73137331
15.49607944
12.82157135
11.77058697
13.03921700
9.78039074
9.34117699
9.94901943
8.78627586
8.96078491
10.16274643
7.39607954
9.25097942
7.68431377
16.35490227
12.36863136
12.40392399
11.35098171
10.72549057
9.38431168
10.17647076
9.23529530
8.81176567
10.37647152
8.55686283
7.04901981
7.54705906
15.29607868
11.59215736
12.07647133
10.99607849
11.39608002
9.36666679
10.33529472
9.11176682
8.99411964
10.42353058
9.21764851
6.63137197
7.83529425
14.05098152
10.52941322
11.60588360
13.33529472
12.39607906
9.20196056
10.24705982
7.91764688
8.71764851
10.30000114
9.08431625
6.89411879
8.41764832
13.46666813
11.22549248
11.04706001
14.40588379
11.44705868
8.80392265
10.34902000
7.10980558
8.30588245
10.43529510
8.39411831
6.96274567
8.29215717
13.40392303
13.09607792
10.43725395
12.28431511
9.58039379
8.17647076
10.63333416
7.14313841
8.56666756
10.63333321
7.30588388
7.45882559
8.87843132
13.33529758
13.43725491
9.51176548
10.85490322
8.70784283
7.72745228
10.40784359
7.15294170
8.90196037
10.85294056
6.87647104
7.51568747
10.89019680
12.11960793
12.76862812
9.29411888
9.92156982
8.55294228
7.67254972
9.88627434
6.58431387
9.33529472
9.94117832
6.96862793
7.45882463
11.06078434
11.87843323
12.03921509
9.85686398
9.16666794
8.69215775
7.71764755
9.19804001
7.04117727
9.43921661
9.15490341
7.11960793
7.19607973
10.84117699
12.54117680
10.53921700
9.78627396
8.81568813
8.41764736
7.44902039
8.56274605
7.73529339
9.33333397
9.38235378
8.10588264
7.08627510
12.16274452
13.07058811
9.42352962
10.14117718
9.19607925
7.81372690
7.57255030
8.55686378
8.07058811
8.97255039
9.36274719
8.28627396
6.50588322
13.20980263
13.32941437
8.71764755
10.50784302
9.17450905
7.31960869
7.53333426
8.96862698
8.69019699
8.41764736
9.25686359
7.36078453
6.25882387
13.11176586
12.14902210
9.04509926
11.75686455
9.18039417
7.07450914
7.89803839
8.97254944
9.32941341
7.79607916
9.48431396
6.93333292
6.49607897
12.01176548
12.14902115
10.01372528
12.44117928
9.24117756
6.83137369
8.59411716
9.09411716
9.86862850
7.74705887
9.26666641
6.93921518
6.44313765
11.15490341
12.00392246
10.03529549
11.96667099
8.80392265
6.88627529
8.79215717
9.92549133
10.93137360
8.26078510
9.26862907
6.88627481
6.59804010
12.25294209
11.40196037
9.69999981
10.99216080
8.90392208
7.26666737
8.99607849
10.37843132
12.09019566
8.95098019
9.79608059
7.05098009
7.44117689
14.32941246
10.66666698
9.44705963
9.68235397
8.97842979
8.10980511
10.05098152
10.96274567
12.66078568
9.60196114
9.37843323
7.04117680
7.72156906
15.40392208
9.53333282
9.52941322
9.27647018
9.24313736
8.52745056
11.91568661
11.08627605
12.60588264
10.90392208
8.32352924
6.89803934
7.18627405
15.22941303
8.92156887
9.35882378
9.49803925
10.52548981
9.30980587
13.94902134
10.88039207
12.54313564
12.15686226
8.44902039
7.10196161
6.89411831
13.90392303
8.49804020
9.60784340
9.34901905
11.09803772
10.19019604
16.19215584
10.33137321
11.87255001
12.46078682
8.89607906
7.09804106
7.31568670
12.76862907
9.15098095
9.88823700
9.23137379
10.77451038
10.83529377
17.69215775
10.29411888
11.21764755
11.93921661
9.00980663
6.56078482
7.66470575
11.84117603
9.57255077
9.52156925
9.07843208
10.55098152
11.13529491
17.55490303
10.80000019
11.43333340
11.43921757
9.63137150
6.22745037
7.92745113
11.31568813
9.72353077
9.77255058
9.41764832
10.50000000
11.27058983
16.66666794
10.60784245
11.27843189
11.31372738
11.55686378
6.10588264
8.19019604
11.42548847
9.98431396
9.39215851
9.70392323
10.85686302
11.32352734
15.64117718
10.71372509
10.82745171
11.36274624
13.30588245
5.95686340
9.10980511
11.91960812
9.45686054
9.28039169
9.26666737
11.06862831
11.63137245
14.92549229
11.14117622
10.26666737
10.98039341
13.12156868
6.83725595
10.12353039
12.04314041
9.37255001
9.81764698
8.83921528
10.98431301
12.74313736
14.61568642
11.12548923
9.69804001
10.47646999
12.09019852
7.91568613
11.62745190
13.03529549
10.11372757
10.51960945
8.06470585
10.54509926
13.80392075
14.34902096
10.99411774
9.40784264
10.05098152
11.43529701
9.29411697
12.07058716
14.32745171
10.81764698
10.57058907
7.74509859
10.02548885
14.63921833
13.34901905
10.61568737
9.53137112
10.19019699
11.15686321
9.57450771
12.25294018
14.92548943
10.55490112
10.34117508
7.86862707
10.61568642
13.92549229
12.14902210
11.28431225
10.31764698
9.56078434
10.90784359
10.32353115
12.50588131
14.45490074
10.00784397
10.11764908
8.20392227
11.74313641
12.46666718
11.56862926
10.90784454
11.31960773
9.21960735
10.90784454
11.57059097
12.92549038
13.48627663
9.41568661
8.56274605
7.82156992
12.13921642
10.75294113
10.75686455
10.57058907
11.90196228
9.30196381
10.56666756
12.08823681
12.62941265
13.10784435
8.68235207
7.93725443
7.89803934
12.13921547
9.64117718
9.88627625
9.97843075
12.42157078
9.25490189
10.06862736
12.61960793
12.86078548
13.38431358
7.86666727
7.70392132
8.06078434
11.95294189
9.31764698
8.80196190
9.57254982
13.29804039
8.90980339
9.74313831
12.78039169
13.39999962
12.56078339
7.53529453
7.82941198
7.99803972
12.33921814
9.01568699
7.54509926
9.83333206
14.14706135
9.19999981
9.32549191
13.22157097
14.60980320
11.23529434
8.05490208
7.47254944
7.76666737
13.11765003
8.65882492
6.87450981
10.07058811
14.20784283
9.98235226
9.06274605
14.11176586
14.89804173
10.08235359
8.54117680
7.48627520
8.08627510
13.88627720
8.44313717
6.78627491
9.57842922
13.05098057
11.04901981
9.06274605
14.11568928
13.90195942
9.04313755
8.00000095
7.21568584
8.84313774
13.53137207
9.45294189
7.03529453
8.77450943
11.54509926
11.69804001
8.66666603
13.57058907
11.16666698
7.95686293
7.49803972
7.25882339
9.70392227
12.57058811
10.70784378
7.17254877
8.26470661
10.53921890
11.16470718
9.25490284
13.54901981
10.11960602
7.66274548
7.72745132
7.40196133
10.68235493
12.39411736
11.86862564
8.46862698
8.35882378
9.79019642
10.39019775
9.87254810
13.28039360
9.96470547
8.22941113
7.97647095
7.66470575
11.23921394
12.57450867
12.22745228
11.34705830
8.76078606
9.15490246
9.49215889
10.84117889
12.01568890
10.30196476
9.12549114
7.80588245
7.58235407
11.02941322
12.89019680
12.00196171
14.58823681
8.78627396
8.93725491
9.47058868
11.52353001
10.90980339
10.29607964
9.03921700
7.70392179
7.52156925
10.67451000
13.54902172
11.82157135
16.62549019
8.93529606
9.13333511
9.91372585
10.96666718
10.42353153
10.85098171
8.64509869
7.33725595
7.59215784
10.63921642
13.63921547
12.08235359
14.52745247
8.74705887
9.16274452
9.80392265
10.18039513
10.49412060
11.37647247
8.75098228
7.64901972
7.68235302
10.72352982
13.01372623
11.65294266
11.52353001
8.39019680
8.82941151
9.09019661
10.16078663
10.66470623
11.36274719
9.64509773
7.80392265
7.79411840
9.46862698
12.54313755
11.32549095
9.73529530
7.91764784
8.92941189
8.52548885
10.89804268
10.22549152
11.33725452
10.83529472
8.19804001
8.14509773
8.22352982
12.46470642
11.76470661
9.51176548
7.26470566
8.85098171
8.31764698
10.91568756
9.50196075
11.42353058
11.56274605
9.07843113
8.46274567
7.48627472
12.29411888
11.73333454
10.73529625
7.00000000
8.12941265
8.45490265
10.86078358
9.75882530
11.32549191
11.48039436
8.89411640
8.50784302
7.53137302
12.01764965
11.45686150
11.77647209
6.43529510
7.73725557
8.46862698
9.63529301
10.31568718
11.16862869
11.10784435
8.71176434
7.86862755
7.74313784
11.80196095
11.73333359
13.43529510
6.17255020
7.92352962
8.80784321
8.23921680
10.14509869
10.78431511
10.14509964
8.58235359
7.72941256
7.35882425
11.71764755
13.08627605
16.08431435
6.43725538
8.29804039
8.61176586
7.25882483
9.87647057
10.42941189
9.47254753
8.24117661
8.00784397
7.21568680
12.09215927
14.60980701
17.65686607
6.76274538
8.13921642
8.02352905
7.63333273
10.20196056
9.99607849
8.66274548
8.54313755
8.22157001
7.37451029
11.69608021
14.82157040
17.53529549
6.52745056
7.77058792
7.80784321
8.72352982
10.80980396
11.80588341
8.75098133
9.04705811
8.32156944
7.51764774
9.87646961
13.33529758
16.99803925
6.38039160
7.50000095
7.67254925
9.67451000
12.00000000
13.66666985
8.49803925
9.48235226
8.53333378
7.60588264
8.83529377
12.09411716
16.82353020
6.68627357
7.36666727
7.40784359
9.82353020
13.68823719
16.34510040
8.76078510
9.28627586
8.80196095
7.73333454
9.01176453
12.89803982
17.14509773
6.94117737
7.58431435
7.18627501
9.34705925
14.33529568
19.20784378
10.20392132
9.37451172
9.23921585
7.82549143
8.70392323
13.04117680
17.32940865
7.32941246
7.76274490
6.93529320
9.08235359
14.11960793
20.77254677
12.65686321
8.92549229
9.72941208
8.17451000
8.38823509
13.47647190
17.51176643
7.67451000
7.75098038
6.72549057
8.85490227
12.33333492
18.67058754
13.96862984
8.50980377
9.92941189
8.54902077
8.20784473
14.05097961
17.19607925
7.82745123
7.36862803
6.77451038
8.70000076
10.91568756
14.86274433
13.72353172
8.65294170
9.82941246
8.81176472
8.20588303
14.66274738
16.47843361
8.20784378
7.44117689
6.81176472
8.73921680
9.28235340
12.79019833
12.25294399
8.56470680
8.73725510
8.87254810
8.59411812
14.05686378
15.37255001
8.15882492
7.08823538
6.90000105
8.89411831
9.95294189
11.30392361
11.60588360
8.44902039
8.50980473
8.65098286
8.17843246
11.90588284
14.74705887
7.81960821
6.93921661
6.91176510
8.59019566
10.21960735
10.11764622
11.64509773
8.44313622
8.95686245
8.68039227
7.45882416
10.84706116
14.61568832
7.72353077
7.12352943
6.66666794
7.75686407
10.51960945
9.46470547
11.02941132
8.08431435
8.79215813
8.82941341
7.45686340
10.22941113
14.71372700
7.27058887
7.57450962
6.63725615
6.94902039
10.41372490
9.17843056
9.75882244
8.01176548
9.00784492
8.46470737
7.29999971
9.60196209
15.06078339
6.77843142
7.97843170
6.68823528
6.86274481
11.06666756
9.17451191
9.54117680
8.02157021
9.12941265
7.93725491
6.96666718
9.35098076
15.47255135
6.60392189
8.28039265
6.81960869
7.17254972
11.47451019
9.47647095
11.19608021
8.04901981
8.95294189
7.69215822
6.70196104
9.44313908
14.76078510
6.80980396
8.46862793
6.95098019
7.30784321
11.57843208
9.91568661
13.11372662
8.20784473
8.87646961
7.25098038
6.44705963
9.41764736
13.21372700
6.74313736
8.25490189
6.46666718
7.55882406
10.87451172
10.45490170
13.89804077
8.38823509
8.87647152
7.10980511
6.26274490
9.33333397
11.90392208
6.47254944
7.91372538
5.99019718
8.06274605
9.59607887
9.79608059
14.06862640
8.61764908
9.16862869
7.05490255
6.13333321
9.99215889
11.50000000
6.36470604
7.10392189
5.92156982
8.22745132
9.33137512
9.20784187
12.95882511
8.80784416
9.29019833
7.26078606
6.41568708
10.09804153
11.10784340
6.24705935
6.37254858
5.87647200
7.92548990
9.37647057
8.70784378
10.43529415
8.66470718
8.98235416
6.92353058
7.08235312
9.93725681
10.51568604
6.31372643
6.58235359
5.91176510
7.69607878
9.83137321
8.25490189
8.86666679
8.28627396
8.97647190
7.04313660
7.63725567
9.59803963
10.29215717
6.52745104
6.53333378
5.85098076
7.91176558
9.57254982
7.89803982
8.81960773
8.23725605
9.14509773
7.14509821
7.62745142
9.68039322
10.51568508
6.76470757
6.22156811
5.60000038
8.30980396
9.45686245
7.73529434
8.41960812
8.37058926
9.44313812
6.95686388
7.72353029
9.21764946
10.43725586
6.93921709
6.36078548
5.59803915
8.32745075
9.72352886
7.56470776
7.43921661
8.24509716
9.77843189
6.48627472
7.62352991
8.75294399
10.35686302
6.88235378
7.17647076
5.82745218
8.51176548
9.54706192
8.13333321
6.90980387
8.21960831
9.78627777
6.19019604
7.36274529
8.59215641
10.18823624
6.72549105
7.75686264
6.23725605
8.87058830
9.57450962
7.90392256
6.78627443
8.15490341
9.44117641
6.30392218
7.64705944
8.24902058
9.45294189
6.64313745
7.48431444
6.92941236
9.41372490
9.79803944
7.34705925
6.81764793
7.95490265
9.00784397
6.32549143
7.98235416
7.96470594
8.93529510
6.60784340
6.93725634
7.20392227
9.71960735
8.88823605
6.70588303
7.43529463
8.01176548
8.89411831
6.26078558
7.63333416
8.09411812
9.19215775
6.62352991
6.71960878
6.80784416
9.02353191
7.92941189
6.35098171
8.08431435
7.99411774
8.99019718
6.33333254
7.31960773
8.03725529
9.38823605
6.29607916
6.64509916
6.53333378
8.58039188
8.01568699
6.45686340
8.46470642
9.00392151
9.36666775
6.60196018
7.34901905
8.53137398
9.14313698
6.17058849
6.91764784
6.32941198
8.08627510
8.69411850
6.48235369
8.69411945
9.54901981
9.49411774
7.07843113
7.59019613
8.75294018
8.81176472
5.91176462
6.82549047
5.99215698
7.66274595
9.01568699
7.14313745
8.95294285
9.63921738
9.57255077
7.14902020
8.35097980
8.45686436
8.72156906
5.38431406
6.01764822
6.14117718
7.88823605
9.06274605
7.53137302
8.89607906
8.89215565
9.19019508
7.24313736
9.23529434
8.15294170
8.72941303
5.74902058
5.66666651
6.32156849
8.10784340
8.60392189
7.86470699
9.08235264
8.72156811
8.57254887
7.32549095
9.46666622
8.26470566
8.89607811
6.45882511
5.93333340
6.85490370
8.07451153
7.77843237
8.20784378
9.60588360
8.72156906
7.90784454
7.06862736
9.56078434
8.72156906
9.03529358
6.26274633
6.03529453
6.62549067
7.83921671
7.50980377
8.13529491
10.13725376
8.13725471
7.78235245
6.65490150
9.62157059
8.99411774
8.85490227
6.11568594
6.10980463
6.23137283
7.25490284
7.60196161
8.30392170
10.71960926
8.13137341
8.47451115
6.18235350
9.15098095
8.69607639
8.80392170
5.58039331
5.92745161
6.19215775
6.24117613
7.59215736
8.06862831
10.08823681
8.31568718
9.29019737
5.64705944
8.92352962
8.95686340
9.16862774
5.49019670
5.92352962
6.29803991
5.80784321
7.19803905
7.85098124
9.69411755
8.83333302
9.38627434
5.63333273
9.05686378
8.91764545
9.25294113
5.06274509
6.17058754
6.12941217
6.01176405
6.98431444
7.76470661
10.66666698
9.07451057
9.38627338
6.67255020
8.83921528
8.99804115
8.93725491
4.57450962
6.02549076
5.98431349
6.32941103
7.22745037
8.20588398
12.01764679
9.40392208
9.22156906
6.92157078
8.80588245
9.20196056
9.15098095
4.39215708
5.47843075
5.93137312
6.40392160
7.47450972
9.29215813
12.13137436
8.98627472
9.38431168
6.46666670
9.25490379
9.25882530
9.67646980
4.48823500
5.57254839
6.08039284
6.44705868
7.53137255
10.44509792
11.86862946
8.52352905
9.38431263
6.91568565
9.20196247
9.11176491
9.73921394
4.66470528
6.04117584
6.35294151
6.61568642
7.60784292
11.00588226
10.65882492
8.01372623
8.97254753
6.86274529
8.60196114
9.02156925
9.49019623
4.85882425
6.06666660
6.24509811
7.01960802
7.79607821
11.07450962
9.91176510
7.68823528
8.91568661
7.39215612
8.21176529
9.11568642
9.19019794
5.25686264
5.94705963
6.23921680
7.15490150
7.85294199
11.02548885
9.54313755
7.77058983
9.11568642
8.21372604
8.04117680
9.12353039
9.55882549
5.78235340
5.81764793
6.13137293
6.84313822
7.80784464
10.93137455
10.07058811
7.23921633
8.91176510
8.10980511
7.45882559
8.98431492
10.21764755
5.88039255
5.87843084
6.27255011
6.25490236
7.93921661
10.74509907
11.42352867
7.17451048
8.23137283
7.40980434
7.02745152
9.01176357
10.49411869
5.96470642
5.76862764
6.86666775
6.00784349
8.08039188
10.59019756
12.43333626
7.45097971
8.11960793
7.11176538
6.46274567
8.84117699
10.12156868
5.91764784
5.75882339
7.00196171
6.07843208
7.74313736
10.06274509
12.58627415
7.50392294
7.70392227
7.22156858
6.83137321
8.48235321
9.67254925
5.58039188
5.94313860
6.77450848
5.94705915
7.59411812
9.48823547
12.04901981
7.47843218
7.32941151
7.71568680
7.18823624
8.71372604
9.45490360
5.73137379
6.14901972
6.96274471
6.00980473
7.69999981
9.23137283
11.06470776
6.95686340
7.04509783
8.61764717
7.30784321
9.26666832
9.28627586
6.19411802
6.49019623
7.17058802
6.52156925
7.27843189
8.87058735
10.42157078
6.07843208
7.02941179
8.89019775
7.16666794
9.51764584
9.16274548
6.19804001
6.37647200
7.43137312
7.17647076
6.08235264
9.11176491
10.85294247
5.79215765
6.84509850
8.89607906
7.40196180
9.46470547
9.36862850
6.30588245
6.09607887
7.60784388
7.20196152
5.77451086
9.07058907
10.93333435
5.78823566
7.36078453
8.57843304
7.11176491
8.86078548
9.62156868
6.67058849
6.01176548
7.81372547
7.29215670
6.19803905
8.50588322
10.38235378
6.08823538
7.61372566
7.94117737
7.09019613
8.72549152
10.05686283
7.19215584
6.45490360
7.98627424
7.58627510
6.65097952
7.81372547
9.30588436
6.53529358
7.13529444
7.44705915
7.76274586
8.88431358
10.30784321
7.05294037
6.96078491
7.90588331
8.44705963
6.88235331
7.72156906
8.00392246
7.06666756
6.79019880
7.62941170
7.84509897
9.10392189
10.25686359
6.64117670
6.99607801
7.33921623
8.93921566
7.58627558
7.93725491
7.16470623
7.26078463
6.69607878
7.66078472
7.71764851
9.23333359
10.26274490
6.74313736
6.82549095
6.93921661
9.31960773
8.84705830
7.97843170
7.14117622
7.13529539
6.53529549
7.38039255
7.15294266
9.15098000
10.51176548
6.81568623
6.78823471
6.96470785
9.06470585
10.03725433
7.93921661
7.22745085
7.33529472
6.67255020
7.60588169
6.90784407
9.26274586
10.76274395
6.39215565
6.98039246
7.10392189
7.98823547
10.54313946
8.02549076
7.18039131
7.65098047
6.87451077
7.52745104
6.21764708
9.10784245
10.66666698
6.28823519
7.17255020
7.29411888
7.22941303
10.40980434
7.92156887
7.56470633
7.67451096
6.43725586
6.95294142
5.77451038
8.26862812
10.79411697
6.49411821
7.41960859
7.49019670
6.72548962
9.43137169
7.97647047
7.56078529
7.35294151
6.04705906
6.49411821
5.90980387
7.92156887
11.08823490
6.63725519
7.54706001
7.45882463
6.71568775
8.52745247
7.71764851
7.60000086
7.26470613
6.22352934
6.69999933
6.13725471
7.97254944
11.15882492
6.86862850
7.50195980
7.28235292
6.67451096
7.82353115
7.29803896
7.81764936
7.50000048
6.23725510
6.82941151
6.19019604
8.03529358
11.04117584
7.24313784
7.31764793
7.36666679
6.59019709
7.58627462
6.90196180
7.46862793
7.70980453
5.87255001
6.88823509
6.20392179
8.10392189
10.98627567
7.47843170
7.14117718
7.70196104
6.59607983
7.71764803
6.57843208
6.97843170
7.55686188
5.71176434
7.09804010
6.31960773
8.27058983
10.65098095
7.70196056
7.02745199
7.91960859
6.56274557
7.32745218
6.67451143
7.04117680
6.96862793
5.63921642
7.00980425
6.65882444
8.68823719
10.05490208
7.93333435
7.34117603
8.64117527
7.18039227
6.77450943
7.09215879
6.95098066
6.53725529
5.76666689
6.84705925
6.73725557
8.76862907
9.75490189
8.21960735
7.09607887
9.48235512
7.53921556
6.37450981
7.22745132
6.74313784
6.76274490
5.62156963
6.77058792
7.05294132
8.64117718
9.87647057
8.02156925
7.26470661
9.37450981
7.88431454
6.80588245
7.02352953
6.68431425
6.63529444
5.74902010
6.78039312
7.11568689
8.42156887
9.50000000
8.23921585
7.73333406
8.78235245
7.99215794
7.12156916
6.85098171
6.03137255
6.17647076
6.09411860
6.99215698
7.14117670
8.10784435
9.64510059
9.01568604
7.83137321
8.51960754
7.80784416
7.37058878
6.56470633
5.66078472
6.14313793
5.93725586
7.19607878
7.07647085
8.44117737
9.94509888
9.37058735
7.55490255
8.42156887
7.39215803
7.75097990
6.23529434
5.88235331
6.08627462
6.00392199
7.12352943
7.05294132
8.55490208
9.91568756
9.33333397
7.64509916
8.40392303
7.03921556
7.61568546
6.23725414
5.87058926
6.00000000
5.79215670
7.01764774
7.22941113
7.92156935
9.86666679
9.08235359
8.10588264
8.29803944
6.92549038
7.48235321
6.23725510
6.00784302
6.47450972
6.02549124
7.01176453
7.20980501
7.84705782
9.49804020
9.09607887
8.24902153
8.58039284
7.11568642
7.52156973
6.21960974
6.49215698
6.59803915
6.63921595
7.12157011
6.80000019
7.66470528
8.74313736
9.53725433
8.63529396
8.58235264
7.06862736
7.32156754
6.57059002
6.42352915
6.64705992
6.49215698
6.74117804
6.16274595
7.58823490
8.00000000
9.60980225
9.17254734
8.47254753
7.31176472
6.82745218
6.86862803
6.50392151
6.91176558
6.53137302
6.67254877
5.87450886
8.14902020
7.79215717
9.20392036
9.16274548
8.19804001
7.44313812
6.53921509
6.68235397
6.62941313
6.54313803
6.23137331
6.48627472
5.94901848
8.38039303
8.09803963
8.77647114
8.75098228
7.90784359
7.29803944
6.46862745
6.37647104
6.35098076
6.24901962
5.98823547
6.43137217
5.81764793
8.23529625
8.36274529
8.44509792
8.16078568
7.77647066
7.45882416
6.17843246
6.56862736
6.38039303
6.04705906
6.23529387
6.72941303
5.87647104
7.76666689
8.35490227
8.17058849
7.58039236
7.68039083
7.68627453
6.05490160
6.75490379
6.09019661
5.40000010
6.45294189
6.74313879
6.31960821
7.06078434
8.41372585
7.95294142
7.55294228
7.61960745
7.55098057
6.45882511
6.58823681
6.17058849
5.15686226
6.58823538
6.55490208
6.71176481
7.08235312
8.99803925
8.04901981
7.95097923
7.34901953
7.89607906
6.77254963
6.22745180
5.81372499
5.16470528
6.31568718
6.91568661
6.64705944
7.88431454
9.62745094
8.01568699
8.27254963
7.29215717
8.63529491
7.09019661
6.33921576
5.68039227
5.62745190
6.14901924
6.71372604
6.38627434
8.21568871
9.37843227
7.77254868
8.87058926
7.31176472
9.14705944
7.37647009
6.14509869
5.97058821
5.19215631
5.70784330
6.62745142
6.33921623
7.85098076
9.13725567
7.46862698
8.78627491
7.27450991
9.49215889
7.32156754
5.89999866
5.79999971
5.10588217
5.80784416
6.17843103
6.52941227
7.34509754
8.61764812
7.38627625
8.86274529
7.16078568
9.13725567
7.62744999
5.58235312
5.25686407
5.40392113
6.21372461
6.07451010
6.63921642
7.32941151
7.94509840
7.35882378
8.60980415
7.26470518
8.62156963
8.28235245
5.37058878
5.12745190
5.18431425
6.41372538
6.14509821
6.66274500
7.19803905
7.87647057
7.10196066
8.74313831
7.32156897
8.57647133
8.50000095
5.44901991
4.88235283
4.98235416
6.62941074
6.48235464
6.44902039
6.95490122
7.95294046
6.74313736
9.11960888
7.14901972
8.30588245
8.57058907
5.33529520
4.51568604
4.83529472
6.68039179
6.42156792
6.12549019
7.04901934
7.70000029
6.60196066
9.49607944
7.25098133
7.93137312
8.08039284
5.39803982
4.54313755
5.05686235
6.24902058
6.64509869
6.04509783
6.69804001
7.50784349
6.40392256
9.49803829
8.06666565
7.88823605
8.04902077
5.58235216
4.94313669
4.90588236
5.62745190
6.65882397
5.73921585
6.74902010
7.44117785
6.46862888
9.51960754
8.94705772
7.36666727
7.86078548
5.67843199
4.91960812
4.96666670
5.19607925
6.17059040
5.58627415
6.67058849
7.85882425
6.69803953
9.28235340
9.43137360
6.96862841
7.81764793
5.77255011
4.59411812
4.72941208
5.39999962
5.90196133
5.57843113
6.59215736
7.99019718
6.45686436
8.83333397
9.97254658
7.06862831
7.89607859
5.50392199
4.61764765
4.49215651
5.81764793
5.78823566
5.75294113
7.07058907
7.76470566
6.48823547
8.63529396
10.17647171
7.29215717
7.64705944
5.19607830
4.90980434
4.63921642
5.83137321
5.51960850
5.72352982
7.35490274
7.59215736
6.88235378
8.69019604
9.98039246
7.64705944
7.11176491
5.23333311
5.04705906
4.72156906
5.39411831
5.44706011
5.55294132
7.02745104
7.31176567
6.76862812
8.71176434
10.15882397
8.22549057
6.78039312
5.13725567
5.05882454
4.80980396
4.98627567
5.47058678
5.82353067
6.97451067
7.09411764
6.70980406
8.63725662
9.73137379
7.94117641
6.53137207
5.61568737
4.86274529
4.65098047
5.06666660
5.63529444
5.68627501
7.19999981
6.59607887
6.55294132
8.40000153
9.23529530
6.93137360
6.50588322
5.79803896
4.87058926
4.74313736
5.21568727
5.52548981
5.51960802
6.86274529
6.23137283
6.01568604
8.00784397
8.98823547
6.35294151
6.06470680
6.07058859
4.66666698
4.67647076
5.21568680
5.47254896
5.73921728
6.62941265
6.25294113
5.86470604
7.97646999
8.83529472
6.49803972
5.92352915
5.98627520
4.48431396
4.53137255
5.14509773
5.22941160
5.69999933
6.83137274
6.43137217
5.75686216
7.84313774
8.50392246
6.65686321
6.54901981
5.55686235
4.61176491
4.56078482
5.15882349
5.41372681
5.76078415
7.07059050
6.77647066
6.06274557
7.38039207
8.35294056
6.74509907
7.20980453
5.42745161
4.68431377
4.59411716
5.08431292
5.28627348
5.79411745
6.84902000
7.25294209
6.00784302
7.00000048
8.16078568
6.81764698
7.87647200
5.48235369
4.64705896
4.45098114
4.81568623
5.42745066
5.45490217
6.44901991
7.49804020
6.06078482
6.66666603
7.68235207
6.79411793
8.64313889
5.32549095
4.68823576
4.29411745
4.59019661
5.47450924
5.61176491
6.31764746
7.71372604
5.70784283
6.45294142
7.93529510
6.74509907
8.89607716
5.48823547
4.73725557
4.16470623
5.12549067
5.39803934
5.70588303
6.31764793
7.36078405
5.52156925
6.56862640
7.98823547
6.51176453
8.45098019
5.85098124
4.59999990
3.65294147
5.25294161
5.17843151
5.59607792
6.31764793
6.91960859
5.40196180
7.10196066
7.53137302
6.30392218
7.40980434
5.63333273
4.63921547
3.71960855
5.16470575
5.46078444
5.55098057
6.09411860
6.75490189
5.45490265
7.62157011
6.72549009
6.53921509
6.62941217
5.49215698
4.51764822
4.18627501
5.19215679
5.62745142
5.45098019
6.12353039
6.72941208
5.44509888
7.52745152
6.27647066
6.50196028
6.45882368
5.62156820
4.20784330
4.30980396
5.06470680
5.67843151
5.33529425
6.20392179
6.66078424
5.25097990
6.98235369
6.36862803
6.24509859
6.13333368
5.53529453
4.36470652
4.40196133
4.79411888
5.83921671
5.42549086
6.18235302
6.83137274
5.22353029
6.63921642
6.65686226
6.21960783
5.90196133
5.33529377
4.67254925
4.62352991
4.93921566
5.47843122
5.58431482
6.32353020
6.91176414
5.42352867
6.57254934
6.84509897
6.09803867
6.12941217
5.14313745
4.59999943
4.62941170
5.10980463
4.88431454
5.54901981
6.36274576
6.58627510
5.03137302
6.62745094
6.87843132
6.03137255
6.27647114
5.11764812
4.50784302
4.42156839
4.86078453
4.72549057
5.83725595
6.34705925
6.67255020
4.97451019
6.52941084
6.72157049
6.00980425
6.13529348
4.91372538
4.07254982
4.55490255
4.81960821
5.11568689
5.73333311
6.30588150
6.68823576
4.88431406
6.33725452
6.66666651
6.39803886
6.19019747
4.94313812
3.70000052
4.70000029
4.96078491
5.46666622
5.42352962
6.10000038
6.56862783
5.13529444
6.25490284
6.59019661
6.55294132
6.40588284
4.83333349
3.66078448
4.20980358
4.54901981
5.41568708
5.32549095
6.40392160
6.38039303
5.40196133
6.20980549
6.49804068
6.17843151
6.43529415
4.96862793
3.43529415
4.26470613
4.47058916
5.43921566
5.50980473
6.20392275
6.27254963
5.49607801
6.05294085
6.56666613
6.15490246
6.20784426
4.92156887
4.04901981
4.35294151
4.79803896
5.40196037
5.42745113
5.44901896
6.15882349
5.64902115
5.86666632
6.33921766
6.45490313
6.09411812
5.03921652
4.31176519
3.96470594
4.66274452
5.05490208
5.18823528
5.31372595
5.92941236
5.58627415
5.80392170
5.79215813
6.45098162
6.13137341
4.89019585
4.14509821
4.45686340
4.69411802
5.07058764
5.17647076
5.28039169
5.67254925
5.50588322
5.70196152
6.36862898
5.82941246
5.99804020
4.62156868
4.16078472
4.59411812
4.85686255
5.16274500
5.26470566
5.26470613
5.56470537
5.19019556
5.45294142
6.15686369
5.74509859
5.79215717
4.57451057
4.41372585
4.44705915
4.74509859
5.39607859
5.11960745
5.09607887
5.41176510
5.28039312
5.35098076
5.87647152
5.68823576
5.77843237
4.44901991
4.66078472
4.52941227
4.77058792
5.52745152
5.15490294
5.00980425
5.54705858
5.17058897
5.42156792
5.98627472
5.71568537
5.63725519
4.59411764
4.04705858
4.40980339
4.85686255
5.34705925
4.99215794
4.92941236
5.22745228
4.98235273
5.45490170
5.93725491
6.11372662
6.00980473
4.69803858
3.78039241
4.01568651
4.73529434
5.03333282
4.52549028
4.68823624
5.09215689
5.07254887
5.33529472
5.65882397
6.26078415
5.71372604
4.72745132
4.10392141
4.06862736
4.51372623
4.81568623
4.33333397
4.55686235
5.26078463
5.10784388
5.27843237
5.68431377
5.94902086
5.39803982
4.93529463
4.02156878
4.40392208
4.45098114
4.72156906
4.49411821
4.56078434
5.06078529
