15.03725624
20.44314194
19.16862869
21.14314270
22.19607544
20.92941093
20.67254829
19.84313965
19.39019775
19.74705887
20.18627548
20.88234901
19.87254715
20.29804039
19.85294151
19.01176262
21.39216232
14.44313812
18.65098190
19.62941360
20.89608002
22.06470680
21.26666451
20.24509811
20.60000229
18.92941666
19.69999695
20.23921394
20.54901886
19.80784225
20.77646828
19.65686989
18.96470642
20.98627663
16.21372604
17.96078491
18.67451096
19.70784187
21.63333511
20.76666832
19.73725510
20.08431625
18.86862946
19.78431511
19.70392036
20.56862450
19.54313660
21.24705696
19.42353058
19.03137589
19.97450638
17.39411736
18.21372604
18.75686646
19.20000267
21.72549057
20.98039246
19.48431206
19.17255020
18.78235435
20.35686684
19.54510117
20.28431129
19.32940865
20.93529701
19.24313736
19.62352943
20.21176147
18.52941322
18.52156830
18.11960983
19.50784302
22.54117775
21.86078835
19.35294151
18.86078835
19.21960831
20.69411659
20.32941246
19.80588150
19.28431511
20.05098724
18.80980682
19.76666451
20.07254601
18.23725700
18.93725586
18.43529320
19.94706154
23.05685997
22.21372986
20.64117813
19.82744980
20.50195885
20.68823433
20.51372528
19.93333435
19.38627815
20.03725624
18.68627548
19.95097923
19.95490074
13.66470623
19.43333626
18.63921738
21.08039474
23.35686493
22.51765060
22.40588379
20.39412117
20.91176224
20.52157021
20.66862869
21.82941437
20.25294304
21.08431435
19.43528938
20.01568413
20.13136864
14.15882397
20.13725662
18.88235283
23.74117470
23.79411697
22.73333359
22.40980339
20.27843285
20.37058830
20.02941132
21.95490456
24.89019966
21.48039246
21.97451210
21.82156372
20.29215431
20.00195694
18.91960907
20.74510384
19.09215546
24.36666489
23.13136864
22.57254982
22.24314117
19.56666565
20.51176453
20.23725510
23.66078377
25.68628311
23.46862793
22.42549133
23.47058868
21.60980034
20.26862335
20.20980644
20.41568756
18.71764755
21.90195656
21.80784225
22.42941284
23.23725700
19.68431091
20.20587921
19.94902039
24.35882378
24.75489807
25.26274872
23.51765060
23.31568146
23.93529701
21.10980606
19.18823814
20.21372795
18.63529778
19.63529587
20.69020081
21.88627434
24.29216003
20.21764755
20.09215546
20.02940941
23.38627815
24.24314690
24.78235245
24.73725510
22.79019165
25.53725624
21.30196571
18.46470833
19.57058907
18.90588379
20.41176605
20.50392151
21.40391922
24.18823814
20.44509697
20.36470604
20.49215508
21.91961098
23.73138046
21.96274376
23.70588684
23.19019699
26.01568985
21.36862755
17.65098000
19.24117661
20.07058716
21.61569214
21.53529739
20.44510269
23.58431244
19.76078606
20.80784035
21.51960564
21.64117813
22.56667328
19.99019432
22.99019623
22.62156868
24.76274872
22.06666756
17.77450752
19.79019356
21.14117813
22.29803848
21.90392494
18.71176529
22.19412041
19.65882492
21.10391808
21.78824043
22.17647362
21.69411469
19.33137321
22.37647247
21.36274338
22.09607887
22.52157021
17.24901962
19.11176682
21.22353554
22.79019547
21.23137856
17.34705544
20.82157135
20.67254448
21.17255020
21.50195694
23.29215622
22.61176109
19.11764908
21.28038979
20.11960602
20.14509964
21.84902191
17.31764603
18.67646980
21.35490036
23.19019699
19.92549133
16.74705505
19.64510155
21.26274872
21.06862450
20.88627625
24.42353249
24.57451057
19.20000458
19.16666985
19.38039398
19.38431168
22.22353363
17.42156792
17.95490074
21.82352638
23.71764565
18.89607620
16.20392036
19.19411659
19.80391884
21.01764679
20.62941170
26.60980606
24.72353554
19.76078415
17.76274490
19.88039589
18.64117432
23.08627319
17.24705696
16.88627625
22.57254601
23.38431931
18.13921547
16.04313850
18.41568947
18.15294266
20.31764603
20.33725357
26.74706268
22.72549057
21.04706192
18.02548599
19.18431854
18.17843246
22.73332977
17.14313889
16.22745323
22.20783806
22.32941818
17.69804192
15.82745361
18.19215393
17.65882492
19.37451363
21.38431358
26.23921967
19.07647324
23.80392265
18.66274834
18.07450867
18.45294380
21.73333931
17.55685997
16.50980568
20.37058830
21.36666870
17.40392494
15.49804020
18.66666794
17.42745209
19.20000076
22.11372948
24.32549286
17.12353325
27.51176262
18.87254906
17.44117737
18.75294304
20.34509468
18.66274643
16.04509735
18.39803886
20.85097885
16.54117775
15.58823776
18.69804001
17.27255058
17.64705849
22.35294342
22.30980492
16.98039436
30.40392303
19.52745438
17.49803734
18.21568871
19.77451134
18.75489998
16.99411964
17.60980225
20.75882339
15.29411888
16.10980225
19.62353134
17.20980453
16.85098267
21.99607658
21.20588112
16.86470795
28.72745132
20.14313889
16.98235512
17.92745399
19.60000038
18.70980644
17.97451019
17.70000076
20.82353210
15.19019985
16.91960907
21.75490379
17.04510117
16.41176605
19.73725319
20.28823280
16.66862869
23.80980682
19.97843552
16.89607811
17.50588417
19.99411392
18.90784454
18.49019814
17.59803772
20.56862259
16.40392113
17.91372490
22.75686264
16.21961021
16.00392532
17.55686378
19.51764679
17.69803810
18.36862755
20.03921700
16.94901848
17.78823662
19.88235474
17.68627548
17.57451057
17.30588341
20.90980530
17.27843285
18.36274529
20.78431320
15.14901829
15.84509850
17.14314079
18.91960907
19.15882874
15.33725739
19.82353210
17.02549171
18.17843246
19.48235321
14.95490265
16.23725510
17.14313889
21.15882301
16.83137512
18.32745171
17.91568947
14.93921280
15.74706078
16.59803772
17.44706154
19.83333778
14.62549114
18.32745171
16.60784149
18.52745056
19.73921967
12.70980358
15.95490456
17.37058640
21.30587959
16.72352982
17.96471024
15.70981026
14.35489941
15.60196114
16.30588531
16.94902039
20.55490303
14.44117546
17.35490227
16.50000000
19.79803848
19.50392151
12.42549133
16.17255020
17.59019470
22.39608002
16.68235207
17.99019432
15.45098400
13.89411926
15.72352886
15.51568794
17.59608078
20.37647057
14.64117813
16.08039284
16.90392494
19.53921700
19.20784378
12.70392418
16.13921738
18.18823814
23.55294037
15.49216080
18.30784416
16.67255211
14.11372566
16.29216003
15.48235226
17.56470299
19.56666756
15.11568737
16.00784683
17.58235359
20.35490417
17.98431587
11.86274624
16.43725586
19.44509888
22.10588837
15.66862869
18.77254868
16.94510078
13.90980625
16.29411888
14.92745018
17.29803848
18.34902000
16.54117584
16.04117775
18.25490570
20.30392075
17.54705811
11.55686474
17.07254982
19.19608116
21.09215927
16.97058868
18.96667290
16.67058945
14.19804287
15.77647305
15.22745037
17.51960945
16.60195923
17.76470566
17.26078415
18.56470680
19.91568756
16.91568565
11.48627472
17.54705811
18.92745590
19.93529701
17.69804382
18.18235397
16.56078720
14.44706154
15.79215908
15.79607964
17.39803886
15.43137455
17.78823662
18.69215965
18.46274567
19.41764832
16.70196152
11.55098057
17.61960793
18.53333664
18.70000076
18.22352982
17.54902077
16.16862869
14.30588341
15.82353020
15.75490189
17.42745209
15.44117641
17.60392380
19.61176682
18.69215965
19.26274681
17.20392227
12.26666737
17.59019852
17.73725891
17.63921738
18.59019852
17.04117584
15.74313831
14.46078491
15.78235054
15.74118137
17.09411812
16.73137474
17.24901962
19.27254677
18.51568413
19.23137474
16.70000076
12.70588398
17.16470909
17.89804077
18.32156563
18.86078453
16.65686417
15.59215736
14.19215488
15.58431339
15.71372414
17.75294113
19.52352715
16.25490379
18.18235397
17.86862946
18.65294647
15.83921719
12.40784359
15.84706020
17.49804115
20.41176605
18.00588226
16.68824005
15.41372681
13.90784359
15.24705982
15.58627605
18.84117889
20.28038979
15.83529377
17.33137512
17.35098076
18.20784950
16.21764755
12.07451248
14.92549324
16.10392380
21.32941628
17.13725471
16.79607582
15.34902191
13.95489979
15.13333511
15.69019699
19.72156715
19.27843475
15.45882511
16.77451134
16.88039398
18.43725395
16.32941055
12.80784321
15.26666832
15.08627605
21.73137474
16.95294189
16.67842865
15.67451000
13.87059116
14.79019642
15.55490303
20.06078529
17.03137589
15.49804115
15.97843266
16.48627663
18.65294266
15.86470699
12.85882378
15.90980434
14.90980434
21.26274681
17.16078186
16.45882225
15.32745361
13.70392323
14.33921623
14.97647285
19.66470528
15.37843513
16.35490227
15.53725719
16.48627281
18.57843208
15.80784321
12.67843437
16.24313736
15.42745304
20.73725700
17.91764450
16.35686302
15.86274624
13.78823662
14.52745247
14.86666679
19.19999695
15.65490437
16.46078300
15.50196266
16.60588455
18.52352905
15.03333282
12.76470566
16.49020004
15.58039379
19.95294189
18.87254906
15.98235512
15.91176605
13.59803677
14.84902096
15.13921452
17.49411583
16.38627625
16.62745285
15.45686817
16.81764984
18.36078262
14.89411926
12.57843113
16.16078377
15.76862717
19.18431854
19.61764908
16.42941093
15.30196190
13.70000076
14.91176605
15.54509926
16.82744980
16.89607811
17.23725510
15.39608002
16.49411774
17.56862831
15.34902000
13.51764774
15.40784550
15.81569004
18.07059097
20.49411583
17.14313889
15.07647324
13.33921814
14.58627510
15.18627453
17.44509888
17.60980415
17.65098000
14.90392208
16.33137512
16.91176414
15.21176815
14.85882664
15.38431358
15.83921528
17.58039474
20.71176338
17.69020081
15.28431511
13.34509850
14.05882549
14.57647133
18.34902000
18.58823395
17.54509735
15.60784721
16.68235397
16.71960831
15.37254906
14.99215698
15.23921490
16.05294228
17.15098381
20.13920975
17.70980453
15.41764832
13.77843380
13.97647381
14.75490284
18.41176224
18.79804230
17.07254791
15.69019699
17.04117775
16.77451324
15.38627434
14.07255173
15.75490189
15.98235512
17.05098343
19.50196266
17.39215851
15.47058964
14.09803867
14.26470470
15.15294075
18.78039551
18.63921928
16.41372490
15.73137569
16.78039360
16.91764641
15.64509583
13.72352982
15.89804077
15.96078396
17.68823624
18.99411964
16.98235512
14.73137379
14.32156849
14.35882282
15.12745094
18.92745018
18.15098381
16.05882454
16.23529625
16.39607620
16.91960716
15.32745171
12.83333302
15.09411907
16.55686188
17.94509888
18.61960983
16.64509773
14.75882530
14.37843037
14.25882244
14.98235321
18.07843018
18.18431282
16.10392189
16.46274567
16.35882568
16.74117661
16.00980759
12.44117546
14.74901772
16.95686340
17.80588150
18.64314461
16.48431587
14.94706154
14.54313850
14.46666622
15.21960831
16.84509850
18.69215775
16.45882416
16.73725700
16.79999924
15.83333302
15.66078472
12.97255135
14.41176414
16.76862717
17.70980453
18.78235245
16.55294418
14.96274853
14.74902534
15.01765060
15.72548866
16.58431244
18.45293999
17.00392151
17.10784531
17.19999886
15.84902191
16.04313660
13.41372776
14.35098076
16.44706345
18.29216003
18.75490189
16.45686150
15.04706287
14.83333588
15.37843323
15.98823547
16.17451096
18.21960831
17.22745132
17.09019852
17.37451172
16.25294304
16.74313927
14.13921738
14.28235435
15.69019604
18.33921623
18.84313965
16.82156944
15.40588379
14.87451077
15.22156811
15.72157001
15.97843456
17.65098190
17.01568794
17.22353172
17.35294151
16.15490341
17.29215622
14.56470680
14.47843266
16.33921814
18.09608078
18.77843285
16.37843513
15.79804230
14.84313774
15.09608078
15.72352982
15.91568565
17.29411888
17.42941284
17.98823738
17.68627739
15.72352982
17.74117470
14.81960678
15.09607983
15.91176701
18.24509811
18.01568794
15.60784245
15.59607983
14.57647133
15.44117355
15.82352924
15.65686321
16.33921814
17.85882568
18.18431473
18.20980453
16.08235550
17.67254829
15.24314022
15.24509811
15.10392284
18.03137589
17.64314079
15.83333302
15.08431625
14.61568832
15.95686531
15.62156868
15.38627720
15.08235741
17.32157326
18.19607544
18.23333168
16.25294113
17.80980301
15.13137245
16.29411888
14.55686378
17.79803848
18.14314079
15.74313927
14.79804230
15.07843113
16.32156944
15.64901924
15.36470604
13.73137379
16.79019737
19.08431435
17.85098648
15.50588226
17.43529510
15.18431473
16.79411697
14.83137417
17.86667061
18.29803848
15.98823643
14.52353096
15.05294132
16.82353210
15.63529491
14.98823452
13.41372776
16.68823624
19.25686836
17.32156754
15.40000343
17.23921585
15.10000229
18.44902229
14.65490246
17.69804382
17.70784760
16.14314079
14.52156639
15.38823700
17.90784454
16.10588264
14.85294151
13.66666889
16.14117813
18.73725891
16.84117508
15.57254791
16.95686340
15.80784416
21.27059174
15.71372509
17.99411964
17.70784378
15.98627472
14.62549114
15.36078453
18.25294304
16.94313622
15.47058868
13.94313717
15.85882568
18.40980530
15.88431644
15.76862907
16.88235474
15.39607906
22.53529358
16.49803925
18.38823318
17.87058640
15.89215851
15.08627510
15.36470795
18.26274681
17.80588150
17.06470871
13.81960678
16.14117813
18.99019623
15.62549305
16.89607811
16.85686493
15.54509830
21.55882072
17.27058792
18.24705887
17.44117546
15.90392399
15.29215622
15.32157040
17.53529358
18.13921547
18.32941055
13.56078815
16.09019661
19.32156372
15.67058563
16.94706154
16.68627357
16.49607849
21.77647018
17.76274490
18.32549286
17.77255249
15.96078587
15.21176529
15.18823910
17.42941284
18.57450867
19.45882225
13.32941628
15.81764603
18.98039055
14.96078682
17.27843666
16.54117775
16.26470947
22.53333664
18.29803848
18.44902229
17.66862488
16.38627434
15.14902306
15.20196342
17.62940979
19.18039703
20.04902077
13.74117661
15.97254753
19.08039665
14.76274300
17.39803886
16.38235283
14.68431473
22.88626480
18.77254677
17.92745209
17.25882149
16.66274643
14.86470890
15.07647324
17.50000381
19.13725853
19.15686035
14.91961193
16.08431244
19.54117966
14.10000229
17.62156868
16.16863251
14.00588417
21.40391922
19.48431206
17.39412117
16.99411774
16.71372986
14.78627586
15.12549114
18.14706230
18.48235321
16.31176567
16.05098343
15.87647057
19.55294418
13.72941303
17.85097885
16.37450981
13.04117870
17.78235435
19.46862793
17.67255020
17.11372757
17.31764603
14.99607944
15.56274509
17.85882950
17.16078568
14.43725872
16.19804192
15.76274681
19.39607811
13.85098171
18.02745438
17.13725471
12.42157173
15.54706383
19.85293961
18.54313469
16.41373062
17.60000229
15.03529549
15.72745132
18.40000534
16.32549286
14.01372528
16.61176491
15.34902191
19.18627357
13.95490456
18.12745094
17.47843361
11.82156944
14.27843094
19.96471024
18.23529434
16.45490456
17.31372452
15.75882721
15.21960735
18.83530045
15.43921661
14.28823757
16.93137550
15.54313755
19.17255211
13.50980377
18.69215775
18.31372643
11.78627586
13.79019737
19.60784340
18.35098076
16.97843170
17.19607925
16.22941208
15.32548904
18.80784607
14.42352867
14.14706039
16.46078682
15.68039417
19.58627510
13.17451096
19.27058601
18.04509735
11.97450924
12.91176605
19.18627548
19.42940903
17.45686722
17.46470833
16.58627701
15.97254848
19.52745438
13.52549076
13.85686684
15.86078358
16.53529549
19.10784721
13.25294495
19.81764984
18.71961021
12.24902058
11.89215660
18.88627434
19.56078720
16.92549133
17.58823776
16.61568832
16.69999886
19.80784607
12.85882473
13.33921528
15.64314175
17.40980530
18.58039284
13.15098286
19.78627968
18.70195961
11.81372356
11.92549229
18.94314003
19.69215584
16.26863098
17.43333435
16.61960793
16.21764946
18.85490417
13.02353096
13.04901886
15.21568775
17.80784225
19.70392227
13.04117680
18.65097809
18.95098114
11.43921661
11.81176662
18.74509430
20.02352715
16.45490265
17.75294304
16.45882225
15.85294151
17.47058868
12.49216080
12.71568871
15.18039608
17.57451248
20.54706001
12.90000153
18.32745171
18.92549133
12.01764965
10.87647152
18.37058830
19.41960907
17.27647209
18.53137016
17.15882683
16.08823586
16.21764755
12.23529625
12.35490036
15.64313889
17.45097923
19.91568756
12.55294132
18.00588226
18.73529625
11.23725700
10.35686111
18.00784111
19.11176682
17.52941322
18.01372719
17.29804230
16.97647285
15.11961174
11.72548962
11.85490322
15.61372375
16.42353058
19.12353325
12.37647152
17.87254906
18.70392036
10.47843170
10.88235569
17.63529396
19.78039551
16.58823586
17.80784225
17.30392075
18.31176376
14.14313698
10.73137188
11.36274719
15.57451248
15.21960831
19.69019508
13.05882359
17.75686264
19.60588455
9.85294151
10.75882530
16.97058868
19.94509506
15.44117737
18.09608269
17.44313812
18.76078796
13.21960926
10.00980473
11.00588322
15.25294113
15.66667080
20.35490608
12.99215698
17.68627548
20.43529320
9.74705791
10.32156849
16.02549362
20.10391998
15.13137436
17.55098152
16.97647285
19.15294266
11.92156982
9.73333549
10.39019585
14.85686302
16.09411812
20.90784264
12.10000229
17.50195885
20.98431778
10.26862907
10.58431435
15.24117756
20.47254562
15.30588150
17.37451172
16.82157135
20.50000381
11.32549286
9.44313622
9.92353058
14.85490322
16.32157135
21.01176071
11.86862850
17.28431511
21.55490685
9.65294266
10.54902077
14.88823605
21.27254868
15.38627529
17.85098076
17.55882454
22.90392303
11.11764622
9.41568661
10.27647018
14.53333378
16.46470833
21.05097771
11.88431549
17.42156601
21.51176643
9.06666660
10.26862812
15.32745171
21.26667023
15.82353401
17.88823509
18.81372643
24.11176682
11.16078472
9.39999866
10.31176758
14.15686226
16.35098076
21.25097847
10.85882473
17.56666946
20.41372490
8.90000057
10.10980606
14.64313698
20.76275444
16.04705811
16.95882225
21.57843590
22.81176758
11.38627529
9.28431416
10.35686302
14.78039360
16.57647133
21.58038902
10.64901924
17.70000076
19.56470680
8.93725491
10.52157021
14.08235359
21.68431473
15.23529816
15.91372776
25.44902229
21.94902039
11.22941208
9.45098019
10.11176491
15.39803791
18.23529816
21.25882149
10.35882473
17.79999733
19.50784492
9.01176453
10.86862850
13.33137226
21.68039131
14.31568432
15.55882359
27.47059250
22.28823471
10.78823566
9.14313793
9.91764736
15.39019775
19.75882530
21.40784454
9.80196285
17.62940979
19.99803543
8.61764908
11.13921738
12.71960926
21.14510155
13.90980434
15.24509621
27.34902573
22.87255096
10.78627491
8.59607792
10.02549171
15.09019756
20.04314232
21.98627472
9.47843266
17.02745056
20.13529015
7.23725510
10.96470737
12.60588360
20.28039551
13.30588341
14.72352982
26.71372604
22.15098572
11.14117718
8.24313831
9.61764717
14.97451401
19.43921471
21.41568565
9.46274567
16.80000114
19.55294037
6.24117708
11.09019566
12.54902077
18.78235245
12.49019718
14.40196133
26.31960678
21.84509850
11.15490246
7.96862793
10.30980492
15.06079006
19.39216042
21.12940979
9.50784302
17.24902344
19.46274376
6.70196104
11.03333473
12.51764965
17.41176605
11.85097980
14.09215832
26.25882149
21.87647057
10.82352924
7.89803982
9.61372757
15.03921509
19.25294113
20.58431435
9.82353020
17.35490417
19.08039474
6.96666718
10.99607849
12.53333378
16.78235435
10.96666622
13.56862926
24.75098610
21.27254677
10.64901829
8.24509621
9.44901943
14.52549267
18.55098343
20.28431702
9.71372509
17.54509926
19.32941437
6.86470556
11.30000019
12.40980339
15.80196190
10.78431416
13.37843227
23.08235550
20.42353058
10.77843094
8.25294113
9.06274509
14.53725719
18.23137093
20.59804153
9.43921566
17.24117661
19.36863518
6.71372509
11.92745209
12.49019718
14.11176586
10.90392113
13.12941170
22.05294037
19.23921776
10.76274586
8.19804096
8.52549076
14.83529663
17.44509697
20.39020157
9.18627453
16.35097694
18.08235550
6.59803963
11.35882473
12.16078568
12.94706154
10.42549038
12.78235340
20.98627663
17.11568832
10.20196056
8.20196152
8.62941170
14.47451115
17.66666603
20.42548943
9.06078434
15.10980606
17.17843246
5.88235378
11.30392265
11.65098095
11.69411945
9.68039131
12.46862793
18.90392494
15.24313736
9.80980492
8.01764679
8.83333397
14.15098000
18.36470413
20.18823624
8.78627491
14.48039150
16.84117508
5.79215717
10.77451134
11.83333206
10.94313717
9.78627491
12.24117661
17.43529510
12.95098209
9.75294209
7.50588322
8.83333397
14.34117985
18.43725586
20.17647362
8.47255039
14.62157059
16.54902077
6.28823566
10.45882511
11.21764565
10.53137302
10.17254829
11.84117603
16.91764832
11.97058868
9.47646904
7.23725557
8.98431301
15.44509697
17.12352943
18.58235168
8.40000153
14.49215508
15.42353058
7.11568594
11.62352943
10.81568527
10.45686340
10.20392227
11.36274529
16.29412270
11.58431339
9.29803944
7.42745113
9.08235168
16.04509926
16.19019699
17.51961136
8.45686340
13.97058868
14.52548981
7.09607840
13.32941246
10.75098133
10.01568794
10.05686378
10.84313679
15.45686150
11.23137379
10.06666660
7.51568699
9.14117718
15.46078682
15.18235683
16.40980721
8.23333454
13.67647171
14.33725739
7.29019642
13.15882397
11.32941151
9.88039207
9.83921432
10.67058754
15.10392380
10.65490150
10.58627224
7.46078491
9.10784340
14.94117832
15.61568737
15.42745113
8.40196133
12.81176662
13.87254906
7.88039351
12.39803982
11.43333435
9.82157040
9.92941284
10.71764755
14.07843399
10.35882282
10.37843132
7.52156830
8.95294189
14.27843189
15.70980549
15.03529549
8.67255020
12.17255020
13.62352943
7.92941189
11.66470623
11.64117813
9.43137360
9.96470356
10.43137169
13.35686588
10.71764660
10.69215775
7.65294218
8.56078529
13.38823700
16.02745438
15.36470604
8.95490170
11.85490227
13.15490437
7.91568708
11.61568546
11.68235493
9.07058907
9.70588303
10.13921547
13.08823490
10.68431187
11.00588226
7.74117613
8.12941170
11.81568623
16.40784645
15.06078434
9.10000134
11.68235397
12.81372643
8.42745304
12.25882244
11.61176491
9.03529549
9.10588264
10.05490303
12.19411945
10.25686359
10.32745075
7.88823652
7.98823547
10.79019642
16.10392570
14.59804058
8.97254848
11.60392284
12.84117699
8.59215641
11.57255077
10.87647343
8.74901962
8.29607868
9.66078568
11.10588264
10.13921547
9.97255135
7.93921566
7.99607849
10.23921680
15.02745152
14.39019585
8.81372452
11.14902115
13.27647209
8.34902000
10.75098133
10.56862831
8.49019623
8.01176453
9.25686359
10.87450981
9.97451115
10.17254925
7.89215708
7.93921661
10.58823395
13.83529377
13.87843323
8.84117794
10.37647152
12.71372604
8.64117622
10.32941341
10.31568718
8.44902039
8.09607887
9.58823490
10.69411850
9.67255020
10.23529530
7.97450876
7.73529530
10.27255058
12.97450924
13.19020081
8.91960716
9.57254982
11.57647133
8.92745209
10.24902248
10.12941074
8.36078453
8.28235340
9.60000134
9.70588589
9.38823509
9.76666641
7.79803848
7.86862850
10.00588226
12.48823643
13.04706001
8.70392036
9.22745323
11.10588360
8.55882359
10.70392323
10.01960754
8.12352848
8.43333340
9.45686340
9.47843075
9.31960869
9.48823547
7.60588217
8.30980396
10.27843094
12.06274605
12.97451210
8.29607964
9.04901886
10.16666698
8.83333206
10.98039246
10.09607983
8.25882244
8.95294189
9.95490170
9.81568813
9.18039322
9.96078396
7.45686293
8.63333416
10.45882416
12.06666660
13.14902210
8.22745132
8.54117680
10.02941227
8.26274586
11.00980377
9.90196228
8.16862869
8.73529434
10.10392380
9.90392208
9.10392189
9.81372738
7.52156878
8.91372585
10.38039207
12.73333549
13.50784302
8.70392227
7.86862898
9.99803925
7.87843180
11.07647228
9.85294437
7.65882254
9.09607792
9.51568699
9.33137417
9.26274681
9.09607983
7.44509935
9.03137398
9.38823700
12.73333359
13.76666832
9.13333321
8.18431473
9.98431301
8.36274529
10.73333359
9.47058964
7.39607811
9.42941093
9.11568737
8.96470642
9.45294189
8.62156868
7.58431339
8.83137321
8.57450962
12.36078548
13.77058887
9.23333454
9.12549019
10.15098000
8.70196152
10.36666870
9.57450867
7.29019594
8.86862564
8.63333321
8.19215775
9.72353077
7.97843218
8.33333397
8.82353020
8.01960754
13.10980511
13.69411945
9.25686455
9.48823547
9.42352867
8.37843037
10.32156944
9.72548962
7.29607868
8.49803925
8.48627472
8.39803886
10.06274319
7.91960907
8.82353020
8.93725491
7.63921595
14.65686226
13.58039093
9.38823700
9.61372566
9.00980282
8.78823566
9.99804020
10.22745228
7.68039274
8.01372623
8.08431435
8.58823490
9.77843380
8.36078453
8.41764641
8.94117737
7.41176510
15.81764793
13.49608040
9.13529396
9.17451191
9.04509735
9.89411926
9.74706078
10.66470718
8.26862907
7.41960812
7.52156925
8.20000172
9.41372585
8.96470642
8.19607925
8.50392246
7.89803982
16.98627472
13.56274509
8.84117603
9.16078568
8.65882492
9.32353020
9.08823586
10.91372585
8.77058887
7.10392189
7.15294218
8.60000038
9.29803848
8.95098114
8.54509926
8.49019718
8.77254963
17.20392227
13.74510002
8.18823528
9.15294075
8.49804020
9.37843227
9.20784378
11.29411697
9.10588360
7.20000076
7.38431358
8.27647018
9.42156887
8.53137207
8.56078434
8.35686398
9.45294380
17.54117584
13.86862850
8.22352886
9.00195980
7.97254848
9.26862717
9.56666660
10.68823528
9.46666527
7.15294123
7.62941217
7.69804001
9.70392132
8.61372757
8.23725510
8.04705906
9.43333530
17.50588417
14.01372623
8.26274586
9.00588322
7.88823366
9.03333378
10.20980549
10.84509945
9.75097847
6.80980492
7.35882378
7.49411869
9.83725548
8.94509792
8.39607906
8.26666737
9.74117661
17.59215736
14.09804153
7.90980434
9.00392056
8.72157001
8.73137188
10.61764812
11.85098267
9.81568527
6.52548981
7.24313831
7.25490284
9.79215717
8.92352962
8.63333511
8.30588245
9.56862831
17.54509926
14.08823490
8.59803867
9.12548828
8.70588303
8.33529472
10.64902020
12.27647114
9.70196152
6.63529539
7.14902020
7.10588217
10.30196095
8.80000019
9.49608040
8.30195999
9.54902077
17.50588417
13.96666622
8.79019642
9.27254868
8.31960869
8.41764832
10.83529472
11.92353058
9.61960888
6.80980396
7.16078472
7.10000038
10.17450905
8.73529434
10.01176453
8.30196095
9.96274567
17.93529510
13.97843266
9.03333282
9.14313889
8.38039303
8.56078529
10.75882339
11.04313755
9.30000210
6.86078405
7.31960726
7.08235407
10.20980453
9.27843285
9.68039036
8.12157059
10.15294170
18.29608154
14.16470528
9.25294113
9.22549057
8.02745152
8.24705887
10.62548923
9.69608116
9.04509926
6.87450981
7.23529387
7.25490093
10.06078434
9.31568527
9.47647190
7.89607859
10.10196018
18.01764870
14.32549477
9.02353191
9.11960793
7.63333321
7.87647104
10.57451057
9.39411926
9.00980473
6.77451086
7.42156887
7.52745056
10.32745075
9.74313641
9.54901981
7.62745047
10.16666794
18.16470909
14.24706459
8.82156944
9.15097904
7.07843113
7.63921595
10.27451038
9.09215450
8.96666908
6.84705973
7.95294237
7.50392294
10.32941246
9.30392075
8.90392113
7.25882339
10.16862679
18.42156982
14.14705658
9.17255020
8.54509735
7.19019651
7.62745142
10.07254982
8.15098095
9.02157021
6.97450972
7.90588236
7.22352982
9.69215775
8.57647133
8.69215775
7.08235312
10.86862850
18.04706001
14.25294304
9.22745323
8.18039227
7.15882397
8.05882454
10.25686359
8.34705925
9.21960831
6.69019651
7.53921413
7.01764727
9.61568642
8.89999962
9.30392265
7.20196199
10.84902000
18.05098343
14.41764736
8.65294361
7.98823500
7.25882530
8.18627548
10.17059040
9.00588226
9.42941284
6.85294151
7.47058821
7.03529501
9.62548923
9.29411793
10.68039322
7.01568604
10.35882473
17.78039169
14.12941360
8.74313736
7.72157001
7.76470757
8.01176453
10.02745152
9.54117584
8.94902039
6.86274576
7.69804001
6.91764832
9.27647114
9.16078472
11.09215927
6.55294132
10.01960850
17.32549095
13.68431759
8.90196228
7.20196152
7.74901962
7.86862803
10.04509830
10.06078243
8.32745171
6.38235331
7.83921623
6.42156982
8.89607906
9.03921509
10.39019489
6.97255039
10.28431511
17.78823662
13.55686378
8.80980492
6.70784378
7.32941246
7.76666641
10.37450981
9.98627472
7.87647009
6.40196037
7.62353039
6.24117613
8.72352886
8.77058887
9.48039055
6.66470623
10.62156868
17.31372452
13.75098133
8.59607983
6.85686207
7.39803886
8.06862831
11.22941208
10.85686207
7.78431368
6.62745094
7.59607887
6.34313774
8.11372566
9.02353096
9.21764660
6.55098152
10.66078377
18.22156906
13.98823929
8.33921719
7.19607925
6.88823462
8.22941113
11.62353134
11.64705849
8.02745247
6.62352943
7.44901991
6.37450933
8.40196133
9.52745152
8.93921566
6.23921537
10.49803925
19.01568794
13.86666775
8.75686264
7.04509830
6.89607811
8.20196056
11.92549133
12.00588322
8.21176529
6.80392265
6.60588264
6.34902000
8.80980492
9.40196037
8.38039112
6.51960802
10.80588341
18.11568832
13.70000267
8.75490189
6.70784187
7.17058897
8.52941227
11.52745247
12.10000134
8.15686321
6.68235207
5.90000010
6.12156916
9.09999943
9.10784340
7.79019690
6.41764736
10.45293999
16.17451096
14.10196400
8.90588284
6.77843189
7.04902077
8.84313774
11.02941227
12.26666641
7.91961002
6.69019699
5.62548971
6.13333464
9.60784531
8.99607849
7.92352962
6.32156992
9.67842960
15.10980606
14.79019547
8.84314060
6.95490170
7.19411898
8.12352943
10.87255001
12.55882263
7.76470566
6.63137436
6.12352848
6.48039246
9.49804020
9.11568642
9.21372414
6.07843161
8.60392189
14.02353001
14.98039341
8.08627701
6.44313765
6.82549095
7.42745161
10.73529434
12.97254753
7.21372652
6.67843151
6.80392313
6.40980530
9.14313698
9.23333359
9.64117718
5.74902010
7.58627510
12.89019680
14.90980625
7.90588427
6.39803886
6.28235340
6.84117651
10.28823662
12.88039207
6.99215603
6.38431406
6.65882397
6.38823509
9.87451172
9.48431396
9.22745132
5.68039227
6.72941160
11.39804173
14.53333378
7.74509811
7.00784349
6.10980415
6.50196266
9.98823643
12.84313774
7.04902029
6.17843151
6.27450943
6.33921576
9.96470737
9.37450981
8.82156849
5.70196056
6.60784292
10.59803867
13.92353249
7.64901924
6.71372652
6.03725529
6.17058849
9.91372585
12.48431396
7.28627586
6.25098038
6.41960859
6.15490341
9.78431320
9.08039284
8.60588264
5.52549076
7.26666594
10.78235340
13.83921432
8.06470585
6.27647018
6.04117632
5.82549143
9.71568584
11.55882359
7.64509869
6.32549095
6.60196114
6.10980463
10.11176395
9.04313755
8.32745171
5.39607859
7.32941103
10.53921700
14.42549133
8.13137150
6.63725567
6.25686264
5.90588284
9.71764660
11.33333397
7.65882397
6.61764765
6.68627453
6.04509735
10.74510002
8.89999962
7.85098124
5.52941132
6.88431454
10.13725471
14.67647076
7.79215670
6.60588074
6.23921728
5.90000057
8.85294056
10.66862488
8.15098000
6.66862774
6.82941294
6.21960831
10.23529434
8.70588207
7.46862888
6.04509735
6.31176567
10.09411812
14.37255192
8.15098095
6.27647161
6.29215765
5.92745161
8.44901943
10.41372681
8.38235378
6.55294180
6.92352867
6.80588293
9.33529472
8.65294170
6.95686340
6.08627415
6.10784292
10.04509926
14.01176739
8.04313850
6.32548952
6.25098085
6.20000076
8.45686340
10.47842979
8.78431511
6.86274576
7.41568708
7.11176538
9.34901905
8.53137302
6.88431358
5.80588245
5.99019623
10.17451096
13.09803867
7.92745161
6.59215784
6.56274605
6.65294123
9.04509830
9.94901848
8.95882416
6.73333406
7.57451010
7.17843199
9.48823547
8.62156963
7.24117756
5.60784388
5.68823528
10.13333225
11.97451401
7.64705896
6.28431416
6.82941151
6.50196171
9.24901962
9.38823509
8.58627415
6.73921728
7.74705887
7.47451019
9.38235283
8.57843304
7.57450962
5.94509792
5.65882444
10.41372490
11.80588341
7.78431177
6.35098076
6.72941160
6.06078482
9.32744980
9.38431263
8.34509850
7.09803915
7.70784378
7.56274652
9.24117851
7.90588236
7.62745142
6.42549038
5.92156887
10.80980396
12.20588493
8.15294170
6.21372652
6.72156811
6.00196123
9.81372452
9.62941170
8.32352924
6.95098114
7.10196161
7.29019690
8.95294094
7.39215755
7.89215660
6.64117718
6.38039207
12.39411926
12.10588360
8.14509773
5.38431454
6.74117708
5.86470604
10.05686474
10.26666641
7.84117699
6.88235235
6.97254944
7.05686283
9.02156830
7.54313660
8.73529434
6.73529434
7.06274557
13.96274757
11.91176605
8.09804058
5.47058868
6.43137312
5.71764708
10.37647152
10.45882607
7.56078386
6.87646961
6.73725605
7.41568661
8.99215603
7.91372442
9.38039303
6.07843113
7.59411860
14.95490265
12.00784492
7.57843161
5.56862783
6.57254887
6.12353039
10.64509773
10.35490417
7.21568680
7.12352991
6.73529387
7.68431425
8.94117737
7.88235283
9.51960659
6.25490189
7.94117641
14.20588207
11.19215679
6.99411774
5.49804020
6.48431396
6.70588303
10.49215794
10.60784340
6.87647057
7.26666689
6.85882378
7.45098114
9.02745247
8.01176643
9.50980377
6.43529463
8.17255020
13.30196190
10.89608097
6.86666679
5.45882320
6.59607840
6.81176519
10.78039265
10.72548866
6.67254972
7.23725510
6.90980482
6.98431396
9.39411831
7.90980434
9.51764679
6.71764708
8.00784397
12.28627396
10.90980339
7.46470690
5.40980339
6.71764755
6.94509745
11.10588264
10.47843075
6.71764660
7.15490246
7.02549028
6.96470594
9.81568718
8.07450962
9.12745094
6.67254877
7.93333292
12.20784378
10.88823509
7.91372633
5.36470604
6.34117699
6.71176529
10.59607983
10.57451057
7.09411812
7.07255077
6.84705925
7.13529444
9.96666718
8.17647076
8.45882320
6.56078386
8.30195999
11.73921585
10.73333359
7.86078501
5.36078501
6.44509840
6.38431311
10.37843323
10.69411945
7.42353010
6.80196190
7.25686264
7.30392122
10.00196266
8.09215736
8.17451000
6.61372662
8.92745113
11.17647171
9.98823738
7.84902048
5.35294151
6.29215717
6.99215698
10.80196095
10.36862755
7.43529367
6.46274376
7.30784416
7.53529453
10.12353039
8.63333321
8.05882359
6.32745123
9.46078491
10.98039627
9.23333263
8.05490303
5.30588293
6.47451019
7.19411850
11.59215641
10.59019566
6.83333302
6.62549019
7.17843151
7.48627472
10.48823547
9.25098133
8.10196114
6.17843151
10.35882378
10.67059135
9.43137360
8.10196018
5.27647018
6.28627539
7.35490179
12.05490398
11.24510002
6.56862783
7.06078386
6.93725491
7.42548990
10.94117546
9.41176510
8.62745094
6.08431435
11.25686359
9.96078587
9.51764774
7.95098066
5.29607868
5.89607859
7.87058830
11.66078568
11.38235378
6.93137264
7.15882349
6.86274529
6.49999952
10.45294189
8.91372681
8.38235378
6.48431396
10.80784321
8.80000019
9.04509926
8.12156868
5.35686302
5.94313669
8.26274586
11.36274719
11.20588398
7.31176519
7.13333368
7.25686264
5.85882473
10.02157021
8.29803944
8.35098171
6.79215908
10.35490227
8.90392113
8.77255058
8.05294228
5.26862717
5.78235435
8.39803982
11.58823395
11.72156906
7.51960897
7.66470575
7.62941170
6.14705896
9.85882282
9.52353001
8.79803944
6.85882425
9.87254906
8.70588207
9.00588417
7.74117661
5.29607868
5.52745104
8.73921680
12.10784531
12.02941418
7.78235292
7.70588255
7.57450962
6.24117661
9.76274395
10.96274853
8.78823471
6.87058878
9.84509945
8.44313717
8.76470661
7.48039150
5.26274538
5.81176519
8.84902191
12.95686436
11.95686245
7.90980482
7.10784340
7.59607840
6.12745094
10.05882263
11.70588207
8.86862755
6.90588236
9.09804058
8.39215755
8.24509907
7.30196047
5.10784245
5.90980434
8.50000095
13.27254963
12.41960907
8.04117775
6.95294189
7.91764736
6.43137264
10.09411907
11.64313698
9.29411983
7.20980406
9.19411850
8.44705868
8.22941303
7.44902039
5.33333302
5.72352934
8.43529606
13.57059002
12.24509907
8.12352943
7.02941275
7.95294189
6.20784235
10.51960850
10.73137474
9.45882320
7.41372633
9.08235455
9.03921604
8.09215641
7.26862717
5.59019661
5.69803905
8.69999981
13.62352848
12.20392227
8.19411850
6.75686312
7.71568680
6.13921642
10.39804077
10.23725510
9.17058849
7.53137255
9.13529491
10.17255020
8.17254925
6.67255020
5.53921604
5.83333492
8.68627548
13.51372910
11.85098267
8.26078415
6.69019604
7.49804068
6.22941303
9.71176434
9.51568794
8.52156925
7.72548962
10.14117908
10.56078529
7.88431358
6.52745104
5.52352953
5.74117661
8.94902039
13.15686417
11.22941399
8.58431339
6.71176481
7.33333445
6.76862764
10.19607925
9.25490379
8.54117680
8.23333359
10.54902077
11.17255020
8.25686264
6.57058811
5.72156906
5.86274433
9.41372681
13.01568699
10.76470661
8.97058964
6.82549095
6.90196228
7.25097990
10.23137379
9.30980396
8.97058773
8.14117718
9.93529701
11.42156887
8.24901962
6.45294142
5.86470604
5.95294094
9.79215908
12.73529243
10.54901981
9.74117661
6.79607916
6.89803886
7.09019566
9.51176453
8.91961098
7.85686207
7.55490208
8.58039379
11.10588264
7.81568718
6.09804010
5.57450962
6.04902029
10.25098228
12.01176453
10.34117603
9.55686378
6.61372519
7.39803982
6.99411726
8.97451115
8.59803963
7.53333330
7.52548981
8.72353077
11.79215813
7.93725634
5.77451038
5.33137226
5.82156944
10.51764870
11.60980606
10.10196114
9.42941189
6.75686455
7.43921518
7.33333397
9.11568642
8.74706078
8.29411793
7.82353020
9.86078644
12.50784492
7.71176481
5.79607821
5.47843170
6.33529472
11.07254982
11.27647400
9.62549019
9.30784416
6.99803829
7.47647142
7.59803963
9.19019699
8.78431511
8.32549095
7.79411793
10.53725529
12.71372795
7.25098038
6.19019699
5.52156830
6.42941236
11.24117661
11.45686340
9.47255039
9.55490303
7.46078491
7.30000114
7.97058868
9.27646923
9.22352982
7.78039360
8.43921471
11.05490398
12.48235416
6.79215765
6.06078482
5.45882320
6.69411850
11.89411926
11.58431435
9.41960907
10.22157097
7.18235302
6.98627472
7.92156887
9.52941227
9.09803963
7.40392208
9.71176434
11.72353172
12.07058811
7.28431416
5.91176605
5.60980415
7.16666603
12.04706001
11.54706097
9.33921623
10.31176662
7.44705915
7.12941217
7.86862850
9.85882473
8.50000000
7.22548962
10.37647152
11.95882320
11.33725834
8.35293961
5.69215727
5.37255001
6.80980396
12.53333569
11.14706039
9.25098133
9.73725605
7.99411774
7.16078424
7.88039398
10.07058811
9.05686378
7.25882387
10.69607830
11.33529663
11.24509907
8.70784378
6.11372662
5.20588303
6.92745113
12.31372547
10.36862946
9.03921604
9.20980453
8.03137302
7.29804039
7.70196056
10.21960831
10.10784531
7.92156887
11.44117451
11.03725433
12.38627434
8.62156773
6.14313889
5.50196075
7.27647114
12.05098057
9.80392265
8.89999866
9.01764870
8.26470470
6.95294142
7.66666651
10.15686417
9.77451038
8.71176529
11.82941151
11.51176548
13.20196056
8.69215775
6.17058945
5.50392199
7.62157011
12.41568565
9.74901962
9.36862850
9.18235397
8.49411964
6.72156811
7.70588160
9.90980625
8.82941341
8.97254944
11.67451096
11.68823242
12.86078453
8.78431320
6.03921509
5.28039169
7.59803867
12.54313850
9.51176548
9.83137417
9.40588379
8.44902229
6.90980482
7.83725548
9.72745323
7.94509840
9.03333282
11.48823643
12.27450943
12.39804077
8.93725491
5.77647066
5.22548962
7.36274529
12.62549210
8.64313793
9.99019527
8.96274662
7.80980492
6.84117794
7.74901962
10.13725567
7.83333349
9.34313774
11.75490189
12.32353115
12.47254944
8.95098114
5.42941236
5.32352972
7.08431387
12.69804096
8.22745132
9.80588341
8.66078568
7.43921661
6.89999962
7.85098076
9.61764526
7.76274586
9.10196209
12.41372585
11.94509792
12.96274376
8.74313927
5.57647133
5.61960840
6.81372643
12.23921776
8.47646999
9.60980320
8.27843189
7.51568651
7.21176577
8.21372604
9.59804058
7.89803982
7.80980492
13.14902020
12.27451229
13.43529320
8.33529472
5.70196199
5.58039284
6.32745171
11.72941208
8.63333416
8.99019623
8.01176739
7.67843151
7.67255068
9.13137245
10.38823509
7.76470518
6.79215527
13.20196247
12.16274548
13.34705925
7.98823643
5.75882387
5.39019632
6.37058926
12.04117870
8.83137321
8.52549076
7.87843180
8.17255116
8.45098114
10.01764870
11.96862698
6.98627567
6.54901981
13.09411907
10.89411736
13.44706059
7.96470642
5.92352915
5.74705887
6.96862698
12.25882530
8.65490150
8.53137302
7.73529434
9.16274357
8.67450905
10.30588341
11.83137226
6.15490055
6.32549047
13.19019794
10.09215927
13.40784454
8.25294209
5.73333406
6.02745152
7.01764727
11.89411831
9.25882530
8.02745056
7.88431454
9.99215889
9.46078587
10.59607887
11.69215679
5.89804029
6.27058792
12.89411831
9.88627625
12.61176586
8.50980377
5.44705963
5.74902010
6.73137283
11.71960640
9.27451134
7.54706001
7.58627462
10.96470833
10.24509716
10.88431358
11.12549114
6.30588150
6.38039207
12.83333588
9.57450867
11.97843266
8.42352962
5.65882397
5.73921585
6.96274614
11.74705696
9.53921604
7.29803848
7.19804001
11.02157021
10.35490036
10.73333359
10.76470470
6.59607887
6.67058802
12.27254963
8.69019508
12.01176548
8.24313736
5.73725414
6.09607840
7.46666718
11.84509945
9.65490246
7.52745199
6.94313717
11.07451153
10.22156906
10.50000095
11.07058907
6.92549038
6.80784416
11.89803696
8.22157001
11.84509945
8.11372566
5.84117746
5.65882349
7.23921680
12.10392189
9.54901981
7.16862774
6.88627434
11.25098133
10.15882397
10.81372833
11.74117661
6.53725576
7.01372576
11.20000076
8.14902020
11.45098019
7.81764793
5.91176605
5.40784359
7.42941141
12.75686359
9.73725605
7.03529453
6.79411793
11.52941322
10.24509716
11.10196209
12.77254963
5.64313793
7.26862860
11.25098038
8.20588398
11.00392246
7.94705820
6.05098057
5.55686235
7.68039274
13.18627453
9.80000305
7.40588236
6.94901991
11.85686493
10.09019566
11.49411774
13.48235321
5.50392199
7.73921490
11.57451057
8.08823681
10.60196209
7.96470642
5.82549047
5.92352962
7.55098057
13.24705982
9.67255211
7.46862698
7.28431416
12.25686264
10.17059040
11.28039265
13.93725586
6.13725519
8.52156925
10.60588169
7.70196247
10.09019661
7.66470623
5.23137331
5.65294170
7.32156849
13.74509716
9.95882607
7.90392256
7.49607897
12.63137436
10.70588303
11.09607983
13.72941303
6.56470537
8.92941284
9.86862755
7.61568499
9.70000172
8.06274414
5.16274500
5.62549019
6.39215755
13.53137589
10.52548981
8.23333454
7.67058897
12.84705925
11.50392151
10.97450924
13.70392132
6.52352858
9.39215755
9.71764755
7.63529491
9.84705830
8.40588284
5.40784359
5.17254877
5.80784321
13.57451344
10.72156715
8.38627529
7.60784388
12.52549076
11.92745113
11.41176510
12.96862793
6.09411669
10.06078434
8.85882378
7.35686350
9.59411812
7.72156954
5.42156839
5.23529339
6.03529596
13.65882492
11.12156677
8.53725529
7.70392275
12.20588398
12.61176491
11.60588455
12.73333645
5.95294094
10.67843151
7.77843285
6.95490217
9.70784283
7.37254858
5.19411850
5.15490246
6.31372547
13.69215870
11.48627663
8.69608021
7.64509821
11.47646904
13.26274681
11.12549210
13.30000210
6.49607944
11.38431454
7.04706049
6.71568680
9.65490341
7.62352896
5.21372604
4.47058868
6.21764803
13.39215755
11.91764832
8.22745228
7.68627453
10.93529320
13.03725433
11.05294132
13.86862755
6.95686245
12.30196190
7.42745066
6.81764746
9.46078491
7.54902029
5.40980434
3.43529463
5.65294123
12.56862736
11.93333530
8.03529358
8.01176453
11.19607830
12.86078644
11.58431435
13.74705887
7.41372585
12.89607811
8.29607964
7.20000029
10.70196056
7.46078587
5.09019566
2.96274519
4.88039255
11.77843189
11.47647095
8.34509945
8.34313679
11.51568508
13.34117603
12.17254829
12.70392227
8.21372604
13.05686188
8.71176529
7.74313831
11.37646961
7.68627548
4.62156820
3.40784335
4.35882425
11.53137207
11.33921528
8.01372528
8.76078415
11.62941170
13.22744942
12.79215813
11.45293999
8.64509869
13.12549210
9.00196075
8.20784378
12.92941189
7.58627510
4.59607887
4.06078482
4.14705944
11.15098190
11.33137512
7.61568642
8.92156887
12.19803905
13.46666718
13.54117775
10.04509830
8.51764774
13.41372776
9.50000000
8.13725567
14.33921528
7.06666756
4.54313755
4.02549076
4.25098038
10.70000076
11.47647095
7.32156801
8.95686245
12.64705944
13.28627396
13.84705830
9.30195999
8.03333282
12.90588379
9.38235188
7.63529491
15.08431625
6.47646999
4.65882397
3.49019647
3.73333359
10.79804134
11.34706020
7.29804039
9.47647285
12.59411716
12.34901905
14.03921604
9.30195999
8.65686321
12.29215813
8.74313736
7.35294104
14.46274662
6.36274576
4.26274538
3.44313693
3.75882411
11.54902172
11.98431492
7.29019499
10.05098057
12.01372528
11.45294189
13.87058830
9.87450981
10.40588379
12.72157001
8.14902115
6.96666718
12.94901848
6.65882444
4.29019690
3.51372576
3.40784359
12.83921814
12.10196114
7.40392208
9.92156887
11.77843285
11.01764774
13.54117775
10.04902077
11.68039131
12.62745094
7.79019642
6.67058849
11.86863041
6.74117708
4.48627424
4.03137302
4.04117632
13.81568623
13.25294209
7.71176481
9.37450981
11.33921719
10.84509850
13.48627472
9.80392170
11.79803848
11.58235645
7.55098057
6.43921661
10.66470623
6.78627443
4.49803972
3.22745156
4.50000048
14.79804230
13.91961002
7.90196133
9.16078281
10.49999905
10.49804115
12.93921661
9.42745113
11.25098038
10.87843227
7.32745075
5.89607811
8.23333549
6.97254992
4.67843103
3.16274524
4.44313765
14.86078835
14.04706001
8.17255020
9.28823471
10.26862812
9.88823795
13.22744942
9.03921509
10.77451038
11.68235397
6.92941236
5.50784349
7.26078510
7.02941275
4.42941236
3.56274509
4.70392179
15.04509926
13.88823700
8.10980511
9.37647057
10.50196075
9.36666775
13.49999905
8.84313869
11.27254963
12.88039303
6.37647152
5.62941170
6.40000010
6.56666565
4.13725519
3.81568670
4.77254915
14.25490379
13.83529472
8.23529434
9.20196152
10.30980587
8.90000153
13.39019871
9.16078568
13.19019794
12.94314003
5.74509907
6.54509830
6.15490294
6.44313812
4.13725567
3.45882368
4.57843161
12.93137455
13.26078606
8.23725605
8.83921528
9.70000076
8.50000000
13.26274395
10.60784435
16.88039207
12.65098095
5.29804039
8.05098057
6.43137264
6.40588284
4.19411755
3.41176486
4.31372595
11.41568661
13.46078396
7.62941170
9.15882397
9.69215775
8.22156811
12.69412041
12.52549171
18.95490265
12.13137627
5.03333473
8.92156887
6.22156811
6.16470623
4.11176443
3.24705935
4.68627453
11.67451000
13.57843208
7.79019547
9.41960812
10.09411621
7.37647152
12.20000172
13.77059078
18.21764565
12.53333378
5.13333273
8.84509945
6.01568651
6.37843180
3.87254858
3.28039265
4.83725500
12.36862659
13.16862583
7.07058907
9.46666718
10.14901924
6.62352991
12.03137589
13.76862812
17.20000076
13.55490398
5.49019718
8.64509869
6.25686216
6.65294170
3.72156858
2.99215722
4.83921576
12.29215622
12.21176720
6.90980434
9.64509869
10.22745228
6.74705935
11.73921585
14.24313736
16.59608078
13.32352924
6.71960831
8.29607964
6.03333426
6.31568718
3.72156882
2.97058821
5.59019709
11.60392189
11.72156906
6.90588236
9.35098362
10.31372643
6.94705963
11.53333473
14.49608135
15.99804020
12.01764679
7.28235340
7.66274643
5.82352972
6.34313631
3.69215703
2.72549081
6.12745142
11.47254848
12.04509830
6.99019814
8.95686531
10.43137455
7.40392113
11.53529549
14.96666908
16.25098038
12.74902058
7.66666698
6.42745161
5.79019594
6.21176529
3.59803987
2.47843194
6.41568708
11.59607887
12.61176586
7.23725605
8.85294151
10.72941113
7.50980425
11.40980530
15.05098248
16.76078415
14.56078434
8.02352905
5.85882425
5.61568642
6.20588303
3.61176491
2.79411817
6.16078520
12.05294228
12.74901962
8.09019661
8.78235340
10.45294380
7.55294180
11.58039188
14.94117737
17.03725815
15.05882645
8.19804001
6.22353029
4.99215651
6.15098143
3.70980430
2.78235292
6.38431406
12.18431282
12.60588169
7.87843227
9.07254887
10.46078491
7.31176376
11.92745113
14.39608002
17.34509850
14.62157059
7.16470623
6.13921595
5.16470671
6.03725481
3.79803991
2.84705925
6.95294094
12.66666603
13.04313660
7.65294123
9.18431568
10.89215755
7.66862679
12.18039322
13.73725414
17.49804115
13.47843266
7.19215775
5.94509935
5.65294075
6.55686426
3.85686326
3.70588255
7.26862860
13.04902267
13.57843113
7.92941236
9.68039131
11.08823299
7.83529425
12.22941303
14.53137589
16.52941322
12.52156925
6.58823538
5.40784407
5.65098000
6.40392113
3.94117618
4.38627529
7.22156954
12.28431606
12.27058887
7.99215698
9.49607658
11.42745018
8.41764832
11.94901943
15.65294266
15.42745209
12.40588379
6.24705935
4.99803925
5.31372595
6.07843113
4.07451057
4.49215698
7.30784416
11.57843208
11.30980396
8.85686207
9.07254982
11.79411983
8.92353058
11.47647190
16.78431511
15.19804478
11.60196114
6.48431396
4.92156935
4.53921652
5.69999981
4.20980406
4.83529425
7.62745094
12.00588417
11.62745190
8.84313869
9.82941246
12.67254925
9.69215775
11.15490246
18.09608078
15.77451134
9.64117622
6.78627443
4.80980492
4.37843132
5.82941246
4.07843161
5.42941236
8.17451000
12.81960869
11.79607868
9.06862831
10.91372776
13.09804058
10.28039360
11.16274548
17.59411812
15.77843189
6.87058830
7.22941113
4.27254915
4.75294113
5.87058926
4.05098057
5.32549143
7.95097971
13.97843170
11.84509945
9.11372566
11.17451096
13.32353210
10.56274509
10.86470699
17.15686417
14.68627548
6.33137274
7.40392303
4.17058802
4.59411716
6.31176472
3.95882320
5.31372595
8.03137207
14.26078510
13.44901943
9.01960754
10.79804230
13.89019775
11.02745152
10.74117661
16.59607887
13.07450962
6.60980463
7.04902029
3.79607868
4.55294180
6.39411783
4.12352991
5.47058868
8.40784454
13.99019814
14.61176491
9.51961040
10.67843246
14.15098190
11.28235245
10.95490170
16.77450943
11.26862621
7.09607983
7.06274605
3.63137245
4.67647076
6.95490170
4.45098019
5.49999952
8.92745113
13.79608059
14.18235493
9.93725586
10.31960678
14.22352886
10.88039207
10.97059059
17.47255135
9.80784321
8.43529510
7.44117737
4.61960793
4.64117575
8.18627453
4.56274509
5.96862745
9.23333359
13.24902058
13.57451057
9.92156792
9.90196037
14.64117622
10.85490322
10.94705772
17.47058678
8.92745304
8.91568661
7.71960783
5.55686283
5.11568737
8.98039246
4.56470537
5.83137321
9.70392418
12.69804192
12.59803963
10.13137436
9.98823643
14.68431568
11.31568813
11.20196152
17.46862793
7.90784359
8.94902039
8.03529453
5.76666689
5.76078415
9.44902229
4.72156954
5.80392170
10.67254925
12.55686474
12.29607773
10.00392246
10.10392189
14.54706192
11.96666622
11.31176472
19.01568604
7.25293970
9.15882397
8.31176376
5.44705915
6.26274633
10.17843056
5.35490274
6.03725576
11.47646999
12.59804153
12.08823681
9.89215851
10.05490112
14.13137436
12.16274548
11.82549191
20.45294189
7.07254982
9.28235340
7.83333397
5.38235426
7.29019594
10.43921471
5.35490274
6.34509850
11.48235512
12.23725796
11.94509792
10.12156963
10.45097923
14.10980606
11.93921757
12.59019470
19.33333397
6.94509935
8.91764832
6.71176529
5.25686264
7.81960821
11.23529625
5.13333416
6.49411917
10.82353020
12.19019699
10.79607868
9.82352924
10.24705982
14.76274681
11.40392208
13.40784645
16.09608078
7.04705858
7.61764717
5.30784369
5.35490274
8.12352943
11.21960831
5.37450981
6.62941170
10.16666794
12.78627586
10.62941170
9.76470566
10.12156963
14.99607944
11.67450905
14.05882359
12.87451077
7.49019623
6.39019585
4.29999971
5.73333454
8.58235359
10.81176376
5.63921595
6.52156878
10.00392342
12.32745266
11.74705887
10.17842960
10.59215736
14.62941170
12.35686588
14.42745209
11.88823605
8.35490322
5.59803915
4.89607906
5.97058868
8.87843037
11.45686436
5.61764765
6.48431301
9.62156963
11.16274643
11.54705906
10.15686226
10.65294170
14.18823624
12.48627663
14.58627415
11.47058773
9.59019566
4.93725586
5.62745094
5.80980396
9.19411850
12.20588207
5.71176481
6.97451067
9.41960812
11.05098152
10.77451134
10.15490246
10.62156773
13.60392284
12.52941227
14.74117756
10.51176548
10.57255077
4.67058849
6.33921576
5.57451010
9.37843323
12.32745266
5.75686121
7.34902000
9.79608059
10.96666908
10.20392323
10.28235340
10.38823795
13.36470890
12.46862793
14.70392227
9.49215794
10.64901924
5.19607925
6.29803991
5.48431444
9.24509907
12.53725624
5.34901953
7.40000057
10.03725529
11.41176605
10.12745190
9.99019623
10.51176453
14.09804153
12.93529510
14.41176319
9.78235245
10.63137436
6.53333330
6.01960754
5.44509840
9.05882359
12.72745323
5.46862841
6.98823643
9.82941151
11.61764908
9.75686455
9.70195961
10.94510078
14.31764793
13.23529434
13.94313908
10.97254848
11.58039379
7.97058868
5.96078491
5.82352972
8.91568661
13.48823547
6.11176586
6.05882359
9.29019642
11.08235264
9.72941113
10.08823586
11.57647133
13.74705982
13.69411850
12.93137360
11.71764755
11.70392227
8.66862679
5.83529425
5.70392275
9.68431282
14.04509830
6.31568670
5.86470556
9.66274452
10.87647152
9.33333397
10.05490398
12.53921700
12.98235512
14.27843285
10.86666679
10.31372547
9.82549095
8.24509907
6.01764679
5.82549000
10.00980473
13.63921738
6.47450924
6.92941093
10.02745152
10.78627396
8.89608002
9.83725548
13.29411888
12.30392265
14.30000305
9.65882301
9.23921585
7.86078453
7.48627424
6.26862812
5.91568708
9.44705868
12.79804039
6.64117670
7.89607954
9.06078434
10.42745113
9.35490417
10.17058849
13.51960754
11.87843132
14.50196075
8.79019737
9.45098209
7.80588341
7.15294218
5.69803905
5.32549000
9.17451096
12.08431435
6.36470413
7.64117622
8.28627396
10.70196152
9.70392323
10.18627548
13.83921623
11.83333492
15.23921776
8.12745094
8.96666813
9.02745247
6.82941246
4.96666765
5.41372585
9.01568699
11.62941170
6.32156849
6.94902039
8.47058868
11.66470718
9.77451229
9.77843189
14.68039322
12.37254906
15.42549324
7.17843151
8.20980549
9.83333302
5.48431444
5.00588274
6.07647133
9.03137302
12.15293980
6.40980434
6.58823586
8.71372509
11.57646942
9.97451115
9.30196095
15.70980453
13.82549191
14.29999924
6.66862869
7.96862745
9.57646942
4.28431368
5.16274500
5.91568613
9.52156830
12.55489922
7.12941217
6.88823557
8.76274681
11.13921738
10.23137188
9.05294132
15.96274757
15.63529587
13.16078663
7.33137226
8.99607849
8.23333454
3.33725500
4.28235340
5.63529444
10.58431530
12.65882111
7.34313774
7.09411812
8.79215717
10.78431511
10.39215755
8.52745152
14.66862869
17.09999847
12.44314003
7.20784283
10.15294075
7.80392075
3.37843180
3.50784349
6.03137302
11.07058907
13.13725567
7.42745256
6.83137369
8.56862831
10.35882568
9.53333473
8.57647133
13.21764946
17.56666946
11.51960945
7.41764736
9.39019585
8.83921528
3.46078467
3.24313760
6.51960754
10.34509945
12.95294285
7.35686350
6.48823595
8.50196266
10.10000134
8.87451077
9.36862755
12.35098267
16.14901924
9.97451019
7.37254906
7.71568775
8.64313793
3.45882344
2.67647052
6.39411783
10.00000000
12.31568623
7.43333530
6.50784349
8.31764793
9.52156925
8.69411755
9.79607868
11.96274567
13.42549038
9.22157001
6.66078472
7.37647152
8.30392361
3.42549086
2.26470590
6.22941256
10.35490227
12.35882378
8.18235302
6.57255030
7.97450924
9.70196152
9.11568737
10.12156868
12.18235207
11.39411926
8.34117794
6.48235321
8.14313793
9.69411755
3.00392222
2.25294161
6.20000076
11.83921719
12.02941322
8.51176548
6.39803982
8.05686283
9.72941303
9.90196133
9.73921967
11.25686359
9.37450981
6.94705963
6.53529453
8.67843151
10.07254982
2.85098052
2.54313755
6.67843246
13.08039093
11.55686188
8.28235435
6.33137321
8.40000248
9.19019508
10.32549095
9.71765041
8.94117832
7.71176624
6.16274548
6.51176548
7.78627491
8.61764717
3.49803948
2.77647114
6.77254915
13.50392151
12.76667023
8.00196171
6.02549028
8.20784378
8.67843151
10.35882568
9.42353344
7.42353010
6.98431349
5.93137264
5.88039160
7.30196095
6.91568756
4.61176491
3.67450953
6.30784321
13.75882530
13.24313831
7.53529358
5.99019623
8.26470661
9.20392323
10.07451057
9.21764755
7.34117651
6.60392237
5.84901953
6.25294209
7.24313784
7.61176491
7.76274586
5.36470699
6.07254887
13.82548904
13.74313736
7.26274490
6.27451038
8.56862640
10.01960754
10.39411545
9.39019680
7.23921490
6.59999990
5.51568556
6.42941284
7.12745094
8.41960716
8.76274586
6.04705906
6.52549076
11.84706020
13.17255116
7.17843294
6.52941275
8.15686321
10.21176338
10.53921700
10.16078377
6.90000105
6.17058945
5.86078501
6.02156878
7.35490322
8.07058811
8.11764717
5.94117689
6.88823605
9.30784321
12.49999905
6.92548990
6.49215746
7.46078396
9.94901943
10.14117718
10.49215889
6.60196066
5.81176567
6.63529444
6.04117632
7.92156887
7.36862755
6.30392170
4.70980358
6.90000010
9.26078510
13.08235455
6.59019566
6.60196161
7.38235235
9.55490017
10.24510002
9.73529625
6.27254868
5.81372547
6.87450933
7.18039131
8.14706039
7.24509859
4.12352991
3.27254963
7.01176548
10.05294037
12.84313774
6.48039198
7.23725557
7.48235416
9.54705906
9.94313812
9.27255058
6.16470575
6.18627453
6.46862841
7.40784454
8.21568680
6.98235369
3.21372485
3.19215679
7.50588322
10.79607868
11.98039341
6.70392227
7.36862755
6.92156935
10.52745152
10.06078529
9.60196114
6.13333321
6.24117708
6.31568623
7.66274595
8.88627529
7.45882368
3.45490217
3.12156844
8.34313679
11.01568890
11.15490341
7.24509859
7.69019604
6.38823509
10.80784225
10.36078548
10.10392284
6.08235359
6.41372633
6.41960812
7.30392122
8.74313831
7.90588379
4.25098085
3.25294137
8.97254848
11.73137569
11.16862869
7.59804058
7.58627510
6.76078415
10.37059021
10.75490475
9.56274700
6.35686255
6.83921528
6.85294104
6.31764889
8.50196075
8.02548981
4.22156858
3.15686321
9.25686359
12.21372890
11.43137169
7.40588236
7.92156982
7.41372490
10.24509907
11.14902020
9.84117794
6.20392132
7.75686264
7.73725462
6.33725500
7.44509745
7.49215841
3.39803910
3.55098057
8.39607811
10.77255058
11.33921909
7.06274557
8.58235264
7.12548971
10.30196190
11.32745075
10.08431530
7.02156925
8.28823566
8.86078358
7.38627481
6.68431425
6.41764736
2.90588260
4.16470623
6.75882435
10.36470795
10.75882530
7.15098000
8.04313660
5.99607897
10.32353115
11.27843094
10.06666756
8.08823490
8.06862831
9.07254982
8.20980453
6.48627472
5.05882454
2.52745128
4.13921595
6.09411812
10.05294132
10.37843132
7.71372557
8.05882549
5.22941256
10.47647190
11.09804058
10.54901886
8.54901981
7.98627472
8.37255001
8.70196056
6.49019718
5.29607916
2.22549033
4.16274548
6.37647104
9.78235435
11.03333282
8.27647114
8.21372700
5.50588226
10.27647209
11.59803963
9.77058697
8.32745075
8.02353001
8.40588284
9.42745304
6.16470623
4.84509897
1.98823571
3.45490241
5.77058887
9.90392303
12.18039227
8.45294189
8.22941208
5.52745152
10.41372681
12.30000210
8.81176472
8.02353001
8.30588245
8.78823376
10.12353134
6.71764803
4.63333416
2.22745132
2.62941194
5.09215736
11.51764870
12.33921814
8.97450924
8.14313602
5.49215698
10.31372643
12.20392227
8.68039322
7.30588245
8.02941132
9.45882416
10.58235359
6.82353067
4.74509811
2.20392251
2.64901996
4.40980434
12.71960926
12.17647076
9.79607964
8.37646961
5.83725452
9.71960831
11.59019852
8.82941055
7.00588226
8.64706039
10.21372509
11.01176834
6.14509869
4.48431492
2.33529449
3.64509797
4.37843132
14.15294170
12.03921604
9.42745209
8.71176720
6.37647152
9.06274509
11.15882397
8.75490284
6.80000019
8.93529510
10.51176548
11.87254906
6.20980310
4.03137302
2.95098042
4.24509811
4.26274538
14.24313736
12.00392342
8.57451153
8.77647018
6.45294094
9.50000095
10.99999905
8.91764736
6.22549200
8.08627605
10.86470604
12.89608002
7.09019518
4.18235302
3.36274529
4.72156858
4.31176472
13.56274700
11.74705982
8.44902039
8.89803982
6.00784302
10.33333397
11.20196152
8.80588341
5.74705935
6.70980453
11.47647285
12.86470699
8.75490284
4.62549067
3.28039241
5.38235331
4.21176529
13.12156963
11.87451172
8.76470661
9.32745171
5.61764669
10.19608021
11.29411888
8.44509888
5.44509745
6.34313679
11.57647133
11.71764755
9.51960659
4.94705963
3.11176515
5.43921661
4.87843132
12.85490322
12.53529644
9.40980625
9.72549152
5.53921604
9.85097980
10.39999962
8.20392227
5.54117680
6.96470594
10.63921928
10.79019451
8.86862850
5.25098133
3.02549028
4.34313726
5.27450991
12.79411888
12.37647247
10.09607887
9.40196133
5.30784369
9.46666622
9.00196075
8.58235455
5.41372538
7.34313774
9.50980377
10.51960754
8.80588245
5.41176558
2.85098004
2.60588264
5.35686255
12.37647247
12.29607773
10.85294056
9.10196209
5.14902020
9.39019680
7.48235273
8.15686321
6.02745104
7.13137293
8.70588112
9.98823547
9.53921318
5.46862888
3.11764717
2.01568651
4.97843218
11.48627472
12.74705887
10.96666622
9.26274586
5.33725595
9.09411812
7.87255001
7.70196104
6.80196095
6.72745180
7.20588255
8.68431473
9.09019470
5.57450962
3.03333354
1.67843139
4.62156868
10.14705944
12.61961079
11.42156982
9.34902000
4.66470623
8.56078434
8.40000153
7.06862688
7.79607868
6.28627491
5.39803982
6.93137217
8.82941246
5.80392170
2.60588288
1.77843142
5.03529501
9.77843189
11.90588188
12.03333473
9.43333435
4.41176510
8.78431511
8.42353058
6.89411879
7.56274557
5.81176567
4.66666651
5.94313669
8.76862812
5.63921595
2.42941213
1.97843158
5.28235340
11.59019279
12.46666527
12.43725586
9.20588303
5.28627443
9.21568680
9.17646980
7.03725481
7.29607821
5.56862783
4.71372604
5.91372633
9.34902096
4.98431396
2.61372566
2.04509830
5.24117661
13.81568718
12.72352982
12.58235455
8.74509716
6.09215689
9.01764774
9.60980225
7.37451077
6.25686264
5.33333349
5.08627462
6.07254982
9.19411945
4.42745113
3.09215713
1.82745123
5.72156906
14.57843208
11.18038940
11.79608059
9.01764679
6.93529510
8.56862831
10.16274643
7.76862764
5.88627481
5.78039217
5.23529434
5.72941113
7.71568584
4.34705925
4.13725471
1.70196104
6.47843170
13.44705868
9.99215794
11.17450905
9.21960735
7.92156887
8.11764622
10.37255001
7.22941113
6.52352953
5.84117603
5.20588350
5.49803925
5.78235292
4.59803915
6.16078472
1.27058864
6.75490284
13.29804039
9.53921604
10.54117680
9.42156887
8.48823643
7.93921614
10.28431416
6.94509888
6.71764755
5.81764746
5.26470566
5.21372604
5.09411860
5.46666670
7.77843142
0.85490227
6.51176453
13.54117966
9.48627663
10.13921547
9.25097942
8.33333397
8.12156773
10.35294056
7.18431473
6.93333292
5.61176538
5.35882425
5.20392179
5.81176519
6.11960793
7.94706011
0.97450995
6.29019642
13.42745304
9.87843132
10.49411774
8.91568756
7.79607916
8.31960869
10.17843151
7.77843189
7.44313622
5.45098114
5.38823557
5.29411888
6.75098133
6.45882416
7.01176500
0.84901977
6.65686321
12.30784416
9.69411755
10.12941265
8.42157078
7.43725586
8.63333416
9.44902134
7.69803905
7.47058773
5.09804058
6.09804010
5.69215775
7.96274567
6.35686302
4.81372595
0.73137259
6.77254963
10.91176605
9.40784359
9.42548943
8.24117661
7.50196218
8.91568756
9.12941360
6.72352982
7.64313745
5.09803867
6.71960783
6.01764727
8.28235340
6.71960783
3.07843137
0.87254912
6.42156935
9.40392113
9.66274643
8.61764717
8.60392094
8.09803963
8.90392113
9.33529472
6.05294085
8.41568661
5.92548990
6.19607878
5.73921585
7.34117794
8.14117718
3.30980372
2.02745152
6.24510002
8.00980568
9.76274586
8.39803982
8.83921814
8.49411774
9.03529453
9.64117813
5.55294180
8.39803886
6.68823624
5.34313822
4.85097980
6.03137350
9.03137302
3.52941227
4.48235273
6.67451096
7.66470671
9.78431511
8.40588284
8.65882397
7.76666641
9.57058716
10.11568737
5.35098028
7.47254944
6.86470604
5.80196047
4.18039227
4.84509802
8.63137150
3.45882392
5.56470537
6.57255030
8.62941170
10.47255230
8.56862831
7.75294113
6.58431387
9.72549057
9.89019585
5.78823614
6.64117670
6.27451086
5.87254906
4.11372566
4.31568623
7.50980473
3.20392179
4.41176510
5.96470594
9.32352924
11.62745190
8.56862926
7.11568594
6.53529453
9.83921623
9.75882339
7.32941103
6.70392179
5.37647104
5.75098085
4.33529425
4.16470623
6.20980406
3.24313736
3.43725514
5.90392256
8.33529377
11.91764832
8.81764698
6.77451038
6.61372614
9.64705849
10.01372337
9.20196056
7.09411764
4.95490265
5.45097971
4.09803915
4.05294132
5.32549047
2.67647099
2.99411774
5.69411755
7.42353010
11.66862869
9.29608059
6.62352991
6.70784283
8.89607906
10.04313660
10.33529472
6.70588303
4.81568718
5.59607983
3.84509826
4.30196047
5.21568632
1.97843182
2.75882339
5.64509916
7.48431349
11.62549210
9.16862774
6.61372566
7.64117718
8.64313698
9.92745209
10.80000114
6.62745190
4.73921585
5.16666698
3.89019656
4.71764708
5.37254906
2.04313755
2.50196123
4.70000029
8.35686207
12.42156982
8.54902077
6.64313793
8.26078606
8.97059059
9.71960926
11.11176682
7.77058887
4.86666679
4.70392227
3.76470590
5.18823576
5.02941227
1.91764748
2.30784321
4.71372509
8.54705906
12.42549229
8.26274681
6.90196133
8.34313869
9.19804096
9.50784302
11.07058907
8.56470394
5.21764755
5.14705849
3.60000014
4.99215651
3.14509845
1.87254953
2.00980401
5.11764765
8.55686378
11.13529491
7.58235455
7.09215689
7.98235273
9.31372547
9.40000057
10.66274452
9.93725395
4.81176519
5.37451029
4.13725471
5.01764727
3.08039236
2.12941170
1.87058830
5.43333387
8.69999981
8.89019680
6.98039293
7.31568670
7.21764755
9.13725567
9.98627663
10.08627510
11.02352715
4.44509840
5.39215660
4.84902048
5.78039169
4.02549028
1.98235321
3.09019661
5.49607897
9.07254982
8.16274643
6.57647133
7.27058935
7.22156858
8.41568661
10.77254963
9.54313660
11.68823528
4.46274519
5.87058830
5.08039284
7.73725557
5.09215784
1.59411776
5.19999981
5.18823528
8.71960735
8.39803982
6.94705915
7.10784340
7.07058859
7.64509916
10.52745056
9.46666813
11.87451077
5.52941179
6.56078434
5.51568699
9.30588341
5.69215727
2.37058854
7.42352962
5.34313774
7.91764784
8.86470699
7.87843180
6.90784359
7.03725529
7.57058907
10.19804001
10.27451038
11.61372662
7.00980473
5.88823509
6.18235254
10.63529491
5.90784407
2.46862793
8.96078491
5.65686226
7.93529558
9.98823357
8.09803963
6.53529406
6.94705915
8.27058887
9.38823700
11.31176662
10.43725586
9.00000000
5.43529367
5.29215670
11.29607773
6.25294209
2.12941241
9.20784187
5.69019556
8.93725586
10.49411774
7.41764736
6.51764679
7.17647171
9.01764774
9.01176453
11.80000401
8.37843132
11.56078720
5.09019613
4.90784359
9.96274471
5.69607925
2.17843151
8.93137360
5.90000057
10.11372757
10.23725700
7.04313707
7.04509783
7.29019642
9.08235359
9.14117527
11.33725739
6.77450943
12.34902191
4.53333378
4.73137283
8.03333378
3.97843170
2.26274538
8.41960716
5.42549086
10.36862946
9.65294266
6.99215794
7.21176481
7.16078568
8.93529415
10.03921318
9.88627529
5.87058878
12.54509926
4.31568623
4.47254944
6.58039284
2.92941213
2.54313779
8.15294266
4.95686340
9.48235512
9.16862774
6.50392151
7.05098057
6.87843180
8.41764641
10.99608040
7.81960773
6.44901943
12.79607964
4.08627462
4.25098085
4.57058907
3.12352991
2.53333378
7.73137236
4.94705963
8.37451077
8.68039417
6.35882378
7.59607887
6.49803877
9.04313850
11.05490398
6.61372566
6.63529539
13.14902115
4.32941198
4.49803925
4.30196142
3.28823566
3.26470613
7.11960888
5.04705906
8.61372566
7.98823547
7.02941275
8.22352886
6.45098162
9.48431301
10.41176510
6.43333292
6.21960735
13.60000134
4.70392179
4.59411764
4.40980387
3.27254915
3.73137259
7.12352943
4.97058868
8.01960850
7.39411831
7.74117804
8.57058811
6.51372576
9.40196133
9.80000114
6.88039160
5.45294237
13.59019852
5.78235340
4.65490246
4.53529453
3.50784326
3.91960835
7.08235407
4.63725519
6.68039274
6.46078539
7.79607821
8.69607925
6.56470585
9.32353115
8.97451019
7.74509859
4.86666679
11.74117661
6.98235321
4.42745161
4.28627348
3.26666689
3.87843204
6.62549019
4.07647085
4.80588245
5.50588274
7.95686388
8.16274643
6.20392227
8.19411850
8.01372623
8.16274643
4.49411774
10.49019527
8.50196266
4.90588236
3.83333349
3.25490236
4.04705954
6.98039150
3.84509826
4.45294046
5.68039274
8.55882454
7.47451019
5.27058840
7.32549095
7.52745199
8.58039379
4.72156858
9.28431511
9.79803848
4.79215765
4.15490150
3.09411740
4.66078472
7.19804001
4.11568642
5.15098047
6.10196114
9.46666813
7.00000095
4.75686312
7.04313707
7.26078558
8.18823624
5.20588207
8.37843132
10.57451153
4.64509821
4.81960821
3.85098076
5.89411783
7.34902000
4.89803982
5.50392151
6.12941313
9.92941189
6.44117737
4.96862841
7.77254820
7.50588417
7.77843189
5.58627415
7.47843218
10.17647171
4.86666727
5.16470671
5.61372519
5.69804001
6.98235273
5.35097980
4.95294142
4.89215755
9.71176529
5.64509916
5.28431368
8.09803772
7.58627319
7.50980425
5.89411736
7.25098038
8.86078453
5.98431396
5.46862841
6.41764736
5.48627520
7.57058859
5.31960726
4.78235340
4.34313726
9.32157040
5.57451010
5.17451000
7.74313736
8.89608002
7.78627491
6.59215832
7.77647018
8.09019756
7.50000095
6.99607992
6.25294065
6.05490255
8.11176491
5.33529472
4.51568699
4.90784264
9.12941170
5.70392179
4.48431492
7.24509859
10.05097961
8.41176510
7.58823490
7.97058821
8.43137264
8.42156887
9.67254925
6.22353077
7.80980396
7.85294151
4.74902010
4.09803963
5.25882339
9.77254963
5.53921604
3.86470628
6.25882292
9.97450924
9.23921490
8.65294170
7.71568727
8.35294247
8.90588379
13.27451038
6.26078367
8.95294189
7.39019632
3.92745113
3.39019656
5.28235340
10.84313869
5.61960888
3.74313736
5.49411821
9.40588284
10.26078606
9.43137360
7.93725491
8.50195980
9.31764698
15.05294323
6.58823633
8.91568661
7.75294065
4.01764727
3.09607887
5.06470633
10.94509888
5.79215717
3.87647057
5.74902010
8.90392303
11.16274452
10.31372643
8.68627453
8.75882530
9.43137264
15.11372757
7.94705915
8.90196133
8.48823547
3.89607835
2.15882373
5.61372566
10.60000038
5.90784359
4.62549114
6.22549057
9.10980511
11.86274719
10.60392284
8.90588284
9.40392303
10.19215679
15.06666660
9.07254887
9.76862717
8.46666622
3.86862779
1.98039222
7.48235369
10.62157154
5.52548981
5.33333397
6.50784397
9.37059021
11.89019680
10.83333492
8.86470604
10.08627510
10.67646980
15.82549191
9.75882530
10.70588303
8.50392151
3.83529377
2.12745142
8.54509735
10.68039513
4.82941294
5.30196142
6.25097990
9.07843304
11.45098114
10.80588341
8.87058830
11.11764717
11.12549210
15.83921719
9.96666908
11.86078548
8.86666775
3.83529449
2.60000038
9.47451115
11.00392246
4.24313736
5.62352991
6.05686378
8.94313717
11.01176453
10.91960716
8.92352962
11.83529568
11.77647018
15.52941608
11.36666775
12.35294056
9.22157001
3.71568608
4.12352991
10.81568623
10.35098076
4.30588198
6.80392170
6.47058868
9.43921566
10.76470566
11.73921585
8.37647057
12.35294151
12.70784378
14.54313946
13.24902153
12.17646980
9.36470699
3.44313741
5.19607925
10.44117737
8.50392151
4.92352867
7.60196066
6.99019527
9.77647209
10.57451153
12.96470642
7.84313679
12.90784264
13.90000057
14.61176491
14.09412003
11.91960907
8.83921432
3.39411807
5.71960831
9.81568527
7.17058849
5.35098028
7.68235350
7.15882301
9.88431263
10.13137436
13.77058792
7.87843132
12.70784283
14.63137531
14.48823643
14.45882320
11.21960640
7.69804001
3.60980415
7.21568727
9.40980339
6.79803848
5.30980396
7.50000000
6.91372585
9.96666622
10.16078377
14.09215832
8.40588284
11.95882511
14.27451038
13.03725243
14.31372643
10.29607582
8.17254829
3.95098066
8.06862736
9.27254963
6.89215803
5.20588207
7.30195999
6.87843275
10.04313660
11.11568642
13.59215927
8.98039246
11.81961060
13.81764889
11.14902115
13.66274452
9.56274509
8.52745152
4.26274490
7.61372662
8.50392056
6.31568813
5.33725452
6.99019527
7.37843227
10.72156906
11.15294075
13.18431091
9.83137321
11.37058830
13.60980320
9.55098057
12.91176510
8.54902077
8.72157001
4.56078386
6.27254963
8.39804077
5.85882473
5.31372595
6.83529425
7.72353029
11.11176395
10.63137436
11.49215794
11.11764622
11.56470680
13.34902000
9.16470718
11.53725624
7.76666737
8.72157097
4.74117708
5.65490198
8.60588264
6.15098095
5.32549095
6.43333244
7.37058830
10.64313793
10.88431549
10.06274605
11.55294228
11.77059078
12.67647266
9.02549076
9.79019928
7.38235283
8.53137302
4.58627510
5.97058868
8.15882397
5.79803944
5.57843208
6.08823538
6.98823738
10.19803905
11.26862812
10.14313793
12.08823681
12.10784435
12.19803905
9.19607830
9.24117661
7.46078491
8.56078529
4.27646971
6.15294123
7.58627558
5.58235216
5.88627529
6.22941113
6.80980396
9.88235378
10.93921471
10.65490055
12.48039341
12.44901848
12.06666851
9.66078377
9.74705982
7.88039351
8.74705887
3.61960816
6.37451029
7.05098057
5.35098124
6.19019699
6.62745094
6.58039236
9.43921471
10.45686436
11.47451019
12.51176453
11.64902020
11.90196037
9.60588264
10.04117584
8.26862812
8.51960850
2.59019613
6.69607830
6.55294180
5.01176548
6.44705915
7.12941217
6.64705944
8.83529377
10.50195885
11.57255173
13.13137436
10.69215870
11.71960735
9.96666813
9.97646999
8.19019508
8.10196114
1.84901989
6.43921614
5.53333473
4.83137321
6.82156897
7.18039322
6.80196190
8.35098076
10.17843246
11.76470757
13.45686245
10.99411774
11.90784264
10.30196381
9.46078682
7.12941217
7.10980415
2.05098081
5.37058830
5.02352953
4.93333292
6.90588284
7.00392199
6.70196199
7.80196142
9.58431435
12.12941074
13.32156849
10.89411831
11.34117699
10.96862698
8.81372547
6.09411716
6.60784245
2.12352967
4.16666698
5.34901953
4.83137274
7.08431387
6.63137341
6.80784416
7.34901953
9.23529625
12.13725376
12.76470661
11.11372471
10.96078396
11.57254696
8.13725567
6.32549047
6.70784330
2.40588284
3.64117670
5.98235321
4.17647123
7.73333359
5.92941236
7.02745199
7.29803944
9.36470604
12.02745056
12.85686302
11.92745113
10.94509792
11.74314022
8.67647076
7.21568680
6.90196085
2.60196114
3.82156897
6.31960869
4.15686226
8.77450943
6.09215689
6.41176558
7.38235235
9.53725433
11.96862793
13.72549057
12.68431568
10.50588417
11.45294189
9.09019470
7.70784426
6.83137226
2.57058883
4.36274576
6.75490284
4.89803982
9.56078529
6.09804010
5.52941179
7.49607849
9.66274643
11.82353020
14.48431492
12.97843552
10.96274567
10.83333492
9.45294189
8.33137321
6.99607897
2.44313788
4.92156887
7.28039217
6.19215775
9.91372299
6.44901943
5.33137226
7.95686340
9.83137321
11.89019585
14.70980453
12.70196152
10.96666622
10.24705887
11.51764870
9.32941246
7.77058887
2.07451010
5.21764708
7.78039360
8.08823586
10.09608173
7.17058897
5.62745142
8.29803944
9.82549095
11.67451191
14.43725586
11.93529415
11.25490093
11.00392151
13.23137283
9.69215775
7.66862869
1.95098066
4.93333292
9.14117622
9.47058773
9.40588474
7.36274576
6.70980358
8.54901886
9.99019623
10.55882549
13.50588322
11.40392494
11.48823547
12.29215717
13.79607773
10.01764774
6.95294046
2.75686336
4.80000019
10.32548904
10.41372585
9.53725719
7.51960850
7.89019537
8.94117641
10.08823681
10.59019947
12.73725510
11.05686092
10.61176300
12.43333435
14.13529396
11.07647133
6.34902096
3.70392179
5.41960859
9.98431492
10.74510098
9.48627567
7.24313784
8.47255039
9.22353077
9.61764717
11.18431377
12.65294075
10.59019852
9.30195999
11.74313831
14.62549400
11.58431435
5.86666727
4.43529606
6.57843113
9.64901924
11.18627644
9.39215851
6.55490255
8.60196209
9.53529644
9.08627415
11.49608040
12.05098057
10.97255325
8.95686340
10.20588207
14.61372757
12.14901924
5.42549038
4.18823576
7.94901991
9.39411926
11.90000248
9.23921871
6.14902067
8.47058868
9.36666775
9.28039360
12.11568737
11.24117470
11.89019394
9.11176491
8.78039265
14.21960735
12.38235474
5.39607906
3.33529425
9.41176414
9.24509811
12.55098057
9.08431244
5.59804010
8.29607868
8.60392094
9.78823471
12.64705849
11.68627548
11.82549095
9.10784435
8.90392113
14.25686359
11.85882378
5.32352877
3.04509830
9.99215794
10.48235512
12.97451115
8.59019661
4.96078491
8.21764660
8.22352982
9.91372490
12.76862907
12.59803963
11.49411964
9.12549019
9.18627453
14.11960888
10.85882378
4.86274481
3.05882359
9.51372528
11.44706249
12.65098095
7.60784388
5.00980425
7.58235359
8.71568680
9.56078434
12.40980530
13.08431435
12.14902020
9.86666584
9.73921585
14.14902306
10.85882568
5.02941227
3.43725491
9.34313774
10.70588207
12.18823624
7.01764727
5.47254992
7.53725529
9.37843037
9.61764717
11.77058983
12.86862755
13.47647285
10.77647209
10.46862698
13.45490265
12.28235149
5.09607840
4.02941227
9.71176529
9.50980377
11.26078415
7.05882454
5.60196018
8.43137264
9.88823509
9.97254848
11.13529587
12.63921928
14.50196171
11.93529606
12.52156830
13.63137341
13.09411621
5.33725500
4.64117670
9.54509926
9.11372471
10.23529530
7.30588245
6.17254829
8.98039246
10.08627510
9.97451019
10.67058945
12.59803963
14.23725510
12.17843151
14.30000496
17.12352753
13.51961136
5.79411840
5.20000076
9.29804039
9.13333321
9.46078300
7.69411707
6.77451038
9.34705925
9.80980396
9.38235378
10.64902020
12.72549152
13.27647209
12.01176548
15.38039494
19.19412041
13.49608135
6.83725452
5.29607916
8.38431454
8.64705944
9.19019508
8.06666565
7.11568594
10.08235264
9.64706135
8.33529472
10.67254829
13.53333378
13.50195980
12.81176567
16.00784492
19.88431549
13.87647247
7.14705849
5.13333511
6.82941151
8.00784397
9.68431377
8.17058945
7.46078539
10.16274548
9.46862793
8.35098076
10.36078548
14.59607792
13.69999981
13.75490284
16.22352791
19.83333397
14.07058811
7.19607925
5.38627481
5.79411793
7.97451019
10.24117661
7.81372547
7.66470575
9.93137264
10.13921642
8.40784359
10.28039169
14.86470413
13.90392303
13.77843094
16.70196152
19.34117699
14.03921604
7.14509726
5.54705954
5.10000038
8.56274509
10.28823471
7.32156944
7.58823586
9.66470528
11.10784340
9.13333416
10.41372585
14.13921547
13.63333511
13.66274643
16.88627434
17.95685959
13.45097923
7.87646914
5.63725567
4.95098114
9.39999866
10.11176491
7.10196114
7.92156887
9.69215679
11.84117508
9.88431454
10.48431301
13.26078415
13.30196190
13.16862679
15.74509811
16.56078720
12.75882626
9.08627605
5.85686255
4.93137360
9.71176529
9.90784454
7.18235302
8.31960773
9.44706059
12.37450886
10.09411812
10.42156887
13.16666794
13.07058811
12.93725491
15.13333321
15.74117851
12.07254791
10.57843208
6.56274605
5.42548990
9.44902134
9.42157173
7.20588303
9.19607735
9.33921719
12.65490341
9.85490417
10.76274586
13.23921680
12.28039360
12.71372604
15.46470737
15.62353039
11.60000038
10.80588150
8.24705982
5.77843285
9.44313717
8.52745056
7.84509850
10.35686207
9.84706020
11.92156887
9.37450886
11.18823719
13.24117851
11.57450771
12.77843285
15.81372738
15.97451210
11.87843132
10.60392380
9.62352943
6.00980473
9.23137188
8.02745152
8.26862717
10.91176510
10.35882568
11.31176472
8.35882378
10.68627548
13.83921528
11.83921528
12.79607868
16.51960945
15.90196228
12.90980434
11.15098286
9.70196152
5.20784378
9.45490265
8.06470490
8.32745171
10.95882320
10.52157116
11.13333416
8.02353001
9.92549133
14.37255001
11.95882511
12.96862888
17.40784645
15.05294323
13.96470737
12.90196228
9.04509830
4.42156887
10.75294304
8.04901791
8.93529606
10.47058773
10.62941360
9.95686340
8.87646961
9.80980206
14.45882511
11.57058811
14.01176453
17.40980911
14.76470566
14.75686264
13.65882397
8.27058983
5.42745161
11.32352829
8.11568737
9.32549000
9.44509792
10.51372433
8.83137321
9.58627510
10.07255077
13.94902039
11.75098228
14.82745266
17.54706383
15.06078339
15.00784588
13.39215660
8.08431339
8.10000038
11.21764946
8.67450905
9.28823471
8.59019661
10.43529510
7.85686350
10.30980396
10.65882492
12.44313812
12.17254925
15.37451172
18.31372643
15.45294094
14.29411793
12.82941341
7.46862793
11.36078262
11.32548904
9.18431473
9.50196266
8.17843246
9.76078606
7.47058773
10.69999981
11.22745228
10.75294113
12.23137283
15.66862679
18.06471062
15.51176548
13.66078568
12.75294304
6.54313803
14.03725719
11.09411907
9.30196095
9.52353001
8.47647095
9.35882378
7.75098133
10.75686359
11.79215622
9.96078587
12.44901848
15.23333645
16.40000153
15.12745285
13.22157192
13.16274548
5.65490150
15.23529720
10.73725605
8.89215660
9.64117622
8.27058887
8.78627491
7.92352962
10.22549057
11.99608135
9.67254925
12.68235588
14.17058754
15.13137436
14.55293846
12.96862793
12.88039398
5.50392246
15.04705811
10.95686436
8.92353058
9.61764622
8.44509888
7.90196133
8.23725700
9.93529606
11.87254906
9.97451019
12.33333588
13.26274300
15.68823624
14.36470795
12.35294342
11.75098133
5.69607925
13.78627491
11.20196056
8.87451077
9.25882530
8.41568661
7.29019690
8.67058849
9.91960907
12.10588455
10.78235245
11.72745228
12.93333435
16.07647133
14.49215698
11.44902420
10.50195980
5.75882339
11.29607964
10.41176605
8.05294132
8.86666679
7.83725452
6.62745237
8.78235435
9.26274490
12.35098267
11.13725662
11.18039322
11.30000114
14.97647095
14.22157001
11.17254925
9.71372509
5.99803972
9.59411907
9.20392323
7.38039303
8.44117641
7.17451048
6.33333349
8.73921585
9.10000229
13.15686417
11.33137512
11.18431568
9.68627548
12.87255001
13.64902020
11.17451096
9.24313641
6.72941113
8.68039227
8.47451115
6.68823528
7.93137217
7.22156858
6.79607916
8.55686378
9.41372490
13.33921814
10.94117737
11.96078587
8.63725471
10.49411774
13.02157211
11.26863003
9.64117908
7.89803982
7.32352829
8.06470680
6.61372566
7.53137207
6.97450972
7.00980473
8.91372681
10.06666660
12.31176472
10.65098190
11.30784321
8.22549152
9.44901848
12.43725967
12.04705906
10.86666965
8.45882320
6.24902010
7.98039198
6.61372709
7.58823681
6.63529491
7.47647190
9.15490150
10.47647190
11.87450981
11.07843113
10.28627396
8.26274586
8.83529472
12.89608192
12.30196285
11.01960850
8.59019756
5.79411936
7.98627472
7.55098152
7.62156916
6.10980463
7.19215775
9.11568737
10.09803963
11.90980434
12.20588207
9.47255039
8.36862755
8.78039265
12.78235531
12.21960545
11.03921509
8.03333473
5.61568499
7.85490274
8.98627663
7.93137360
5.53333378
6.84706020
8.96078491
9.85490322
11.61764717
12.60980415
9.11372471
8.13529491
9.34902000
12.71176815
11.57058811
10.80588436
7.01568699
5.56862783
7.64509821
9.95490265
8.12549114
4.68823576
6.64313650
8.64117813
9.71568680
11.62548923
12.05882263
9.29215527
7.59411716
9.42156696
11.86274624
9.46274471
10.07058907
6.45294237
5.24117756
7.56274605
10.66078377
7.53921413
3.87254977
6.72352982
8.55294037
8.89411926
11.36666775
11.89215660
8.89019775
7.70980358
9.83529377
11.90000248
7.66666603
9.17255020
5.97843218
4.68235302
7.80980396
11.06078339
7.17254829
3.83529449
6.35490131
8.70980644
8.29607773
10.60000038
12.45490074
8.36470604
8.20392132
10.22156906
11.59215736
7.59804153
9.04117680
6.27451086
4.60392189
7.98823595
10.83529472
6.45098066
3.84901977
6.60196066
8.53725529
8.84705830
10.15490246
13.18431377
8.25098133
7.99607944
9.44705772
10.65686417
8.00588322
9.36470604
7.48039246
5.07058907
8.01568604
10.25098133
6.14313841
4.28431368
7.14901972
8.67255020
9.97058773
10.24509811
12.80000114
8.47843266
7.77254820
9.25882339
10.16666794
8.07647228
9.90784454
9.30392265
5.11372662
8.04509830
10.41568756
5.90196133
4.96862793
7.33725548
8.54313755
9.91568565
10.29804134
12.65098095
8.78039360
7.10588217
9.45097923
10.03333473
8.37255001
11.00392437
10.79803848
5.08235359
8.87451077
10.42549133
5.57255030
5.70784378
7.01764727
8.54705906
9.74510002
10.40196133
13.15294266
8.52745247
7.12549114
9.28823757
8.81568623
8.12745190
11.50784302
10.47451115
5.44509792
9.81568718
9.77843189
5.58235407
6.77451038
7.16078472
8.39607906
10.05097961
10.32353020
13.31764793
8.09999943
7.39019680
8.52745152
7.49019670
7.50980377
12.48235416
9.97255039
6.53137255
9.51960850
9.43137264
5.65098000
7.13137293
7.20392179
7.69803953
10.01176548
9.81764793
12.91568756
8.30588245
7.66862631
7.89215803
7.61372471
7.72549200
13.47255230
9.15490150
8.06078529
8.99607849
9.43529415
4.96470690
7.16666698
7.93333340
7.50196075
10.31960678
9.82745075
12.08627605
8.95686245
7.33529472
8.01372623
8.23725510
8.00000000
13.98823738
8.11372662
8.88823700
9.35882473
9.50196266
4.20980453
8.23921585
8.59019756
7.44705963
10.12549019
9.91372490
10.83333588
9.33137417
6.93725586
7.97058916
8.38431454
7.36274576
13.67451286
6.71372700
9.16078377
11.22745132
9.22156906
3.71960783
9.82352924
8.72745037
7.06470490
9.30588055
9.43529415
9.50196075
9.38039398
6.93529367
8.09019661
9.60588360
6.71372509
12.63921547
5.40784359
9.12156868
12.53921890
8.47058868
3.54117680
11.07451057
8.39804077
6.79411745
8.76862812
8.38627434
8.54902077
8.84117603
7.06470585
8.25294113
10.68627548
7.13921642
10.99019527
4.51764774
8.81961060
12.97451019
7.59999943
3.37058878
11.65490246
8.16274548
7.06274605
9.05490017
7.83137321
7.69019604
7.95098114
6.73725462
8.00000095
10.48039436
8.86470604
9.08627701
4.07254934
8.81568623
13.09804153
5.92941236
4.45098019
12.50784302
8.14705944
7.30588245
9.29411888
7.93529510
7.38823509
7.38431263
6.29607916
7.83137369
11.80000210
10.10392094
7.42549133
4.98431396
8.72745132
11.99804115
4.66666698
6.44117641
14.00588417
8.30784321
7.29411745
9.44705868
8.21568680
7.64117670
7.14902020
6.15294123
7.71764755
13.94117737
9.92352867
6.26666832
6.25294113
8.21176529
9.97255039
4.63529396
8.92941284
14.58627510
8.82745361
7.93725491
9.84509850
8.35882473
7.17843246
6.68039274
6.17843199
7.42156887
15.88823509
9.15294170
5.54706001
6.87451029
7.61764717
7.55686283
4.78431416
11.46274662
14.09999943
9.18431377
9.04706001
9.90980530
8.12353039
6.61176538
6.09019566
6.44902039
7.46862793
15.89411926
8.65294170
5.15490198
6.52549028
7.07058859
5.75098085
4.99804020
12.48235321
13.57058716
8.94117737
9.63921642
9.47843170
7.92745018
6.63529396
6.08235359
6.59019661
8.00000000
14.54313850
8.50980377
5.63725615
6.49215698
6.74509859
4.76666737
5.51764727
11.87255001
13.00392437
8.38039112
9.80195904
9.19411755
7.97254944
6.52745152
5.36862707
6.52156830
8.85686398
12.12941265
9.09803963
7.34902096
6.58039188
5.91568899
4.87647152
6.31764698
11.24117470
12.23333359
7.60000038
9.50588036
8.94902134
8.13333321
6.24509859
4.57450962
5.84117699
8.58431435
8.93921566
9.31176376
8.65490341
6.77843189
5.26470613
5.23529387
6.69999981
10.86862850
11.66274548
6.87450886
9.19411945
8.86470604
8.10980320
5.67254925
4.04509830
5.84117746
8.99411774
7.61960840
8.14902210
9.00980473
6.45294142
4.78627491
5.54313803
6.34313726
10.73137379
11.55294228
6.64902115
8.64117622
8.88823509
7.81764650
5.13529396
4.29411793
6.14705849
9.24117756
7.10196066
7.34313726
8.33137417
6.14902020
4.60196066
5.40196085
5.93529367
10.56078339
11.66274548
6.87647057
7.85490227
8.93137360
7.79019737
4.63137245
4.44313765
6.41960859
9.14509773
6.54509878
7.32156801
6.21568632
6.14705944
4.74509859
5.13137293
5.86274529
10.25294209
11.76470375
6.85686302
7.41960859
8.85882568
8.34706020
4.77254915
4.73529387
7.53921604
9.86862755
6.61960745
7.19803810
4.27450991
6.73725414
4.80392313
5.40392351
6.23333406
10.56470680
11.65098095
6.48039246
7.23137331
8.69411850
8.94509792
5.81568718
6.07451010
8.62549019
11.43137360
6.39607906
6.16274548
3.88235331
8.19215775
4.86862707
5.96666670
6.76274538
11.68039227
11.33137226
6.71176434
6.84117651
8.75882435
8.86470699
7.14705992
7.59215832
9.24117851
11.59215736
6.41568613
5.31568670
5.00588226
10.41764736
5.30000019
6.04902029
6.98039246
11.99215889
11.24313641
7.28823614
6.05686188
8.52352905
8.85490227
8.36078453
8.46078682
10.37058926
11.61372852
6.30784273
4.98823547
7.11764812
11.97843266
5.70980406
5.93137312
6.90000105
11.76862621
10.58039284
7.59607935
6.07254887
8.02156925
8.87843132
9.18039227
8.32353020
11.44509888
11.35882568
6.54705954
4.36666775
9.11960793
12.19803715
6.00588226
5.72156906
7.66078472
11.72549057
10.45882320
7.61764717
6.71764851
7.55294037
8.94117641
9.60000134
8.58823681
11.63725662
9.94314098
6.68627548
4.45686293
10.86862755
12.35294056
7.19411802
5.61960888
8.86470604
12.35490322
10.17451096
7.67450953
7.36274529
7.24509859
9.05098152
9.66274738
9.48823547
11.76274490
8.48039341
6.74117661
4.20588207
11.71764755
11.82745266
8.15490150
5.47647142
9.21176624
12.67059040
10.18431473
7.39411831
7.79215717
6.97843266
9.07843304
10.02548981
10.19608116
11.29411888
7.97254944
6.64117670
4.26666689
12.28431511
10.59019566
8.17843151
5.28235340
9.43921566
13.13137627
10.50000000
6.69019604
7.92352962
6.88431358
8.72745132
9.91176605
11.47451115
10.33333302
7.32548952
6.21960831
4.84705877
12.17842960
9.96470642
7.83921528
5.72745371
9.89019680
13.61568642
9.77843380
6.20000076
8.13137341
7.08627462
8.24117565
9.79019737
12.77647018
10.37058830
6.37647152
5.96470690
5.63137293
10.14705849
8.80588245
6.88823605
6.53529501
9.82549095
14.31176376
8.82549095
6.16470528
8.58235359
6.99999952
8.09019661
9.10392094
13.23921585
10.97255039
5.79411745
5.91176558
6.51960802
8.88431549
8.75686264
5.61568737
7.21960831
9.98823547
14.25490189
7.78627539
6.09215832
9.15294075
7.03725529
7.68823481
8.70980358
12.88235283
10.52745056
5.81960869
5.30980396
7.55490303
8.63921642
8.92549038
4.92156839
7.17647171
10.40784454
13.39804173
6.99607849
6.13921642
9.47843170
7.17843199
7.22744989
8.95686245
11.31764889
9.62156963
5.65294266
4.94705915
8.40784359
8.87843227
8.68627453
4.48627472
6.59803963
11.10784435
12.23137283
6.28823566
6.94901943
9.46078587
7.38627434
6.86666679
9.56666660
9.39215660
8.79215813
5.24902105
4.31960821
10.26666737
9.09215736
8.44117737
4.40000010
7.00000048
11.76078415
10.99019527
6.04705906
7.60000086
9.37647057
8.09019566
6.48823547
9.06078625
8.29019642
7.72941303
5.47843122
3.75294137
12.50980377
8.60196018
7.56274605
4.57843113
7.61764669
12.23137188
10.37647152
6.16078520
7.38627529
9.09411907
9.53725529
6.39803886
7.52156878
7.11372519
6.95882320
5.39411879
4.22941256
13.69019508
7.35882378
6.45686197
4.69803858
8.51960850
13.23137283
9.52353001
5.93333149
6.98235321
8.54902077
10.47058868
6.94901896
6.57843113
6.14313841
6.75098038
5.36078310
5.35490227
14.22941113
6.63529396
6.12745237
4.51176500
10.02549267
14.21372795
8.89411736
5.63921595
6.70588207
8.17451000
10.37843132
7.67451000
6.62745237
6.43529510
6.09215689
5.26666641
6.26862717
14.36862946
7.13725471
5.94902039
4.42745161
11.84509754
14.09411716
8.35490322
5.98039198
6.41960907
7.96078444
10.20980453
8.27254963
6.79607964
8.00392151
5.66862822
5.01960802
7.06274509
14.75098133
7.53921604
6.61960840
4.71372509
12.25294304
13.04509735
7.47254896
6.65490294
5.79803991
7.74313927
9.50980377
8.99411964
7.33529520
9.54705811
5.65294218
4.63921595
8.85686302
14.70784378
7.39803839
7.21960831
5.03333235
11.76470470
12.03333378
7.19411850
6.74901962
5.82156944
7.60980368
8.58823586
9.87843132
7.59019709
10.81764793
5.61176538
5.41176462
11.56078529
13.95882511
7.59803963
7.59411812
5.21372557
11.00392246
11.29803944
7.09411812
6.32941151
5.61372519
7.75882435
8.05686378
10.78039265
7.83333302
11.14706039
6.10784388
6.46470499
13.72156906
13.04901981
7.92941189
7.42352867
5.22941303
11.45098114
10.96274471
6.86862755
6.65686321
5.04902077
7.52745152
8.23921585
11.42548847
7.84117699
10.86862850
7.02549076
6.75098085
14.85882378
11.94902039
7.82941055
7.06666660
5.11960888
12.76666546
10.43333244
6.03921652
7.20392179
4.52941179
7.05098104
8.68235397
11.90588570
7.64313745
9.13333416
8.40980625
7.42353010
15.47254848
10.89019680
8.30588341
6.86666727
5.88235283
13.65882492
9.81764507
6.04313755
7.84902000
4.13137293
6.88235378
8.36470795
12.11960793
7.99019527
7.65686417
9.33725643
8.86078453
15.66078377
10.03921509
8.41764641
6.89411831
7.29411745
14.10588360
9.26666641
6.25686264
8.17843151
4.37058830
6.75294113
7.52941179
11.74902153
8.49804020
6.79803944
10.48235226
11.48431683
15.38627434
8.88431454
8.60784531
7.04901886
9.18431377
14.29215717
8.78823662
6.79607868
8.42156792
4.50588274
6.88235426
7.11960983
10.83725548
9.28823566
7.39607859
11.63137436
13.85686207
14.18627548
7.57647038
8.42156982
6.99803925
10.09215641
13.29608154
8.49215698
7.29215622
8.34705830
4.76862764
7.36078405
7.58627462
10.09019661
9.52745152
7.89215565
11.41764832
14.81961250
12.77254963
7.17254925
7.80000019
6.50784397
10.14705944
12.20980549
7.97843313
7.50784349
7.92549038
5.07843113
7.43137169
8.02353001
9.20980549
9.55686378
8.17058945
10.46078587
15.13725948
10.52941322
8.30980492
7.11372519
6.28627539
9.84313869
11.25098038
7.50980377
7.46078444
7.50392246
5.41372633
6.64313841
8.02941227
8.00392151
9.25882530
8.28235245
10.80588341
14.98235226
9.05294228
9.16274643
6.78039122
5.75882387
8.78823662
10.38823223
8.01764774
7.08431530
7.21372604
5.54901934
5.99607849
7.81960869
6.42941236
8.48039436
8.76470661
11.65294266
13.52549076
8.13333321
9.80588245
6.33333397
5.66666698
8.07451057
9.20196056
8.39411736
6.92941189
6.97451067
5.42352962
5.67647028
7.58823633
6.24902010
8.06274605
9.34901905
12.49412060
11.71372509
8.12941170
10.79215908
6.08039188
6.14902020
8.07647038
8.26470470
8.05490208
7.33921623
6.71960735
5.65294075
5.18627453
7.51176643
6.51960754
8.42745209
9.42745018
13.64117527
11.12549019
11.05686283
13.52745152
6.24705839
6.32745075
8.20196056
7.63921690
7.71568632
8.05097961
6.62941265
6.20784378
4.96470594
7.51764727
6.91568661
8.62156868
9.11176395
13.57843399
10.78431416
14.86470699
15.19215775
6.10980511
6.64902020
8.38823605
7.07647085
7.19804049
8.56078625
6.66274500
6.13725519
5.07450962
7.49019670
7.18627501
8.23333359
8.99607849
13.18235207
10.48823547
17.41764832
13.53137207
5.07843208
7.46078539
8.33921623
6.73725414
6.92941189
7.83137274
6.94117737
