0.29607844
0.17450981
0.14117648
0.26470590
0.14117648
0.09215686
0.21764706
0.33137256
0.30588236
0.05882353
0.07254902
0.01764706
0.03529412
0.17843138
0.14901961
0.18627451
0.16862746
0.31960785
13.31568909
20.64117622
19.97843361
18.54902077
17.05294418
15.64706230
15.00391960
14.92549324
14.84706402
16.14509964
15.89411926
16.27450752
17.97254944
18.37647057
19.01960945
19.48823738
20.81960678
12.91176224
14.99804115
25.76078415
24.74510193
24.00392151
24.02353287
22.70392990
21.88627243
22.00000381
21.63137436
23.11569214
21.87843513
22.53529739
24.02940941
24.03725052
24.26667404
24.71568108
24.96862793
16.30392075
19.01764679
25.47647095
25.04705429
24.48234940
25.10980225
23.36863136
22.80588150
23.27255058
22.93726158
24.12352943
22.68039322
23.23333549
25.26862717
23.94117737
24.25098228
24.76470184
24.82744980
16.41960907
21.48235130
25.24118042
24.51372528
24.54705811
25.10588264
22.99019814
22.93529320
23.89804459
22.21764755
22.83921623
22.14509773
22.74314308
24.52941704
23.14902115
23.87843323
23.89411736
25.56470490
16.37058830
18.87058640
25.18039322
24.45686340
24.00980377
25.09803391
22.66666794
23.18039322
23.96863556
22.35294342
22.69215965
21.74509239
22.61765099
23.41176414
22.72745323
24.37058640
23.99999619
25.75490189
15.71176434
17.71764755
25.30784607
24.44901848
23.60196304
24.90196037
23.22745132
23.55098724
24.65882683
22.47255516
23.58823204
22.14705086
22.70392418
22.54902077
22.88235474
24.32941437
23.77254486
25.03333282
16.95882416
18.81176567
25.84314346
24.05490494
23.05098343
24.12549019
23.06470871
22.84510231
24.48823929
21.74313927
22.93333435
22.09411430
21.82549095
21.44313240
22.61372566
24.16863060
23.77254868
25.22940826
17.10392189
17.95686150
25.13333702
23.18628120
22.48431778
22.92549133
21.72745132
21.58039093
22.54509544
20.51568604
21.27058411
21.34902000
20.04117966
20.19411469
21.70000458
22.99608231
23.50391960
24.52549362
16.97843170
18.36470795
23.37254524
22.39215088
22.04706001
20.72549057
20.50784492
20.02744675
20.00784874
18.87255096
18.83921432
19.14509964
18.29803658
18.65686417
20.53921509
20.56078720
21.75685883
22.98627472
15.30392075
17.57451248
22.63725662
22.01176643
21.59999466
19.32353210
20.12156868
19.02941322
19.16862488
18.27058601
17.28627586
17.88823700
17.25097847
17.64314079
19.19412041
18.83725357
19.88235474
21.96862411
15.52549076
18.81176376
22.45686340
21.95882797
21.59019852
19.47254753
20.36078262
19.24509811
19.42745209
18.66863251
17.93921661
18.14901924
16.91960907
17.75098419
18.18235397
18.46470451
18.30000114
21.30980301
15.42549038
19.54706001
22.98235512
22.59608078
21.86470604
20.56666756
20.96470642
20.33333015
19.70392036
20.44117737
20.75490570
19.54901886
18.21764946
18.72745323
18.22353172
17.72745132
18.36862755
21.38038826
16.16666794
20.01176262
23.29804420
23.12548447
22.69019508
21.97451019
22.22745132
22.32941437
21.63921738
22.90392303
23.94510078
22.49216270
20.33333397
20.47058678
19.22941208
18.68235397
20.38235092
22.26666832
16.76274490
18.84509659
22.54117775
22.65097809
23.73921967
22.79608154
23.13725662
24.14510345
24.35882568
24.31764603
25.62941360
25.29215813
22.00391960
21.77058601
20.37647057
19.14706039
21.84509850
22.94314384
17.95489883
15.18627739
22.58235931
22.33725548
24.00000000
23.08823395
23.31176758
24.83725357
25.75294685
25.16470337
26.36274529
26.12353325
23.91373062
21.89999771
21.34313583
20.77058792
21.85490799
23.43922043
18.07646942
15.90784359
22.55294800
22.32353020
22.70000076
22.81960869
23.17843628
24.61765289
26.01568604
25.31176949
26.46079254
25.80000687
24.59020042
21.55294037
22.11176682
22.81961250
22.85294914
23.74314117
19.09411621
21.40980530
22.54314232
22.17842293
21.60588455
22.33333588
23.04706383
24.09411812
25.73529243
24.34902000
25.48627472
24.33137894
23.95490074
21.32549286
23.17059326
24.03725433
23.31373215
23.76862907
18.84313202
23.37843323
22.40000534
21.97451019
21.46862411
22.04902267
22.59803772
23.85293961
25.11372566
23.22353363
24.73724747
22.79607964
21.95882416
21.50196266
23.57843208
24.47255135
23.64313698
24.76274300
19.36470413
22.62940979
21.71176147
21.55098343
20.91960526
22.01569176
22.30979919
23.31176758
24.30391884
22.81568527
23.44902039
21.99608231
20.68235397
21.68824005
23.00392532
24.28039551
23.81176567
24.89803696
18.86666679
22.61372375
21.40980530
21.93529701
21.18823242
21.80784798
22.18823433
22.35490036
23.02548599
22.81568336
23.28432083
21.19411659
20.20392227
21.04705811
22.59607697
23.92548943
23.30000496
24.08430862
18.77451324
22.12156677
21.87843132
22.71177292
20.95097733
21.52548981
21.80979919
21.48823166
21.91372299
23.20392036
23.08235550
21.31960487
20.10980797
20.21764374
22.54705811
23.17451096
23.59020424
22.85686493
17.55882454
22.04117584
23.21372223
23.63921547
21.01765060
21.42941284
21.90196228
21.92941475
21.23137474
22.24313736
22.14313889
21.43137360
19.72156715
20.32548904
22.23137093
22.04313850
22.49216461
21.24705696
16.25882339
22.87450790
23.54509544
23.44509697
21.54705429
21.42941475
22.57646942
22.10980797
20.51764679
20.75490379
21.59215546
21.32744980
19.58627510
20.95490074
21.75686264
20.96862602
21.35294342
20.65882301
15.87255001
23.22549057
23.09020233
22.64118195
21.37450409
21.59608078
22.88823700
22.29215813
20.06863022
20.21176338
20.87058449
21.20195961
20.22549248
20.94901466
21.41176414
20.82157135
21.26470566
20.37646675
16.20784569
23.52157402
23.37647438
22.53725815
21.23921776
21.36667061
22.96471405
23.18823624
20.25490189
20.18627167
19.92156982
20.78039551
21.19608116
20.49215698
20.79019547
21.14706421
20.72744560
18.80784225
15.63333511
22.48039627
23.49411583
23.24117470
22.39019966
21.15098000
22.67451668
23.68235397
19.41961098
21.11765289
18.64117622
20.84510231
21.52353096
20.28235245
20.17646790
20.87451172
20.09607315
18.60196114
15.76274681
20.59019852
22.89019585
23.46470642
22.49019623
20.94314194
22.03922272
23.21961212
18.91568756
20.87058640
18.91176033
20.86078262
21.14509583
20.44117737
19.86666679
20.27058792
20.17450333
17.82548904
16.10784721
19.64118004
22.94117546
23.08627701
22.00000000
20.79803848
21.93529701
22.93137169
18.03333473
20.56863022
18.82156754
20.44314194
20.67647362
21.00784683
19.56862831
19.74117661
21.00392151
17.30196381
16.59803772
19.64902115
23.11176300
23.22941589
23.00784302
20.50196266
22.19804573
23.63725281
17.99999809
19.57058907
19.56666946
20.69411850
20.88039207
21.17059135
18.83137131
19.47451019
21.90784836
16.98235321
16.47647285
18.38235474
22.97647095
23.27843857
22.60392761
21.52352715
22.33137512
24.48039246
18.52745247
18.40588188
20.40588951
20.73137093
21.10392380
20.30000305
17.78431702
19.52156830
21.83725357
16.99607849
15.92549324
17.54313850
23.85098457
22.88628006
21.68823433
22.56079102
22.63921738
24.70392036
18.41764641
17.26470757
20.85882378
21.20980263
20.23725510
19.51176643
17.02157211
19.41961098
20.70980835
16.42548943
17.65686035
17.90784645
24.16666794
22.98039627
21.20980072
21.73528862
22.25883293
24.23921204
18.99803925
16.90196037
21.43529701
20.92548752
19.82156563
18.77255058
16.65686417
19.73529053
19.76667023
17.10000229
19.16862488
18.00784492
23.26470757
22.22157097
20.59803963
20.88235474
21.07255173
22.46863174
18.55882835
16.90000153
21.81960678
20.85490036
19.30784607
17.86078835
16.27254868
20.24706268
19.43137360
19.19215775
18.44705963
17.43333626
21.73137665
21.21568680
20.92352867
20.12156868
19.99215698
20.97059059
17.58039856
16.54314041
22.37059402
21.03529358
18.09215546
16.55489922
16.46078491
19.73529434
18.74705887
20.12353134
16.98627853
18.03137016
21.11568832
20.39803696
21.18627739
19.95882607
19.69999695
20.50392532
17.10392380
17.18235588
23.47058868
21.18038940
18.02157021
15.86274529
16.38039398
18.85293961
17.22745323
19.56666565
15.87843418
17.46862602
20.44705963
19.25882721
21.35686684
19.66863251
19.55097580
19.63137817
17.51372528
17.29411888
24.55882835
20.81372643
17.68431473
15.73725891
16.71372604
18.50196075
16.58235741
18.01764870
15.41176605
17.65098190
20.20588493
19.56862831
21.12353325
19.25293922
19.18823433
17.72353172
17.21568871
17.35882568
23.68627548
20.13137436
16.91372871
16.05490494
17.92156982
17.98823357
17.08039284
16.07058907
15.02157021
17.98235703
20.19019508
20.03529358
20.80392265
18.91764450
19.10196114
17.12549210
16.71960831
18.50784302
21.24901962
18.37254906
16.07843399
16.99608040
18.63921738
17.68431282
16.91568565
15.61960983
14.83725643
17.48039246
19.86470795
19.71961212
20.28823853
18.40196037
19.36666870
16.89215851
17.43333626
21.77843094
18.17647552
17.57058907
15.69804192
17.72941399
18.88235283
18.17058563
16.40784454
14.79215908
14.75882626
17.72941208
19.25098419
19.37058830
19.36470795
17.82941055
19.38039398
15.86666965
19.45882225
25.30980682
17.15098000
17.17843437
15.71372604
17.63137245
18.62352943
18.78627396
16.11960983
15.36078644
14.92352867
18.30196190
18.86470604
19.50392723
19.15294456
18.89608002
19.16863251
15.70980358
20.41372490
26.88039398
17.38235092
17.59607887
15.71372604
16.75098228
18.26666451
18.50392151
15.85490227
14.91765022
14.90000057
20.59608269
19.41960907
19.65098381
18.78823471
20.75294495
19.50000191
15.26274681
20.71176529
27.53529358
17.57450867
17.72353172
15.63529301
15.90196323
18.60588074
18.06078339
15.72157097
15.25882339
15.31176567
22.87254906
19.60980415
19.38431358
17.83333206
21.68039322
19.32353210
15.41372299
21.42157364
27.25098038
17.76862717
16.99411774
14.83529472
16.23137474
18.72745132
17.69019699
15.68235302
15.75294113
16.87647057
24.44705772
19.67254639
18.79216003
18.41764832
21.32744980
18.94901657
15.62745380
21.53725433
26.69804001
17.48235130
16.09608078
14.55294418
18.75686264
17.36862755
17.81176567
15.40980530
15.84510040
16.58431435
25.53333664
20.70195770
18.52941513
18.68235016
20.61960983
18.71568680
15.86666870
21.28431129
26.00588226
16.99803925
16.68235207
14.71372604
20.95686340
16.41568756
17.86274719
15.87255001
16.89412117
16.57254982
25.65686417
21.88823509
18.77843475
18.73921585
21.13137817
18.46666718
17.29607773
21.37255478
25.26274872
16.84313774
18.11568642
16.88039780
21.63725281
16.84902000
17.66078758
15.82941055
18.14118004
17.34902000
25.59019852
22.69608307
19.03137779
18.48039246
21.36079025
18.71176529
17.29215813
21.88039589
24.55490875
16.63137245
18.51176643
18.54902267
21.07451248
17.10588264
17.83529663
15.80588531
19.53921890
18.19607925
25.96274567
22.86667252
18.93725777
18.40784645
20.93921661
19.34901810
16.32941055
23.05294228
23.73137283
16.25294113
18.97843170
20.92548943
18.82157135
16.99607849
18.13137627
15.71176624
19.50196266
17.57058907
25.22156525
22.18039322
18.63725471
18.72352982
20.84509850
19.82744980
15.07843494
23.84706116
22.91176796
15.82941246
18.92352867
23.55490303
16.92353249
16.73921776
17.93922043
15.27450848
17.63725853
17.49411964
25.39215660
22.80980301
18.71764946
19.60392189
20.86274719
19.57450867
15.01176357
22.65490341
22.27254868
15.67059040
18.64706039
24.17058945
15.87255192
17.60392189
17.84510040
15.52353096
15.97646904
17.62549210
25.12745285
22.17059135
18.74902344
19.55098152
20.41372871
19.94117737
16.89019775
20.94314003
22.09215736
15.85098076
18.66666603
24.60784149
15.00392151
18.80980682
18.02157402
15.61176682
15.71372890
19.29411888
23.88039398
22.51764870
18.79215813
19.73333740
20.30000114
21.14706039
18.10196114
19.72157288
22.45882607
16.34901810
18.85882378
24.14314079
14.48235321
19.53529167
17.95686340
15.51765060
16.34705925
20.30588150
22.51372528
22.29412079
18.43137360
19.66274643
20.85882950
21.74901962
17.95490265
19.81764603
23.06274796
16.91960907
19.16862679
23.00392342
14.89215851
20.16470718
17.62549400
15.71568775
17.74314308
20.50980377
21.16863060
22.05294228
18.14705658
18.89215660
21.70196533
21.87843323
17.27843094
21.24901390
23.96470833
17.83137321
19.45490265
22.50392151
15.48431587
19.48627663
16.80784225
16.04313660
19.29215622
20.47647476
20.52745056
21.49215889
18.85685730
18.02352905
22.86666870
22.09803772
17.72549057
24.61960983
25.10784340
19.16862869
19.29216003
22.26862717
16.35294151
17.56470680
15.54902267
16.75882339
21.47254944
20.47646713
20.55097771
20.75490761
19.48823547
17.76666641
24.55490494
22.37255096
22.02353477
28.02352715
26.72745705
20.30784035
19.15686226
22.35882759
17.02353096
17.32156944
15.16470814
17.83137321
23.44313812
19.84313774
20.48823357
20.60784340
19.09608078
17.50588417
24.85294342
22.96862793
28.49608612
28.99216270
28.23529434
20.91764641
19.01372719
22.62941360
17.75882530
17.45882607
15.06862545
18.60588455
24.65686798
18.95686150
20.46666336
20.20784569
19.22353172
17.51372528
25.13529396
23.50980759
30.61372757
27.55686378
28.31961632
21.12157059
20.13921547
22.53921318
18.89019775
18.14509773
15.71372604
18.65097809
24.77450943
17.79215622
20.20196342
19.31372833
18.70000267
17.95686531
25.66079140
25.27058792
30.56078720
25.39607620
28.36863327
21.40391350
22.24705696
21.85294533
18.71960640
17.79607582
16.01568794
18.11568642
23.95686150
16.95294380
19.93529320
19.15882683
18.24118042
19.03529930
25.20784378
26.57647514
30.46274757
22.98235512
28.66470718
22.48823166
24.53333282
20.95097923
17.39607811
17.12940979
16.36274147
17.20588493
22.06862640
16.69804382
19.32941055
19.44902229
17.90784073
19.43921661
23.97843552
25.10784721
29.70392799
21.42549133
28.05882645
24.04509735
26.30392265
19.81568909
15.63529205
17.20784187
17.25490189
16.16863060
20.39608002
16.10980415
19.26470947
19.95686722
18.01372528
19.80588150
22.21372795
22.22352600
26.61568642
19.92353630
26.62157249
24.73333549
27.00588226
19.34117889
15.20980358
17.00980377
19.03137016
15.48039436
19.76078987
15.89411926
19.00000000
19.89411736
18.10784721
19.96078491
21.35490227
19.99019814
21.79411888
17.84314156
24.89020157
24.25294304
27.26470375
20.08823776
15.35686207
16.67058754
19.95686531
14.93921852
18.56863022
15.51568604
18.65294075
19.61764908
18.25294495
20.06078339
20.83725739
17.84510040
17.65881920
16.21568680
24.06470490
23.37647820
27.69607925
20.92156410
15.82745075
17.14313698
18.83333588
14.32941437
17.67450905
15.86666679
19.15489960
19.66666603
19.58235741
21.33921432
20.49803925
15.33333397
15.90588379
15.69019890
24.30784225
22.98431015
27.67843628
21.40784454
17.25294113
17.92353249
16.54706001
14.37451077
17.79215813
15.54117966
18.85490227
20.95098495
21.65686226
21.83921242
20.63529205
14.26666641
15.26078701
15.98627663
24.34313583
23.65882301
27.41764450
21.91960907
19.20588303
17.72941399
15.34313869
14.40980530
17.60196304
15.75490379
18.42157173
20.38431549
22.70980072
22.71176529
19.93333626
14.35882187
14.92549229
16.56666756
23.97843361
24.37451172
26.52156448
21.01176262
21.37059212
17.53137207
15.62352848
14.38235474
16.50588036
15.61960793
19.22744942
20.32549095
23.74902344
22.60784340
18.25882530
14.38823795
14.70980835
16.44902229
23.83725739
24.96666718
26.28039360
20.33725739
23.03529739
17.00588799
15.90392113
14.10196114
14.99019718
14.77647209
18.56470490
20.95882797
23.50588608
22.76862907
17.63137436
15.41176605
15.74117756
16.30784416
23.17254829
25.19019890
26.95097733
19.05882263
22.51176453
16.71764755
15.62157059
14.52156830
14.92549133
15.28627777
18.80784416
20.75882339
23.40784264
22.11568832
15.58431435
15.76078606
16.90980530
16.52941132
21.36274719
25.03333282
27.63529205
17.96470833
22.04117393
16.33921623
16.14313889
15.88431358
15.22353268
15.52745056
19.71372604
21.01176071
23.56863022
20.87842941
14.48039150
16.03921509
17.46470642
16.58235359
19.89216042
23.97255135
26.78823471
18.28235435
22.15098190
15.87451077
16.27254868
16.74509621
15.58431435
15.18039322
20.45686722
23.36666679
24.10392380
19.69607925
14.37255096
15.66470814
18.33137512
17.52549171
18.39019966
22.61568832
25.06470299
21.34313965
21.94117928
15.60588264
15.92549229
16.49019623
15.61568642
14.88627625
22.34510231
25.23137474
25.72353363
17.79999924
13.51960945
15.12352943
19.74509621
18.05294037
16.64706039
21.94902611
23.73529434
23.06274223
21.09607697
15.55686378
15.65490437
15.99607849
16.28039360
15.43921566
25.53333473
26.65098190
26.43529510
16.29803848
13.84705925
15.56470871
20.79412079
17.89607430
15.87646961
21.97059059
22.00196075
23.27647591
20.74902153
16.08627510
15.56078434
15.96274567
16.63333321
16.33333397
27.37058640
27.19215202
27.31176758
16.29412079
14.46274567
15.86666489
20.46274567
17.63333511
15.79215622
20.49411774
19.14509773
22.79804230
19.90980721
16.19019699
16.69607925
15.74509811
16.13529396
16.60588455
28.29607773
26.45294189
25.77647209
15.43921566
15.54509926
16.75490189
20.28627205
17.30784416
16.33921623
18.00980568
16.87843323
20.95882797
19.02549362
15.57255173
17.34509850
15.33333397
16.01372719
17.01176643
28.62157249
25.74117661
25.06470871
15.23921871
16.25882530
16.99804115
20.56862831
17.26666832
18.21372223
16.61764717
16.13529587
18.69215965
18.90588379
15.20980740
16.65882492
15.31960773
15.48627377
16.82745171
27.93529510
25.80588341
24.57451057
15.15686512
16.65490723
16.54706001
20.74902153
17.29215622
21.56470680
15.43333530
15.84117699
16.35882568
18.58627129
15.49608231
16.26862907
14.95294380
15.05294323
17.63921738
26.30392647
25.26470375
23.67058945
15.51372910
16.98823738
16.51176643
19.67646980
17.93137550
23.57059097
16.00196266
16.10588264
15.71176529
18.19411659
16.14313698
16.30392265
14.27451229
14.70588303
19.61372757
24.57843399
24.88627625
23.18431664
16.39608002
16.81764793
17.17647171
18.39411926
18.00784302
22.14117622
17.94313812
16.78235245
15.92353249
18.41372490
16.33529091
16.18431473
14.10784531
14.53137398
20.34902000
22.91765594
24.94509888
22.31176376
16.09215736
17.01568794
17.33725739
18.27058792
18.42744827
20.76666832
18.63725281
17.59412193
15.80196095
17.73333549
16.25098228
15.96471024
14.06862831
14.92156982
20.36470604
21.72744751
24.38039017
22.74313545
16.02549171
16.81961060
18.14509964
18.55490303
19.46666908
19.88823318
17.76666832
16.72745323
15.61176491
16.13529968
16.36863136
16.05882454
14.55490303
15.81765079
20.14902115
20.63921165
23.59019852
23.77450943
15.48235416
17.03333473
19.02745438
19.84117699
19.68431473
20.03528976
16.91372299
16.64705849
15.44117832
15.39411831
16.56470490
15.60196209
14.90980530
16.88039398
20.93333435
19.79607773
22.68627357
24.41960907
15.93529129
17.13529587
19.25686264
20.35881996
20.57254791
19.99215317
16.30000114
15.71372795
14.93725586
15.52353096
17.23725700
15.36470890
14.72941399
16.70784569
21.31372452
19.66470909
20.24706078
23.88039398
16.76078415
16.90980339
19.02352905
20.01568413
20.30588531
19.92156982
15.69411945
15.24509621
14.56078053
15.13725471
17.66862869
15.84117794
14.78627682
16.42352867
21.28627396
19.07647133
18.36078453
23.98039246
16.80980682
17.37058640
18.37255096
20.65686035
21.75294304
20.71568871
15.17451191
15.29215908
14.76666546
14.61960697
17.64509964
15.41961193
14.85293961
17.50000000
21.42353058
19.65686417
17.67450714
23.12157059
17.52941132
17.84705734
17.57059097
21.52352905
22.05098152
20.12353134
15.52745152
14.89607811
14.85490227
14.49216080
18.25686646
15.84117699
14.51764774
18.31764793
20.47451019
19.99411964
17.99215889
22.22745323
18.26470757
17.72156715
17.30784607
20.69215965
20.77450943
18.00000191
16.42941093
15.13921833
14.84510040
14.81176662
19.14313507
16.90588570
14.50392246
18.84510040
18.51568604
20.04314041
19.58823586
21.47059250
18.03333473
17.22744942
16.47451210
19.29215813
19.81176567
16.22549057
17.53921700
16.24510002
14.90392113
15.13333416
19.64706039
16.42353058
15.14313698
19.68823433
17.49803925
19.94902039
20.14510155
20.21568871
17.19412422
16.82353020
15.86862755
18.55294418
18.60980415
16.10784149
17.31372833
17.58431053
14.57254887
15.26862717
18.99803734
16.10588264
16.53529358
19.63137436
16.38039207
19.82353210
20.53725433
19.48627853
16.54902077
16.34902191
16.15686417
18.50392342
17.82157516
16.06470680
17.07255173
19.10196495
14.16274452
14.91372490
18.61764526
16.94901848
16.51764870
18.60392189
15.55490398
20.39804268
20.54510498
19.18235588
16.48431778
15.85098171
16.27843285
18.32549477
17.50392342
16.33529472
16.60784531
18.36470604
14.25490475
14.90588093
18.12157059
17.08823204
16.26078415
17.26666641
15.70196152
22.17255020
20.78431892
20.53725815
16.66078758
15.78823662
16.79215813
18.34117889
16.77451134
16.93529510
16.75686264
17.19215775
14.59019756
15.22352695
17.09215736
17.03137398
15.74117756
16.37843323
16.99019814
23.20980644
21.44117928
21.16863251
16.85882378
16.05097961
17.08823395
19.34705925
17.22548866
17.34510040
17.34509659
16.11372757
14.80980682
15.42548943
16.81568336
17.03921509
15.48431301
16.31568527
17.30784225
22.42744827
22.18038750
20.31960869
16.81176758
16.18431473
17.27842903
20.91568184
17.98627281
17.47843170
17.46666908
15.89215660
14.91764832
15.70392418
16.70784378
16.94901848
15.98431683
16.44509506
16.17450905
21.06078339
22.58627701
19.86470795
16.06078529
16.18039322
18.52940750
21.69803810
17.89999962
17.27843285
17.27058792
15.58823586
15.89019680
15.56666851
16.33921814
16.93529510
16.94510269
16.33137512
15.55294228
19.60784340
22.18430901
19.51176643
15.63333416
16.88039207
19.29216003
22.23922157
18.64117813
16.46470833
17.55882263
15.82745361
17.77255249
15.30784416
15.93921566
17.55882454
17.43529701
16.30784416
16.72156906
19.00980377
21.47647667
18.62941551
15.61764812
17.11176491
19.93725204
22.21176147
18.89215851
15.87059212
17.30196190
15.71176910
19.95098114
14.99804115
17.09019852
18.74117279
17.75882530
16.09019661
17.13529587
19.85098267
20.87450790
18.36862946
15.07843208
16.90980530
20.80195999
22.07647514
18.31176758
15.30784225
15.97843361
15.77255058
19.07059097
15.19215584
17.29019547
19.12156487
19.25686455
15.64510059
17.84705734
19.92941284
20.22549438
17.93333435
14.89019775
17.28039169
21.43529129
22.09411430
18.69019699
15.22352600
15.09608078
16.31961060
17.94509506
14.78823757
18.22156715
18.40588570
19.74902344
15.84706211
17.10980606
19.36274338
19.00391960
17.33725548
15.02157021
17.42549133
20.55882072
22.22745132
20.55686569
19.02157021
15.16666794
16.49804306
16.26078415
14.65686417
19.13725853
17.36274529
19.24314117
16.40980339
16.60980606
19.72156525
18.15294647
17.21568680
15.53529072
16.64313889
19.23725510
21.48627281
22.46274757
24.33137512
14.94509888
16.12156868
15.42745209
14.48823643
18.79804039
16.53333473
19.55294418
16.45294189
16.12156868
20.39411736
18.26666641
18.30588150
15.79804134
16.08235168
18.93725204
21.29411507
23.62353516
25.82353020
14.47647285
15.86078453
16.12549210
14.25098324
17.29019547
16.25882339
19.19804001
16.45490456
17.13529587
20.82353210
19.36275101
17.99607658
15.84117794
16.19804001
19.01960754
21.28235245
22.82941246
23.07451439
14.81372833
16.39215851
16.79019928
14.52353096
16.30392265
16.77058983
19.49019623
16.39608002
17.99999809
20.81176567
19.90392685
17.75098038
16.43725586
16.28627777
19.28627396
22.01176834
20.89019585
20.05686188
15.32745457
16.95490456
17.01372337
14.58039188
16.47254944
17.88039207
19.32156754
16.03725433
17.63725662
20.56863022
19.84313965
17.95490265
17.36470604
17.31372452
19.90784264
22.85686111
20.83137131
18.69411659
15.29019737
17.22353172
16.76470566
14.55097866
16.79607773
18.43137550
19.75293922
15.84117603
17.00196266
20.19608116
19.22352982
17.49607849
18.02549171
18.96863174
20.19999695
23.18431473
20.51568413
18.28039169
15.25882530
16.93921661
16.86078453
14.74313545
16.80196381
19.51764679
20.07451248
15.56666946
15.85882568
19.96862984
19.66470909
16.70392036
17.41568756
18.76666451
20.17646790
22.86470222
21.24902153
18.76470947
15.51176548
16.48627472
17.09804344
14.95490360
17.08235550
20.68431473
19.75294495
15.21372604
15.93137169
20.02156639
20.51176643
16.01960754
16.14509773
18.80980301
19.16666603
22.10588074
22.24510193
19.69608116
15.22157097
16.21176529
17.41372681
14.68431473
17.58431625
21.94901657
19.42353439
15.48431587
16.60196304
20.08627129
20.34509850
16.05882263
15.32549000
18.82941628
18.01568604
21.45686150
22.83137131
19.35686302
15.20392132
16.20784569
18.13137054
14.58235264
17.47254944
23.18235016
18.51960754
15.78039265
16.46666718
18.33725739
19.89215660
15.86078835
14.83725643
19.05882263
17.05294418
21.22353363
22.81960678
19.23333359
16.01960754
16.34509850
18.30588531
14.99607849
17.12156868
22.72548866
17.09607887
15.54313946
16.76470947
17.02745056
19.57646942
17.27647400
14.95882607
17.72352982
16.18431664
20.26863098
22.25098228
20.45098114
17.35098076
16.25294304
17.85490417
15.31960678
16.88823509
20.87647247
16.32941246
15.36862755
16.93725586
16.29412079
18.35882187
18.63725662
15.07843399
17.26862907
15.61176491
19.04117775
21.47255325
21.99215508
17.87843132
16.06274605
17.85294342
15.35098171
16.70980644
20.12744904
15.94509983
15.48627472
17.17843246
15.55686188
16.17058754
19.13137436
15.18039322
16.14706230
15.61568737
19.28823471
21.27843666
22.50784111
18.61176300
16.68235397
17.93529510
15.15098381
17.09607887
19.73921394
15.95294189
14.93922234
17.98235512
14.09019852
14.59411621
19.91765213
14.68627739
15.42353344
15.59608078
19.90392494
21.04510307
21.86862564
19.05490303
18.32549286
18.10980606
15.28431511
17.50195885
20.74117851
17.04706192
14.79607964
18.96862793
13.09215832
14.06862736
20.43137169
14.01568604
15.52745342
15.59804153
19.80784607
20.97451401
21.27843285
19.36274529
19.95686340
18.32745171
15.97255230
17.19803810
22.96078873
17.79411888
15.01568699
19.05294609
12.93529606
13.65882397
21.08627701
13.45882607
15.37647247
15.32549191
19.75686455
22.36470795
21.73333359
19.91176414
20.52745438
18.04509926
16.42156792
16.74705887
23.54118156
18.04118538
14.69216061
19.01764488
13.34705925
13.42745018
21.60588264
13.85882759
14.91568565
14.73529625
18.83725739
23.54117966
21.77058983
20.00392342
20.42353249
19.80000305
16.59803963
16.53529358
21.91176605
18.67255211
15.40392590
18.54117966
14.67842865
13.64901924
21.43529510
13.90980339
14.81176567
14.77058792
18.89608002
24.89412498
21.62745476
19.50392532
20.38431931
22.53921509
16.80784416
16.34705734
20.91961098
18.93333435
15.79412079
18.42941475
15.69215965
14.05686569
20.84117699
13.66078377
15.47059059
17.10587883
18.13333511
25.01765060
20.95882416
19.00980568
20.00000381
23.64117813
17.31372452
16.51764679
20.44313622
19.15294266
15.76274681
18.22352982
16.42157173
14.41764736
19.33137321
14.12549019
15.75882530
19.15882301
16.87058640
23.16863060
19.74706078
18.53137207
19.33333206
22.24117470
17.61372757
16.52941513
19.93921280
18.80980492
15.67059040
17.44313812
16.71960831
14.28627682
18.94902039
14.53529644
15.29215717
19.14313698
16.68823814
21.43136978
19.02941513
17.88039398
19.13529396
19.78627396
17.42156982
16.24901962
18.10000038
18.34117508
15.80784416
16.41960907
17.44117546
14.05686378
20.12941360
14.65294170
14.83137226
18.64705849
16.19019508
19.48823357
18.70980072
17.87647057
19.38235283
17.44901848
17.14901924
16.06274605
16.91176414
17.81764603
15.05882263
15.52941322
18.51372719
13.70588207
20.37451363
15.48823738
14.47450829
18.45882416
15.35294056
16.29019737
18.31568909
18.74705887
20.46078682
16.87255096
16.93921852
16.36078644
16.36862946
16.87255096
14.09412003
15.54314041
18.97254562
13.61372566
19.67843246
16.99020004
14.62745094
17.81568718
14.80196190
13.99215889
19.10196114
18.41372681
20.40000153
17.38627434
16.79215813
16.23725510
16.10196304
16.10784340
14.31372643
15.40980434
18.30195999
13.95490170
19.68039322
18.08235550
14.69019794
17.00196457
14.05686378
13.25882435
18.99804115
17.56274414
19.23137283
17.23921585
16.93137169
15.88823795
16.50588226
16.27255058
14.66666985
15.90392399
18.50196075
15.35882282
20.08235550
18.66667175
15.02352905
15.76666832
13.90000153
12.54705906
18.03333664
16.61960983
18.12352943
16.80980492
17.00392151
16.30588150
16.49804115
16.54509735
14.38627625
16.60000229
18.17646980
17.66078568
19.99411964
19.03725433
14.99607944
14.85882473
15.09215641
12.36666775
16.40587997
15.82157040
17.47647095
16.88039398
17.52745438
16.93921471
16.73529625
16.67255020
14.60784435
17.00196266
17.13137245
19.56078339
19.47843170
18.55097961
14.58823586
13.88823605
15.10000229
12.50588036
15.69607925
16.63333702
17.13333321
18.12941170
17.96274757
17.61372375
16.40000153
16.58627701
14.85294342
17.42744827
17.21960831
20.37647057
19.69019699
17.12745667
14.53921890
13.50195789
14.47843170
12.53529453
14.73529625
17.73725510
17.13921547
18.66078568
17.81373024
17.12745094
15.95098114
15.98039246
15.64705849
19.77451134
17.34705925
19.76078415
20.58039474
16.75294304
14.90980530
13.32353115
14.30784798
13.09411907
14.16078377
17.39215851
17.60980225
18.13137245
17.13333321
16.93725586
17.03529739
15.70000458
15.77255058
21.07451248
17.28039360
19.42941475
21.19411850
16.20000076
15.32353020
13.30784321
14.98823547
13.55490112
13.39804173
15.89019680
17.35882378
17.80000305
16.07646942
17.50980377
18.41568947
16.07255173
15.66078472
22.25098610
17.77647018
18.75490189
21.20588112
16.06666756
15.55490398
13.84706020
15.13921833
14.40588284
13.37646961
15.65490150
17.54901886
17.03333282
14.80784321
17.72548676
18.36078453
16.28627777
16.33921623
22.10980606
17.81568146
18.49019623
20.85882378
15.91764832
15.33333492
14.27254868
14.82549000
14.74706078
13.28039455
15.31372738
18.03725815
17.34902000
14.78039265
17.55294418
17.43529510
16.42157173
15.91568947
21.58235359
17.56666374
18.31961060
20.43529510
16.35294342
14.90980530
14.30980301
14.93725395
14.62549114
13.15294170
15.17255020
18.57058907
16.79019737
15.99607849
17.13921738
16.19804001
16.97058868
15.58431911
21.69607735
17.42941475
17.72941208
20.20980835
17.12156868
14.60392284
14.14313507
14.88039589
14.73333454
13.20588398
15.54706001
18.37451172
16.20784378
16.86470413
16.74705887
15.52157211
19.67254829
15.55098438
22.05490112
16.38823700
17.34705734
20.28627396
17.05882454
13.95882416
14.16666985
15.71372700
14.54706287
13.29411697
15.29019737
17.50392342
15.95490456
16.58235359
16.32745171
15.58431625
21.69607925
15.17843246
21.25490189
15.60588455
16.39804268
19.01764870
16.82156754
13.96470642
14.23725700
16.17255020
14.69412041
13.22941303
15.10784626
17.40392303
16.12941360
15.69804192
15.69019794
16.49019623
22.11175919
15.54118156
20.49607849
14.88431644
15.75490284
18.58039474
16.29803848
14.28039455
14.32353020
16.72352982
14.78235435
14.02941036
15.43529606
17.05490494
16.86666489
15.19019794
15.02941322
17.50588226
22.02940941
16.29411888
19.59607506
14.38627625
15.90784264
19.01960754
16.75490379
14.64313698
14.51372719
17.23529243
14.35882568
14.12352753
15.52941322
17.16274452
17.14706039
14.39608288
14.90588284
18.84509659
22.03725433
18.51372719
19.42352486
13.91372585
16.17059135
19.21176720
16.74117851
14.88823509
15.09215832
17.18235588
14.10784531
13.92352867
15.89411736
18.08235168
17.07647133
14.10588551
15.04117489
20.78627396
22.25686646
21.14901924
19.61569023
14.17843056
16.31765366
18.51960945
16.38039398
14.49999905
15.80980396
17.13137245
14.29607964
14.55490017
16.61568642
17.22745323
17.17450905
14.36078548
15.01568604
21.95882416
22.12940979
23.01764679
19.97843361
14.45490265
16.57059288
18.20000267
16.11568642
13.96667099
16.26666641
17.24706268
14.44705868
14.35098171
16.50784492
16.85098457
17.08627319
14.88235378
15.25685978
23.76862717
21.96667480
23.49019241
19.74117661
14.59019566
16.52353096
17.79216003
15.30392361
13.99608040
16.21568871
17.28627777
14.86274624
13.59215546
15.41372585
16.27843285
16.26666832
15.00392437
15.91176510
24.86078644
21.55490112
23.33137321
18.02157211
14.65686321
16.07843018
17.28627586
15.08823586
13.90196228
15.89608002
17.50980568
15.09999943
13.89607620
14.51765060
15.91960907
15.40000343
15.50784492
16.18431282
24.43921661
20.59803581
22.94510078
16.42548943
14.00980663
15.92353153
16.93137169
14.41176796
13.46470833
15.45490265
17.03333664
15.00392151
13.86666775
13.40000153
15.96078587
14.96666813
16.02353096
16.60784340
22.98431587
19.96274376
21.84705734
16.32352638
13.75097942
15.51176643
16.58823395
14.27451038
13.03921604
15.44705868
16.17843246
14.75882530
13.70000076
12.60000038
16.29804039
15.12941074
16.55294037
17.94117737
21.88235474
19.30195999
20.19607735
16.55490112
13.66666985
15.45294189
16.78235435
14.67254639
13.15686226
15.26666737
15.59019756
14.44509697
14.13725662
12.21372795
15.78039169
15.87647438
17.13725471
18.81568718
20.79608154
18.07059288
19.13529778
16.82745171
13.54118061
15.65882587
17.41764641
14.82353020
12.96862698
15.18431473
15.35686398
14.94117546
14.05686283
11.91568565
14.99019718
16.55490112
17.29216003
19.18431282
20.66667175
18.06078720
18.42156982
17.61764908
12.92745399
15.35294247
18.14117813
14.69804192
12.46862793
15.33529663
14.86274719
15.77843189
13.04117489
11.58823395
13.86078644
16.37450981
16.94510269
19.61176491
20.55883026
18.08431435
17.67059135
17.68823433
12.82353115
15.24313736
17.47843170
14.42941093
12.61372757
14.80784225
13.82157135
15.46470642
12.50196362
11.34509945
13.49019909
15.91176701
16.63725662
19.03921700
19.97059059
17.92745209
17.48039436
17.47843170
12.83725452
15.14117718
16.91176414
14.28235340
12.42549133
14.23921776
13.00784206
13.98235321
11.73529434
11.29411983
13.45686626
15.63921547
16.53921509
17.62745476
19.21176529
17.90980530
17.77450943
17.53137398
12.69804096
14.66078663
15.98627663
14.40588188
12.10392189
13.87647057
12.10196114
12.77647018
10.48627663
11.12745285
13.27450943
16.17254829
16.15294266
16.60980415
18.91764832
17.21372795
17.68823433
17.37255096
12.83725548
14.73137188
15.42156887
14.45294285
11.81960964
13.95882797
10.98235321
11.19607925
9.62352943
10.92941189
13.54313755
16.11568642
15.53529930
16.91960716
19.45098495
16.82548904
17.70392418
17.08823586
12.86274529
14.63137341
15.26470566
13.89215755
11.22941303
13.75098133
10.10000134
10.13333511
9.60392189
11.38431644
13.59019661
15.54509830
15.42549133
17.24705887
20.00000000
16.61764908
17.49608040
17.16862869
12.48235321
14.59215736
15.14509964
13.80196190
11.37647152
13.15490341
9.56078529
10.16274452
9.81960678
12.18431473
13.61764622
15.75686550
15.23333454
17.25098228
19.98627090
17.17255020
17.42549133
17.15882301
12.43529797
14.80000114
15.12549210
14.25686264
11.48823452
12.48431587
8.79411888
9.53137398
10.28039169
13.14313698
14.03137398
16.13529587
15.08235168
17.32745171
19.97255135
17.58235359
17.19411850
16.94706154
12.93529510
14.62549114
14.95686436
14.07647133
11.63529587
11.40588379
8.14313698
8.97058868
11.22352982
14.25098038
13.95294285
15.91372585
15.13137150
17.24313927
19.22352982
16.39411736
17.00784683
17.43137169
13.38823605
14.55490112
14.57254982
13.46862984
11.72353077
10.49019814
8.26274586
8.79803944
12.06470680
14.84313869
13.46862698
15.85882378
14.54117870
17.73529434
19.42156982
15.03921890
16.07647133
18.04117393
13.57254887
14.57059002
14.66863060
12.92549229
11.36862755
10.28431606
8.55686378
8.50588322
12.81960869
14.44509792
13.27451038
15.95098209
13.98627758
18.57059097
20.12157059
14.55294323
15.53137398
18.25490379
13.66274643
13.99607944
14.82549000
12.79019547
10.94705963
10.20980358
8.02745152
8.54313660
13.92353058
13.75098133
13.71764755
15.76862907
13.84902000
19.59803963
19.93529320
14.47647190
15.17059135
18.25294495
13.13137436
14.00980663
15.05490112
13.00392151
11.16078663
9.44510078
7.50392199
8.98235416
15.52941322
13.62353039
14.18235207
15.61176586
14.04314041
19.41960716
20.01176643
13.27254963
14.84313774
17.83333206
13.05294514
14.19803905
14.98627567
13.17843246
10.84901810
8.92157078
7.42156887
9.86470509
17.11176872
13.64313889
14.26862717
15.30980873
13.89411831
18.76666832
19.19215965
11.65294075
15.42549133
17.51568794
12.71568584
14.10392475
14.54902172
13.44705963
10.47254944
8.43529606
7.54117680
10.88823509
17.56078339
13.40196323
13.78823662
15.38431644
13.89803982
18.35098076
18.59607887
11.99411678
15.66863060
17.54902458
12.15098095
13.77058983
14.16667080
13.71372509
10.71568680
7.98235369
7.39019728
11.55882454
16.84902191
13.22156906
13.64313698
15.00196266
14.47255039
17.50392342
17.92745018
11.89411926
15.40784645
17.25098228
12.36078262
13.45686436
14.13921356
13.63529396
10.85490131
8.00784302
7.04313755
11.50980568
15.94117928
13.17059040
13.36078548
15.55490303
14.24901962
16.92941284
17.48431587
14.04902077
18.70391846
16.69608116
12.22549057
13.51568604
14.24509907
13.66862965
10.99607944
7.84313774
6.84902048
11.05882359
15.28431606
13.32745266
13.55294228
15.30392456
13.35294437
17.00784302
17.52548981
14.07451057
18.66863441
16.51960945
11.68235397
13.31960678
13.98627472
13.40000153
10.50000000
7.82745218
6.96274567
10.95294285
15.19804096
13.46274853
14.19412041
14.94314003
12.93333626
16.62156868
17.52549171
13.86862850
18.36666679
15.65686035
10.99608231
12.78823662
14.21372604
12.69411755
10.08823586
8.18235302
6.91960716
11.30195999
14.87843132
13.80196190
14.39607811
14.71372890
13.44118023
16.64118004
17.28431702
10.23529339
15.57843399
14.05686378
10.58823681
13.26078320
14.03529739
12.05098248
10.17843151
8.33137417
6.68431473
11.17451096
15.42549133
14.10588169
13.87059021
16.01372528
13.77058983
16.32353020
16.93921661
9.56862831
15.78235531
13.51372719
10.58823586
13.36470985
14.12745190
11.59803772
10.20195866
8.21372604
6.90980339
10.74509811
15.17059040
13.79607964
13.71764469
16.03725624
13.75294304
16.13921547
15.83333302
8.99215603
15.58235645
13.05294323
10.45686340
12.88039589
14.21568680
11.62156868
10.12352943
8.23137283
7.31176376
10.47254944
14.91569138
12.87254715
14.15490437
15.78627586
13.86078739
16.44313812
13.95490170
8.63137245
15.34509754
13.08235550
10.32352924
12.47451401
14.29607677
11.86470604
10.36666775
8.31176567
6.93137455
10.01372719
15.26274776
11.91568851
14.20000362
15.47254944
14.10588646
16.44313812
11.98235512
8.32353020
15.32941246
13.64509964
10.76862621
12.65098286
14.67450714
11.86666775
10.53333569
8.31176472
6.50980330
9.35490322
14.55686378
11.30000114
14.14902401
15.52549267
13.97842979
15.52156925
10.81960869
8.15098000
14.80588341
13.34706020
11.39215946
12.26862907
14.58039761
11.96666813
10.52745438
8.24705982
6.79019642
8.94313812
13.62941074
11.03333187
14.19216251
15.08431244
13.61568832
14.58823586
10.84509754
8.01960754
14.06666660
13.36078644
11.20980549
11.94313717
14.20000267
11.63529778
10.44509983
7.83137321
7.27843189
8.72352886
13.86666870
10.90980530
14.13137436
14.85686302
13.30980587
13.82941437
10.47254753
8.08431244
13.32352829
13.71372604
10.47058773
12.19803905
14.11765003
11.59411907
10.44313812
7.28235292
7.04117680
9.03333473
12.76078606
11.03137302
13.48823643
15.19804192
13.05686283
13.82156944
9.66470623
8.09803963
11.53725529
13.51568699
10.45490170
12.53333473
13.68823624
11.69411850
10.19608021
7.33137226
6.47451067
8.97647095
12.19215775
10.91764832
13.91960812
15.84117603
13.67647266
14.21568489
9.23529434
8.17647076
11.28039360
13.64509964
10.85097980
12.72352886
12.94902134
11.46470642
9.82549095
7.50980425
6.47451019
8.88039303
10.62548923
10.40000153
14.32745361
15.86666679
14.99999905
14.20000267
9.34509850
8.11568642
10.53921795
14.01764870
10.50196266
12.24509811
12.57254982
11.16862679
9.46470356
7.18627405
6.69019604
9.71176529
8.96666622
10.29215717
14.33725357
15.21569061
15.51569080
13.91176414
9.22156715
8.01960850
9.50980282
13.61568928
10.08627415
12.23333645
12.74705696
10.90588188
9.18235302
7.12352896
6.41568613
10.30196095
8.91960812
9.63529491
14.29608059
14.28823757
15.60588264
13.80588245
8.80980396
7.76862860
9.05294228
13.49804497
10.09411907
11.91960907
12.78627586
10.32745171
9.16862679
7.31372595
6.24902105
9.87451077
8.77843189
9.58235359
13.58431244
13.58039379
15.91176605
13.51568699
8.44313717
7.53333378
9.51176548
13.04313850
10.17255020
11.47843266
12.51961040
9.89020061
9.43921471
7.23137283
6.35882425
9.64705944
9.55882549
9.94314003
12.90784550
13.50392437
15.91961098
13.20392036
8.26862812
7.37255001
8.88235283
12.48823929
9.63137245
11.48235321
12.24117947
9.82157040
9.57254791
7.15882444
6.69607925
9.93725491
9.61372662
10.44902039
12.38431072
14.01372528
15.64117813
12.90980530
8.31176567
7.24509764
8.88235378
12.05686569
9.49215794
11.50392342
11.78235435
9.89804173
9.41176605
6.79411745
6.68235302
9.78823471
9.69999981
10.99608040
12.47058773
14.14313793
15.12745285
12.89019489
8.38823605
7.26470709
8.08235359
12.11764812
9.75686264
11.53921604
11.30196095
10.10000134
9.01176739
6.57647181
6.58823633
9.82549095
9.34117794
10.72941017
12.53725624
14.06470871
14.33137321
12.90196037
8.21372700
7.17058945
8.01372719
13.13137245
9.59215832
11.20588207
11.08431435
10.18235207
8.84705830
6.70000124
6.47451019
9.89215755
9.93529320
10.08823490
12.59804058
14.15293980
14.01764679
12.57058907
7.94902039
7.27647066
8.67255020
13.95686340
9.13137436
10.58235359
10.75686455
10.38627434
8.97843075
6.48039341
6.65098047
9.69804001
10.72549248
10.22941208
12.45686340
14.18235302
14.29215622
12.05686188
7.90784454
7.27254963
8.84705830
14.18627357
9.13921642
10.31176376
10.82156849
10.48039246
8.83137321
6.26666689
6.59215689
9.39215851
10.87058926
10.66470528
12.66078377
14.05490208
14.21960926
12.12156868
7.93725586
6.95686340
8.77647018
14.46862888
9.28823566
10.42941189
11.45882225
10.16470718
8.51960945
6.47058821
6.34902000
8.96470642
11.50980282
10.81960869
13.19019508
14.17058849
13.66666508
11.54117966
7.82549143
6.64117718
7.88235283
14.34509850
9.40980434
10.53137589
11.73529816
10.06078339
8.46470642
6.42941189
6.61568642
8.54509926
12.25097847
10.93529606
13.20980549
14.20196247
13.28431511
11.39608002
7.68235302
6.59215736
7.34901953
13.98431396
8.92353058
10.51960850
11.34509659
10.03725624
8.74117756
6.16862869
6.57647038
8.40392113
13.01764774
11.07254791
13.01372623
14.01960945
13.09803867
11.23529625
7.74705935
6.73529482
8.19215679
13.98039246
8.48431396
10.79019737
10.96274567
10.01960754
8.76862717
6.42156935
6.11176538
8.52549171
13.32745266
11.11372471
12.85098362
13.56666756
13.39607906
11.84509850
8.11764812
7.03725481
8.71176624
13.70392227
8.68431473
10.86470795
11.02353096
9.80588150
8.96862698
6.64509869
6.23333454
8.33529568
13.49803925
10.98039341
12.40000248
13.68627262
14.07451153
12.08627415
7.83529377
6.91568661
8.58627415
13.63921547
8.86274624
10.46862698
11.16078281
9.85098076
9.03921700
6.53137350
6.40392256
8.34313869
13.30196190
11.10000134
11.90980244
13.36078453
14.55294228
11.72548866
7.37451172
6.95490265
7.54509974
13.01372623
9.04117680
10.54705906
10.88627243
9.87647247
8.65882301
6.17254925
5.92548990
8.91960812
12.73725605
11.29999924
11.97058868
12.81372643
14.91764927
11.55294132
7.11372662
6.89607954
7.58823681
12.95294189
9.23921585
10.89411831
10.94901848
9.71372700
8.25686264
6.02353001
6.11372566
9.32156944
12.05097771
11.44706059
12.58039284
13.12941170
14.99019623
11.82941151
7.04901934
6.86274576
8.15882492
12.44706154
9.03529358
10.79215717
11.17058468
9.73529530
8.23529339
6.02941132
6.85490179
9.27451038
11.81568527
11.60392284
12.96274281
13.38039494
14.52156830
11.94117641
7.24509907
7.09803963
7.86078501
12.11176395
9.10392284
10.71568775
10.97254848
9.70980453
8.44313812
5.95098114
6.67451000
9.25882435
12.05686283
11.51568699
12.85882092
13.05098248
14.18823433
11.76862907
7.26666689
6.83137226
7.74509716
12.50588131
9.31176662
10.30980396
10.64509773
9.79607868
8.45294189
5.90980339
5.99607849
9.41372585
11.80784512
11.07843208
12.91176224
13.01176739
14.15294170
11.67647076
7.31568766
6.72156858
7.36078453
12.36862946
9.57451153
9.68235302
10.42156887
9.75686264
8.32745171
5.88627434
5.90392065
9.31372738
11.29999828
10.88235474
13.34902000
13.18039227
14.61764717
11.66666794
7.23333454
6.74313831
7.59411860
12.70392227
9.41765022
9.67647171
10.05490017
10.19411659
7.98431349
5.85686350
6.09411860
8.93725586
11.28823566
10.99215889
13.05294323
12.78627682
14.89215565
11.37843323
7.14902020
6.80588245
8.19999886
12.55882359
9.44705772
9.72156715
9.03725433
9.98431492
7.90196037
5.91568565
6.04902029
8.83725643
11.60196209
11.11176586
12.79215813
12.98627567
15.19804001
11.34902000
7.40000010
6.80196047
7.91568708
12.58431530
9.74313641
9.34901905
8.95294094
9.41176510
7.87843132
5.58235264
6.05686331
9.02941227
12.05686378
11.07058811
12.54313850
13.54509735
14.75686455
10.94510078
6.98823643
6.70784378
7.56470633
12.30196285
9.85686398
9.00196171
9.40196228
9.52745056
7.72156954
5.30588341
6.36078501
8.82941151
12.89804077
11.16862965
12.29999924
13.25490189
14.01765060
10.52548885
7.00588322
6.58039284
6.63529491
12.11372471
9.97058964
8.78039169
9.15294266
9.73921585
7.86470556
5.66078472
6.31764793
8.70392132
13.02157021
11.09803963
12.34705925
13.07255077
14.10000134
10.80196285
7.10980511
6.47451019
6.29803896
12.46862793
9.96862793
8.76470661
9.36274433
9.66666794
7.98823452
5.97254944
6.10980415
9.10588169
12.15882397
10.68039131
12.00000095
13.46666622
14.15686512
10.83137131
6.99215794
6.40784359
6.99019623
13.73333359
9.90392208
8.87843132
9.69607830
9.41568756
8.04117680
5.91960859
5.92941189
9.30980587
11.39215851
10.48431396
11.64117622
13.56470680
14.19411945
10.93725395
7.11960793
6.16274548
7.04313660
13.49019718
9.81568623
8.98823643
9.60196114
9.47058964
7.89019823
5.73333311
5.90980434
8.62549114
11.38235378
10.92548847
11.35882568
13.27058983
14.16470718
11.30196190
7.18627501
5.85882425
6.70784378
13.31960773
9.56274509
8.95294189
9.76862621
9.60588264
8.01960945
5.63529396
6.10588217
7.91764784
11.60196209
11.19608021
11.60588264
13.28039169
13.73333359
11.30784416
7.00392246
5.55882311
6.08431387
13.48039246
8.94313812
8.43333530
9.46666813
9.44706059
7.88235283
5.51372528
6.33333349
7.84313774
11.69215775
11.30000114
12.30000019
13.18823433
13.25098038
11.69412041
6.70000029
5.79215765
5.79607868
13.64313698
8.64705849
8.66862679
9.46078682
9.26666641
7.76862717
5.34509754
6.32941246
7.90196085
11.35686398
11.32157040
12.64509773
12.89019871
12.91176605
12.80980587
6.74313784
5.82745171
6.27450991
13.43921661
8.74705982
8.59412003
9.02941132
9.09215641
7.99215746
5.33529377
6.16666698
7.87843180
10.86666679
11.15098000
12.46274567
12.52548981
12.91568756
12.68627644
7.03921652
5.40980482
6.83333302
13.11764717
8.97843075
8.38823509
8.93921757
9.05294132
8.11764717
5.30980492
5.95882368
7.79411697
10.42353153
11.15490150
12.27451134
12.10391998
13.13529491
12.49607944
7.06862831
5.39803934
6.53333426
13.00980377
9.37450886
8.37255096
9.21764660
9.44902039
8.20980453
5.09019661
5.79607821
7.37451029
10.08823681
11.45490074
12.25490379
11.99411678
13.00392342
12.49215794
6.84509850
5.57254934
5.80392218
16.54509735
8.99411774
8.34509754
8.97058868
9.59411812
8.34902000
5.06666660
5.68235350
7.28823566
9.74705887
11.45882416
12.42745113
11.80392170
12.75686359
12.40392208
6.72352982
5.66666651
5.83137321
17.08627510
8.67255020
8.64117813
8.99019623
9.39608002
8.40588284
5.23921633
5.66666698
7.44117689
9.64902115
11.07255173
12.77451229
11.89804077
12.91764927
12.45490170
6.71764803
5.61372566
10.47254944
21.43725395
8.66274643
8.69215775
9.02157021
9.04313755
8.60588264
5.49411869
5.70196056
7.61960697
9.68627644
11.09804058
13.11568260
12.19215584
13.30980492
12.23725510
6.64509916
8.89215851
14.10784149
16.13921547
8.93333340
8.56274509
9.00980377
9.30784225
8.82941151
5.64509821
5.52549124
7.18823671
9.87451077
11.38431644
13.51960945
12.03333378
13.01568699
11.97646904
8.51176548
15.52156734
9.92353058
12.05686188
9.21764755
8.39215755
8.97647285
9.77647114
9.01372528
5.65490150
5.50000048
7.06274462
9.83333302
11.57647228
13.45294189
12.13725567
12.92745018
20.88628006
15.40392208
12.42941189
5.45686197
11.85097980
8.99215698
8.03333473
9.01764774
9.79019642
9.28431320
5.54117584
5.51764631
7.27843189
10.25882721
11.63921452
13.00392437
12.30980492
13.24510193
22.03725815
13.43137550
5.72745132
5.56862736
11.46666718
8.55097961
7.90000105
8.94509888
9.61372471
9.34117603
5.40196085
5.28039217
7.29411793
11.03333282
11.45686340
13.03137589
12.92941189
13.40588188
20.82549095
7.03137255
5.81764603
6.26274633
11.39215660
8.66274548
8.15490246
8.75490189
9.35882282
9.13137245
5.33137274
5.31176519
7.69607830
11.05294037
11.16862774
13.22352982
13.14902115
13.81764984
13.91764832
7.15490294
5.93333340
5.97647190
10.90196133
9.04901981
8.13725567
8.50000095
9.26862812
9.12156868
5.24509811
5.38431358
7.58039284
10.53137398
10.99215698
13.01764774
12.73529434
14.10980320
15.29803658
6.71372557
5.58627462
6.19607735
10.56274700
9.16470528
7.78823662
8.20000172
9.11568546
9.26274681
5.37058926
5.29999971
7.00784349
10.28039265
11.07843113
12.78039360
12.74313831
14.01961040
15.63529873
6.78235245
5.00980377
5.28039265
9.91176510
9.09607792
7.90588284
7.88823605
8.92156887
9.32352924
5.28823566
4.85098076
6.62745142
9.54117584
11.09803867
12.50588322
12.85490227
13.60196304
15.90392017
6.61568594
4.87647104
5.34705830
7.90392256
9.09019661
7.66470671
7.63137245
8.56862831
9.24313736
5.09607935
4.49019623
6.77450943
9.77843094
10.84706020
12.45686436
12.69019699
13.89803886
15.79804134
6.56078529
5.05294132
6.10980368
8.23529530
8.80000210
7.67058945
7.61176586
8.53333473
9.04117489
5.12745237
4.48627472
6.88431406
10.31568813
11.83529282
12.89411926
12.62352943
14.17255020
14.27451515
6.53137398
5.01568604
5.98039246
8.09411907
8.37058830
8.16078472
8.13137341
8.68823624
8.75490284
5.24901962
4.44901991
6.82745075
10.22941113
11.32353115
13.42745209
12.73137093
13.83725452
14.51176548
6.51176500
5.06862783
6.12941170
7.58235312
8.40980339
7.86078453
8.55882359
8.62549019
8.62353039
5.26078415
4.33529472
7.26470613
10.36274529
10.80000210
13.56078339
12.74705887
13.89411736
14.40588284
6.58431339
5.34901953
5.12549067
7.51568794
8.58627415
7.35098124
8.50196075
8.71568489
8.68823624
5.25294113
4.39215708
8.01372623
10.52745247
10.92941189
13.33921623
12.90980339
14.01176453
13.32352734
6.42156744
5.42352962
5.11176491
7.50588274
8.60196209
7.10196257
8.25490284
8.76862812
8.71372604
5.26274490
4.68431473
8.13529491
10.59411907
10.73137093
12.79019547
13.08627605
14.40588188
13.28823471
6.27647066
5.22352934
5.69019747
7.55490303
8.65686226
7.33333302
7.90196133
8.67451096
8.67254734
5.29607821
4.89803934
7.51176596
11.04510021
10.59215736
12.00784397
12.89804077
14.86470795
12.94509983
6.20588255
5.17058802
5.87647104
7.51176500
8.74509907
7.78431320
7.94313765
8.62156963
8.57254887
5.18823433
4.88039207
7.34117699
11.37842941
10.25098038
11.54706192
12.42352772
15.46078587
12.03333473
6.23333311
5.27450943
5.80196047
7.38823557
8.62941265
8.14902020
8.00784397
8.53725529
8.02744961
4.94705868
5.06274557
7.39411736
10.65490437
9.69019699
11.21960926
12.07451248
15.68235302
11.91568756
6.13333416
5.22941113
5.17451048
7.23529482
8.24705887
8.27254963
7.96470547
8.38235283
8.30000114
4.88039351
5.09411812
7.36078453
9.96274662
9.66862774
10.96274567
12.12941265
14.51568699
11.90980625
5.84509850
5.14313745
5.22156858
7.32745123
7.96862793
8.30196190
7.86666822
8.26862812
8.41372585
5.02352953
4.72745180
7.08235359
10.22941113
9.95097923
10.92549038
12.08823490
12.90392303
11.40784454
5.76666737
4.95686245
5.53529358
7.59803915
7.93921614
8.09019566
7.67451048
8.22745037
8.48235512
5.14313745
4.50784349
6.88823557
10.48627377
10.05686283
10.76078415
11.78627396
12.58235168
11.27843189
5.87058830
4.69411755
5.38039207
7.47058773
8.00000095
7.70784378
7.68823624
8.20392227
8.59411812
5.09411764
4.42156887
7.22352982
10.41176510
10.36862755
10.61960793
11.54705811
13.04117966
9.50980473
5.88823557
4.84509850
5.60588217
7.09215736
7.85098171
7.23921728
7.61372566
8.23137283
8.60980606
5.20784330
4.49804020
7.61372519
10.14313602
10.35294342
10.81372452
11.80196190
13.04901981
10.03333282
5.70000029
5.14509821
5.29607821
7.00980377
7.68823576
7.15490341
7.42157030
8.32941437
8.70980263
5.46666718
4.61372566
7.67843151
9.60588169
9.89999866
11.72549152
12.29411697
12.71764755
9.99411678
5.66078520
5.17843199
5.30588198
7.11176538
7.43333387
7.22353125
7.51960850
8.61568737
8.50588226
5.13137293
4.55882359
7.55294085
9.45098209
9.56470776
12.66470718
12.61372757
12.40196228
9.94313812
5.57254934
4.96666670
5.61764717
7.08823538
7.27058887
7.24117708
7.78823614
8.69019794
8.66666698
4.97450972
4.44705868
7.27255011
9.46078491
9.63529396
12.53921700
12.47843647
12.48627472
10.22941208
5.37254953
4.76078463
5.19803905
7.15686321
7.25882339
7.50392199
7.74313736
8.64902020
8.38627529
5.23725557
4.60980368
7.08823538
9.50196171
9.76274490
11.90196323
11.79019547
12.16862583
10.33921528
5.40980387
4.81372499
5.19215679
7.40588284
7.26666784
7.68039227
7.50196075
8.45686340
7.85882473
5.36078453
5.00588322
7.49607944
9.54313850
9.53921700
11.37254906
11.48235607
12.10392189
10.27647114
5.44901943
4.81960773
4.94117641
7.52745152
7.29411888
7.48235321
7.40980577
8.18039227
8.09803963
5.23137283
5.21372604
8.16862774
9.30588341
9.25490284
11.56470680
11.90588474
11.93137550
10.53725719
5.33921528
4.75294209
4.92941189
7.55294275
7.41568708
7.46862698
7.44705772
8.29607964
8.36078548
4.90588284
5.15490198
8.14313793
9.18235111
9.14313793
11.31568527
12.11764717
11.98431301
10.70000076
5.54313660
4.78431416
5.46274471
7.66470671
7.43725538
7.28431416
7.33333349
8.14509964
8.59019756
4.95490265
4.93529415
8.03333282
9.28039074
9.14313602
10.74901867
11.81764603
12.46470833
11.12156963
5.60980415
4.78431368
5.18039274
7.54117632
7.32156992
6.83137274
7.18039131
7.91372633
8.59411812
5.10196161
5.32941151
8.42156887
9.33725452
9.24117756
10.77451229
11.34706116
12.56274223
11.77254868
5.40588236
4.62549067
5.14313793
7.31568718
7.20588350
6.79019690
7.50392294
7.16470528
8.48039341
5.12548971
5.44901943
8.35686302
9.50784683
9.37451172
10.53921604
11.00000191
12.64117908
12.59804153
5.57843065
4.29803944
4.21764708
7.38039255
7.12352848
7.00195980
7.43725681
6.91568661
8.36078548
5.13725424
5.48627472
7.80196095
9.78039265
9.29215717
10.38039112
10.34705734
12.54313850
12.99411869
5.70784330
4.32156849
4.45098019
7.52353048
7.11176443
6.90196180
7.35882521
7.02941227
8.24313831
5.27843189
5.31960821
8.00784302
10.06078434
8.99019718
9.98235416
10.15490246
12.69804096
12.90588474
5.47450972
4.69019651
5.01960802
7.85098124
7.21764708
6.65490198
7.44509935
6.91568565
7.93529463
5.38627481
5.05098104
7.98823738
10.24313927
8.77843189
9.46470928
10.30000019
12.84509945
13.12353134
5.39803934
4.70392179
5.05098057
8.21372509
7.13529587
6.38627434
7.32549095
7.10196114
7.67843246
5.38431454
5.26666689
7.36470556
9.99019718
8.74705887
9.44902134
9.95098114
12.90196133
13.18823624
5.41960907
4.46666718
5.01960850
8.31176472
6.87254906
6.06862831
7.55686378
7.46862745
7.67843151
5.38039255
5.59019661
7.53725576
9.52941132
8.79215717
9.53921700
9.81764698
13.34902191
12.39215851
5.22745037
4.44705868
4.18235302
8.47254848
7.08235359
5.81176424
7.61372423
7.45686388
7.70000124
5.44313765
5.33137274
7.68627548
9.11372566
8.67255116
9.72745132
9.83921432
13.71568871
11.64509773
5.11960888
4.64705896
4.28039217
8.31764698
6.81176519
5.94901991
7.55490208
7.23921537
7.56862783
5.04117584
4.82549047
7.50000000
8.71372604
8.66274452
9.85686207
9.66666508
13.72941303
11.35490227
5.34117651
4.90392160
5.21372509
7.84705973
6.77451086
6.12352991
7.11568689
7.44117737
7.48431444
4.50392246
4.35490179
7.11568737
8.50784302
8.85098076
10.08823586
9.50588322
12.97450829
10.27255058
5.58627558
5.21764660
5.35882330
7.18039322
7.17254829
6.07254934
6.49411821
7.51568604
7.28039265
4.57451057
4.08823538
7.08235264
8.44509792
9.11960888
9.95098019
9.39019680
12.12353039
9.97843266
5.96666718
5.45490313
4.78627491
6.86078548
7.42353010
5.77843094
6.27843237
7.46274662
7.19019651
4.99215794
3.96078467
6.98039198
8.60196114
9.15098095
9.50784302
9.42941189
11.53921890
9.79215908
5.76470661
5.53725529
3.82745194
7.36078548
7.11372614
5.59215689
6.47843313
7.63333368
7.56470823
4.82549000
4.03529453
6.71372652
8.63137341
8.87843227
9.49804020
9.59803963
10.90196037
9.51568699
5.64117670
5.31176519
3.64509892
8.30392075
6.48627472
5.65098095
6.69607925
7.67451048
7.85882425
4.56470633
4.22156954
6.77647161
8.47647190
8.51568699
9.85882378
9.59804153
10.40588474
9.16666508
6.11764812
5.20392179
4.18823528
8.71960831
6.01764727
5.75294113
6.80980492
7.69019747
7.69215679
4.82745171
4.37647057
6.89019680
8.65294170
8.27647209
10.00980377
9.43333435
10.00392437
9.30588245
6.00980473
5.27843142
4.10588264
8.48823547
6.17451000
5.99215651
6.83529472
7.82941151
7.55882406
5.58039188
4.67647171
7.07843113
9.00588322
8.44509697
9.63333416
9.35098267
9.89607906
9.40980530
5.80588245
5.27450943
4.67647123
8.70980453
6.44509888
6.10980368
6.77647114
8.00392151
7.68431377
5.88627577
4.99215603
6.71176577
9.26274586
8.82549000
9.10392284
9.28823662
9.73725319
9.16078568
6.16274500
5.38627434
4.22745085
9.19803905
6.50588226
5.89019632
6.58235407
7.75686264
7.52156973
5.80392170
5.00588274
6.55686378
9.36862946
9.25490093
9.05490398
9.37451077
9.90392303
9.24117756
6.01764774
5.15882444
4.20392227
9.15098000
6.71960831
5.50000095
6.30980444
7.56470776
7.54509830
5.61764765
5.06274557
6.68039274
9.42352962
9.06470585
9.23725510
10.00588322
10.04902077
9.42548943
6.07254934
5.04117680
5.21372557
8.86470699
6.68235350
5.45882225
6.19215631
7.71372604
7.83529377
5.46862745
5.35294199
6.75294161
9.38823605
9.13529491
9.33333302
10.75098228
9.53725624
8.86078453
5.98627424
5.51372576
6.09607887
9.18039322
6.18823576
5.64313745
6.37255001
7.43137264
8.35686302
5.42549038
5.32352972
6.75686264
9.52352905
9.20196247
9.49215698
10.74901962
8.77254772
8.35882378
5.84313869
6.09803963
6.30588341
9.44117641
5.85490227
5.68235397
6.47254944
6.97058916
8.96274471
5.47843170
5.08235312
6.88627625
9.88431454
9.32744980
9.91960907
10.48235130
8.56470680
8.47254944
6.25098133
6.32156897
6.52156925
10.09215736
5.69803905
5.59019566
6.38627529
6.89411783
8.99215889
5.31176472
5.09999990
7.04509926
9.86666679
9.04705811
10.60392189
10.65294075
8.79608154
8.35490227
6.40000105
6.25490236
6.70196104
9.91568756
5.78039265
5.69019747
6.30000114
7.11372614
8.49607849
5.08823490
5.00196123
6.94509888
10.00000095
8.98823738
11.23725510
10.74117851
8.78823566
8.11764717
6.26078510
6.23529530
7.87843227
9.47058868
5.81764793
5.72941303
6.24509859
6.87058878
8.16078472
5.00980377
4.86274529
6.72156906
10.44313717
9.12156773
11.51764774
10.63725567
8.87451077
8.12548923
6.31960726
5.81176519
8.55294132
9.53333473
5.62745190
5.43137169
6.18627501
6.98627329
7.42941189
5.14705849
4.55686378
6.76470757
10.68235302
9.57254696
11.13333321
10.21764660
8.82941341
8.05490112
6.94705963
5.76666737
11.41764545
9.47058964
5.52941132
5.13725471
5.97647095
6.68039179
6.97647095
5.50392151
4.61372519
7.55686426
10.90784359
9.91372490
10.36274529
9.81372452
8.78235435
7.77254915
7.31960869
6.20980406
11.75882435
9.08627510
6.08235312
5.24117708
5.64509869
6.66078424
6.61764908
6.08235264
4.86666679
8.75686264
11.76666737
9.99019432
9.76078510
9.58431530
8.84509659
7.55490208
7.83333349
6.60000134
11.76470566
8.54509735
5.73333311
5.38235283
5.53137398
6.36666775
6.31568623
6.28235340
4.85686350
9.29803944
12.71176624
10.00195980
9.87255096
9.82157040
8.68627548
7.66078472
8.63529396
7.01568699
11.99804211
8.36470509
5.33333349
5.17451000
5.45882416
6.18823624
6.52941227
6.39215660
5.33921623
8.67254925
11.65882206
9.65490341
10.36666489
10.24902153
8.47451019
7.81568718
9.33333302
8.28823471
12.16078663
8.37647247
5.25294161
4.91568661
5.26274490
6.07254982
6.79019642
6.98627520
6.38627434
7.70000029
10.70980358
9.09607983
10.35882378
10.14706039
8.49019527
7.76274538
10.25098038
9.74706078
12.63333511
8.30588341
5.26078367
4.89607906
4.98235416
5.91372585
6.84902048
7.48039341
7.88627434
7.68431425
10.55098057
8.98039341
10.06470680
9.54706097
8.58039284
7.53137445
10.81372738
11.16862965
13.06666946
7.66274643
5.42156887
4.98039293
4.83529472
6.13333368
6.63529396
7.34509850
8.88235378
8.25098133
10.47450829
9.25882244
10.03921604
9.35098267
8.42548943
7.47254848
11.10588455
12.81176472
13.73529434
7.67254972
5.40980339
4.81960821
4.64901972
6.58431387
6.35882425
7.36470699
8.96078587
8.83921623
10.89607906
9.46666622
9.97647095
9.18823719
7.77058935
7.68235302
10.54509735
16.45490265
18.28627586
7.62156916
5.41764736
4.95098066
4.78235292
6.55098057
6.32548952
7.32549000
8.94705772
8.95686245
10.84706020
9.49215698
9.50980377
9.08627415
7.42941046
7.94313717
10.43725681
16.50196075
18.72941208
7.76274490
5.56274557
5.09803915
5.01568604
6.38627529
6.49019670
7.79607868
9.12745094
9.30588341
10.30980301
9.43137360
9.32745075
8.48235416
7.71764803
8.34902000
9.96666908
16.88627434
19.43529892
7.96862793
5.52352905
4.90784359
5.03137207
6.49411774
6.50196123
7.97058916
9.32156944
9.61568546
9.46470547
9.18627548
8.92745209
7.93137264
7.83921528
8.59607792
9.88627625
15.32157135
18.46667099
8.35686302
5.30588245
5.00392151
5.05686283
6.48039246
6.33725452
8.47058868
9.95098114
9.11372662
8.71176529
8.80196095
8.89607811
7.82549095
8.02745247
8.62157059
10.88039207
15.70000267
19.45686150
8.65490246
5.20784378
5.26862812
5.26862860
6.48431396
6.20392179
8.77647114
10.32352924
8.61960888
8.92745209
8.54901886
8.85294151
7.57254934
8.62745285
8.86862850
12.16274643
15.60392380
20.47450829
8.30000114
5.32352972
5.13137341
5.31176567
6.09607840
6.01764727
8.89215660
10.12548923
8.32744980
9.37254906
8.44117641
8.49215794
7.45490265
9.14902020
8.79607868
12.78823662
15.36274719
19.94705963
7.75294161
5.27254915
4.56862783
5.20588207
5.70588207
5.67058897
9.20196152
9.83137321
8.11764717
9.35882568
8.46862793
8.22352982
7.55882359
9.06862831
9.11568832
12.93333530
15.57451057
19.47647285
7.01372576
5.19607878
4.34313726
4.62156916
5.67058945
5.49411774
8.57647228
9.52156925
7.60980320
9.02156734
8.05882359
7.86274624
7.60588169
8.67646980
9.75098038
12.94901943
15.60980415
19.77647209
6.72745180
5.01960802
4.16666698
4.38627481
6.03137302
5.91764736
7.91568708
9.43137264
7.28823614
8.33725548
7.82941198
7.68235302
7.25686264
8.31960869
10.04509830
12.39215660
15.35686398
17.81960869
6.92156887
5.18431330
4.12745142
4.50392246
6.37843180
6.11764812
7.49803877
9.70784283
7.33333397
8.08627510
8.01568699
7.63725615
6.94509840
8.24902153
10.01372433
11.87255096
15.17451286
17.23921585
7.40392399
5.28235340
4.30980444
4.58627462
6.58039284
5.99803972
7.35882425
10.10588360
7.39019632
8.11372566
7.87843227
7.54509878
7.15098095
8.08235264
9.55098152
11.70000267
15.39804268
16.55294418
7.87843275
5.07843065
4.38823557
4.68235302
6.55882263
6.08039331
7.65098000
10.06470776
7.93137312
8.16274548
7.60784483
7.46666765
7.35098076
7.68627548
8.82156849
11.44705963
15.61176491
16.94117546
8.38823605
5.11764622
4.53137302
4.65490246
6.35098171
6.08039284
7.60196114
9.68235397
8.80980396
8.58039188
7.72745085
7.50980425
7.14705944
7.41176462
8.56470585
11.35490227
15.57254791
17.10784531
9.07254791
5.40980387
4.42156839
4.64509869
6.05490208
6.25098085
7.43725538
9.56862736
9.55097866
8.99019814
8.72548962
7.63137150
7.02941418
7.54705906
8.58039188
11.07843208
15.86078548
17.45686340
9.63529491
5.37058878
4.18235350
4.56274509
6.03921652
6.62156868
7.45490217
9.65098000
9.77842903
8.85490227
9.46078682
7.75686312
7.23333359
7.60588264
8.18627548
10.62745094
16.03137398
16.50784111
10.08431339
5.24117661
4.00392199
4.57647038
6.03921700
6.85294151
7.37451029
9.52941322
8.92156887
8.73529530
9.92941093
7.45686340
6.95882463
7.17058802
8.02353001
9.74117661
15.84117603
19.09607887
10.23921585
5.32156897
3.87843204
4.68431330
6.16470623
7.56666708
7.31176615
9.08039379
8.23725510
8.75882339
10.00392151
7.38627386
6.89607906
6.91176605
7.80980444
9.00196171
15.36862850
19.60980415
10.65490150
5.21764708
4.18627453
4.73529387
6.40784407
8.61568546
7.29215670
8.86862755
8.34705830
8.50588322
9.63137245
7.09607840
6.96470642
6.84705830
7.39215755
8.49215698
14.94314003
20.25882721
11.16274643
4.94117689
4.48627520
4.72549009
6.42941189
8.63529491
7.20588398
8.68823814
8.89411831
7.70196152
8.52156925
6.61568642
6.61960840
6.54901981
7.22352839
8.55294132
14.25294113
16.57058716
12.07451057
4.94313765
4.28823614
4.61372614
6.02352953
7.92549133
7.67254925
8.20980358
9.52156925
7.00196075
7.54313755
6.73529339
6.42548990
6.31568670
6.91960764
9.22745037
13.30784416
17.35294151
13.41960716
4.89607859
4.17647076
4.40000010
5.56470680
7.70980453
8.53921700
8.05686283
9.48823738
6.88039255
7.35098076
6.77451038
6.45882320
6.12549019
6.28627539
9.57451153
12.61372566
18.10196304
13.88627720
4.93529463
4.44117641
4.33529472
5.30000067
7.23529434
8.63333416
7.97255039
8.88039398
7.05098009
7.39215708
6.62745094
6.42549181
6.27450848
6.25098038
9.85490227
12.33137321
17.75294304
13.12745285
4.81568670
4.46470594
4.17451048
5.47058916
6.73529434
8.38235474
7.59804058
8.55098152
7.00000048
7.37843227
6.87255096
6.21764708
6.19607830
6.42156982
10.01960850
12.15882301
16.44314003
12.02353191
4.87254906
4.20588255
4.26862812
5.69411850
6.30196142
8.21372604
7.70000076
8.04901886
6.86862850
7.34901953
6.73333406
6.08627415
6.10392189
6.51960897
10.06666851
12.35686302
14.58039379
11.41568851
4.97843266
4.09999990
4.60196066
5.73137236
6.47647047
7.97451067
7.71372604
7.80392218
6.78823614
7.31960964
7.01568699
5.90588427
6.07843208
6.50196123
9.85882282
12.33333492
13.17058754
10.21568680
5.18627453
4.37450981
4.88039255
5.65490341
6.54313803
7.64509964
7.63921690
7.61764717
6.26862764
7.15490246
7.53921509
5.84509850
6.18235445
6.52549076
9.58431530
12.89608002
12.21764755
8.72941208
5.06078386
4.46666622
4.97254944
5.76470613
6.30980396
7.37058926
7.80000067
7.47058868
5.65882397
6.73137379
7.53725529
6.19607782
6.39803934
6.61960840
9.38235474
14.15686321
11.76274395
8.02941322
4.73333311
4.31764746
4.89803934
6.03137255
6.24901915
7.03921604
7.84706020
7.35098171
5.57058811
6.28823471
7.32549095
6.52156973
6.63333368
6.66862869
9.23529434
14.86862946
11.62548923
7.53529263
4.89411831
4.26862764
4.72352982
6.20392227
6.08823586
6.61568737
7.84313774
6.89215755
5.53137302
6.11372566
7.15098047
6.42353010
6.77451086
6.61568642
9.15098000
15.23921871
11.25882530
7.25686312
4.78039265
4.27254915
4.40784311
6.09215641
6.12745047
6.29607868
7.78431463
6.55490160
5.43333435
6.07059002
6.71960831
6.46666765
6.69019604
6.61372614
9.66470528
15.57254982
10.81372643
6.90196180
4.23529482
4.40980387
4.02156878
5.90588188
6.15098000
6.19215727
7.66862774
6.25294209
5.61764717
5.93725491
6.04902077
6.85098076
6.48431349
6.49019527
10.64509964
15.73333454
10.41372681
6.58627510
4.04705906
4.35686207
3.80392170
5.94313765
6.28431416
6.16862774
7.25098133
5.83333349
5.29215813
5.65294170
5.92549086
6.63725471
6.10784435
6.30392075
11.20980549
15.59019852
9.96078396
7.41960716
3.70392179
4.12745094
4.09607887
5.91960907
5.96078491
5.91960859
6.75490189
5.72549057
5.49019623
5.50980473
6.16274548
6.44313765
6.03137302
6.25882244
11.66078281
14.96862602
10.08431339
8.64313698
3.85490203
3.98235345
4.66862774
5.89215755
6.05294228
5.89803934
6.45882463
5.94509888
5.74313688
5.50392199
5.98431349
6.44705820
6.25686359
6.38431501
12.13529491
13.79019833
10.67058659
9.30392075
4.43725491
3.94901991
5.06862736
5.80392265
6.28627491
5.57451057
6.88627434
6.10980415
5.53921604
5.30588293
5.81764746
6.24117756
6.07843161
6.45490265
12.19215679
13.04706192
10.88039398
9.42941284
4.41764736
3.94901967
5.10588312
5.53725529
6.09215689
5.44509840
7.54509878
5.96862793
5.54705906
5.13921547
5.90980530
6.09803963
5.62352991
6.47843266
12.21568489
12.95098305
10.31961155
9.16078472
4.32941198
3.99019575
4.98823500
5.53137350
6.32353020
5.21372557
7.47647095
5.69019604
5.44705772
5.21960831
5.93921566
6.08431339
5.42353010
6.55686283
12.20784187
12.72745132
9.64705849
9.04117584
4.13921642
4.23137283
5.28431416
5.68235350
6.96274567
5.55686283
6.97451115
5.65686226
5.36470556
5.49803925
6.01176453
6.29803848
5.39019680
6.61176491
11.87843037
12.13333607
9.42156792
8.68039322
4.24313784
4.28823519
5.21568680
5.87843180
7.35882473
6.83921576
6.51176548
5.87255001
5.33137226
5.84902048
6.25294113
6.32941246
5.23529434
6.51568651
11.34902000
11.83333397
9.22745037
8.38823700
4.26470661
4.18823528
5.04705906
6.14509821
7.76666737
8.02941132
6.24901962
5.83529472
5.00000000
5.90784311
5.94509840
5.71960783
5.08039236
6.07058859
10.62941265
11.93921661
8.80392361
7.80196190
4.29803896
4.27450991
4.66274548
5.99411774
7.78627491
8.74902153
6.30784369
5.69607925
5.09803963
5.52941370
5.49019623
5.59803963
5.09019613
6.26078415
9.70784378
11.69411659
8.79803944
7.91960764
4.28039265
4.20392179
4.62156868
5.50000048
6.84313774
8.19999981
6.52549124
6.02352858
5.03725529
5.12352991
5.49803972
5.54313707
5.02352953
6.43529367
9.03529453
11.72352886
9.15686417
8.31176472
4.23137283
3.84705925
4.76274490
5.29215765
5.79019594
7.84705973
6.81764793
6.87254906
4.78823471
5.43725491
5.75882244
5.08431435
4.69803905
6.16470623
9.09804058
12.36274433
9.07647133
8.09411716
4.28431416
3.81568670
4.57647038
5.52745104
5.48039246
7.36078453
7.02352953
7.55882406
4.81960773
5.86078501
6.08039236
5.04901981
4.55882359
6.13921642
9.27058887
12.79411793
9.00196171
7.76078510
4.46078491
3.85294175
4.50000000
5.71372509
5.33529472
6.76470518
6.99019718
7.74705887
4.50000000
5.47254848
6.38431406
5.15686321
4.66274548
5.93921471
9.12353039
13.27058983
9.38431358
7.50588274
4.19803858
3.80588269
4.77058887
5.57058811
5.17451000
6.20196152
6.79804039
7.37843227
3.75294185
4.94901991
6.35294151
4.99215746
4.96078539
5.84705973
8.97843075
13.50588417
10.40980530
8.05490208
3.74509788
3.74901986
4.58235312
5.69411707
5.25882339
5.65686369
6.40588188
6.89411783
3.70000029
5.10196066
5.99411821
4.65490294
5.06274605
5.97450972
8.96274567
13.52157307
11.33333397
8.77647018
3.79803967
3.62549090
4.45686293
5.31568670
5.36078453
5.24509907
6.31764746
6.63333416
3.88627481
5.43137360
5.57058811
4.68431377
5.07254982
5.94509840
9.21372700
13.35490322
11.87058830
9.89215851
3.80000019
3.51960802
4.40784311
5.24509811
5.52549028
5.16666794
6.16470480
6.05686235
4.13529444
5.12549019
5.25490141
4.57647085
4.83333349
5.78235245
8.58823586
12.68627453
11.65686035
10.03529358
3.54117727
3.51764750
4.23137283
5.55490208
5.31960821
4.76274490
5.77647161
5.54509878
4.52745152
4.66274500
4.99607897
4.47058868
4.87254906
5.54117680
8.10392094
11.69411850
11.42548847
10.06274700
3.47058916
3.56274533
4.04901981
5.61568737
5.01568604
4.42549086
5.82352972
5.77843046
5.21568680
4.72352934
4.90000105
4.57058859
4.93333387
5.14509773
8.02156925
10.95294285
11.45882607
10.64117813
3.69019675
3.46666670
3.94117665
5.44705915
5.18235397
4.63529444
5.99803925
6.03529549
5.45490217
4.77058887
4.80784369
4.57058811
4.47843122
4.83333302
7.58431435
10.57843304
11.60196304
10.94509888
4.16666651
3.37058830
3.84902024
5.14313698
5.25882435
4.71960735
5.80588341
6.07451010
4.99804020
4.72352934
4.69804001
4.66470671
4.13333368
4.86666679
7.68627501
10.43725491
11.74705982
11.22157001
4.41372681
3.43333340
3.80588245
5.05098200
5.07646990
4.56666708
5.50980377
6.36666727
4.75686312
4.69019604
4.66470575
4.64705849
4.17843151
5.17647028
8.01372433
10.42941189
12.02941132
11.20000172
4.36470604
3.33921599
3.78823590
4.86078453
5.05098057
4.54117727
5.47647095
6.36862803
4.50392199
4.56470633
4.68823528
4.44901991
4.44902039
5.26470613
8.07254887
10.63333321
12.17451191
11.14117908
4.13333368
3.80784369
3.98235297
4.70196056
5.10196161
4.54705954
5.33725500
6.32549047
4.11960793
4.25490189
4.54117632
4.46862793
4.54705954
5.16274500
8.05294132
10.91764736
12.41372585
10.82941341
3.29803967
3.53137279
4.02352953
4.70588303
5.23137236
4.68627548
5.19411802
6.52941275
3.86078405
4.24705887
4.64313698
4.68431377
4.14117622
5.18039274
7.66666794
10.95686340
12.13529682
10.60000134
3.17254901
3.22549057
3.67843151
4.81176472
5.32353067
4.88235378
5.33529425
6.76274586
3.62549090
4.30980492
4.69215679
4.72745132
3.92549062
5.27647018
7.71960735
11.09608078
11.47646999
9.98627472
3.58823586
3.27254939
3.43333387
5.02156973
5.30784369
4.91568613
5.68235302
6.54705954
3.35294127
4.33137274
4.67451000
4.51764679
3.97450972
5.46666718
8.08627510
11.01960945
10.66862679
8.98431396
3.47843170
3.00980425
3.52549005
5.10980463
5.24313736
4.84509897
5.83529425
6.31176281
3.56666660
4.49607849
4.80392218
4.37254858
3.86078453
5.64705801
7.90392160
10.40196228
9.99215698
8.32549000
3.58039236
3.29411769
3.66274548
5.02941132
5.19999933
4.86078453
5.79607916
6.45490265
4.14117670
4.45686293
4.73921537
4.34509754
3.90980411
5.38235283
7.59411716
9.99411774
9.94313812
7.98627472
3.88039231
3.77647066
3.54117703
4.87647152
5.10980368
4.81176424
5.33921623
6.46274567
4.44117641
4.38627481
4.69607878
4.45098019
3.80980396
5.20980406
7.60000134
9.56274414
10.14705944
7.63529491
4.12941170
3.83529449
3.58235264
4.49607897
4.75686264
4.54117680
4.94313812
5.64901972
4.20196104
4.46274567
4.83137226
4.33333397
3.54705930
5.00980425
7.81176567
9.00980473
10.36078453
7.29803991
4.29019594
3.39607835
3.38823581
4.33333445
4.97647095
4.36862755
4.91960812
5.41176510
4.07254887
4.48431349
4.83333349
4.24509859
3.52941227
4.67254972
7.45882511
8.47451115
11.05294132
7.11568594
4.07254887
3.52352929
3.11372590
4.37647104
4.82549047
4.53137302
5.13725567
5.60392237
4.19019651
4.46470642
4.56666660
4.07254934
3.69607854
4.74705839
7.43137264
8.48039246
11.55882549
7.08431482
4.16862822
3.77450967
2.92745090
4.28235245
4.19019699
4.77843189
4.96274519
5.73921633
4.30196095
4.24117661
4.20588255
4.36078501
3.70000076
4.81176519
7.37647057
8.82352924
11.33725643
6.92941189
4.43529463
3.72941208
2.76274490
4.18431377
3.98627448
4.81764746
4.62352943
5.53921556
4.30784369
4.23333406
4.00784349
4.70000029
3.54705906
4.69215631
7.07647085
9.45294189
10.80000019
6.68431377
4.22156906
3.86666703
2.87254930
4.13921547
4.06470585
4.79215765
4.60980463
5.14117622
4.38823557
4.29411840
4.09215736
4.30392122
3.50980425
4.67058802
7.05294132
9.81176567
9.93921661
6.54901981
4.05294180
3.74313784
3.18823552
4.00784302
4.12156868
4.78627539
4.69019604
5.11764812
4.49411821
3.90784383
4.29215717
3.84117675
3.55294156
4.51764727
6.87254953
9.33333492
9.03333378
6.52156925
3.83529425
3.93333316
3.55686283
3.88235331
4.51568651
4.47451019
4.73921537
5.18235350
4.44117641
3.76666737
4.17058849
3.77647042
3.58627462
4.19215727
6.64705849
8.41372681
8.25490189
6.36470556
3.67843127
4.00196123
3.67450953
3.74117684
4.86078501
4.20000029
4.56666708
5.21568584
4.59019613
3.98039246
4.33725452
3.57843184
3.67058849
3.93921542
6.42549038
7.88235235
7.92157030
6.05294132
3.33137274
3.58823562
3.52156901
3.70588255
4.88823605
3.93921590
4.57451057
5.14901924
4.62156773
4.34705830
4.37647057
3.36078453
3.63921595
3.90196109
6.12549067
7.89804029
7.82745075
6.33137274
3.13921595
3.39215708
3.73725510
3.78039265
4.70196056
3.97254920
4.78431416
4.97647095
4.61568642
4.23921537
4.21960783
3.63137269
3.61960816
4.07647085
6.32156897
8.31960773
7.78627586
6.46078444
3.28235316
3.26274562
3.59215713
3.92745161
4.52549076
3.74705887
4.99411774
4.92352915
4.27058840
4.00196075
4.23921633
4.24509764
3.69999981
4.17843151
6.49019623
8.36470699
7.36078358
6.15686369
3.50980401
3.29411745
3.15098071
4.16862726
4.62549114
4.15294170
5.13529491
5.00980473
3.86274552
3.87450981
3.98039222
4.40392208
3.73921633
4.24117708
6.33137226
8.14313602
6.91568804
6.07058907
3.69803953
3.42156863
3.15490246
4.21176481
4.81764793
4.14705896
5.12745142
5.11568546
3.82156873
3.81176496
3.55294085
4.16470623
3.69607902
4.30980492
6.30000067
7.92549133
6.83529520
6.40392208
3.82549024
2.87254906
2.98039317
3.97450972
4.57254982
3.83529401
5.02745008
5.19019556
3.67647076
4.02745104
3.72941184
4.10196066
3.66862774
4.38039207
6.25490236
7.73921680
6.91568708
6.95098114
3.76274490
2.75686288
3.05098081
3.90000033
4.31176472
3.76470590
4.99019575
5.02745152
3.46666741
4.15686274
3.90980434
4.00588274
3.71176529
4.34313774
5.96078444
7.37450981
7.04901934
7.05490255
3.69019675
3.30588269
3.44901991
3.80392194
4.17843199
3.70980453
4.60588264
4.55294037
3.33725500
4.19411707
3.93137312
3.52352977
3.65490198
4.20392179
5.43725538
6.93137264
7.39804029
7.01176500
3.69803953
3.50980425
3.39999986
3.79411793
4.47254896
3.56862736
4.44705963
3.79607868
3.20980430
4.14902020
3.78627467
3.15098071
3.61372542
4.19019651
5.44509840
6.67450953
7.07843208
6.76078463
3.48431349
3.30000019
3.07254910
3.98823595
4.80980492
3.46862793
4.72549105
3.72745109
3.40588307
4.00588274
3.71960831
3.24509835
3.53529406
4.20588350
5.39215708
6.64509821
6.84509897
6.40000057
3.16470623
3.23137283
2.96274590
4.09803963
4.95490217
3.39215732
5.19804001
4.06862736
3.69019604
3.78235316
3.52352953
3.64117599
3.34902024
4.03921556
4.97058916
6.43725586
6.70588255
6.48823500
3.25686288
3.21960831
2.91176558
3.94902015
4.74901962
3.36470628
5.51568604
4.25098038
3.71764755
3.58823538
3.35882401
3.93725514
3.22745156
3.87647033
4.66470671
6.11372566
6.71176529
6.50588226
3.49411845
3.18235350
2.84705949
3.86470604
4.30588245
3.60196114
5.18627453
4.43333340
3.51176476
3.55882359
3.36862826
3.89019632
3.31372619
3.95294118
4.47058916
5.79803991
7.07646990
6.35294151
3.50000072
3.16274524
2.91764736
4.01764727
4.27843094
3.99411774
4.54117680
4.46470642
3.42352962
3.60588288
3.12941217
3.62745142
3.51176453
4.10196114
4.52745152
5.51176500
7.02353001
6.64313841
3.33921599
3.17451000
3.03725505
3.70784307
4.20000029
4.62941170
4.78823519
4.44117689
3.40784311
3.27451015
3.20980430
3.28823519
3.57254934
4.04313755
4.54705906
5.49607897
6.91764641
7.23333359
3.41764784
3.14117694
3.05294180
3.40980411
4.05686331
5.01568604
5.19019604
4.32745075
3.68039203
2.96470618
3.31960821
3.29999995
3.36078477
3.95882320
4.65882349
5.77647018
6.68431425
7.73333454
3.48431492
3.43333340
3.00000024
3.31960869
4.14509773
5.23921585
4.97647095
4.32549095
3.77843189
3.14705896
3.51568651
3.91764688
3.37058854
3.89019656
4.32156897
5.48823547
6.53137350
7.81764698
3.41960788
3.45686269
2.93529439
3.25686312
4.30980396
5.05490303
4.80392265
3.98823500
3.42156935
3.31764722
3.30196095
3.68627524
3.44509816
3.87451029
4.43137217
5.28627443
6.13921595
7.11372566
3.25294137
3.08823562
3.03137279
3.22941232
4.14117622
4.51176548
4.56470680
3.74509835
2.93333292
3.44313788
3.19411778
3.40000057
3.46862745
3.78039241
4.18235350
5.47646999
5.96470594
6.65882397
3.08627462
3.16862750
3.21568704
3.14901972
3.86470604
3.86862779
4.40588331
3.90000057
2.78627467
3.70980382
3.24117708
3.57254934
3.10980439
3.57450962
3.77254939
5.65490246
6.85098028
6.51960850
3.15882349
3.45098066
3.32156897
2.86274576
3.74901986
3.51176476
4.68823576
3.91176438
2.94313741
3.78039265
3.06274581
3.38823533
2.61764717
3.36078501
4.05294180
5.70392132
6.91568804
6.31764698
3.41176462
3.37843156
3.32156849
2.83137250
3.76666713
3.50196123
4.62352896
3.91764736
3.12352991
3.79607868
3.07254887
3.56666684
2.70392203
3.23921561
3.87254906
5.56274509
6.89803934
6.44117689
3.42745137
3.04705906
3.36470604
3.08039260
3.70980406
3.57254934
4.71176481
4.01568651
3.11764741
3.54117680
3.04117680
3.36274552
3.05098081
3.43137288
3.63921618
5.85686302
7.10196257
6.33333349
3.17058849
2.82352924
3.45490217
3.14313769
3.58823586
3.59215713
4.97058916
4.09411812
2.88431382
3.45294118
2.99215698
2.92745113
3.06470585
3.59215689
3.62549019
6.01764679
6.50392103
6.13333416
3.31176496
2.93333387
3.46274543
3.31568694
3.43333387
3.76862764
4.95882416
3.80784345
2.80980420
3.48235321
3.00784349
2.90588284
3.10784340
3.54705906
3.78431439
6.04117727
6.62941217
5.99411726
3.15294147
3.37058830
3.48235321
3.39411807
3.37450981
3.94509864
4.85098171
3.43725514
2.68823576
3.52549028
3.26078463
3.17254949
2.91960788
3.45098042
3.84313774
6.06274462
6.81568575
6.07254934
3.46470618
3.49803948
3.38431382
3.27647066
3.24117661
3.77058816
4.82353020
3.33921599
2.49607849
3.38823533
3.41372585
3.02549076
3.17647099
3.52156854
3.75098038
6.71960783
6.49803972
6.14902020
3.76470613
3.19607854
3.05686331
3.28823566
2.96078491
3.28627491
4.47843122
3.17450953
2.57058883
3.32941198
3.21568680
2.71764731
3.21960831
3.50980377
3.95098042
7.54313660
6.23725557
6.06862926
3.23333311
2.98431373
2.85294127
3.30196095
2.90196109
2.91764736
3.92352962
3.06078506
2.68431425
3.28431368
3.11960816
2.80000043
2.85882354
3.47843194
4.15686321
7.30196142
6.24902010
6.15686321
3.31764722
3.04509783
2.97254944
3.16470623
3.08627415
2.80784321
3.66862798
3.16274548
2.54117680
3.10392165
3.33137274
3.10784364
3.19803882
3.57843184
4.04313707
6.32745171
6.47647190
6.46862650
3.42352986
3.03529501
3.06470609
3.00784349
3.43529415
2.84117651
3.62745142
3.19803905
2.88823557
2.88431358
3.42745137
3.03529477
3.23137236
3.19607854
3.82941222
5.57843208
6.22157001
6.46862698
2.93921614
3.03725505
3.18627501
3.05294156
3.71176505
2.96078444
3.50196123
3.18039274
3.01372623
2.76274514
3.25686336
3.00196099
3.19411826
3.07058835
3.81764722
5.18039227
5.92157030
6.32156944
2.86274529
3.12745118
3.11372566
3.13333344
3.73333359
2.88431406
3.57254910
3.24509835
2.74509811
2.63921642
3.15490222
2.99607897
3.13921547
2.99411774
3.58235312
5.17647028
5.49019670
6.27647066
3.23725486
3.38235378
3.12745142
3.33921623
3.67254925
2.93333364
3.46470594
3.34313750
2.24705911
2.68823576
2.91568637
3.09019661
2.87058806
3.10000062
3.26666689
5.18235302
5.49607897
6.60980415
3.16078472
3.27254939
3.01372576
3.29019666
3.48627496
3.10196114
3.29804015
3.17647099
2.12352967
2.76470613
2.99411798
3.26078486
2.85294151
3.12745166
3.52941275
5.24509811
5.48039293
6.55098009
3.14509821
3.14901996
2.78431368
3.30588269
3.39215708
2.93725491
3.16274548
2.81960821
2.24313760
2.76470613
3.39607835
3.32941198
2.93333387
2.96470594
3.85294151
5.51960802
5.36078453
6.03921604
3.51960850
3.36862755
2.89215708
3.46078467
3.58823562
2.91568613
2.97843122
2.85294127
2.37451005
2.81764746
3.48235297
3.16666698
2.80980468
2.96470618
3.72156882
5.69411659
5.53725529
5.97254944
3.51568627
3.36274552
2.98627496
3.17058873
3.60784340
3.32941198
3.08039260
3.23921609
2.49607849
3.00392199
3.44509792
2.95882368
2.87647104
3.17843175
3.79411793
5.85098028
5.61372566
6.01568604
3.44705868
3.43725514
3.10784316
2.84901977
3.31764746
3.22352958
2.97058868
3.08039212
2.67647076
3.05098033
3.26078463
2.87254953
3.11176467
3.20784330
3.62549043
5.82745123
5.69999886
6.17647076
3.75490236
3.62549067
3.29607916
2.82549024
2.95882368
2.95490217
2.85294127
2.68235326
2.69019651
2.59215713
3.00196123
2.76666689
2.59411788
3.07058835
3.20196080
5.52745152
5.72941208
6.26274490
3.71372604
3.44117689
3.50000024
2.89411783
2.89411807
2.78823543
2.82352996
2.70392156
2.73529434
2.46078491
2.93921590
2.58627486
2.47058821
3.04705882
3.01176476
5.21176481
5.60588264
6.19215584
3.88627505
3.19019628
3.22549033
3.02941203
2.99411774
2.79019666
2.93333387
3.08235264
2.70588255
2.57058835
2.93333364
2.63725519
2.36862731
3.07058835
3.33921552
5.13921595
5.58039236
6.36666632
4.12156868
3.34705901
3.14313745
3.13137293
3.03333330
2.70392179
3.10196090
3.32941222
2.61568642
2.39607835
2.83725548
2.85098076
2.62549019
2.97254920
3.28823590
5.05686283
5.60588169
6.39607811
3.83529401
3.47254968
3.31176543
3.02352953
3.17647099
2.61176491
3.24117637
3.56470656
2.64901996
2.22156882
2.91764760
2.87254930
2.95098114
2.84901977
3.02156878
4.72352934
5.34902048
6.20392132
3.38627458
3.44313812
3.19019651
2.94117641
3.32156849
2.75294137
3.25490212
3.62352943
2.69607854
2.14313722
3.16274524
2.96666670
2.64705944
2.82941222
3.10784340
4.42352962
5.21176529
6.26862764
3.03529429
3.47843146
3.11764717
3.02549028
3.19019723
3.00000024
3.14509821
3.44117665
2.64313722
2.00196099
3.27647114
3.25882363
2.60784292
2.83333373
3.15294147
4.36470652
5.42941189
6.34705830
3.15098095
3.50392199
3.04313707
3.15686297
2.99215722
3.18627501
2.95882320
3.18235302
2.68235302
1.98235309
3.14705944
2.89215708
2.58627486
2.78235316
3.32352996
4.46078491
5.67451096
6.43921471
3.10980392
3.47647071
2.62352991
3.37254953
2.96078444
3.30784321
2.86274529
2.86274576
2.86666703
2.15490222
3.25294185
2.80000019
2.49607873
2.65686297
3.67843127
4.54509830
5.41176462
6.36274576
3.20196104
3.16274500
2.85686302
3.20784330
3.04313803
3.25294137
2.82352948
2.55098104
2.80196118
2.44901967
3.45294166
3.01568651
2.35490227
2.78235340
3.57843161
4.77450991
5.31568623
5.86470556
3.26274538
2.76470613
3.06666660
2.97254944
2.78627467
3.03921580
2.95882344
2.47058892
2.80196095
2.59803987
3.37647080
3.24509788
2.41372585
2.77647066
3.81960797
4.78627396
5.35098171
5.46274567
3.17254901
2.85882354
2.88627529
2.78235292
2.67647147
2.99215698
3.22549057
2.65490246
2.74117684
2.56862712
3.14313745
3.06470633
2.57647085
2.68627453
3.91764784
4.50980330
5.33725595
5.45686197
3.73529410
3.29607916
2.77647090
2.73137236
2.99019623
3.18039227
3.38823581
3.00392175
2.71568680
2.58627486
3.19411826
2.86666679
2.62549019
2.74117661
3.59803939
4.22549009
5.42745066
5.20392275
3.46666694
3.35490203
2.86470628
2.81764722
3.20196104
3.32156849
3.36470604
3.12156868
2.85882425
2.70196128
3.20196128
2.94117641
2.51960802
2.74117661
3.54313684
4.08235359
5.60000086
4.99019718
2.97451043
3.04313731
3.13725519
2.66078472
3.37451029
3.29607844
3.28039217
2.99803948
2.75686336
2.73137283
2.93333340
3.08627462
2.53529429
2.84902000
3.33137250
3.96862721
5.64901972
5.18431425
2.88627458
2.90000033
3.28627467
2.71372557
3.25490212
3.50392199
3.33333373
2.98823524
2.84509802
2.62549043
2.89215755
2.96470618
2.81764698
2.86666679
3.27843189
4.00392246
5.51568699
5.62745047
3.04705954
2.71372509
3.19215703
2.93137288
3.22745109
3.76470613
3.11960840
2.84509826
2.75294137
2.42352962
2.44901967
2.91960835
2.82745147
2.65490198
3.22941232
4.06862736
5.53725529
5.76470613
2.86862803
2.90196133
3.08823514
3.01960826
2.76078439
3.56274557
2.94902015
2.77647114
2.88431430
2.45490265
2.52156830
2.78627491
2.53529429
2.88235331
3.39019608
4.48431444
5.16862822
5.82549047
3.18039250
3.03137279
3.01960850
2.94509864
2.83725500
2.91764736
2.77451062
2.69019675
2.96862769
2.58039260
2.81372571
2.82941198
2.78235340
3.24509859
3.48431349
4.48823595
4.81960821
5.73725510
3.83137321
3.17843127
2.94705963
2.86470628
3.00588250
2.50000000
3.35098076
2.98627520
2.92156887
2.61960840
2.52352977
2.42549038
2.78431392
3.10588217
3.25882411
4.16274548
4.90980434
5.42156744
3.88235331
3.40392184
2.86666751
2.86470580
2.97843122
2.54509830
3.75490212
3.52745128
3.07843184
2.68235326
2.34117651
2.34117651
2.48039222
2.60196090
3.14705896
4.00392199
5.01176500
4.98235321
3.54509807
3.23921585
2.83529472
2.79215693
3.09803987
2.96470642
3.30196071
3.71372533
3.11764741
2.81568670
2.69019651
2.85686302
2.70588279
2.44117689
3.28823590
3.96274543
4.98235273
4.74313641
3.19019604
3.01176476
2.88039279
2.67451024
2.87451005
3.50588298
3.28627491
3.82745075
2.85098052
2.83921623
3.02941227
2.65686345
2.81176448
2.62352943
3.44705939
4.07451010
5.07254934
4.77058840
3.44117665
3.04901958
2.83921623
2.68235302
2.62745118
3.70588279
3.31568718
3.45098090
2.55490208
2.75294113
2.88235283
2.37254906
2.84117675
2.71764731
3.59019661
4.11960793
5.02156925
4.95686293
3.38235378
3.07843137
2.96274567
2.80196095
2.64313769
3.40392160
2.82745099
2.77451015
2.77058887
2.64705896
2.73137236
2.46862745
2.81960845
2.55098009
3.43333364
3.97450972
4.62941313
5.06666756
3.49019647
3.01960802
2.74313760
2.77843118
2.41568613
3.53529453
2.39607882
2.65294147
2.79411769
2.51372576
2.76862764
2.68431401
2.56078434
2.65294147
2.90392208
3.87254953
4.33333349
4.74117661
3.52156925
2.85686302
2.90392160
3.01764727
2.51764727
3.37843180
2.56666684
2.93137264
3.01764727
2.40000010
2.89019632
2.61568594
2.39803934
2.97843170
2.58431387
3.83725524
4.38235331
4.37450981
3.60000038
3.15098095
3.53529429
3.12941194
2.59215713
2.86470628
2.70000005
3.24117684
3.13725495
2.37058830
2.80588222
2.70784307
2.53725529
3.04117632
2.82941198
4.31176472
4.55882359
4.59019566
3.45098019
3.49215651
3.40392208
2.93529439
2.37451029
2.73529434
2.63529444
3.34313774
2.84509873
2.49803948
2.63333344
2.95686293
2.64117694
2.79019666
3.09019661
4.22941208
4.65098047
4.87058830
3.14117670
3.42156863
2.99019647
2.95294166
2.35294151
2.80000019
2.78627515
3.08431411
2.44902015
2.60588241
2.51568651
2.90784383
2.59803939
2.68039274
3.20392179
4.33725500
4.63333321
4.65882349
3.25882363
3.49804044
3.13921595
2.93333387
2.39215684
2.89607906
2.79803944
2.88823557
2.01176524
2.59019637
2.48039246
2.89607882
2.58627510
2.81568646
3.33725548
4.49411821
4.59019661
4.26470661
3.19215775
3.36666727
3.18431377
3.02745175
2.48235321
2.72353005
2.82549024
2.90392160
2.09411788
2.51372552
2.55686331
2.92352962
2.67254925
2.96078420
3.43333411
4.26274586
4.58823586
4.44313765
3.42549109
3.03725576
3.02352953
3.05686307
2.43921614
2.60000062
2.80784369
3.01764750
2.45686316
2.50196099
2.57254934
2.66470599
2.54902005
2.92352962
3.06470633
4.08235359
4.58039188
4.61960840
3.55882406
3.27058816
2.92156887
2.89215732
2.23333383
2.56862760
3.00000072
3.12352991
2.59803963
2.35490227
2.56274533
2.57254934
2.44117689
3.20980406
3.07843161
3.84509826
4.60000038
4.44705868
3.52745080
3.30196095
2.83725548
3.00000000
2.35098052
2.20392179
2.97450995
3.26666713
2.46862769
2.39803958
2.41764736
2.47647071
2.46078396
3.12156868
3.07843161
3.83333397
4.66274500
4.37843132
3.32941198
3.28039241
2.79019642
2.99215746
2.60980415
2.50784373
3.03333354
3.31372523
2.36666679
2.35490251
2.27647114
2.26862836
2.40000010
2.94117689
3.34705877
4.00784349
4.62156868
4.23529482
3.00196052
3.34313750
2.95294166
2.85294151
2.73725486
2.60784316
3.14117694
3.04509854
2.36666656
2.38235331
2.47058797
2.23333359
2.70196056
3.07451010
3.52745152
4.06862783
4.53333378
3.80196095
3.01764798
3.12549067
3.03921580
2.91960812
2.84705949
2.66274500
3.06078458
2.84313774
2.43333364
2.52156878
2.54509807
2.36666656
3.20784330
2.99999976
3.19803953
4.02548981
4.59215689
3.74313688
3.36666703
3.29803967
2.89607906
2.83529425
2.78627539
2.78235316
3.16078496
2.97058892
2.50588226
2.36666703
2.31568670
2.40392184
3.12352943
2.84705877
3.27058840
3.99411726
4.70588255
3.91764712
3.29411793
3.48823571
3.11960816
2.87647080
2.73725510
2.70588231
3.13137293
3.02156949
2.68039322
2.39607859
2.28039241
2.34509802
2.78431416
2.72156906
3.38039255
4.31372595
4.79019642
4.03333330
3.15098023
3.57058835
3.07647061
3.21764731
2.73725486
3.06274581
2.93529463
3.17254949
2.86666703
2.50196099
2.61764812
2.52941227
2.52941203
3.10392165
3.13137245
4.38627434
4.56470633
4.07843161
3.11568666
3.53921556
2.93725514
3.12549043
2.83921623
2.91372609
2.91568613
2.83529472
2.83333325
2.49411821
2.66274524
2.60000014
2.40980411
3.27451038
3.17254972
4.17058849
4.33137178
4.03529453
3.10392213
3.12549043
2.84901953
2.81764746
2.70196128
2.98235345
2.77450967
2.87058830
2.79803944
2.38235354
2.92353034
2.63333344
2.52549076
3.24705863
3.53137302
4.08431387
4.35294104
4.09019613
3.09019709
2.97451043
2.90588260
2.60784316
2.92745161
2.99411798
2.83529449
3.21764731
2.81568623
2.91176510
2.87451005
2.41568708
2.29803967
3.17058873
3.73333383
4.12745142
4.50196123
3.87647080
3.26078486
3.03921580
2.93921638
2.71764755
2.68823528
2.91764760
3.07843184
3.24705911
2.85294175
2.84902024
2.61568642
2.39411831
2.22745156
2.95294142
3.65294147
4.12745142
4.54117632
3.67647076
3.37843156
2.96666718
2.95098042
3.08235359
2.76666689
3.12941194
3.02941179
3.23529458
2.72941208
2.81764817
2.69019651
2.75686336
2.69607878
2.70980430
3.45098114
4.04117727
4.26666641
3.92745113
3.26274562
3.08235335
3.01176476
3.07843184
2.88823581
2.95294142
2.96274543
3.23921561
2.21372581
2.79607868
2.46666694
2.74901986
2.88627458
2.65882373
3.26862764
3.63137293
3.94117737
4.06470633
3.23921633
3.06666732
2.95490193
3.10000038
2.78627491
2.73333383
2.84509850
3.18235350
2.04117656
2.65294170
2.40784335
2.57254910
2.80588269
2.88039231
3.07451034
3.36274529
3.95098066
4.06470633
3.45490193
2.83529449
2.81372571
2.95882368
2.78823519
2.86078453
2.82745123
3.68235326
2.39411783
2.67451024
2.55882406
2.79019666
2.70784330
3.01568699
3.07843161
3.40588260
4.03333378
4.04901981
3.50392151
2.86862755
3.04313731
2.92941260
2.87058878
2.75882387
2.65882397
3.56274581
2.77843189
2.66862750
2.55098104
2.76470613
2.44117689
2.94901991
3.15098023
3.50392151
4.03137302
3.86274552
3.30588245
3.06274533
3.21372581
2.85882330
2.85686326
2.89411783
2.76470613
3.27058864
2.80588245
2.88039255
2.67058825
2.82941198
2.42156887
3.00980425
2.80588269
3.34901953
4.03333426
3.75490260
3.22745109
3.04509830
2.98431396
2.71372557
2.72941208
3.01764727
2.46078444
3.20000029
2.59804010
3.06862783
2.74902034
2.67451000
2.70000076
2.90980434
2.66274548
3.33725524
4.11372614
3.81764650
3.35686302
3.07254887
2.87254977
2.75490236
2.74117637
3.02156901
2.16078496
3.31372571
2.52941203
2.92549086
2.88235331
2.43921566
2.77450967
2.60980415
3.05686307
3.41960812
4.12352991
3.83529496
3.42745137
3.22745156
2.88235283
2.86666656
2.73137259
2.96078467
2.47254944
3.51372576
2.64313745
2.83725500
3.01764727
2.52352929
2.47450995
2.64901996
3.24117684
3.35882354
4.05882406
3.94705915
3.37254906
3.24509859
2.69215727
2.79999995
2.52353001
2.65098023
2.43725514
3.43725538
2.68235302
2.99215746
2.80196118
2.54705882
2.23725510
2.69411778
3.22353005
3.49019623
4.04509878
4.19215727
3.41568661
3.26862764
2.85882401
2.74902010
2.43921590
2.92941236
2.40000033
3.61568618
2.96274590
2.87451029
3.04313731
2.48431373
2.21568656
2.50980401
2.98627424
3.48627472
3.94509816
4.10980415
3.46274519
3.20196128
2.95490241
2.81372547
2.85686326
2.69019651
2.50000072
3.70196128
2.76470590
2.79803944
2.93333340
2.48235273
2.45686269
2.61372542
3.04117632
3.26274586
4.06470585
4.03333378
3.41764712
3.01176500
3.08823562
2.86274529
2.79411769
2.77058816
2.74509835
3.41176462
2.54509830
2.79607844
2.48627472
2.69019675
2.74313736
2.78431392
2.92549038
3.20588231
4.25490189
3.95686269
3.35098052
3.16274548
3.00000048
2.83333421
2.66862750
2.75686288
2.88039231
3.13137317
2.36862755
2.89411831
2.38235307
2.42352962
2.83529449
2.75686312
3.04509902
3.15882349
3.99411774
4.16078424
3.41764760
3.16470623
2.84705901
2.78235292
2.34117675
2.71372533
2.77451015
2.92156863
2.25490212
2.93137264
2.46078467
2.42156911
2.75882363
2.48235297
3.05686307
3.10588264
3.86470580
4.41568661
3.54705882
2.94705915
2.94509816
2.80196214
2.20392179
2.78431416
2.68235326
2.90000010
2.25490236
2.92549038
2.36862779
2.51568651
2.70784378
2.32941198
2.98235321
3.33921576
4.07647085
4.23529482
3.60784340
3.12352943
3.13921595
2.57843161
2.58823538
2.73921585
2.78627491
3.11960840
2.42352891
2.86666703
2.45294142
2.19411778
2.56666684
2.39999986
3.14117646
3.52941203
4.10000038
3.97451019
3.64705944
3.32352996
3.11568666
2.18039250
2.48039269
2.82745171
2.91960788
3.07255006
2.64117670
2.73921585
2.49607873
2.28431392
2.29019666
2.47843194
3.12156892
3.43529415
4.06274605
4.08627510
3.57843184
3.33137298
2.83725500
2.11176515
2.14705920
2.70588326
2.80196095
2.99607825
2.79411769
2.59411788
2.46862769
2.41176486
2.23921609
2.49803925
3.01176500
3.33137274
4.02941227
3.78039241
3.16470647
3.17254949
2.83921623
2.27647090
2.11960793
2.41176510
2.48235321
3.10980368
2.92156911
2.66274524
2.47058845
2.33529472
2.36274552
2.42549062
3.08823586
3.58431411
3.97647119
3.48235345
3.12745118
3.06078434
2.73921609
2.40588236
2.16862750
2.10980439
2.18431401
2.76862788
2.80000043
2.81764770
2.50392199
2.32352972
2.40392160
2.42156887
2.97058845
3.36078453
3.93529439
3.78431416
3.01176476
2.75294185
2.57451010
2.46078444
2.15686321
2.03725529
2.17254925
2.64509845
2.64313745
2.89803958
2.58627486
2.38431406
2.35098076
2.32352972
2.68039227
3.22941208
3.70196056
3.73725557
2.83921576
3.00392199
2.50392175
2.57451010
2.05686307
2.14705920
2.26274562
2.73333359
2.73333335
2.84901929
2.68235326
2.41372561
2.35294175
2.40588307
2.47254920
3.31372547
3.38431430
3.58627486
