18.84902191
23.05685806
22.37647057
23.39412117
22.62745476
22.16470337
20.82745361
21.86078644
20.70588303
20.89411736
19.98039627
21.55881691
21.03137398
21.04117775
21.90784264
23.25293922
25.43333817
17.94117737
23.45882797
21.91960526
22.72745514
21.83333969
21.98234940
20.91569138
21.84313774
20.68038750
21.48824310
20.31176376
20.85490036
20.99999809
21.10980415
21.68235397
23.31372452
24.86078453
18.29216003
24.08039093
21.77058411
22.11176300
21.58235168
21.83333206
20.69215393
21.95293617
20.91568375
21.60195923
20.64117241
20.35490608
20.66470718
21.36274719
21.54117775
23.10588074
24.13529587
17.87058830
23.45098114
21.26666451
21.44117737
21.04313660
21.18431091
19.94509697
21.12549210
20.19215584
20.68627167
20.02744865
19.58235550
20.31764603
21.10980415
21.03137016
22.74510002
24.71568680
17.53333473
21.86666298
20.78039169
20.92745209
19.72549438
19.60588455
19.23725700
19.98824120
19.38431740
19.24313736
18.84117699
18.98039246
19.72549248
20.34902000
19.92157173
22.11960220
23.01960945
17.22745323
20.71176147
20.42941284
20.18823624
18.89019394
17.99608040
19.13333702
19.34314156
18.91568756
18.23921967
18.30784607
18.89412117
19.02157021
19.30000496
19.10392380
20.37843323
20.88039207
17.89412117
20.21961021
20.70000076
19.47843552
19.45686340
17.47059059
19.41960907
19.50980377
18.74902344
18.42548943
19.13726044
19.12549019
18.61372948
18.44705772
19.06274796
18.97451019
21.03529167
18.57059097
20.10588264
20.80784225
19.70392227
20.70391846
17.70392227
19.57254791
20.59411812
19.66078377
19.23529625
20.66666603
19.85882950
18.33333206
18.37843704
19.26078606
19.36862946
21.52744865
18.87843323
21.42353249
21.78039169
21.06666183
21.55686188
20.82548904
20.55882454
21.25098419
21.28431702
20.70196152
22.07647324
20.53333473
19.69411850
19.88430977
20.12744713
20.51764679
22.41961670
18.47255325
22.51960754
22.85098267
22.17843628
22.05686569
24.94510269
21.83333015
23.97255325
24.61764908
22.30980492
23.93137360
21.87843132
21.28431892
22.22352982
21.10588264
21.35686493
22.29804230
14.77254963
22.32548904
22.87059021
22.58431625
22.77647209
26.70980644
22.94509888
27.66666222
27.21176338
23.18823624
25.00588226
23.32941628
22.49803925
23.18235397
21.67059135
22.02353287
21.99608231
15.34509945
21.97254944
21.25686264
23.61373138
22.75098038
26.10784149
23.85686302
28.55883026
29.07843208
23.98039246
25.12353325
25.03529930
23.54510117
22.69607735
22.34706116
23.38431358
22.22157288
19.98039627
21.74509811
18.79999924
23.74117661
22.12353134
24.06667328
24.24901772
26.30195808
28.80784988
24.64902115
23.70784950
25.94510269
24.21372604
22.10784149
24.35293770
23.64117622
22.11764908
20.60588264
21.07646942
19.22941208
21.38039398
21.31176567
20.48823738
22.62353516
22.16862488
26.60588837
23.57450867
20.37451172
24.01568604
23.82941246
21.42549515
25.08431053
22.92156982
21.39411354
19.73725510
20.80000114
20.57842827
18.78235626
19.37058449
17.74313736
19.71372795
16.80784607
22.66862488
21.24901390
17.04313660
19.22549057
22.47451401
20.05293655
23.10980415
20.84313583
20.26078224
18.91961098
20.88431358
21.48431587
17.24509811
16.95098114
16.70000076
17.87843323
12.99608135
18.42745018
17.80980492
15.02745342
14.71765041
20.76862907
18.18039513
19.79019547
18.14117432
18.70980453
18.94706154
19.98627853
21.68431664
17.17255211
15.74313736
16.26078606
17.08823967
12.79019737
15.50196266
16.14313889
13.59019756
13.04313850
18.63529396
16.08039284
17.31764984
17.00588226
17.48627472
18.89020157
19.60000038
20.02941513
16.99804306
15.88431454
15.53137207
16.13333511
14.31765175
15.08627510
16.03529549
12.99803925
13.27843380
16.30000114
14.33137321
15.04509926
16.10392380
16.29608154
18.57059288
18.86274719
18.32549095
16.82157135
15.61764812
14.86078739
15.09215927
16.05098152
14.65098190
16.15490341
13.21568680
13.85490322
15.17059040
13.63725662
14.56470394
15.79411888
15.60392380
17.56274223
17.87058640
17.76274681
16.31176567
14.94313908
14.67058945
13.95686340
16.89608002
14.43529224
15.41568756
14.41568661
15.18823719
15.46862888
14.09804058
13.92745304
14.75294209
14.76862907
16.72353172
17.63529587
16.63921738
15.14509964
14.57647324
14.75882530
12.94117832
16.16078568
14.54902077
13.97059059
15.36470604
17.40588760
17.43921661
14.78627586
13.24902248
14.53137493
14.19804001
16.45098114
16.86274529
15.89999962
14.61764812
14.69804287
14.81961155
12.20392132
15.12352943
14.14313793
13.68627453
15.20784378
17.78823662
18.88039398
14.83921528
13.27842999
15.24902153
14.50784492
16.08431435
16.55097961
15.88627529
14.50000095
14.45882320
14.98627567
11.69411755
15.04902172
14.62549305
12.87843323
14.41961002
17.66862679
18.10000229
14.00392056
13.57058811
14.60392094
14.52157021
15.80196190
17.03333664
16.30000305
15.04313564
13.76862812
15.18627739
11.61568642
15.24705982
15.15882301
12.16666603
13.69804096
18.45882607
16.29019737
13.52353001
13.53921509
13.87058926
14.32941341
14.82549191
17.16862869
16.25686455
15.96862888
13.55882549
15.94509697
11.73921680
15.43529320
14.99020004
12.82941341
13.38235283
18.71176529
15.73921585
13.54509926
13.64313698
13.82156754
14.40392303
14.83137321
16.87451172
15.97451401
17.24705887
12.99607849
16.30980492
11.87254906
15.13137436
15.00980663
13.51961040
13.37059021
17.97451210
15.98039532
13.38235760
14.41960812
14.24902344
14.10000324
15.39412117
17.24706078
14.95882416
17.92549133
12.49412060
15.40392208
11.87451077
14.51568413
15.49215889
13.31176567
13.05098248
17.27647209
16.32941437
12.64117718
14.87254715
14.11568832
14.32941437
17.48431396
17.44902229
14.01568699
18.67646790
12.23137474
14.38627625
11.79019547
13.31176376
15.54902077
13.03137207
12.97843266
16.37450981
15.75686455
13.16470528
15.25882626
13.20588398
14.21764755
19.32941055
20.24313545
13.65294266
18.62157059
12.10196209
13.53333187
12.15490532
13.19019794
15.90588570
13.15294266
14.17255116
16.15098190
14.77255058
13.32549191
15.23137379
13.58431435
14.01960754
19.70000267
22.89215660
13.95686340
17.91568756
11.82353020
12.29804039
12.13529587
13.57254982
15.75490379
13.36666965
15.80588245
17.36666870
14.50980377
13.85686493
14.94314098
14.13725567
14.13333416
17.52941132
23.14510345
15.95294189
16.34902000
12.10196114
11.15097904
12.35686398
13.44313812
16.14313507
13.52157116
17.60980034
21.24313927
14.76862717
13.82353020
14.65882492
14.27843189
14.09804058
16.50196075
22.02549362
18.65881920
14.72745132
13.16274548
10.22941208
12.27450943
15.68823528
17.39607620
14.71960926
19.70588303
24.80392075
15.08039093
13.58431435
13.87255287
14.16666794
14.28823757
15.63333130
20.08431244
20.37843323
13.66078568
15.35882378
10.49607658
14.52548981
22.48431396
17.80784607
16.56666756
20.40391922
24.98235703
14.80392361
13.43333435
13.66078186
14.36666965
14.26078701
14.24901962
17.90588379
20.48823929
13.19999886
17.90196609
12.56470966
19.02745438
26.66274643
18.85490227
18.02157211
20.39803886
22.42352867
14.94902039
12.57254982
13.63921833
15.33529854
14.44706154
12.22548962
15.06274509
20.02745056
13.62745094
20.05294418
17.20588493
23.84117889
29.05490303
20.02353477
19.13529587
19.54509926
18.62549210
15.41372776
11.96666813
13.80000210
14.98039341
13.72549057
11.06666756
13.38627529
18.90784454
14.00588226
20.80196190
23.97450638
27.27254868
28.89412498
21.41372299
19.69411850
18.05686188
16.34313965
15.91372395
11.98431492
13.77843285
14.96666527
13.76274681
11.35098171
12.65490437
17.89019775
14.31176567
20.03137589
27.02157211
28.03725243
26.05294228
22.59411240
19.46274757
17.05490494
14.94313812
16.14313889
11.88823509
13.78431702
14.93529415
13.89411926
12.03529453
12.60196304
17.05490112
13.97647285
17.43725777
27.30980682
25.32549477
20.88627243
22.37450790
19.04117775
16.69215584
14.11568642
16.06078720
12.12941360
13.78039169
15.01960945
14.16274643
12.24117851
12.09412003
16.19607925
13.93725586
14.26470566
26.57647514
21.12352753
17.02745056
20.76667595
18.98627853
16.18039322
14.48039436
15.49411869
12.66274738
13.79803848
14.84313774
14.43333435
12.16862869
11.72157192
14.22353077
14.14706039
10.82941246
22.71372986
16.13333321
16.10392380
19.03333664
18.63137436
15.51569080
14.59019566
14.77843094
12.55882359
14.23725414
14.20980644
14.63725471
12.08235455
11.58235550
13.59215832
14.20784378
9.74902058
18.26470375
11.88235188
16.63921738
18.17647743
16.81372643
14.00784588
14.62352753
14.54706192
12.03333378
14.19607830
13.66862679
14.29019642
12.22548962
12.69215679
13.91764927
14.74902248
10.10784340
13.87451077
11.08039188
16.50000191
17.45882607
15.11764908
13.19412041
14.94117737
14.59607887
12.43529510
13.28823757
14.04314041
14.55294132
12.11764908
13.23137283
14.82549286
15.34313869
10.04902077
12.58235359
11.80784416
16.00588226
16.12157059
14.51176643
13.44902134
15.00196266
14.93529415
13.07254887
12.92745209
15.19803715
14.82353020
12.36666965
12.95882416
14.89215660
16.22549057
10.29215813
12.90980816
12.95686150
15.09216022
14.85686207
14.79607773
13.61372662
14.28431511
15.05882263
13.52156830
14.66470718
16.21764565
14.76470470
12.33333492
13.23137188
14.19215584
17.13529587
11.09411907
13.56666946
12.58235359
14.33529472
14.12549114
15.67843342
14.29019642
14.49215603
14.67059040
13.74902248
17.30392265
17.73137283
14.99412155
12.10000038
13.15294361
13.52745152
18.37058640
12.80392361
14.55293941
12.17647076
13.63529301
13.56470490
15.98235226
14.86274719
14.44706154
14.25097942
13.57059002
20.27254868
19.21960449
15.48235512
12.43333244
12.73725510
13.37451172
18.87058830
14.15490341
15.23137474
12.58235359
13.18235493
13.03333282
15.70588493
15.45098209
15.29804039
14.22549057
13.27451134
21.71176529
19.86274338
15.75490189
12.50000000
13.46863174
14.11176872
17.71960640
15.01568604
15.31372452
12.85882473
13.50588417
12.78039646
15.05882263
17.58235550
16.02549171
14.34117699
13.59019756
23.34117699
20.68039513
16.00588417
13.17451191
14.37058735
14.25686455
16.08627510
15.10588455
14.65686321
12.53333378
13.48039246
12.19019413
14.19412041
19.83921814
15.87451363
14.35686493
13.79019642
25.02157211
19.82548904
17.06863213
13.88039398
13.71176434
13.75882435
14.32941341
14.55686569
14.13725662
12.70000172
13.50980473
12.85294437
13.47451115
21.33137512
16.45882416
14.94117737
13.20980453
25.02353287
17.94509888
18.06274605
13.66862774
13.09803963
12.81568432
12.64705944
14.78039265
14.74509716
13.28235531
15.46078587
15.59804249
12.84313774
21.30392456
17.56274605
16.30784416
12.63333511
23.31764603
16.49019814
18.88039589
13.11568642
13.29215717
11.94706059
11.34117794
15.58627415
15.03529739
14.13529491
20.06666946
18.20784569
12.53137302
19.29215622
17.99607849
17.21176720
12.68823624
18.53725624
15.19215775
18.95490265
13.29019642
13.68823624
11.59019852
10.99215698
15.85098457
15.08627701
16.27647018
22.67058945
18.42745590
12.68431187
16.95490456
16.31372452
16.05882645
12.57647133
14.26666927
13.89215660
18.75686646
14.41764832
13.91372681
11.68823528
11.25686264
15.33921528
15.52549171
18.50392151
21.30196190
17.57059288
13.45098400
14.36470795
14.56667233
14.09804058
12.15686512
13.12353230
13.10588360
18.53725624
15.19608212
14.07451153
11.80784321
11.21372509
14.47254848
15.85882473
18.45097923
19.10980225
16.54510307
13.95882607
13.66666603
14.03921890
12.95490265
12.09607887
12.33333492
12.73137379
18.05882645
16.17451286
13.90784454
11.74117565
11.39411831
13.72549057
16.54706001
17.49412155
17.57058716
15.35098171
13.80000401
14.20784378
13.27255058
12.32156944
12.12156773
12.36078548
13.02353001
17.63137054
16.45097923
13.74313736
12.31568909
12.26078415
13.37647247
17.99019623
17.65098190
17.50000381
14.82549095
13.79804134
15.34902000
12.60195923
11.46274567
12.37843227
12.55490398
13.30196190
17.19804001
16.11765099
13.51176548
12.64509773
12.46470642
13.93333340
18.25098038
18.40784454
19.67647171
14.29804039
14.24117947
16.05098152
12.60392189
11.15294170
12.97842979
12.58039474
12.95686531
17.60588074
15.75490189
13.22549248
12.59412003
11.96274471
16.23921776
17.27451134
17.33725548
21.42745018
14.04901600
14.12156677
16.96470642
12.53529453
11.35294342
13.40784073
13.32157040
13.35294247
18.51764488
15.51764679
13.23921680
12.43725777
11.91961193
18.13921738
15.58039474
15.59608269
19.99215508
14.09804058
14.00784111
17.20196152
12.90784264
11.51372623
13.91176319
13.99019814
13.76078510
19.07450676
15.34705925
13.44902039
12.71372986
12.69215775
17.97451401
14.94313812
14.73725319
17.66862679
14.32941341
14.00588226
17.38039398
13.01961136
11.64509964
13.39999962
14.51568985
14.08627796
18.22352982
15.40000057
13.32941437
12.82941341
13.21764660
16.10784149
14.94901752
14.15098095
16.53921509
14.42745304
13.64706039
17.67843056
12.70195961
11.71960926
13.53725624
14.50392532
14.24117470
18.09019852
14.66078568
12.83137417
12.76078320
13.23921585
13.80195999
14.20588589
13.59607792
15.30784416
14.53921890
13.30000019
17.24509811
13.00392151
11.88235283
15.48431587
14.05490398
13.92156982
19.69804001
14.69411755
12.39999962
12.93137360
12.90392208
12.77647114
13.15686703
13.30000114
14.20196152
14.94902229
13.09019852
16.59019470
13.63137341
12.70588493
17.99804115
14.29411888
13.86666775
20.70784569
15.12353230
11.90196133
12.98039341
12.89804077
13.18235302
13.97255230
13.52549171
13.31372738
14.55098248
13.66666794
16.15294266
14.11176682
13.26078510
20.16666603
15.07646942
14.65686512
20.39216042
15.63333511
12.24313736
13.11176586
12.98627377
13.54117489
14.34901905
13.65686417
13.50784492
14.07647038
13.73137379
16.13921547
14.78823662
13.91568756
21.00784302
15.56470871
15.77058887
19.30784416
15.82156849
13.46470833
12.91568947
12.62548828
13.73137283
13.82352924
13.54706192
13.87451172
13.73921680
13.71176815
16.08823776
14.95098114
14.14118004
21.30196190
15.50196075
16.90000153
15.97058868
16.08627701
15.23921585
13.27451134
12.28431606
14.20980549
14.27058887
13.34509850
14.04509830
13.40588570
13.82745171
15.90784550
14.61176586
14.37058735
19.57646751
14.60392284
16.85490036
13.76470661
16.06470680
16.43725586
13.55294323
12.14509964
14.31764603
15.62549210
13.12745094
13.97255230
12.73921490
13.90196228
15.70196056
14.47058868
14.95294476
18.20588112
15.03921986
17.14706039
13.56862926
14.82941151
17.88627625
13.15098095
12.23725605
14.44117928
15.86274338
13.31372738
14.19215870
12.03725624
13.73921776
15.67450905
14.48039246
15.06666660
16.26862907
15.24706173
20.04509735
14.60000038
13.91176414
19.19607735
13.57647133
12.88431740
14.36666870
15.08235264
13.73725605
14.49411678
11.81372547
13.66274452
15.56863022
14.67843533
15.04117870
14.73333263
16.08431625
22.37059021
14.60588455
12.62353039
18.86862946
14.68627167
13.55686283
14.59803963
14.15294075
13.69019890
14.48431492
11.94117641
13.81372833
15.33333397
15.07647133
15.44902229
13.74509811
15.01764584
21.63529396
15.01372719
12.29019737
17.25882721
16.26863289
13.22745323
14.47451210
13.55490494
13.91960716
14.29215622
11.67647076
14.48039341
15.21372509
15.20980644
15.85097980
12.92745113
14.27451038
20.72156906
15.28431606
12.31372643
15.54117870
18.81569099
13.13921547
14.30980396
13.54509926
15.39411926
15.12941265
12.08823490
15.85294056
15.68627548
15.25686264
16.11568642
13.26274586
13.76470566
18.24510002
14.56078529
12.26078510
15.09215832
19.47647667
13.14509678
14.25490189
13.53529358
16.04706001
18.58627701
12.51568794
17.80784416
15.72941494
15.43137264
16.29607773
13.43333435
13.79804039
17.42549133
14.57451248
12.95098209
14.56274700
18.77058983
12.78627396
14.57058716
13.72941494
16.46274376
21.53137207
12.53137207
18.55097961
15.84313774
15.47647190
16.72549248
13.93137455
14.24117470
16.81765175
15.59411812
13.39019775
14.54510021
17.24509811
13.31372643
14.33726025
14.83529186
16.83725357
23.72353172
13.48627663
18.61568642
16.31568718
15.81764889
16.89215851
14.43921661
13.95097828
16.29607773
16.25294495
13.51176739
14.28823566
15.04313564
12.11568832
14.09019852
15.45686531
16.85882378
24.23921204
15.01372814
18.01568985
17.42157173
16.14117622
16.64509583
14.48627663
13.62353039
15.94705772
15.23529625
13.75882339
14.62353039
14.35098076
10.76078415
14.36078644
14.88627434
17.09607887
24.66666794
16.88235283
17.62353134
17.43725395
16.08823395
16.49411583
14.45686340
13.86862946
15.83921814
14.62353134
13.15686417
14.87451077
14.76274586
10.14901829
14.16666889
14.78823471
17.12352943
23.72745323
17.82352829
17.50784492
16.99411774
16.13725662
16.32745171
14.30392361
13.78627396
15.90980721
14.37647247
13.18431473
14.49607944
14.19607925
10.15490150
13.96078682
15.79019642
17.09411812
22.37646675
18.58431435
17.30980301
17.47843552
16.41568565
16.01960564
14.55686378
13.54705811
15.48627663
14.68823719
13.73725605
13.95882416
13.99411774
10.71176720
13.71568489
16.04705811
17.18627548
21.30196571
19.29215622
17.61372375
17.68039322
16.50784492
15.94509888
14.81176567
13.47647190
15.39215755
15.29215527
14.24313927
14.01764870
13.99607849
11.10195923
13.42745209
15.89216042
17.02549171
20.88431358
19.59019661
17.46666527
17.57254791
16.68431282
16.18823814
15.41568565
13.89019585
15.26078415
15.55882549
14.29019642
14.01764870
14.46274376
11.66470623
13.04509830
15.98235226
16.76667023
21.11569214
19.58627701
17.13725662
17.72941208
16.71372604
16.79412079
15.37647343
13.78039455
15.65294266
15.72353077
14.05294514
14.07059097
14.99411678
11.84705734
12.62157059
16.08235550
16.57451057
20.45097923
19.95882607
17.45098114
18.57451248
16.79215813
17.06078529
15.12745476
13.38235378
15.72941399
15.85490227
13.69411659
14.72352982
15.92549229
12.04313755
13.10588551
15.78039169
16.60392380
20.99607277
19.92157173
17.43725586
18.39411736
16.70392036
17.24706078
15.97058964
13.00784397
15.26274681
15.93529510
14.14117622
14.80195999
16.81764793
11.80392170
13.14902115
15.63725471
17.16274834
21.35881996
20.38627625
17.12745094
18.21960640
16.47451210
17.49411964
16.88235283
13.38823605
15.60588455
15.94117928
13.87843418
14.21960831
16.74901962
11.86274338
13.08823395
15.70588398
17.86862755
21.80784035
20.69607925
17.55686378
18.13529587
16.67058754
18.90000153
16.80980492
13.53529453
16.52940941
15.70784569
13.50392342
13.50392056
15.67058659
11.99411869
13.17058754
16.18627548
19.86470795
22.64313507
20.97647095
17.99411774
18.43921661
16.55882645
20.08039474
16.50196266
13.52549171
16.33137321
15.87451267
14.00196266
13.56078434
14.65882683
12.11372852
13.08039379
16.69216156
21.41176605
23.11176491
21.34509850
18.31176567
19.35098076
16.61568832
20.71176720
16.09019661
13.36078453
16.20196152
17.02157021
14.02745247
14.16078472
14.50000095
12.30980492
13.41960907
16.83529472
21.21569061
22.69607735
21.49216080
18.32353210
20.08039093
17.10588074
21.03333473
15.94705963
13.60196209
16.50196075
17.35686302
13.70000172
14.45882320
14.93137360
12.39019775
14.50784492
16.90392303
21.05294228
22.82156754
21.02745628
18.42941093
19.71764755
17.94313812
19.76078224
16.74901962
13.95490456
18.02157021
16.75686455
14.26666737
14.30784607
14.90196133
12.83529472
14.66862869
17.92549133
21.88039017
23.41961098
20.74510002
18.75686264
19.17646980
19.40784073
18.55882454
18.27451134
14.63529491
18.12745285
16.77255058
14.54117775
14.04902077
14.96274662
13.32745361
14.92549038
19.12745476
22.11372757
23.50392151
21.19607925
18.60588264
19.12352943
20.16862679
18.45097923
18.78627777
15.40392208
17.01960564
16.69607925
15.41372681
14.54117584
15.21176624
13.28039169
15.54705906
19.86274910
22.30784607
23.70000076
21.55686760
18.40392494
18.49608231
19.53921127
17.35882568
18.02745438
15.26666737
16.61176682
15.61961079
16.41568565
14.43921661
15.14705849
13.19803715
16.19019508
20.60980606
22.75686646
23.96078491
21.33921623
18.78039551
18.82941628
19.22157288
17.14117622
17.60196304
14.70980644
15.77058983
14.80000019
15.96862698
13.62549305
14.99608040
13.70392132
16.80588341
20.66470909
22.90784454
23.98039436
21.12549019
19.27450943
19.24509811
18.98627853
17.46470642
17.69607925
14.26078606
15.90196037
14.72941303
15.34510136
13.34117794
15.11961079
14.26078224
16.79607773
20.41373062
22.29607391
24.01176643
21.12352943
18.98235703
19.21960831
18.28038979
17.54902267
17.17451286
13.80196095
16.13921356
15.28823471
15.06078529
13.38039303
14.38823700
14.09411812
16.92353058
20.20391846
21.17255020
23.41372490
20.93136978
18.61176682
19.49215698
17.94509888
17.66470718
16.77255058
13.80196190
15.98235607
15.17451382
14.77843475
13.88627529
13.83725739
13.66862869
17.31568718
20.09019279
20.94313622
22.90784264
20.57450867
18.38823891
19.46470451
18.52353287
17.99019432
16.54313850
14.38627434
16.28235626
15.04509926
14.44901943
13.52745438
13.29019833
13.83921719
18.07451248
20.19216347
20.41568375
23.14705849
20.76470566
18.09607887
18.68235588
18.51177025
18.41568756
16.73725319
14.24902153
16.30195999
15.46666431
14.45686436
13.19607925
13.55686378
13.55490494
18.49411774
19.52549171
19.94313622
23.34510231
20.96078873
18.18235588
18.66274452
18.23137283
18.74901772
16.98235512
13.52745056
15.79019547
15.39804173
14.60000134
13.74902058
13.56470776
13.23725605
19.64313507
18.57647324
19.27058601
23.05882072
20.61372757
18.47451019
18.61176491
18.13333702
19.02157021
16.96470642
13.16274548
16.03529358
15.64706326
14.81176567
13.90588570
12.78823471
13.97451019
20.38823128
17.30196190
18.42156792
22.83921623
20.44117928
18.12745094
18.84509468
18.63921738
19.26274681
17.09412003
12.97647285
16.45294189
15.46078873
14.68627453
13.63529491
12.72156906
13.74509811
21.22549438
16.86078644
18.29019737
22.55882263
20.41372681
17.72941399
18.00588417
18.43725967
18.90980911
17.32352829
13.35686493
17.03921700
15.09412003
14.27451229
13.58235455
13.95098114
13.57255268
22.09804153
17.28039551
17.86274529
21.80392265
20.21764946
17.10196114
17.06274605
17.62549210
18.82548904
17.80000114
13.68823814
17.40196228
15.49215794
13.79215908
13.97451019
14.38823795
14.20392418
22.06862640
17.81764603
18.47647095
21.04313850
20.05490112
16.73725891
16.96862793
17.39412117
19.19019508
17.34313583
13.41372585
17.59215736
15.50000286
13.74509907
13.69412136
14.24705982
14.82549095
22.11764908
17.80784416
18.44706154
20.69803810
19.60392189
16.43529510
17.17451096
17.22549057
19.25686264
17.31764603
13.20588303
17.22744942
14.77647018
13.70588112
13.89019775
14.02941036
15.04313850
21.79216194
17.90196228
18.16666794
21.16274452
19.41372681
16.90588188
17.33529472
16.79411888
19.08039284
16.75294113
13.16078377
16.83529854
14.60196400
13.85882664
13.90784264
13.65490150
15.40000153
20.65097809
17.66470528
18.34313583
21.42353058
18.88039207
17.05490112
18.19804001
17.17059135
18.93333435
16.32941055
12.98627472
15.81176567
15.04901981
13.58235645
13.73137283
13.72549248
15.72157001
19.63725662
17.61372566
18.82548714
20.20588303
19.09607887
17.02352905
19.45490646
17.30784225
18.05686378
16.28039169
13.06862736
15.76274681
15.99411869
13.88235378
13.70196342
14.08627510
15.91960907
18.58039474
17.46862984
18.60195923
18.79804039
19.50784302
16.97254944
20.34706116
16.41960907
16.94313622
16.05098343
13.24705887
16.41765022
16.00980759
14.34509850
13.87058830
13.88627625
15.90196133
17.80392075
17.47451401
19.13921928
18.03137207
19.12157249
17.18235397
20.75882721
15.97843456
16.40784264
16.00000381
13.42352962
16.64706230
15.64509773
15.15294075
13.84509945
13.32352829
16.90000153
16.79216003
17.34509850
19.02156830
16.85294151
18.43922043
17.54117966
20.79411697
17.30588150
17.14313889
15.32745171
13.36470509
16.78235435
16.28823662
15.97843170
13.54314041
13.25490189
17.81961250
15.75882530
17.47843170
18.04706001
15.77451038
17.61568832
16.76470757
20.65686035
19.52156830
18.96274757
14.99215508
12.86274624
17.31960869
16.39411736
16.02941132
13.61569023
13.23333359
18.08039284
15.22549057
17.86470604
17.39411736
14.42352962
17.21960831
16.93137932
20.69019508
20.85293961
19.90980721
15.42745399
12.89804077
17.57058907
15.51764774
15.10980415
13.56274605
13.04902077
17.79804230
14.81960773
18.77843285
17.08039474
13.81764603
17.16078377
17.28039551
20.85293579
21.30196190
18.70196533
15.09804058
13.34705925
16.62549019
15.21568775
15.04706001
12.97842979
13.00784397
17.80980682
14.80980587
19.43921471
17.63333702
13.03137398
16.86666870
17.70588303
20.90391922
21.17255020
17.39608192
14.74117470
13.54509926
16.23137474
15.61764908
14.76470375
12.89411926
13.01372528
17.94902229
14.93333530
19.05294037
17.76862907
11.29019547
16.23333740
17.04902267
21.40784836
20.73136711
17.48627853
14.78431511
13.75490189
16.06078720
15.46274662
14.15098286
13.29411793
13.10588455
17.53921700
14.49999714
18.55294228
17.37255287
10.90000057
15.70588112
16.71176529
22.32745552
20.91372108
17.95098495
15.45686150
13.81960869
15.99411964
15.09411812
14.18039322
13.74705887
12.94313717
17.29607773
13.30784321
17.78627396
16.74313545
10.55490208
15.41961002
16.37843323
22.85686493
20.93921852
18.79215431
14.94510174
13.83725834
16.06078529
14.46078491
14.34706020
13.20392132
13.78039455
18.23137474
12.84509945
17.57842827
15.73921967
9.80196095
14.72549152
16.03725624
23.36471176
21.13137245
20.01568604
14.28627300
13.82745457
16.41176796
14.60980415
15.39020061
12.74902153
14.97058678
18.90196228
12.61372375
17.39019775
15.06274509
9.94705772
14.74901867
16.35686302
23.46470642
22.12156677
20.83725357
14.29999924
13.86470413
16.70588112
15.24117756
15.34509945
13.23137283
16.50392151
19.34117889
11.97451115
17.35686493
14.74117565
9.89607906
14.56862831
16.39215660
23.39019203
24.28431702
21.92156410
14.98627472
14.69608212
15.83921623
16.00784302
15.56274891
14.41176796
17.42941284
19.69804192
11.70784378
17.64902115
14.79803944
9.15490246
14.61960983
16.54902077
23.54705620
25.42156982
23.00000381
16.73333359
14.95490360
16.10784531
17.06274605
16.69215393
15.35686398
18.33137321
20.03725624
12.58823586
18.14706039
14.31568813
8.86078548
14.10196209
17.17647171
23.66274261
26.37450981
23.94509888
19.54118156
15.25490475
16.50392151
18.41176414
18.00980568
16.45098114
18.98235512
20.42157555
12.99607944
17.81568527
14.06666756
9.11372662
14.35686398
17.18823433
23.54509926
26.94705963
24.68235779
20.86863327
16.05294037
16.46862793
18.60196304
20.20000076
17.63137054
19.72941017
20.50000381
12.51960754
16.77254677
13.76470757
9.41176701
14.29608059
16.93333244
23.46470833
26.60784531
25.91372681
21.73921776
17.10588264
16.85098076
19.22156906
22.05294228
18.81764984
19.97646523
19.91373062
11.49019623
16.85882187
14.28235245
8.95098209
13.43529510
16.60784340
24.21764755
25.53137207
26.04314232
21.69804001
17.56470680
18.60392189
19.25882339
22.86862564
20.10391808
21.02745247
19.66078758
12.17451000
17.66078568
14.30392075
8.51176453
12.25294304
16.50980377
24.55882454
24.61568832
25.94902039
21.52352905
18.09020042
20.31176758
19.83137131
23.17646980
20.21176338
21.84313965
19.75490570
14.29804039
18.42745018
13.75490284
8.35882378
11.97647190
15.87254906
23.76863098
21.65883064
24.82156754
21.70196152
18.95882416
21.88627815
21.20784378
22.02353287
19.35097885
20.98823547
20.09020042
14.95686245
17.48039436
13.14117622
8.20392132
11.51764679
15.82745266
22.65686607
19.08823586
21.97647285
21.51961327
19.30196381
21.94705772
21.01764870
19.22940826
18.18235588
19.94313812
19.44314003
14.65686321
16.32549095
13.06666660
7.91960812
11.67058945
16.21372414
22.09019852
17.75882339
19.89999771
20.46274567
19.72745132
21.75294304
21.36077881
17.31960869
17.13725662
18.69019699
18.04117966
15.11960983
15.61372852
13.16078568
7.96666765
12.27647114
16.96078682
20.07451248
17.48235512
18.96667099
19.44117546
20.00000191
21.90392876
22.18627548
16.48823357
15.61176872
16.86078453
16.80588150
15.85098076
14.83137321
13.11960983
7.89411831
12.71176243
16.73725700
18.89411926
17.35294342
18.03529930
18.81568909
18.75490570
21.32940483
22.26666451
16.40392303
14.78627396
16.22548866
15.86274719
15.37255096
14.99019909
13.12549210
7.42745161
12.68627453
17.54705811
17.89411926
17.57254982
18.02941513
18.40392685
17.00980568
20.41569328
20.65098190
16.28235435
14.64510059
15.86078453
15.53137112
14.97647190
15.89411926
12.22156811
7.21568632
12.68431282
17.34705925
16.67254829
17.94313812
18.05098152
17.77843475
15.01764774
19.33725548
18.00784302
15.84117889
14.65882492
14.55098248
15.84706020
14.88823509
15.92941380
11.16274452
7.38627434
12.53529358
16.88823700
16.40000153
19.01176262
18.10392380
17.65489960
13.72353077
17.80195999
17.01568604
15.30000210
14.64313793
14.01372814
15.67254829
15.20980453
15.55686569
10.51176643
7.40000057
11.87647247
17.55490112
15.89803982
19.80587959
18.31373024
17.76274490
13.12549019
16.32744980
16.64117813
15.28823566
15.04313850
14.15098190
14.92157173
15.09999943
15.68823528
10.21568775
7.79019642
11.37450981
18.48431206
15.53137398
20.15098000
19.05882645
17.75882339
13.24902344
15.75294209
16.00392723
15.70784187
14.61176491
14.40392113
15.51960564
15.42157173
16.44706154
10.14510155
7.97450924
11.46470833
17.90000343
16.36274719
19.96666718
19.01765060
17.46274376
12.90980721
15.50784302
16.88039207
15.39215851
14.12353230
14.59607792
16.71960640
15.23725605
17.09215736
10.20980453
7.52353001
11.50588512
17.15882301
16.39999962
20.16666412
18.35686493
18.23333359
12.63725471
15.03921509
17.65098190
15.83137226
14.64705849
14.33725262
16.70588493
15.06862640
17.33725548
9.78039169
7.26666641
11.37058830
17.15098381
16.69804192
19.70392418
18.14313889
18.77842903
13.03529549
14.61960983
17.01764488
16.37255096
14.66666794
14.05686474
16.39019585
15.45882607
17.12549019
9.19803905
7.34117699
11.39607811
16.84509659
16.49411964
17.44705963
17.83529472
19.10196304
13.47255135
14.53529549
16.55686378
16.46862793
14.39215946
14.11372566
16.07254982
15.88627243
17.08039284
8.39215565
7.33725452
11.65098190
16.93137169
16.57058907
17.00392342
17.23921967
18.77842903
13.55882359
14.63137150
16.33529472
16.77450943
14.50000191
14.47255039
15.60588551
16.01764679
17.08627319
7.52745056
7.28039265
11.75882435
17.53333282
16.50980568
17.40980148
16.84313774
18.24117470
14.13137054
14.32745171
15.56666565
17.24313927
14.58431435
14.80980682
15.93137550
16.42941284
17.14902115
7.42353058
7.75098038
11.67254925
17.74901772
16.30784225
16.86274529
18.17254639
18.41764641
14.64509964
13.83725548
15.05294514
17.51177025
14.73725700
14.40588474
15.75098133
17.04705811
17.14510155
7.55294228
8.26470661
11.22549248
17.51372719
15.98823833
15.94902134
19.98235703
18.31568909
14.76078415
13.40588379
15.28235531
17.61569023
14.89804077
14.35686207
15.33137321
16.71961212
16.98431396
7.36274624
8.51764584
10.92548943
17.25882530
15.75294113
15.17255020
20.94510078
18.03333473
14.89804077
12.93921661
15.75098324
18.17059135
14.94902039
14.74901962
15.69411945
16.70392227
16.73137283
7.47058868
8.95882320
11.22745037
16.84706116
15.82353306
14.26274586
20.88823700
18.83529091
15.18627739
12.94314098
16.47058868
18.60000229
15.01568604
14.96470642
15.13333607
17.24706268
16.60196304
7.16862726
8.89803982
11.57451057
16.58039284
15.65294266
13.54901981
20.29999733
19.60784340
14.96862793
13.22353363
16.82941246
19.83921814
15.15882683
15.50196075
15.17255211
18.22353172
16.62549019
7.78235245
8.10196018
11.50196075
16.74706078
15.14705849
13.17843151
20.23529243
19.67255402
14.25686455
13.01961040
16.22745323
20.17058945
15.09803772
15.95097923
15.35294628
19.50196266
15.74901962
8.07843304
7.94117641
11.89999962
16.72352791
15.24705982
13.49019623
19.74705887
19.57254982
14.19412041
13.31764889
15.27450943
19.38823700
15.65686607
15.43529701
15.13725567
19.98627472
14.91960907
7.76862812
7.44117689
12.89804268
16.50784302
15.33725643
14.29411697
18.80980301
19.51765060
14.70980549
13.71960926
15.47451115
19.19019890
16.16078377
15.37451363
15.23333359
19.97254944
14.36470699
7.40000105
7.17254925
13.30196476
16.13529205
15.56274414
14.40980721
18.96862793
20.00980568
14.33921432
13.70000267
15.89804077
19.18235588
16.78823662
16.09020042
15.35686588
20.53725624
14.75294495
7.86470699
7.72156906
13.07843399
16.43333435
15.58627129
13.72548962
18.53921509
19.80784225
13.98235416
13.54313660
16.13921738
18.73529053
17.46470642
15.93137169
15.57059002
20.00392151
15.35882568
8.28627491
9.00784302
12.51960850
16.63921738
15.79608154
14.52745056
18.18627548
18.78823662
14.06863117
13.75490379
16.71961021
18.14901733
17.68627548
15.28039360
15.62941360
19.09999657
15.30784416
8.62157059
9.93921757
11.91372776
16.36078262
15.45098114
16.99411774
19.39803886
18.57255173
13.89999866
14.05490208
17.13333702
18.03333473
17.86078262
15.32941437
15.04313850
19.33333397
14.90392113
8.54705906
10.48823643
11.99215794
16.17254829
14.78235626
18.65097809
20.55686378
19.56667137
13.77058792
14.41372776
17.21568680
18.47254944
16.62745094
15.23725605
14.46862984
18.70196152
14.71764851
8.80784416
11.30000019
12.37058735
15.72352982
15.18235493
19.03921700
21.17450905
20.83529282
13.87450981
14.87843323
17.88235474
17.76666832
16.16274452
15.05490398
14.23725510
17.91765022
14.97842979
9.35882378
11.47843170
12.65098000
15.34117889
15.11568832
19.15097809
21.09411812
21.36666870
13.68039417
15.41176605
18.44117737
16.17254829
16.47255135
14.86274529
14.71568775
17.36078453
14.74705696
9.82352924
11.74705887
12.28039074
14.89804077
15.46862793
19.09803963
19.98627663
20.83529472
13.38627338
15.15882492
18.13725281
14.65098190
16.43137360
14.46666908
14.45098114
17.10588455
14.61176682
10.04509926
12.21960831
12.35686207
14.75882721
15.83529663
19.03725433
19.19607735
19.81764603
13.57843304
14.13333607
17.34902000
13.88627529
16.37059021
14.32157040
14.38039398
16.92745018
14.33333397
10.22745132
13.73725510
12.42941189
14.62353230
15.84510040
18.62352943
19.06666756
19.26470375
13.95686150
13.79019737
16.86274529
13.42745113
17.05490494
14.47450924
14.06470680
16.78039360
14.46078491
9.93137360
15.14901924
13.10980511
14.08823586
16.01764870
18.23725700
18.72745132
18.65882111
13.69019699
14.63921452
16.74117851
13.93921852
17.36470604
14.61960793
13.86274529
16.60000038
14.11764622
9.53921509
16.09215927
12.89803982
13.83333397
16.15098190
17.75097847
18.16078758
18.10980415
12.96274567
14.98431396
16.70000458
14.11176586
17.88823509
14.80392170
13.68823719
16.23529816
13.89215660
9.46862793
16.47254944
12.65882397
13.92156982
16.04705811
17.76666641
17.91568756
18.11569023
12.45882607
15.90392303
16.50784683
14.12156963
18.12353134
15.06274414
13.91372871
16.16274643
13.59607887
8.95294094
17.18431664
13.30392265
13.87255096
16.24509811
17.29215813
17.94705963
17.88627434
12.29607964
16.50784492
15.97254848
14.07058716
19.35293961
15.05490398
13.60588455
15.88039398
13.67451191
9.00980568
18.02548981
13.52941322
13.64510059
15.87646866
16.77058792
18.04509735
18.02548981
13.25686264
16.87843132
14.98431396
14.11568928
20.74314117
14.81568718
12.88823509
15.50392342
13.99607849
9.01372528
18.06078339
13.55490017
13.41568947
15.32745361
16.17451477
17.74313736
18.69999695
14.33333492
16.49215698
14.83725739
13.79803944
21.41176605
15.32549286
13.17450809
15.69804192
14.59019756
8.87255001
18.24901581
13.30784130
13.36862850
15.20980835
15.73921585
17.95882607
18.56274414
15.12745094
16.48039246
14.71372795
13.95098114
20.48824120
16.52548981
13.87255096
15.86862946
15.21176434
9.47450924
18.66274643
13.15882397
12.94117832
15.22745037
15.34705925
17.77254868
18.45294380
15.47255039
15.92157078
14.46078205
14.45686245
19.53725433
18.17451096
14.98823738
15.53137207
16.00392151
10.01960850
18.92156982
12.73529625
12.80588245
15.12941360
14.94706059
17.55882645
18.93725586
15.43921661
15.39215565
13.94117641
14.54902172
19.04117775
19.61960793
16.75490379
16.42157173
17.11765099
11.09019661
18.60196114
12.12156963
12.97255039
14.82157135
14.53921700
17.64313698
18.88823700
15.00195885
14.69607830
14.03725910
14.07058907
18.27450943
20.23725128
18.00195885
18.41764641
17.83725929
11.02548981
18.05490494
12.05490303
12.91372681
14.43725491
14.20784378
16.92548943
18.10588264
14.30980492
14.49607944
14.38235092
13.39411831
17.77255058
20.48039246
18.62941360
19.34117508
17.77451324
11.24902058
17.76667023
12.22352886
13.17450905
14.42745113
14.33921528
16.19019508
17.23333549
13.58823681
14.53529549
13.95490456
13.02745056
17.36078644
21.15490150
18.41176605
19.42156982
17.79412079
11.31372452
17.47451019
12.45882320
12.49215794
14.17255211
14.26274490
16.17647171
16.94117928
13.37647152
14.56078529
13.56274700
13.41372681
17.00784302
21.68823624
17.07058907
18.77647209
17.68235588
10.85294247
17.36078453
12.16274452
11.54509926
13.53137398
13.83137417
16.80195999
18.18235397
14.09607601
14.60588360
14.02157021
13.70784569
16.12941360
22.44902039
17.09803963
18.56863022
17.14509964
10.87450886
16.91372681
11.87647057
11.15882206
13.52157116
13.71568489
17.34706116
20.26078224
14.46274567
14.78823757
14.92353058
14.09607983
15.55882359
21.97647285
16.97255135
18.67059135
17.21568680
11.38823605
16.61176682
12.27451420
11.41764545
13.88235378
13.38627625
18.17450905
21.30784607
14.75882530
15.08627701
15.14510059
14.38431549
15.48431587
21.55882454
17.77255058
17.79216003
17.73921585
11.38235474
16.06078529
13.08235359
11.77450943
13.97843456
12.99411964
18.97647095
21.87843323
15.02941322
14.99215889
14.58823872
14.47058678
15.76666641
20.48431587
18.79216003
16.90588379
18.61176491
10.87647152
15.85686302
13.80392265
11.81960869
14.37647343
13.10392380
19.83333397
22.41764641
15.02941513
14.12940979
14.75686359
14.30196095
15.34117603
18.94117546
18.86863136
17.01960564
18.95293999
11.91764832
16.21568680
13.87450790
11.53333282
15.23921680
13.32941151
20.19803810
21.95490074
14.82745361
13.44510078
14.60196018
13.71960926
15.32156849
18.03333473
18.70588303
17.12353134
19.38039398
12.77647018
16.00196075
13.18627453
11.48431396
15.77647209
13.49215889
19.32549286
19.67255402
14.44901943
13.45686626
14.70195961
13.83137226
15.52745342
17.91960907
18.32353020
16.88039207
19.37842941
13.44705963
16.77254677
12.79804039
11.55686188
15.86863232
13.96666527
18.27843666
17.19607925
14.87647533
13.45098305
14.59019756
14.00784492
15.28431416
17.71960831
17.90000153
16.73529434
19.73725510
14.92548943
17.09412003
12.66274643
11.63137150
16.01568794
14.55490398
18.06078529
16.02548981
15.40784454
13.23725891
15.16862869
13.54705620
14.88431740
17.97647095
16.96274376
17.16274261
19.04117393
16.85490036
17.42745018
12.48431396
11.48235607
16.26862907
15.33137226
17.92745209
15.50980949
15.90588284
13.23333168
16.65686607
13.04117680
15.16274548
17.49607849
16.22745323
17.66470718
17.84117699
18.61372185
17.66274452
12.20980644
11.67058945
16.79019737
15.45686436
17.37059212
15.83725834
16.97647285
13.72353077
18.43529510
13.68039131
15.19804001
16.52549171
15.63137531
18.22157097
16.65098190
19.95294380
17.90588379
11.84901905
11.98039150
16.93529510
15.46078587
16.43529510
16.16274834
19.22941017
14.67647171
19.89216042
14.15098190
14.87058926
16.33137131
15.15098190
18.82156754
16.06470108
20.68039513
18.09803963
11.84313679
12.16862774
16.19215584
16.72157097
15.85490513
16.11372757
21.20392799
16.82549095
20.07646942
13.63725567
15.02157021
16.53725815
15.11764526
18.76863098
15.51176262
20.58431244
18.09804535
12.48627472
12.36666965
15.59411907
18.87843323
15.70000362
17.13921356
21.16666985
18.23529434
20.07647324
13.33725357
15.06862926
16.59215736
15.13529587
18.46078682
15.59607697
20.08431244
17.99019814
13.26862812
12.32352924
15.76274872
20.30980682
15.59019947
17.93137550
20.03529739
18.84313774
19.66078568
13.40196323
14.66666889
16.41765022
15.11568928
18.14117813
16.23921776
20.06862259
18.26863098
13.56666756
13.22156906
16.42353249
20.21961021
15.95685959
18.07254791
18.51960945
18.59608269
19.14117813
14.03725529
14.60392475
15.96470642
15.61568642
17.06666756
16.11568832
20.44705772
18.14313698
13.74313641
13.50392342
17.46274376
20.15294266
15.89803696
19.00588036
17.83137321
18.13333702
19.35490036
14.60588360
14.58039570
15.91372681
15.72941208
16.53725815
16.14509964
20.50391960
18.10588455
13.68823528
13.02941132
17.64706039
20.33921432
15.24117947
19.56078529
17.65686607
18.88627815
20.13137817
15.09019661
15.29608059
15.66666889
16.00392342
16.35882378
16.35882568
20.22352982
17.71961021
13.51960850
12.68823624
17.28039360
20.13137245
14.85490131
19.73921776
18.00980377
20.23529243
20.51568604
15.96862698
17.04117775
15.29411983
16.60392189
16.20784187
16.64705849
19.45294571
16.95490265
13.47843075
12.13529587
16.48627472
19.78431511
14.45882607
19.76274681
18.23529434
21.05294418
21.37450790
17.29607964
19.37647438
15.12549210
17.60980606
16.26078606
16.21960831
18.52157211
17.16078568
13.22549152
11.22353077
15.58627701
19.59020233
14.37059116
18.74117851
18.40588570
21.32353020
22.22745514
18.04902077
21.70392227
14.86470795
18.15294075
16.28627586
16.23725510
17.91176224
16.81961060
12.77059078
10.90195942
15.27451229
19.16666985
14.25686455
18.09019852
18.72353172
21.72352791
21.88431358
19.30588150
23.34117699
16.21372795
17.39215469
16.34313774
16.17843246
17.41960526
16.22157097
12.45098209
10.70588303
15.07254887
18.83921814
14.62745094
17.45294380
18.90392113
22.50196266
21.76275444
19.52745438
23.46666908
17.57451057
16.47058868
15.98431587
16.57843208
17.37843132
15.86274624
12.36666965
10.54509926
14.60980606
18.23921776
15.02745152
17.03921318
19.16862297
23.15098190
21.75294495
20.13137436
23.70196152
19.00196075
15.31176662
15.50980568
16.78039169
17.56863213
15.76666832
12.09999847
10.49804115
15.51176643
17.66470718
14.84313774
17.44313812
20.19216156
23.52941322
21.62157059
21.84117317
24.20784378
22.86274910
13.81568813
15.15686417
16.70784569
17.91960907
15.83333302
12.37254715
10.36274433
16.00000191
17.59608078
14.52941608
18.15882301
22.12745285
24.40196037
21.91568565
22.84902191
24.47451019
26.98039627
13.61176777
15.04117966
16.64902115
17.73529625
15.93137169
12.38235283
10.30588150
15.70980358
17.38039017
14.78235149
18.70980263
22.79019737
24.14902306
21.92352676
22.73922157
24.06078148
28.56275177
15.49215698
14.73725414
16.73921776
17.60980034
16.70784378
12.46078491
10.30392170
15.82549095
17.36274719
15.86666679
19.38431740
24.50000572
22.79803658
22.99608040
21.39411926
24.21567917
27.95686531
18.58235168
13.93333530
17.31176376
18.06666756
18.13725662
12.69804287
10.23529434
16.78627396
17.29411507
17.33333206
20.77647209
25.51961136
22.50392342
23.91568947
21.29020119
23.91764641
26.70588303
21.91764259
13.80000305
18.32156944
18.64705849
19.48431778
12.40980434
10.07058811
17.50392151
17.24509811
17.92156601
22.34705925
25.17843246
23.49216080
22.77646637
21.05294800
23.72941780
25.64706421
26.03333092
14.88627625
18.80000496
19.15686226
20.47843361
12.25490189
10.01764679
17.48235321
18.25686264
18.89607811
23.19019318
24.44117928
24.51372719
20.20980263
20.06666946
23.65293884
23.87451172
27.55097961
17.22745323
18.91176987
19.45097733
20.33529663
12.40392303
10.27843189
17.24509811
19.61176682
20.43529320
23.31960678
23.23333168
23.27647591
17.46078300
19.21764946
22.68235016
23.09999847
27.51568031
19.58431435
18.79803848
20.29019737
19.49607849
12.87451077
10.37647152
15.80392075
19.92549515
21.50392342
24.31568718
21.78039551
20.61960602
16.20784378
18.33333397
22.30196190
22.69607735
25.77451324
21.31568527
18.33921623
20.72156906
19.27254486
12.85490131
10.18235397
14.62941360
20.54706192
22.35490227
25.55097961
21.23333359
18.85686111
15.87450981
17.53921509
22.50784302
22.39411354
24.38823318
23.98235512
18.15098000
21.09411621
18.71176338
13.09411716
10.08823586
14.73921680
20.44117928
22.59804153
26.09215355
21.02745056
18.11568832
16.04117584
17.29607964
21.86470795
21.21372986
23.81961060
26.39412689
18.12352943
21.38039398
17.55490303
13.15294552
10.30980206
16.35098267
19.81765175
22.51176643
26.77255058
20.89608192
18.17059135
15.71568584
17.69411659
21.88039780
20.21568680
23.58039474
26.65097809
18.30588531
21.21176720
17.60196304
12.86666489
10.49215603
17.63921738
20.03137398
22.27254868
27.80980682
21.01176262
17.75294113
15.25882339
18.15097809
22.01960945
20.10784340
23.75882530
25.39412117
18.22157288
21.15686417
17.49608231
13.11764812
10.89215660
18.87255096
20.32352638
21.48823547
28.09608269
21.96078300
17.82156944
14.97059059
18.58627319
21.98235703
19.83137131
21.78039169
24.79607964
18.78823471
21.30196381
17.35294342
13.35097980
11.53529358
19.71176910
19.75294113
20.22745705
27.78627586
24.08431244
18.69804001
14.89804173
18.41176605
22.09608078
19.94117355
18.72352791
24.64510345
19.59215546
21.39412308
17.13725853
13.76078606
12.13137436
20.03333664
18.70588303
18.91568375
28.35490227
25.90588570
20.25098228
15.28627586
17.92549324
22.23137283
19.80391884
16.23137283
24.05686569
20.12156487
21.13529778
16.41960907
13.71764851
13.24117756
19.69215393
17.67451668
17.78039551
29.42745209
27.33137321
22.10783958
15.84313774
17.78823853
22.32745171
19.19215775
15.55882359
22.79411888
20.20391655
20.39216423
15.75294304
13.82548904
13.56470871
19.10391998
16.56666756
18.36470604
30.73725700
26.12352943
22.64509964
15.79608154
17.74510002
21.63725853
17.66862869
16.11176491
22.11960793
20.18431664
20.18431664
15.52353287
13.75097942
13.81960964
18.91372490
17.54706383
19.35882187
31.10000229
23.31372833
22.16470146
16.16470718
17.93333626
20.81960869
16.83137321
16.04118156
21.72156906
20.12352753
20.00784302
15.83333874
13.77254772
14.77843094
19.37059021
20.74510193
21.53333282
30.13922310
20.69999886
21.80784225
15.72941113
17.76078606
19.85490417
17.08823776
15.70588303
20.52353287
19.91960716
19.06470490
16.17843246
13.90196133
14.85098362
20.07058907
23.55294418
24.77451897
28.27451515
17.66274643
21.70195961
15.23333359
17.35882378
19.10784340
18.25882530
15.48627567
20.18039513
19.79607773
18.60784149
16.33137321
13.95098209
15.05882454
21.21764755
24.91960526
27.93921661
26.21961403
16.27058983
20.06666183
15.55490303
17.78039169
19.44706345
18.76666641
15.64902210
19.62941170
19.60588074
18.90588379
16.77646828
14.21176529
15.05882454
22.45098114
25.58431435
28.20784378
23.07059097
15.95098305
16.60588074
16.29804039
17.00784302
19.77450943
17.90587997
16.13137436
19.03333473
18.71176338
19.42549133
16.62549019
14.00980282
15.57450962
23.13137627
26.24901581
26.10000229
18.64902115
15.69215870
14.56862831
16.42353058
15.83137131
19.24509811
16.18235588
15.82941151
19.29804230
17.59215736
20.12353516
16.28627396
14.09215736
17.66470528
22.92941093
25.33529663
23.77255058
16.59804153
15.52941418
13.47647285
16.23725891
15.93137264
17.45098114
15.09019470
15.17451191
19.75490189
17.76470757
20.79216385
16.75490570
14.54313564
17.81960869
20.81372833
22.99804115
21.39411545
15.80195999
16.07647133
12.62941170
16.35098076
16.49411774
15.52941513
14.93921471
15.03333378
19.84705734
17.93137169
20.33137321
17.44117928
14.70980549
16.59019661
18.53333092
20.99803734
19.35685921
16.15882683
16.25490379
12.71372509
16.80392265
16.73333168
14.56666660
14.98823738
14.84118080
19.00392342
18.15882301
20.03921318
17.81372833
14.33529568
15.24510002
17.14313889
19.69804192
18.33137131
16.37254906
16.14705849
13.09804058
16.82549095
16.21568871
14.55686474
15.33529377
14.42548943
18.05098152
18.03529358
19.76078224
17.38627625
13.63137531
14.43725586
16.82745171
19.69607353
18.53137016
17.05686569
15.99019623
13.93921566
15.58431530
16.12549019
14.38039303
15.39215755
13.97255135
18.15490150
17.86273956
19.09607697
16.62940979
12.79607868
14.02353191
16.62157059
19.25881958
19.16470718
18.84509850
16.10784340
14.99411964
14.70195866
16.22941208
14.91961098
14.78235626
12.98823643
17.30000114
17.74706078
19.43725395
16.81372833
12.46078587
13.22941303
16.51961136
19.58039474
20.07843399
20.66667175
15.67451191
15.28039360
15.43333817
16.05882263
16.03137398
14.31372452
12.84902000
15.94901848
18.19607735
20.00980186
17.96274185
12.35098076
13.13333416
16.90784454
20.76470947
21.33529282
20.81568909
15.51176548
15.06470871
16.42941284
16.21176338
15.94117928
13.56274509
12.92156982
14.72156906
18.18039131
19.27450943
17.95882607
12.18431377
13.24706078
17.42941284
21.43530083
22.09412003
21.19608116
15.91960812
15.03529453
17.65294266
16.73921585
16.03921509
13.17646980
12.79215813
14.01764870
17.49019623
18.44706154
16.68235207
11.87646961
13.39411926
17.38627625
21.44902229
22.53921700
23.06078148
16.97254944
16.02157021
18.44509888
17.37451172
17.35294342
13.27843285
13.05097961
13.66078568
16.41960716
18.03921509
15.52745247
11.83725548
13.47451019
16.80392075
21.15098190
23.39019775
26.20000458
17.97255135
17.54117966
19.13137245
17.29804420
19.50000000
14.47451210
13.26862526
13.61568642
15.78431320
17.40784454
15.29608536
11.94705963
14.07254791
17.65686417
20.41176796
24.69607925
28.56470490
18.79804420
18.31568909
19.42549133
17.09803963
20.84705734
16.61372375
13.80000210
13.83333302
15.69804001
16.59019661
15.03333855
11.72941303
14.70980453
18.22549057
19.86666870
25.83921432
28.93137550
19.48627090
18.77843285
18.86470795
17.61176491
20.52941322
18.89804268
15.14902020
14.10000038
15.91568851
17.27255058
14.63333321
11.54117489
14.62745094
18.03921890
19.39019775
26.89412117
27.52157974
19.87647438
18.90980530
17.69412231
17.99215508
19.29215431
19.31764793
15.89607811
14.80196095
16.16863251
19.06470680
14.38823891
11.76078320
14.41372585
17.79215813
19.60980225
27.71176910
25.49803734
20.17647362
18.23725510
16.15882301
17.71568680
18.85294151
19.43529320
17.20980072
15.34117699
15.64314079
20.74705696
14.50196171
12.15098095
14.29019642
17.92745209
20.18235207
27.99020004
24.86274719
20.08823776
16.50588226
15.40784073
16.98235130
18.60392380
19.69412231
19.47255325
15.85882187
15.67843342
20.50588226
15.47255039
12.36078644
13.64117622
17.86666870
20.92549133
27.03529549
24.49804115
19.60588455
14.94902134
16.41764832
16.93529320
18.09607887
20.55294609
21.70980453
16.42156792
15.80000114
19.35098076
16.44901848
12.54901886
13.52548981
18.51961136
21.46666527
24.19019508
23.03921890
18.81960678
14.26078606
18.46470642
17.92157173
18.41765022
21.03333473
23.92744827
17.44313812
15.51176453
17.38431549
16.93725586
12.62157154
14.62157249
20.03529167
21.43725967
19.71765518
18.94313622
18.75881958
15.87255096
20.86078644
18.84509659
18.97647285
20.93529510
25.13138008
19.41960907
15.39999962
15.94509983
15.90784645
12.38039398
16.33725548
20.07646942
20.81961060
17.90392303
15.70196152
17.54313660
18.27843666
21.80000305
19.74314117
18.74117851
20.40980530
25.59412003
20.84313393
16.00784683
15.88627625
15.14313793
11.77451038
18.25686264
19.71568680
19.27058983
17.84509659
14.17451286
15.80196285
19.08823967
21.55490303
20.38431549
17.84902191
19.80588150
24.78235435
21.07646942
16.83529282
16.66470718
14.86862659
11.36666870
20.20784569
20.87646866
19.25490189
18.88235283
13.44509983
14.50784588
18.49020004
21.58038902
20.12549210
18.23921967
18.40784073
23.37255096
21.36666870
17.41568565
17.30784225
14.78431511
11.37647247
19.86666870
21.72549629
20.16274452
19.55882263
13.29411888
13.83137226
17.98627663
21.68235207
20.29215813
19.16274452
17.63333321
21.51960754
22.10980225
18.28235245
18.37843132
14.32549286
11.33725643
16.67255020
19.84705353
20.15686607
19.51960564
13.11372662
14.17059040
17.35098267
20.60000229
20.29019356
19.84510231
16.78627586
19.79608345
22.63529396
19.01176834
20.28823853
14.13137245
11.02353001
13.25294304
16.67255211
19.45490265
18.17058563
12.95294285
15.59019661
16.55882263
17.15490150
20.71961021
19.68039322
16.72941399
17.92744827
22.34313774
19.00196075
22.46470833
14.23137379
11.34117699
11.59411812
15.38039398
18.43136978
15.27450943
13.25098038
16.72941208
15.03333569
13.82941055
21.58039474
20.29019547
16.69999886
18.10784340
21.45686340
19.63137054
23.54510117
14.38823700
11.88431549
11.47647285
14.95490456
17.19803810
14.52745247
14.31372643
18.10784340
13.89411926
12.96274471
21.95490456
20.65490150
17.06470680
18.71764565
21.37058830
20.03529549
24.07059097
15.23921585
12.23529530
11.90196228
14.94313622
16.60196114
14.57843208
15.42745399
18.68627357
13.36078453
12.51372528
21.95882416
21.28235245
17.80392265
18.79804039
22.25293922
19.27058792
23.92549324
16.61764717
12.83921623
13.38431454
16.45294189
16.14902306
14.60392380
17.06666946
18.51568604
12.48823643
11.80980492
21.72941399
21.22941017
18.37843323
19.03529549
22.89215851
19.27450943
22.60195732
16.85098267
13.19608116
15.05098152
17.24706268
16.51764870
15.48039341
18.72157097
16.82353210
11.56078434
11.71960831
21.03333664
21.52156830
19.30000496
18.77058601
22.79411697
19.82941628
21.34706116
16.20588303
12.89019489
16.36470604
16.92549133
16.92549133
18.06666756
20.49411583
14.66274643
11.22156906
11.56470680
20.30588531
22.47254944
19.86470222
18.59216118
21.06470871
19.81764412
21.24706268
16.80980492
12.64706039
16.19412041
16.45097923
16.51960945
20.01764870
21.79019928
13.56666756
11.10784340
11.60784245
20.30195999
22.93725586
19.50195694
18.60980606
18.71372604
20.10195923
21.78235054
18.06274414
12.49411678
15.39411736
14.90196133
16.27058983
20.52745056
22.55882645
13.17058945
10.48235416
11.63333225
20.76274490
21.77451324
18.37647057
17.98627472
16.68039513
19.98235130
22.57647133
19.47843552
12.49803829
14.63529587
13.10000038
16.00392342
20.48431778
22.80196381
12.76274776
10.40784264
11.74313927
21.24705887
20.22941399
17.37255096
17.56078529
16.03921890
19.89411926
22.71176720
20.51372528
12.84313679
14.07254982
12.12745190
15.97843170
19.72156906
21.64117622
12.40784550
10.53333569
11.39999962
21.07255173
20.30784225
17.65294075
17.46274567
15.84118080
19.37254906
21.94902229
20.87647057
13.34509754
13.64902115
12.75294304
16.73921585
18.09804344
19.31176186
11.70392418
11.08823490
10.87254906
20.89019394
20.77254295
18.28431892
17.00784302
16.50196266
18.64314079
21.30196190
20.69411850
13.73529530
13.83529568
13.77451038
17.39411545
15.83725739
16.64117813
12.29804039
12.34509850
10.60980415
20.14117622
21.99215698
19.98039246
17.08235359
16.41373062
17.72941589
21.12156677
20.03921318
13.74313927
14.27451134
14.55294228
17.04706001
15.39803982
14.86470985
13.40784454
13.30000210
10.57646942
18.49215889
22.68039131
21.40196228
16.36862946
15.98627377
17.67255211
21.00980568
18.97647285
13.49803925
14.41176605
15.80784702
16.52941322
18.56078529
14.32157135
14.30392170
13.58627510
10.84901905
17.00588608
21.80784988
21.49607849
16.32353020
15.80195999
17.27058792
20.89019394
17.20000076
13.08823586
13.60196114
16.16862869
16.36274529
20.91765022
14.49019623
15.66078472
13.66666985
10.27450943
17.49411964
21.24902153
20.64313889
16.67254829
16.01372719
16.26862907
21.33529282
16.09608269
12.67254829
12.33333206
15.91176701
15.93137360
20.54901886
14.35686398
16.32352829
13.28235054
9.76470661
17.98823547
21.42353249
19.31568336
17.76862717
16.63921738
15.10980701
22.27646637
16.26862907
12.63921642
11.59411812
15.84510040
16.25098228
17.79804039
13.25098133
15.99607944
12.74902058
9.62745094
18.52745247
22.16078758
18.54117584
18.30980301
16.88823700
13.90196323
24.49215889
16.62352943
12.73333168
11.45490456
15.21960831
17.44901848
16.02941322
12.98823643
14.94117832
12.08039284
9.42352962
18.81176758
23.17647171
18.94509506
18.19804192
16.31568527
13.16470528
24.08431244
16.26274490
12.80784035
11.60392380
15.54313660
18.86666679
15.96862984
13.48823452
14.87058735
11.27843285
9.99804020
19.02745438
23.79804039
20.33332825
18.30195999
14.84705925
12.92745304
20.61568832
16.17646980
13.34706020
11.58823586
16.73921585
19.47254944
16.55686378
14.90784454
16.26078415
10.79019737
11.22352982
18.63921738
24.01372337
21.45686531
18.07843208
14.30000019
12.67254734
17.25686646
15.84705925
13.90784454
11.97843170
17.04902267
19.23529625
17.87843132
16.52352905
17.49411774
11.12941360
12.61176682
18.77059174
23.13333511
21.35686493
17.57451057
14.07843208
12.60980320
14.39215660
15.06470680
13.92941570
13.39608002
17.20196342
19.20588303
19.80784607
17.90588379
18.99019623
11.82941341
14.50588322
18.34117699
22.32156944
20.64705849
17.38431358
13.96078491
12.38431644
14.19019699
14.32157040
13.84510231
15.09411907
18.00784492
20.13529396
20.37843323
19.21568871
20.44117737
12.01764774
15.84902000
17.91372871
23.77843666
20.23333359
17.48823357
13.79411793
12.46862984
13.80588341
13.61176586
13.87451172
15.92744923
19.20980263
21.21372604
20.59411621
19.38431549
21.29215813
12.16274643
17.49804115
17.55098343
25.04901886
19.79019547
17.46078491
13.62941360
12.86274433
13.68431377
13.48039436
13.59607792
15.83921814
19.00392151
21.99607849
22.13529396
19.04902077
21.25882912
12.20784378
18.66078568
17.10588455
24.54314041
19.27647591
17.52745628
13.11176777
12.56666565
13.64313984
14.08627701
13.42745209
15.64705944
18.45686340
21.65686035
21.96666145
18.02352905
20.10000610
13.14510059
18.62157059
16.05490303
22.97842979
19.29608345
18.04118156
12.87451267
12.02548981
14.13529587
15.01568604
13.52549362
15.93137360
18.38235283
21.02941513
20.87254715
16.68039322
18.79607964
14.76470852
17.82157326
14.58235359
20.46274567
19.46078682
17.93529892
13.27451324
11.71176720
15.36470604
15.43137455
13.52941132
15.95686531
18.20000076
20.56666756
18.53725433
14.93137360
17.95294380
16.49019814
15.80392170
13.56274414
17.64705849
18.37255478
17.25490570
13.46862888
11.71960735
16.30392075
15.40588093
13.80784225
15.92352867
18.18039513
19.47842979
17.43529701
13.89215851
16.75098038
17.30588150
14.20784283
13.25686455
16.49411774
16.81961060
17.24117851
13.47843075
12.44901943
16.68431282
15.68823910
14.34705925
16.07058716
18.11176872
18.10980415
16.53529739
12.60784245
15.07255173
16.51568604
14.57647324
13.50392151
16.00000000
15.68235302
17.85490036
13.61372662
12.92941475
16.86666679
15.51764774
14.72352886
16.48431206
17.74509811
17.02548790
15.58039379
11.72352791
13.68823528
16.39804077
14.01960945
13.04313850
14.71568966
14.56470871
18.29411888
14.17058945
13.43921566
17.66470528
15.24902248
14.27450943
17.48431396
17.48627472
16.24902153
15.09019852
11.80980396
14.14313698
16.00784302
12.39411831
12.90196133
13.62941170
13.89411926
17.20980263
14.46470833
14.18627739
18.19020081
15.23529339
13.57647228
18.63137627
17.92941093
15.30392075
15.25098228
11.78235340
14.18431377
13.72549248
10.64117622
12.39215851
13.17450905
13.33333492
15.76666451
14.09803867
14.90392303
17.87646866
15.02353191
12.85098171
18.04313850
18.77255058
15.33529472
15.32549095
11.77059078
13.88823509
10.98627567
10.26470661
11.64117622
13.01764774
13.17647457
14.77843475
13.21960831
14.87059021
16.51372910
14.33529282
12.33333397
16.76078606
18.36862755
16.89608002
15.11568832
11.95294189
14.34117603
9.91568565
10.63529587
11.38823509
13.20392227
13.18823338
13.50392437
12.30392265
14.78431702
15.13725376
13.43333435
11.95686340
15.88823414
17.36274910
19.47451401
14.58235073
12.60000134
14.73921585
9.93921566
11.00784397
11.32353210
13.84313774
13.68823242
12.69216061
11.76470661
14.53137207
14.72156715
13.01176643
11.17647171
14.43333530
16.26862717
20.18431282
14.66666603
14.23137283
13.78823662
10.07647133
11.31960869
11.29607677
16.11176491
15.37842941
12.69608116
11.64117813
13.30784416
14.63921642
13.40588379
10.18235302
13.18039227
16.18235207
19.78039360
14.72549248
16.03921890
12.74313641
10.27254868
11.23725510
11.16666508
18.20000076
17.43137550
13.57843208
11.71176338
11.58627605
14.36862755
13.73725700
9.51764870
12.70980358
15.72941399
18.97255325
15.22745132
16.34706116
12.38235378
10.38431549
11.16666889
11.69411850
19.29608154
18.42941284
14.71176624
11.70392418
10.63725376
13.80588341
12.83333302
9.18627548
12.80000114
16.03921890
17.02941132
15.27647209
15.69803715
12.29215717
9.95686340
10.75294113
13.09215832
18.86274529
18.48627663
15.02549171
11.44705772
10.50000000
12.95294189
11.50784397
8.91960812
13.47451019
17.09803772
15.26862812
14.78627682
14.50392437
12.17843437
9.56078529
10.01372623
13.35098076
15.91764641
16.81568718
14.29803848
11.13725567
10.78039169
12.33725452
11.22745132
9.17843246
13.64901924
16.44510078
14.49607754
14.39412022
12.84902000
12.83725548
9.27450943
9.77843189
12.66078472
13.33137512
14.99215984
13.61176682
10.91372681
10.74902058
12.17843151
11.40784359
9.62941170
12.90000153
15.39607811
13.39607620
13.61764908
11.29411697
13.42549038
9.08431435
9.60784340
11.55097961
11.84705925
14.15098000
12.46666622
11.06470585
10.79411793
12.35490131
11.12352848
9.59215927
12.00000191
14.83137131
12.88431549
12.14509964
10.13921452
13.32353020
9.32745171
9.72549057
10.85490417
11.55490208
13.38235474
11.16470623
11.10784340
11.12352848
12.69803905
11.24117470
9.24313641
11.20980453
13.12548923
12.39608002
11.45098114
9.58235359
11.68627548
10.04509830
10.15882301
10.30980301
11.45098114
12.37843513
10.99804115
10.56862926
11.60000324
13.08627510
11.79215908
9.09215736
10.75490284
11.80980587
12.05294228
11.72549248
9.80980396
10.16667080
10.69999886
9.83725452
10.10392189
11.13921738
11.52941227
11.28235531
10.25098133
11.84509945
12.75882530
12.00000191
8.87451077
11.12745190
11.60196018
12.12941170
12.08235550
10.25686264
10.05686378
11.02549171
9.32549191
10.16274643
11.51568794
11.51568890
11.67843246
10.01960850
11.30784416
12.35098267
11.40196037
8.66274548
11.38823605
11.58235264
12.27843189
11.84706211
10.57451057
10.78039074
11.21176529
8.85882378
10.75098133
11.39804077
12.36666775
12.19607639
9.93529701
10.98627567
12.36470795
10.54117680
8.57059002
11.58235455
11.62157154
12.69019699
12.12941360
11.03529358
11.33529377
10.69412041
8.61960793
10.63137436
11.37451172
12.95294380
11.94901848
10.01372814
11.25490093
12.30392456
10.00588417
8.63137341
12.15490341
12.04509830
12.77058792
12.56274700
11.93333340
12.00392342
10.03137493
8.10392189
10.41568756
12.29215622
13.01372719
12.07450962
10.47058868
11.59215641
11.83333397
9.87451172
8.61568737
12.78431511
11.84705734
12.31764698
13.76862907
12.14117813
13.12549305
9.76078320
8.15686417
10.82941246
13.24313927
12.85097885
12.23137474
11.04705906
11.45686340
11.69215679
9.82941055
8.55686283
13.05490208
10.86862946
12.08235359
15.76470470
12.11568928
14.23137283
9.92548943
8.92156982
11.03137112
13.48823643
12.89999771
13.05098248
11.46862602
11.14509869
11.73333359
9.93725491
8.47647095
12.68235397
10.52941036
12.20000267
16.65098000
12.83725739
13.99803829
9.75490093
10.42156982
11.13921547
13.41764927
13.70588207
14.09019852
11.97843075
11.02744961
11.46078396
10.23725319
8.40980339
11.77451038
10.81960869
12.25490284
16.27254868
13.21176529
12.67255211
10.14509869
11.13529491
11.46666622
13.81176853
14.96862984
14.46470737
12.08823681
10.93921471
11.43725681
10.47843361
8.60588360
10.64705849
10.64313602
13.13137150
15.59215736
12.36078548
11.90196228
10.69019699
10.97451019
12.30980492
14.41176414
15.59412003
14.45686150
11.96078491
10.72352982
11.49607944
9.94705868
8.73333454
9.94313717
10.00196075
14.92157078
14.75294113
11.06666851
11.65490437
11.03921604
10.66666698
13.80196285
14.66862869
15.38627625
14.26666927
11.38823700
10.65686226
11.05294037
9.10784340
8.62549210
9.66078663
9.63921642
16.37254906
13.93137360
10.43333244
11.04705811
11.00588417
10.28431511
14.85490417
15.32745171
15.15098190
14.24902153
10.99607849
10.60588360
10.62549114
8.52941227
8.54117680
9.37647152
9.53333187
16.66470909
13.46470928
10.20784378
10.32745075
11.58235264
9.48039436
15.62353039
15.84706116
14.95489979
14.30392456
11.06274509
10.47843361
10.55294228
8.56274509
8.70784283
8.60196114
9.17843342
15.14902115
13.23529434
10.18823624
10.11960602
11.75294113
8.68431473
15.56862831
15.79411983
14.61764622
13.86078644
10.82941055
10.54705811
10.58431625
8.86666584
8.64313602
8.40000057
8.98235512
13.49215889
13.32353020
10.22352982
10.29803848
11.40784454
8.71372509
15.56666946
16.20980644
14.53725529
13.24901962
10.29215622
10.81960964
10.38235378
9.05882263
8.18627548
8.92745113
9.12744999
13.25490284
13.57255077
10.08627510
10.04313755
10.51764679
8.62745094
17.04901886
16.60980415
14.28431320
12.98627377
10.01568794
10.98039246
9.73529530
9.10000038
7.79803944
9.28235340
9.20784473
12.93725586
13.60588169
10.35686588
9.46862793
9.95686340
7.92941189
18.70784378
17.58823586
14.22156811
12.86078453
9.95490646
10.66274548
9.26078415
9.04117680
7.48431396
8.91176510
9.23921680
12.87647247
13.11960888
10.51372719
9.29411888
9.81960773
7.74705935
19.30980301
19.02745438
14.17451000
12.72745228
9.80980492
10.44705963
9.38823509
8.71176624
7.61372614
8.61372662
9.73921585
12.47059059
12.57254982
10.39019775
9.06274605
9.75686359
8.10392094
18.69411850
20.10980415
14.35882378
12.63137531
10.19215679
10.01764584
9.04705811
8.24902058
7.48235321
8.42353058
10.70588398
12.64117813
12.18235302
10.20588303
9.37450981
9.43921566
8.44509983
17.97058868
20.13725281
14.63137245
12.17255306
10.01176739
9.73529243
9.18627644
8.15882397
7.31764841
8.40588188
11.23921680
13.06666946
12.53529644
10.64313602
10.14509964
8.61568737
8.62353039
17.47059059
18.93725777
14.64313698
11.86863136
9.61568642
9.61568642
9.22352982
8.50196266
7.70588207
8.65294170
11.21764565
13.56078529
13.35490322
11.37059021
10.30392361
7.80784321
8.37843323
17.18431473
17.86274529
14.30196190
11.92745495
9.58431530
9.28235340
8.75686264
8.60588264
7.79411793
8.63137341
10.68823624
13.79019928
14.21764755
12.69019508
9.59215546
7.09019709
8.29411793
17.01176834
16.61176300
13.95686245
11.63921738
9.33921814
8.90391922
8.63725758
8.38627529
8.17058945
8.19999981
9.93725586
13.93333626
15.25490189
14.00784302
8.77255058
6.80000019
8.42549133
16.13921356
15.83725643
13.84510040
11.32941151
9.34509850
8.76666641
8.55490208
8.18235397
8.17254829
8.15294266
9.76666737
14.66862965
16.16470718
13.95686531
8.44117737
7.26078463
8.12745190
15.74902153
15.29019928
13.67842960
10.92352962
9.23921585
8.47647285
8.40980339
8.51960850
8.56274605
8.13333416
9.60000038
14.65098286
16.85294342
13.01176643
8.20392132
8.72353077
8.31960678
15.32156944
14.42549229
13.04117775
11.18823528
9.01372528
7.95882511
8.81176472
8.63921452
8.48431301
7.70392132
9.25686359
13.64509678
17.35882378
11.95490170
8.30196095
10.39804173
8.44313717
14.09019566
13.87058640
12.26274776
11.24509811
8.69411755
7.83529520
8.67450905
8.32745171
8.47058773
7.78235340
9.08431339
12.53725624
16.96470833
12.24902058
9.84706116
10.80000210
8.01960850
21.02549171
17.48431587
12.07254982
10.87647343
8.44705963
7.76078463
8.18627453
7.94313765
8.64313889
7.84313679
9.06470394
11.91176701
16.07255173
12.81372547
11.53137207
10.04902267
7.59411812
20.67647171
17.26666832
12.00980282
10.55098057
8.32156944
7.75294065
7.95686388
8.08235455
8.81764698
8.25294209
8.88823605
11.58627319
15.34902191
14.10588264
12.57451057
9.55882454
7.56078529
21.03333282
16.82353020
11.66666889
10.43333435
8.25882435
7.93529415
7.76470566
8.48235321
8.75882339
8.86470604
8.69215870
11.47451019
15.17058945
15.81176376
12.95490456
9.52745152
7.41764641
16.04117966
16.38235474
11.42156887
10.10196114
8.11568546
7.79019642
7.70000076
8.56862736
8.36274624
8.95882416
8.78039360
11.99607944
16.00588417
16.59607887
13.92548943
9.70588303
7.24705935
15.56862736
15.11764622
11.14509773
9.59411812
7.91176558
7.57451010
7.92941332
8.47254944
8.01960659
9.12549019
8.99215603
12.77450943
16.96666908
17.50000191
16.26666832
9.72548866
7.44117641
15.49607944
14.06470871
10.95293903
9.47647095
7.69607830
7.64117718
8.20784378
8.81176472
8.23137188
9.54117584
10.19019794
13.42745113
17.29999924
18.10784721
17.98627853
10.07058811
7.60588169
15.51764774
12.54901886
10.79215908
9.28235435
7.70784426
7.88627529
8.00392151
8.55294323
8.08823586
9.79411793
11.53137016
13.81764698
16.97843361
18.28235435
18.05686378
10.53725338
7.33333397
15.09607983
12.54117775
10.38627434
8.97451115
7.87450886
7.84509754
7.84313869
8.25294113
7.56666660
9.39411926
12.30784225
14.26470566
16.55294418
18.65294266
18.02941513
11.36862755
7.57647085
15.09019852
12.99411869
10.20196247
9.29019642
7.80588198
7.31568766
7.80784178
8.16274643
6.97843266
9.09607887
12.41568661
14.23725510
17.04117775
18.83725357
18.81764793
12.53137112
8.01176548
17.21764565
13.79607773
10.23529530
9.35686207
7.76078510
7.25490141
7.89411926
8.21764755
6.82745171
9.28431511
12.22549152
13.93333530
16.99019623
18.58235550
18.96078682
13.89411926
8.45294285
17.64901924
14.52156639
10.43137169
9.17843246
7.80000067
7.46470737
8.00784302
8.28431320
7.02941227
9.51960754
12.23921585
13.94706249
16.48039246
18.22157097
18.67646790
14.43529510
8.86078453
17.85097885
14.41568756
10.38627434
9.60980511
7.67058849
7.10392237
8.20588493
8.49803925
7.45098162
9.71176529
12.16666698
14.12941265
15.46470451
17.82352448
18.55685997
14.56470585
9.06862640
14.25489998
14.75098324
9.78627300
9.88431263
7.71960783
6.69411802
8.42352962
8.84509945
7.88235474
9.67451096
11.28823566
14.12549019
14.74509811
17.43921852
19.00000000
15.24510098
9.33725452
13.80392265
15.02745056
8.79019642
9.73921585
7.19607925
6.54313707
8.31764793
9.29411793
8.19804001
9.61960888
10.62941265
13.52548981
14.71176529
16.44313812
18.60784912
15.72353077
10.22549248
13.87647247
15.14509773
8.22548962
9.99803925
6.97058821
6.75490189
8.52156925
9.77254868
8.25098038
9.44313717
10.16666603
12.21372795
13.56078720
15.56470871
17.63333130
16.21176720
11.30588341
13.59411526
15.27843189
8.36274529
10.32549000
7.34902000
6.60196066
8.62941265
9.31960678
7.94117594
9.16274548
9.84509659
11.36666870
12.36666584
14.41176510
16.56666756
16.64902306
12.59019661
7.73725510
9.23529434
8.97254944
10.26862907
7.76470566
6.70588350
8.48431492
8.75098133
7.31176567
8.62745190
9.53921509
11.38235474
11.68039227
13.72156715
15.12353134
16.51764870
13.00196362
8.10784435
9.43137264
9.04901981
9.91176510
7.58039284
6.59803963
8.12745190
7.78627396
6.68627405
7.78235388
9.69019508
11.28431702
11.89803982
13.30392361
13.79215622
15.21176910
13.10588169
8.23137188
9.42745209
8.72941399
9.78627300
7.49607897
6.35098076
7.63333368
7.48627567
6.12745094
7.06470537
9.34706116
10.91960526
11.75490379
12.51960945
12.41960907
13.45098114
13.12156868
7.87843227
9.28627396
8.37843132
9.90392303
7.63529539
6.48431301
7.01568651
7.20784330
5.63725471
6.62941265
8.94117641
10.88627529
11.76666641
11.63529491
11.11764812
12.23921776
12.82941341
7.90000057
9.09215832
8.03137302
9.96078682
7.55686378
6.32941246
6.52549076
6.50784445
5.33725500
6.41764784
8.43921566
11.07451153
11.82941151
11.20980644
10.93137360
11.41176510
12.70195866
8.18431568
9.28235245
7.82156944
9.70784283
7.17058849
6.57647085
6.49607944
6.25294018
5.21764708
6.33529425
8.31764698
11.72353172
11.71372509
10.91372490
10.89607906
11.76078606
12.47843075
8.18039227
9.34509850
7.70000029
9.80196190
7.13333416
7.28627443
6.79411793
6.31372452
5.04313803
6.12352991
8.28235340
11.78235245
10.86274624
10.87450981
10.71176243
12.04313660
12.39019585
7.97843170
9.18039227
7.83137321
10.10784435
7.27254820
7.16666698
7.01960754
6.31764650
5.21176434
5.88823605
8.43333340
11.72549057
10.23725319
10.76862812
10.72745132
11.78627682
12.34705925
7.91960812
9.18431473
7.79803944
9.77451038
7.25882435
7.15882444
7.08823586
6.15882349
5.52941132
5.65490198
8.45294189
10.90196228
10.37254810
10.70980549
10.31764698
11.63725662
11.94509792
8.12156963
9.01764679
8.02941322
8.72549057
7.03725576
7.51764917
7.02941227
6.07646942
5.58039331
5.42941236
8.03137302
9.63921642
10.16666985
10.81176662
9.64902020
11.03725624
11.51372623
8.12941170
8.65294170
8.09607697
8.25490284
7.10000038
7.70588303
6.85686350
6.21568584
5.52352905
5.36666727
7.33725691
8.54117680
9.64705944
10.86078453
9.10000038
10.05686283
11.21960735
8.01176548
8.56666946
7.69215679
8.45490265
7.24901867
7.67451048
6.63333368
6.02156878
5.48627424
5.28823566
6.57843113
7.95882416
9.51176643
10.43921661
8.60588264
9.76470757
10.78823471
7.97843266
8.56078529
7.91764736
8.52745056
7.20980453
7.18039274
6.51764774
5.52745104
5.42548990
5.13529444
5.96274471
8.11764812
9.39803886
9.79607868
8.40588188
9.65098095
10.59412003
8.57254982
8.93725586
7.71568584
8.60000134
7.37451077
6.50980425
6.56666708
5.45882368
5.16470575
4.89019585
5.84313774
8.15294170
9.32156849
9.13725471
8.28823566
9.49019814
10.81176662
8.98823643
8.90196037
7.36666679
8.72745323
7.83725357
6.22352982
6.68823624
5.48823547
4.96862841
5.05294037
5.96470594
8.31568718
9.36862755
9.03529549
8.01960850
8.78431320
10.70784378
8.96470737
8.54117775
7.39019823
8.69411850
8.62549114
6.15686369
6.78431416
5.48235273
4.90784407
5.14509773
5.81764698
8.50392151
9.53529453
8.82745266
8.29215717
8.31764793
10.30980206
8.92549038
7.72548962
7.29607821
8.65686321
8.92549038
6.10784292
6.89019585
5.58235359
4.92352915
5.11372519
5.96862793
8.00980473
9.44901848
8.70980549
8.31568718
7.83725500
9.49019814
9.12353039
7.06078577
7.12745142
8.30784321
8.61372566
5.95098066
6.61764717
5.74313688
4.75294113
5.07058811
6.12941217
7.55490351
9.11764622
8.71764851
8.41176701
7.28235340
8.52745152
9.15882301
7.04313755
7.12941265
8.06078529
8.47058964
6.12352943
6.31764793
5.59607983
4.59215689
5.08039236
5.95686340
7.65294170
9.03333473
8.69019604
8.62549114
7.01568699
7.77255011
8.80784416
7.21176481
7.01960850
8.26666641
8.61568642
6.36274624
6.61764622
5.36666679
4.71960831
5.05294132
5.79607773
7.67058849
9.04313850
8.66274548
8.19803905
7.13921595
7.20784521
8.15098095
7.11176538
6.98823595
8.30980396
8.67843246
6.25294161
6.84313774
5.32549095
4.96274519
5.00392199
5.59803867
7.62941265
8.82745266
8.75098324
7.89215708
7.64313745
6.82352829
7.98235321
6.82744980
6.83725500
8.30784225
8.25098038
6.42745113
6.89411783
5.70588255
4.96470642
5.11568689
5.46862841
7.66274500
8.64313889
8.96274567
7.92549086
7.43921566
6.72941208
7.47254896
6.65098190
6.55490303
8.04902077
8.01176357
6.92941284
6.90784359
6.08235455
5.31568623
5.41568613
5.12156916
7.98235321
8.40784454
8.74313641
8.01176739
7.11764765
6.48039246
7.17843151
7.02156878
6.55098057
7.80392265
7.94509792
7.52156830
6.80000067
6.17254972
5.29019737
5.07058811
5.27843142
8.31176472
8.95098209
8.88627338
8.20980549
7.14117861
6.30784369
7.37843227
7.29215670
6.67647076
7.91764736
8.08431339
7.75097942
6.76274586
6.09019566
5.34902000
4.95490170
5.47254992
8.14509869
9.49019527
8.90196323
8.20980453
7.32352924
6.22941208
7.64705896
7.00392199
6.33333302
8.27451038
8.22352982
7.50196171
6.91372585
6.33333397
5.57843065
4.95098066
5.59019613
7.72156954
9.11960888
8.73137283
7.99019670
7.26862812
6.35686398
7.60196114
7.00392246
6.31960869
8.39804077
8.33333397
7.22352886
7.37451077
6.80784416
5.87647057
4.90980530
5.76274538
7.42353106
8.87058926
8.13921642
7.77255011
7.29607821
6.31568670
7.47647142
7.16862726
6.65490246
8.21372604
8.72549057
7.25686550
8.09411812
7.12549114
6.15686369
5.13921595
5.65882349
7.72941256
9.26078415
7.76666689
7.63137341
7.59607792
6.10196066
7.46666622
6.95686197
6.43137264
8.04705906
9.12941265
7.46666670
8.73529530
7.29019642
6.12353039
5.04117680
5.58627510
8.67451000
9.59215641
8.56862640
7.50000048
7.86862898
6.31960773
7.17254877
6.84705925
6.12941313
8.03137302
9.23333454
7.86078501
9.50980377
7.36666679
6.28039217
4.71568680
5.98823595
9.39215851
9.57843113
9.44509697
7.83333349
7.81960869
6.51568651
6.78627443
6.69215822
5.86666632
7.92941236
9.09804058
8.04705906
9.80196190
7.94705820
6.61176491
4.96666670
6.93725538
9.55490208
9.98235321
10.77451134
8.35098076
7.88235378
6.49999905
6.50784349
6.34902000
5.77843237
7.92352962
9.15490246
8.29607868
10.10392284
8.81568527
7.32941246
5.60196114
7.93529558
9.83137417
10.82157040
12.63725567
8.78431511
7.73137283
6.41372585
6.68823576
6.26078463
5.65294027
8.14902020
9.14509869
8.66274643
10.64705849
9.72745228
7.79607677
5.62941265
8.49215698
11.06274605
12.74313736
14.10588074
9.45294285
7.81568670
6.20392227
6.82941246
6.13137197
5.64117622
8.44117641
9.15490246
8.89019775
10.83921719
11.10784149
8.27058697
6.32352924
9.02941132
13.05882549
16.22745132
14.53137207
9.58431435
7.78431416
6.08627510
6.64313745
5.86274481
5.63725519
8.62352848
9.58431530
9.17843246
10.64705849
12.90980721
8.60784340
7.83333397
9.82353115
16.01568794
18.44117928
14.38431454
9.26274586
7.57843113
6.06274605
6.50784397
5.78627634
5.63333368
8.59215832
9.88039398
9.37450981
10.87450981
14.11176491
9.88627720
9.02352905
11.54117775
20.64313698
20.83137512
14.03725624
9.11568642
7.53333473
5.78431368
6.62353039
5.65097952
5.95490217
8.46078587
9.66666889
9.00392246
11.28235435
14.31568718
11.15098286
10.24117851
13.90196133
24.46274567
20.88627625
13.34706020
8.67647171
7.46666718
5.34705877
6.49019575
5.78235388
6.16862774
8.54902172
9.44901848
8.58627510
11.53333378
14.66666889
12.19607925
11.63529491
16.06274605
25.71372604
19.52156639
12.50784016
9.08235264
7.34117699
5.33137274
6.40980339
5.77647018
6.14901972
8.82745171
9.45686340
8.59019756
11.55490208
15.18039227
12.98627758
14.27451229
18.09803772
23.57451057
17.60392380
11.04509735
9.26470566
7.21568584
4.95490170
6.17843103
5.46862698
6.46666622
9.14705849
9.43137264
8.50784397
11.32549095
15.02941132
13.51960850
16.84902000
19.10392570
19.66666603
15.02352905
10.40784454
9.12549114
6.92941236
5.08627462
6.19999981
5.44705915
6.52941179
9.30392170
9.17646980
8.53529549
11.39803886
13.95686245
13.84313869
18.24313927
18.53333855
14.65098000
11.90000057
9.76470566
8.57647038
6.61568689
5.66274452
6.14509916
5.34705877
6.08627319
9.40784454
8.82549191
8.80980301
11.52157021
12.39803886
14.55098152
18.51568604
16.45686340
10.92353249
9.85490227
9.04117680
7.76274633
6.41176462
5.39019632
5.99803925
4.94705963
5.82353020
9.46470642
8.62745190
8.95882416
11.47646999
11.43921661
14.75294304
17.50196075
15.44706059
10.17843151
8.74313831
8.32352924
7.36666727
6.23921728
5.27450943
5.92941236
4.95686245
5.83333445
9.43529510
8.31176472
9.01568508
11.46470547
10.46862698
13.63333321
14.35686302
13.54509926
9.90784359
8.24117661
7.32745028
7.23137331
5.82156849
5.19215775
5.66666698
5.21372509
5.73725557
9.36078453
7.84509802
9.12353039
11.30392170
10.33529472
12.23725510
10.73333549
11.35882473
9.81372643
7.87450981
7.19215679
6.72157001
5.37058878
5.24509764
5.30588293
5.32156897
5.76274538
8.99608040
8.01176548
9.33333492
11.37450886
9.94117451
10.83529377
9.21176434
10.32549095
9.50784302
7.79215670
6.99019623
6.38039351
5.45294094
4.86862755
5.09411860
5.21176434
5.83137321
8.59607697
8.16274548
9.33529472
11.09411907
9.23725510
9.35882473
8.93921661
9.28823471
9.34705830
7.90784359
7.05098152
6.52941132
5.54509783
4.65294170
5.51372623
5.31764650
5.72941160
8.07843208
8.12352943
9.30196190
10.30980301
8.56862736
8.47254944
9.12745285
9.01960754
9.33725452
7.53137302
7.18039322
6.45098066
5.64313698
4.74901915
5.62352896
5.21176434
5.53725481
7.68235254
8.06274509
9.04313850
9.36666584
8.07647133
8.16470718
8.90784454
8.94901943
8.67843342
7.22745085
7.01568604
6.13137341
5.49411726
4.89804029
5.55294132
5.15882349
5.39215660
7.45294142
8.18823624
8.65294170
8.67646980
7.67843056
7.84313822
8.40588284
8.85490036
8.45882320
7.04117584
6.54902029
5.91176510
5.22549105
5.07450962
5.43333340
5.20196009
5.21372557
7.19607878
8.19215870
8.39019585
8.21960926
7.55686283
7.47646952
7.67451000
8.61372566
8.16274643
6.92353010
6.18235397
5.90588331
5.20392179
5.04117680
4.85490227
5.04705906
5.04509830
6.87843227
7.80980301
8.26274586
8.03921700
7.45882463
7.02941179
6.75294256
7.84902000
7.72353077
7.03725529
6.02549171
5.80195999
5.11176538
4.69803953
4.62941170
4.98823547
4.96470594
6.64509869
7.40392160
8.16470623
8.08823490
7.17843199
6.91176462
6.59803915
7.48039293
7.20980358
7.12156916
5.87450886
5.59411764
4.88431358
4.62156963
4.65686274
4.95294142
4.96470690
6.53725481
7.20196104
8.46666622
7.72156811
6.89019489
6.70980453
6.32156944
7.14509869
7.00784349
7.04313660
6.16470623
5.77450943
4.83921576
4.69411755
4.53529406
4.91372633
5.08627462
6.31568718
7.05490208
8.37254906
7.52352953
6.46274519
6.37843132
6.03137207
6.78431368
6.91764832
6.88235426
6.40000010
5.76470566
4.85490227
4.71764708
4.45882320
4.80784369
5.06666756
5.93921566
6.59215736
7.85294151
7.26274586
6.28627491
5.99803972
5.85686207
6.52353096
6.72353029
6.40980434
6.17058754
5.56274509
4.97254944
4.22352886
4.60588217
4.46862841
4.91372490
5.68431330
6.44313669
7.33333445
7.10392141
6.07843161
5.80588293
6.04902029
6.33725452
6.49019670
6.47647047
5.91176605
5.54117680
5.10392141
4.06078434
4.54313707
4.44313717
4.82352924
5.64509964
6.33921623
7.15294266
6.59215641
5.86274576
5.71960831
6.19803810
6.07843161
6.42745113
6.37843132
5.73529387
5.83725595
5.09019613
3.85294175
4.53137302
4.59999990
4.72353029
5.57843304
6.03725481
6.90196180
5.93333435
5.70000029
5.47647095
5.84902000
5.97646999
6.56274462
6.04117680
5.61764765
5.86274576
4.93529463
3.63137293
4.78235292
4.55098057
4.69803905
5.45686340
5.86274624
6.38039303
5.68235302
5.53137207
5.26274586
5.29019594
5.92941189
6.54313755
6.24313545
5.66274595
5.48039150
4.86666679
3.92352915
4.74705887
4.63137197
4.73529339
5.42549038
5.67843151
5.96078444
5.50784302
5.58823490
5.26862860
4.96470547
5.76470566
6.29215717
6.37254953
5.52941275
5.13137341
4.90784311
3.98235321
4.76078415
4.66666698
4.84901953
5.35098028
5.51372623
5.89411736
5.33921480
5.64509773
5.41372538
4.50980377
5.41176462
6.33137274
6.21764803
5.52549076
5.08235312
4.61568689
4.01764679
4.79411745
4.46274567
4.70980453
5.17254925
5.34313774
5.96862793
5.43137217
5.43921518
5.11176443
4.52352905
5.23333359
6.17451191
5.94313812
5.63725471
4.83921576
4.43137264
3.95098019
4.92548990
4.65490150
4.64705896
4.92353010
5.01764727
5.57843161
5.53725386
5.10000086
4.86470604
4.64313841
5.30392218
5.91372681
6.07058859
5.63137245
4.66666698
4.39803934
3.86274529
5.09999990
4.69019604
4.65098047
4.83137226
4.95294094
5.22549057
5.40784359
5.27647066
4.91372585
4.86470604
5.22745180
5.91568708
6.22156858
5.39411783
4.71372509
4.65882444
3.73333383
5.11372566
4.64313745
4.65098095
4.89607954
5.16078520
5.34705830
5.31568575
5.52156830
5.09019661
5.00980377
5.09215689
5.77843332
6.25490332
5.11568689
4.86274529
4.84705877
3.91372585
5.03725481
4.73529434
4.63529491
4.93725443
5.16078424
5.34313631
5.11764669
5.39215708
5.11960793
5.01764727
5.09411764
5.56470680
6.26862717
4.98627520
4.82352972
4.70784378
4.08627510
5.07843161
4.65882397
4.47058821
5.04901981
4.95098066
5.09999990
4.86274529
5.22156811
4.92745256
4.96470594
5.10784388
5.56274509
6.03921509
4.96470547
4.54705954
4.57647085
4.00980330
5.26274538
4.62156916
4.21372604
5.24901867
4.86274529
5.03725481
5.08235312
4.97843075
4.72745132
4.90000010
5.29019594
5.37647104
5.89607906
4.93137217
4.31568670
4.66862726
4.19411802
5.50784302
4.51960850
4.48039246
5.01568604
4.74117756
5.11764717
5.29411793
4.80588245
4.49803925
4.97451067
5.36470652
5.24117661
5.60196114
5.16666698
4.33333349
4.89215708
4.63137245
5.47254944
4.36862850
4.61176538
4.67451000
4.78823566
5.10196066
5.01960754
4.74901915
4.27058840
5.03529501
5.43333340
5.22549057
5.40588093
5.13333416
4.66274452
4.70392132
4.90392208
5.29019547
4.36862707
4.37254906
4.56274509
4.98627567
4.93529463
4.86470604
4.67451048
4.27647114
5.03921556
5.20196104
5.33921623
5.20588255
4.80000019
4.85098076
4.34117746
4.70196152
4.95882368
4.48823595
4.23921585
4.41764688
5.07647133
4.99215651
5.08431435
4.73921633
4.27647066
5.10392189
4.85882378
5.40980387
5.12548971
4.99215841
4.70588255
4.23529387
4.48431396
4.85490179
4.46274519
4.18431377
4.31960821
4.82353067
5.21960735
5.30588198
4.90000010
4.05882359
5.10784292
4.72156858
5.42156839
5.14117670
5.08235455
4.54117680
4.33529377
4.14117670
5.19215775
4.45098066
4.20980406
4.32941151
4.56862783
5.09803963
5.15490246
4.96666765
4.12352943
4.87843180
4.60196066
5.55882406
5.36862755
4.86078453
4.54509830
4.28431368
3.68235326
5.32156944
4.57058859
3.86862779
4.11764669
4.55882406
4.78823566
4.90980291
4.99215794
4.40980387
4.83921671
4.44902039
5.48039246
5.68235397
4.97647047
4.59411716
4.09215641
3.75686336
5.03333330
4.71568680
4.25882435
4.08039236
4.64509916
4.75097990
4.86078358
5.06470585
4.52156830
5.10784340
4.39607906
5.16078472
5.82549000
4.92549038
4.58823538
4.06666708
4.05490208
4.92549038
4.69607878
4.14705849
4.07254934
4.59411764
4.57843161
4.73529434
4.89215708
4.53725481
4.78627443
4.62156868
5.50000000
5.53137302
4.86470604
4.30980444
4.10392237
3.99607849
4.75294209
4.31372595
4.04313803
4.28431368
4.52549076
4.47254944
4.63333368
4.91176462
4.65490294
4.53725433
4.53725481
6.06470585
5.20588303
4.64117622
4.21372604
4.26666641
3.81372571
4.57058859
4.05098057
4.14117622
4.33137226
4.33725500
4.26274538
4.47843122
4.93137264
4.65294123
4.79999971
4.46470594
6.24509907
5.06274557
4.75294065
4.18235302
4.26666689
3.87843180
4.36274529
4.09999943
4.16470623
4.29215717
4.34509754
4.40588236
4.81960726
5.00196075
4.67451000
4.90392160
4.54509830
5.69804001
5.15294075
4.96862698
4.62941217
4.19215727
3.99999976
4.18627501
4.13529444
4.03333330
4.03725529
4.45686340
4.53725481
5.07254982
4.71568680
4.74509859
4.28039217
4.61764812
5.17647076
5.43529367
4.89215708
4.81960917
4.28235340
3.87254906
4.21960783
4.00588274
4.10980415
3.82549095
4.30000019
4.53333330
4.93529415
4.50980425
4.68431425
3.80588245
4.44705915
5.13529396
5.32941246
4.88823605
4.43921614
4.28823566
3.83529425
4.13725519
4.10392141
4.15686321
3.87058854
4.10784340
4.71568632
4.86274481
4.54509878
4.60392237
4.10196066
4.22156906
5.18235350
4.86666679
5.08627510
4.22549057
4.09607840
3.98431349
3.83333397
4.44509792
3.96666694
3.67843175
4.11764717
4.70588207
4.78627396
4.25686312
4.66862822
4.49803972
4.17451000
5.09411716
4.82156897
5.16274595
4.12156916
3.91372561
4.07843113
3.79215693
4.26862812
3.97254896
3.55686307
4.05490208
4.50196123
4.98039198
4.43921661
4.68823576
4.42548990
4.54509878
4.99803972
4.85882378
5.05098009
4.09607840
3.51960850
3.78431416
3.84901953
4.06666756
4.15686321
3.60196114
4.06078434
4.76862812
5.11764669
4.46470547
4.65882397
4.49215698
4.78431416
4.98235321
4.95490313
5.13529444
4.42352867
3.48039293
3.69215727
3.84313750
4.10196161
3.82156849
3.60588241
4.09215736
4.64705896
4.90588331
4.44117689
4.56862783
4.50980377
4.56274557
5.05882359
4.86862707
4.92941189
4.79019594
3.79411817
3.34705901
3.97450972
4.00784302
3.46078444
3.65098095
4.21372557
4.47843170
4.81764650
4.40980339
4.59803963
4.50196075
4.20784283
5.01960802
5.07058811
4.48039246
4.92353010
3.96666718
3.40784335
3.77451038
4.00000048
3.23529458
3.64705896
4.12549067
4.48235273
4.77451038
4.51960802
4.73529434
4.64313793
4.19215679
4.75098038
5.12549019
4.34509850
4.73333454
4.02745152
3.65882421
3.51764750
4.08431387
3.10196090
3.53333354
3.74901986
4.61568642
4.67450953
4.56078434
4.67647028
4.22352934
4.12745237
4.57058859
4.87843084
4.70196104
4.47451067
4.06470680
3.70980406
3.66862798
3.95490217
3.34117675
3.65686345
3.68431377
4.73333311
4.79803848
4.26470613
4.38431454
4.40392208
4.11960793
4.61568689
4.71568727
4.96470642
4.36862803
3.95098138
3.92352915
3.70588231
3.92156911
3.51176524
4.01764727
4.07254887
4.54509830
4.76274586
3.85882378
4.15294123
4.56666660
4.39215755
4.71960735
4.52941227
4.90392113
4.40000057
4.03137255
4.04313755
3.71764731
3.93529415
3.48431420
3.79215717
4.02353001
4.34117746
4.42353010
4.13529396
4.13921547
4.50392199
4.37647104
4.55490208
4.29803991
4.81568623
4.11372566
4.19803953
4.06862783
3.64509869
3.81764770
3.32941198
3.67254949
4.30784369
4.36470604
4.21568632
4.23921585
4.09019566
4.53529453
4.16862774
4.39607859
4.43529415
4.74117565
4.10588264
3.95098042
4.00392199
3.60784364
3.77843142
3.44705892
3.70196056
4.50392151
4.35294151
4.65686178
4.40784359
3.94509864
4.37254858
3.99411798
4.14901924
4.36470652
4.77058840
4.10392189
3.88235354
3.94901991
3.64705968
3.75686359
3.56274533
3.60000062
4.35882378
4.08235312
4.81372499
4.49607849
4.08039236
4.25098085
4.00392199
4.13921595
4.35098076
4.73725557
4.24313736
3.74902010
3.94509816
3.62352967
3.62941217
3.77451038
3.63137293
4.10784340
4.04705858
4.52156830
4.23333359
4.24117708
4.11764717
4.54901934
4.37058830
4.35882378
4.82941151
4.18235302
3.83333397
4.00196123
3.49999976
3.54117727
3.90588260
3.74313831
4.03333378
4.06862736
4.53529406
4.29019642
4.29411793
3.72156906
4.91372442
4.43333340
4.37647057
4.79215717
4.13725519
4.08039284
4.00980377
3.42745113
3.52352977
3.70980430
3.66078448
4.13529444
4.07058907
4.56078482
4.55882454
4.23529387
3.72156858
4.63921595
4.40392160
4.28627539
4.47058821
4.20196104
3.94313741
3.87451029
3.44509816
3.47451043
3.67058921
3.75098085
4.20588303
4.38039160
4.46862745
4.20000029
3.86274600
4.27254963
4.48431396
4.48431349
3.79215741
4.41176510
3.97058845
3.74117708
3.70000052
3.59019637
3.58431411
3.31568670
4.04509830
4.38235378
4.33529472
4.49019623
4.32352924
3.84902024
4.09803963
4.27647114
4.18431330
3.51960778
4.33725595
3.97254920
3.92549062
3.70784330
3.65294123
3.86274576
3.19019604
4.05490208
4.03725481
4.50000048
4.99019670
4.40392208
4.13725519
4.16666746
3.85098052
4.09411764
3.61176491
4.06666708
4.13333321
4.14313793
3.93333387
3.78823566
3.81568694
3.44705892
4.10000038
3.88039231
4.57058907
5.07450962
4.29607821
4.24509811
4.18823576
3.88431382
3.85686302
3.86862803
3.95294118
4.15294170
4.09215689
4.09019613
3.85294175
3.30000019
3.80588269
4.07647038
3.99803972
4.56470585
5.00196028
4.27254915
4.02156878
4.18627405
4.45882368
3.68039298
4.12156916
3.85686302
4.10000038
3.63529420
4.14705944
3.70196080
3.36274552
3.40980434
3.92156887
4.07843161
4.53725529
4.90784359
4.47254848
3.88823533
4.07843113
4.07451010
3.69411778
4.19019651
4.18823481
4.08039188
3.36274529
4.17254925
3.48627448
3.31176496
3.21764708
3.70980382
4.06666660
4.44705915
4.67647076
4.50196123
4.04509878
3.77058840
3.56666756
3.68627501
4.19019699
3.99215698
4.04313755
3.64117646
4.08823586
3.41176438
3.01372552
3.51960802
3.44705915
4.01176500
4.38627481
4.52548981
4.29999971
4.02353001
3.55294108
3.93725491
3.60196114
4.05686235
3.95294189
3.99411821
3.91568637
3.88823533
3.45490217
3.59803939
3.33921599
3.17843127
3.93921542
4.42941236
4.31372499
4.17843151
3.70784330
3.57843137
3.93137240
3.56274557
3.88235259
3.86862779
4.03921604
3.86078429
3.76666665
3.38235331
3.55882406
2.88235307
3.30784345
4.15882444
4.43529415
4.34509802
4.30784321
3.50000048
3.74705958
3.62745118
3.54705906
3.61568642
3.51176453
3.99411821
3.68431377
3.67843246
3.24509835
3.51960826
2.96666670
3.54509783
4.07058859
4.22352886
4.42745066
4.03137255
3.34313750
3.67254901
3.54117703
3.54902005
3.86666679
3.34901977
4.01176500
3.63529420
3.69215679
3.22745109
3.39607859
2.89607906
3.45686340
3.75294161
4.30588245
4.61960840
3.93529439
3.43725514
3.67647123
3.58039236
3.50392127
3.59215760
3.57843208
3.81960797
3.59607840
3.79607844
3.75294161
3.20196080
2.86078453
3.47843194
3.36470628
4.33921576
5.11568689
3.61372542
3.60784364
3.85686278
3.64117718
3.25490260
3.54313755
3.84117723
3.70588207
3.77058840
3.79803920
3.82352972
3.00980425
3.01568627
3.55294180
3.23333383
4.24901962
5.27451038
3.27647090
3.88431406
3.87058806
3.69411802
3.19215679
3.63921595
4.11764717
3.97647095
3.61568713
3.68431401
3.19215727
2.88627434
3.03333330
3.54509807
3.28235316
4.46078491
4.97254944
3.19607878
3.97451043
3.53137279
3.79019547
3.06078482
3.35686255
4.24509811
4.20980406
3.35490179
3.71568656
3.08823562
2.85294127
2.85882401
3.53921604
3.38823533
4.41960764
4.55686331
3.27058887
3.73725462
3.20000005
3.69215703
2.83333325
3.32549119
3.92941189
3.91372585
3.57450986
3.68823576
3.41960740
2.87254930
2.76666665
3.38431406
3.50980425
3.86078453
4.00588274
3.50980449
3.75294137
3.12549043
3.38627434
3.08039236
3.55294228
3.72156882
3.44509888
3.73333335
3.43725538
3.14117646
2.93921590
2.88431430
3.27843165
3.30784345
3.80980396
3.97451019
3.55686331
3.59411812
3.13137293
3.28627491
3.27254891
3.42156887
3.55294108
3.49215722
3.80196118
3.25294089
2.81568718
3.22156882
3.00784302
3.19019651
2.91568661
4.01764774
4.10196066
3.58039236
3.74313760
3.33333349
3.37254906
3.27254891
3.29215765
3.48235345
3.58431387
3.83137298
3.56078482
2.85490251
3.21372604
2.80196142
3.28235316
2.99607897
3.81176496
3.61568642
3.45882392
4.00196123
3.32745099
3.27843165
3.46078467
3.41764688
3.57843137
3.54901981
3.64705896
3.79607797
3.13921547
2.99607849
3.10980463
3.37058806
3.35686278
3.76274538
3.41764736
3.27843189
3.61764717
3.15686297
3.06862831
3.25294209
3.45098066
3.58039236
3.51176476
3.75098062
3.55098081
3.17647076
2.88235378
3.19411778
3.18431401
3.36470604
3.81960750
3.68823576
3.19019675
3.13137245
3.15686297
3.10784364
3.12156916
3.20980430
3.95882368
3.53725529
3.81372571
3.14509821
3.08627439
2.91372585
2.82156897
3.06862807
3.24705887
3.74509883
3.77450991
3.10000062
3.13137245
3.29019642
3.37255001
3.36274481
3.17254925
3.84705877
3.56274581
3.69019651
3.11372590
