16.82941628
17.84313774
18.78431702
20.81961250
20.27450752
18.93137932
17.98234940
18.90392303
18.72157288
18.18235207
17.49804115
17.41960907
17.45294189
19.38039589
18.39999962
17.74313736
16.23333549
17.94706154
18.55686569
18.10980225
20.49411583
20.73725319
18.85490608
18.47254944
18.55293846
17.91176414
18.19412231
18.17058945
18.23137093
17.50980568
19.56078720
18.40784073
18.26274681
17.35098076
18.40392303
18.14706421
18.14509964
20.21568680
20.33921432
18.89216042
18.94902229
18.34314156
17.98823738
18.99804878
18.58235741
18.49019814
17.69019699
20.00784111
17.88823700
18.53725433
18.74118042
18.76470947
16.68431473
17.51568604
19.78627396
18.69607925
18.03529358
18.19608116
18.36274719
17.81372643
19.31764603
18.52353096
17.61764526
17.63333893
20.29607582
17.60196304
18.08627892
19.35293961
17.63921547
14.95490074
16.00392342
18.47647285
16.41176605
16.96862602
16.89215660
17.31568527
16.98234940
18.68627167
18.23529816
16.70980453
16.32156944
19.64902306
16.41176605
17.25489807
18.29215813
16.22549248
13.73333359
14.27058983
15.72352886
14.87843227
15.88431549
15.80392170
14.84902287
16.22745323
17.41764832
17.22352791
16.00000191
15.35490227
17.90980530
15.09608078
16.42745018
17.27254868
15.64313698
12.89803982
12.98823547
13.26863098
14.63921642
14.31176567
15.38627529
13.55490017
15.75294399
16.32156944
16.16078568
15.36862659
14.70588303
17.17843246
15.65294266
15.84117889
18.00980759
17.08627319
13.37255001
13.27255058
12.80784512
14.62549114
13.37450981
16.05686569
14.17254925
15.96274567
16.43725395
16.23529434
15.32745266
14.49412060
18.25686264
16.52353096
17.23137283
19.12549210
18.87843132
14.30784416
15.26862812
13.03529644
14.46078587
13.37647057
17.53921890
17.45293999
18.57254791
18.31372452
17.30392265
16.05098343
15.29607773
19.48431396
17.58431244
19.98431206
19.21373177
19.37059212
15.82745075
17.37058830
13.99607658
15.79804230
15.43137169
18.74313927
19.94902039
20.93725586
20.32941055
18.93725777
17.44313622
18.22941208
20.02352715
18.56078720
21.47254753
18.49020004
19.64509773
18.69607735
18.02744675
16.35882378
18.37647247
18.91372871
19.26470757
20.39608002
22.01371956
21.69607353
21.99999619
20.67647362
20.47646904
19.31372643
19.18824196
20.19607925
17.70784378
20.02745438
20.32549667
18.11960983
19.33921814
19.96666527
20.20980644
19.18823624
19.26862526
21.73921776
22.30980301
25.91961288
22.64902687
20.15686035
17.74510002
18.08431435
17.85490227
17.83921623
19.58038902
19.93529701
19.22941208
21.06666946
20.10784340
19.81961060
19.51372719
18.56470490
21.63333702
22.43528748
27.04313850
21.63725471
18.19411850
16.69803810
16.68431473
16.17058754
17.79607964
18.40196609
19.09608078
20.42745209
21.45490456
19.77647591
19.75097847
20.11960602
18.09215546
21.66077805
20.64901733
23.96078110
18.86862564
15.79215622
15.66078663
15.57646942
15.16078663
16.65686035
17.86470795
18.27451515
20.46666908
21.15686989
18.51960754
19.30588531
19.78039360
17.49608040
20.37255287
18.22157097
17.70588112
16.29019356
13.85686302
14.28431511
14.18235397
14.86078548
15.54313850
17.62745285
17.59215546
19.53529739
20.30784225
16.95294380
18.91764832
18.45490456
16.68823814
17.92549133
17.36078262
14.32745171
15.32549000
13.00392246
13.43921661
13.43921471
14.06470680
15.01568794
17.36078453
16.43921661
18.31176567
18.77647018
16.36274529
18.62156868
17.09019661
15.79608059
15.64509773
17.30588341
13.80784416
14.98235416
12.42745018
13.61176491
13.55294323
12.50000000
14.38823605
16.87254715
15.60588455
17.89411926
17.33921432
16.53333664
19.03725815
16.11372566
15.28235435
14.86078453
16.37647247
13.57647133
14.77647114
12.17646980
14.04117680
13.89607906
11.81764793
14.10784340
16.63137436
14.09804153
16.61176491
16.41568756
16.07058907
19.48431015
15.25882339
15.16470623
14.55490112
14.68235397
12.99607754
14.26274490
11.07647133
14.09411812
13.87059116
11.86862850
14.13529587
15.75490189
12.88039303
14.40980434
15.94313717
15.40980244
18.68823624
14.84509945
15.27647305
14.05686092
13.50195980
12.90392399
14.07647228
10.34509754
13.43921566
13.23333359
11.86274624
14.71372604
14.22156811
12.52549076
11.67451000
15.23725605
14.32941151
16.65686607
14.26078415
15.02745342
13.95686340
12.83921719
13.05686188
13.50980568
10.65294361
12.97450829
12.63333416
11.30392265
15.06863022
14.30588055
12.39608002
9.87255096
14.32353210
13.31372738
14.90588093
13.45098114
14.63725758
14.08235264
12.31372547
12.99215603
12.64117718
10.92941284
12.95098114
12.54509926
10.95097923
14.57255077
16.63921547
11.88627529
9.59607887
13.50588226
13.02548885
13.90000153
13.01961136
14.26470757
13.67058849
12.19215870
13.03725624
11.91372871
11.02353096
13.37255096
12.50784492
10.74313736
13.95490360
18.90000153
11.37647247
9.65882301
13.20784569
12.59412098
13.21568775
13.07058907
13.94705772
13.82353210
12.19411850
13.03137302
10.97842884
11.42352867
14.23725605
12.23137569
10.59411716
13.87451172
19.25294304
11.12157059
9.70980263
12.77843189
12.22745132
12.60196400
12.90588474
13.54117680
13.96274662
12.47255135
12.30196190
10.05294132
12.15686226
14.04706192
12.17647362
10.55490303
12.65294075
18.53137589
11.14313698
9.77451038
12.06274605
11.91764832
12.58235168
12.01568604
13.34117699
14.42156982
12.61764717
11.95882416
9.92156982
12.13137341
13.37058830
12.57450962
10.12941360
11.24509811
16.47451210
11.29607964
9.52156830
11.25294113
12.78235149
12.09215832
11.42352962
13.16862679
15.10588264
12.87647247
12.95686531
10.24509907
11.53529453
12.38431454
12.77058887
9.45490265
10.16666698
14.66666889
12.04706097
9.57254791
10.83921623
13.93529510
11.43333435
10.85490417
12.29608059
14.86862850
12.39803886
14.24510002
10.29411888
10.96274281
11.62745285
12.99019718
9.76862717
10.09215736
13.28039169
12.57647133
9.48235226
10.58431625
13.84313869
10.68627548
10.50196171
11.95882416
14.21960831
11.85294151
14.37647152
10.19019604
10.83529377
11.32156944
11.83529282
10.55490208
10.42549133
12.24117756
12.92352867
9.50588322
10.05882454
12.37058830
10.18431473
10.70392132
11.87059021
12.77451038
11.18431473
13.87450981
10.30980206
11.82156849
11.08235264
10.21176624
11.00980473
10.55490303
12.14313698
12.97647190
9.36862564
9.17451000
10.51176548
10.02352905
10.78235435
11.40784645
11.73137379
10.92745018
13.70392323
9.99215508
13.15294170
11.53333378
10.01961040
11.00588036
11.05686378
12.07450867
12.18627548
9.56078434
8.47646999
9.57843304
9.73137474
10.67255306
11.76274586
11.50196075
10.53137398
14.05098152
9.40784359
13.18431473
12.85686398
10.04509735
10.25490284
10.48627281
10.80588150
11.62549210
10.00392246
8.20980644
8.95686436
9.21176624
10.31176186
12.45294285
11.50000000
10.36862755
13.78823853
9.52352905
12.11372566
13.65490532
10.18039131
9.25490284
10.24706078
10.13333225
11.47058773
10.53725624
8.05686378
8.71372700
8.54117680
9.93725681
13.42156982
11.75098038
11.04313850
14.19019699
10.91176510
11.46666527
13.22745228
10.32352924
9.08627605
10.85686207
9.59607887
10.87647057
12.31176758
8.23921585
8.41764641
8.05294228
9.89411831
13.05686378
11.66862583
11.55490208
17.01960945
11.79607964
10.68627548
12.83333492
10.29607773
9.01764774
11.15294361
9.43333340
9.93725491
13.29607868
8.49019718
8.20196056
8.06470776
9.66078281
12.80196095
11.20980549
12.08627605
18.50784302
11.45098114
10.37451172
11.71960640
10.73725319
8.50392151
12.63333511
10.84902000
10.05098057
12.91961098
8.99215603
7.85490227
8.45490265
10.23136902
13.05882645
11.21960831
12.99019718
19.23921776
10.65686226
10.25686550
10.85490131
11.00588131
9.10588264
11.93921566
11.21568775
10.55098057
13.04314041
8.88431358
8.15294075
8.45882320
11.20784283
12.46666622
12.79019642
15.16470814
17.64509964
11.16666603
10.20000076
10.73529530
10.36078548
9.65490341
11.25294304
10.96666622
11.88039207
13.69019508
8.58235264
8.16666698
8.55686378
12.91960812
11.65882397
14.84705925
17.38039398
14.40196228
11.26666832
10.06666851
10.50000191
9.84117699
9.26274681
10.23725510
10.08235455
13.08823586
14.08039379
9.31764507
8.43725586
9.28235340
13.09608173
11.12941265
15.51568699
17.62157059
12.26862717
10.65882587
9.55490303
10.48627567
9.75098038
8.74313641
9.40196133
9.70000172
12.72352982
13.63921547
9.61176395
9.01176643
9.36666775
11.99019527
10.79607773
14.10196209
16.57843018
11.26863003
9.81960869
8.82549000
10.31960773
9.74705887
8.00392246
8.63921547
11.05686378
11.85686398
12.89608097
9.94510078
9.15882301
9.13137341
11.29411793
10.68627548
13.06078529
16.02941322
10.88235569
9.91764832
8.49411774
9.56666660
9.38235474
7.51176596
8.77058983
14.03137302
10.97058868
12.77058792
10.99803925
9.15490246
8.06078529
11.38431358
10.79607868
12.30588341
16.66862869
10.71960735
10.12353039
8.28431511
9.09411812
9.60784435
8.06078434
10.23529434
14.37058926
10.77058983
11.98039246
11.55490017
9.32941246
7.28431416
11.20980358
10.07058811
11.56862736
17.44902039
10.47451019
10.29411793
8.00980377
9.26078320
10.23921585
8.45882416
11.55294132
12.35490322
11.25294113
11.77843285
11.49803829
9.68627739
7.32941198
10.38235188
9.03921604
10.96274662
17.28039551
10.14117813
10.26470661
7.79411793
8.70980453
10.41960907
8.92156982
11.87059021
10.66666698
12.72941303
11.88039207
12.23529434
9.57254887
7.53921652
9.75882339
8.68627357
10.65098286
16.79804039
9.47451019
10.12352943
7.52745056
7.56862688
10.34509850
9.39607906
11.94117832
9.97647190
13.52157021
11.00000000
12.78039360
9.22549057
7.60588360
8.98823547
8.27254868
10.03921700
16.27647018
8.69019699
10.13725376
7.24705887
7.09607840
10.55294228
9.18431377
11.16666698
9.30784321
13.95490265
9.47647095
12.20392227
9.21372604
7.41372538
8.12941074
7.62745142
9.44313717
15.93725681
8.53333378
10.22549152
7.38235235
7.10000038
10.89215660
9.40392399
9.79411793
8.64313793
14.15882492
8.71372604
11.92941284
8.99804115
7.40196133
7.62156916
7.42353010
9.43333530
15.21176720
8.46862793
10.38627243
7.99411869
7.20000076
11.39215755
9.40000057
8.99019623
8.22157001
12.79215622
8.46274567
12.07647419
9.06078529
7.34509754
7.65098143
7.62548971
9.01960754
14.55294132
8.59412003
10.96470642
8.89019585
7.12745094
12.55490303
9.43529510
8.95882320
8.23921680
10.15686321
8.10980320
11.86274529
10.06470776
7.92745113
7.99019623
8.00588226
8.44902039
13.78235435
9.01960754
10.95293999
8.97647095
7.19411802
13.17843246
9.53921700
9.00392246
8.68431568
8.79215813
8.32353020
11.02353191
11.62941265
8.48431492
7.93333244
8.29215813
8.68431473
13.66274452
9.47058964
10.70000172
8.77058792
7.19999981
12.54901981
10.07647038
8.99803925
8.70000076
8.80784225
8.37843132
10.21372604
12.74509811
8.67059040
7.67451096
8.14509869
9.40000057
13.64509773
10.95490170
10.77058887
9.27058887
7.05686283
11.47647095
11.41764736
8.99804020
8.72352982
8.84902000
8.03333473
9.98627567
12.81372643
8.57647038
7.64313745
7.67255020
9.68431377
13.27843094
13.27255058
11.20392132
10.12156773
7.07843113
10.60196209
13.24901962
9.13725662
8.94117832
8.85294151
8.26470566
10.08431339
12.67451096
8.56862831
7.85294151
7.43921471
9.13137436
12.46274471
14.21568871
11.80588341
10.55294228
7.20784330
9.78235340
14.54705811
9.05490303
8.71960831
8.58823586
8.79215908
10.02353096
13.17058754
8.98627567
8.29607868
7.60196161
8.13137245
11.38627625
13.81176567
11.93137360
10.32549286
7.20980406
9.15686226
14.95490360
8.67058754
8.40980434
8.81764698
9.96862698
9.76666546
13.55294228
9.44509888
8.54902172
8.23921585
7.28431416
10.26666737
13.25293922
11.61372471
10.61176586
7.16470718
8.82745075
14.87451172
8.68823624
8.45490265
9.03137207
10.90588188
9.67647171
13.50784588
9.41176701
8.68039131
9.76862717
7.17254972
9.26470566
12.63137245
11.22549152
11.47255039
7.14705896
8.41960907
14.36078739
9.06666756
8.53529453
9.30392265
10.73137474
10.14313889
13.56470490
9.27647209
8.20000172
11.69411850
7.63529396
8.80980492
11.83921719
10.50588226
12.81568527
7.40000057
8.43725586
13.70784378
9.41568756
8.34117699
9.07843208
10.33529568
10.68823814
13.79608059
9.19411850
7.81960964
13.15882301
8.44509697
8.93137169
10.84313869
9.75882339
13.21764851
8.43333244
8.71960926
13.11764812
10.26862812
7.70196199
8.86078548
10.24313641
10.63333511
13.94705963
9.17058849
8.39411926
13.50980473
8.92156982
9.14313793
9.91960907
9.73333359
12.50588322
9.82745171
8.39019585
12.36470509
11.42940998
7.73137331
8.91568756
10.10980415
10.64705849
13.90784359
9.54117680
10.93921375
12.89804077
8.93137264
9.10980415
9.73333454
9.77647209
11.30000114
10.95686054
8.09215736
11.71764755
12.56470585
8.50588226
9.15098190
10.16862965
11.17646980
14.03725433
9.90392208
14.48039436
11.46862698
8.62745190
8.74901962
9.81960869
10.46863174
10.18235302
10.96274281
7.99607849
12.02157116
12.52745247
8.81568623
9.59999943
10.00000000
11.69411945
14.35098362
9.55490208
16.25882339
9.63921738
8.27254868
8.52352905
9.65294170
12.42156792
9.79215622
9.94313717
7.45098114
12.86666870
10.91372490
9.13921738
9.60784245
10.38823605
12.14705944
14.31176376
8.91372681
16.35294342
8.51568604
8.53921604
8.64313698
9.31960869
14.45686245
9.85882282
8.58431435
7.17451048
13.53921795
9.60000324
9.38627338
9.16274548
10.17842960
12.56078529
13.81372547
8.31372643
16.70392418
8.43529415
9.08039379
8.98235416
8.70196056
14.47647285
10.81176567
8.53921509
7.08235359
13.96078396
9.66274452
8.81176472
8.44509888
9.75686359
12.43921566
13.34117603
8.72549057
17.38628006
8.59607887
9.65294266
9.29019547
8.92549038
12.85294247
11.97255135
9.78431416
7.48431444
13.60392284
9.56274509
8.53921604
7.99215698
9.44117641
12.11568737
12.82745171
9.40196133
17.19804192
8.91372585
10.41176510
9.53921604
9.33529282
11.15686607
11.16078472
11.08235359
8.08039093
13.57647228
9.27647114
8.21764755
8.13137245
9.41372585
11.75294304
12.71176529
9.30980396
15.76078606
9.06078339
11.41960812
10.23725605
9.74902248
9.49019623
9.18431377
11.67451000
8.15686321
13.76666832
9.80588245
8.92549038
8.49019718
9.52156830
12.04705811
12.76078415
8.71176624
13.96274471
9.05686378
11.04117680
11.39411736
10.88627529
9.13333321
7.86666679
11.55490303
7.96470547
14.09411812
10.88627434
9.93529320
8.66470528
9.61568737
13.05490398
12.38823795
8.20784378
13.08823490
9.40392113
9.99215794
12.52549076
12.69215679
8.76666737
7.64117718
11.00784397
7.85294199
14.42548943
11.40588093
10.22941303
8.66274643
9.68627739
13.36470604
12.12156868
8.28431416
13.32548904
10.02549171
8.74313641
13.19215965
16.08627510
10.33529568
8.27647018
11.04901981
7.69411898
13.71961021
11.55293941
10.17843246
9.24705887
9.09411812
13.04706001
11.73137379
8.64902115
13.71372700
10.21960640
8.42548943
13.34313965
18.56862640
12.40196228
9.11568832
10.21960926
7.11372614
12.83333588
11.62549019
9.84509945
9.60784531
8.97843170
12.63725758
11.46862888
8.76470661
13.51960850
10.37254906
9.16666603
11.99804020
16.91372681
13.54117680
10.10588360
8.64509869
6.68823576
12.45490265
11.52549076
9.86666679
9.98823643
9.19804192
12.69607830
11.12353134
9.54902172
12.87843037
10.52941513
10.82352924
10.34313869
13.64705849
13.21176529
10.82745171
7.38823605
7.23921633
12.62548923
11.41372871
9.90392208
9.83921623
9.36274433
12.60392380
9.64705849
10.17451000
13.03725624
10.47843266
11.55098057
9.38039398
10.77058887
12.30980396
11.40784359
7.37450981
8.52156925
13.47843361
11.63529491
9.52549171
10.47451115
9.31960773
12.33725357
8.27843094
10.11764717
12.35294056
10.95686626
11.69215775
9.50000000
9.81568623
12.24509811
10.60588264
8.16862774
10.71960926
12.39215755
12.56274414
10.61568642
11.92156982
9.28431416
12.31372547
8.00588226
9.59019661
11.01176548
11.21764946
11.34313679
9.33725739
10.12745285
12.19019699
10.00784492
9.64313793
13.70000172
12.10980415
13.85490131
10.53137112
13.26666737
10.18627548
12.52352905
7.91568708
8.85882282
9.61764908
12.01960850
11.07058907
9.43921471
10.84117794
12.80588245
10.19607735
10.62549019
15.21961021
11.94117737
14.38039207
10.03137302
12.95686245
13.50980473
12.86274624
7.95882368
8.55294132
8.69215775
12.80588627
10.73333549
9.23529434
11.46470642
12.74117851
12.15098190
11.83921909
15.05686378
12.73137283
12.43333530
10.06666851
12.88823605
17.27450943
14.02941418
8.49607849
8.53137207
8.86274529
12.90784454
10.76862907
9.80392170
12.55882359
12.34510136
12.65686607
13.53725815
15.44509506
12.40196323
10.27058887
9.79999924
12.89019775
17.76274490
14.65686417
8.52941322
9.27058792
9.98823452
12.68431568
10.67058849
9.55882359
14.06078529
11.90588379
12.39019585
13.98039246
16.29607964
12.15490246
9.60784149
8.84902096
13.51960945
16.26863098
14.06862926
7.76862717
10.51764679
10.89215851
13.49019718
10.88235569
9.60392189
13.47451019
11.51960754
12.78235531
13.85294247
16.18235397
12.19411755
10.05882263
8.01960850
12.14117813
14.74902153
12.80392170
7.66274595
11.70000172
11.82156754
15.12549210
10.63137436
10.20980358
11.26078510
11.26666641
14.26274586
14.06470871
15.57843399
11.98627377
10.29215908
7.91176510
10.75098038
13.43921661
12.48823357
7.77450895
11.54901981
12.30588436
14.99411583
10.71176434
11.85098267
10.79411697
11.58039474
14.99804020
14.20196533
14.91960716
12.65882397
10.28627300
7.89803886
9.77058887
12.67254925
11.83529568
7.83137369
11.26078606
12.44117832
13.17058754
11.17647362
12.21960831
11.49607944
11.85686302
14.77255154
13.90000153
12.73529434
12.67647076
11.05882359
7.78627539
9.49607849
14.24313641
11.63725471
8.27254868
10.81176758
11.24509907
12.50000095
10.97255135
11.63529396
11.74117565
11.51372433
13.22549152
15.18627739
10.73137283
12.33921623
11.54117775
7.89215803
8.92549038
16.02549362
13.42549229
7.99607849
10.63137436
11.32745075
13.09607887
10.77647018
11.29215908
12.07647228
11.29608059
11.85294056
15.87058830
9.32156944
14.26863003
11.48627472
7.98823690
8.20392132
16.57059097
17.05686378
7.95882416
11.43725586
13.47058868
13.98431492
11.06862640
11.72745132
13.69215775
11.45098305
10.99019623
15.27647114
8.69215679
16.67058945
11.13921547
8.09215832
7.98235416
15.92352962
18.89019966
8.58039284
13.00196266
16.29215813
14.39215755
13.19019699
12.65686226
17.24706268
13.46274662
11.27058887
14.85686493
8.50588226
17.84510040
10.83137321
8.27451134
8.30588245
14.41960716
18.50784874
8.97255039
14.43921661
18.74313927
13.43725586
14.22941494
13.58431530
19.33137321
15.69804192
12.07843399
15.05882454
8.82352924
16.30392265
10.76863003
8.21176529
8.68235302
13.69803810
15.96470642
8.43725491
16.21372795
19.62353134
11.87255001
14.62744808
13.03921700
18.11372757
16.92352867
12.96666908
14.83529472
9.54313850
13.01960850
10.69215870
8.47647095
8.56470680
13.75098133
13.41961002
7.97058868
18.71961021
18.94117546
10.48823643
13.97646999
11.37254906
16.84117699
16.23921585
13.77058983
13.87254810
10.58431435
9.87450981
10.34706116
8.37843227
8.40980339
13.14902020
12.13529396
8.00000000
19.04509926
17.27450943
9.96274567
13.24117661
10.47843266
14.99607944
14.19411945
14.22941303
12.82548904
11.72352982
8.07254791
9.92941093
7.55686235
8.67059040
12.36666679
11.08235550
8.08627510
16.71960640
16.10784340
9.34509850
12.41176605
10.53137302
13.00000286
11.42941380
14.48039341
11.45490265
12.67843246
7.39215708
9.14902115
7.37843132
8.95294189
12.06862736
10.67254925
8.33137226
14.87058926
15.86274910
9.18039227
11.37255192
10.53725433
12.10588169
10.14313793
14.90980530
10.31372547
13.51764774
7.76666641
8.20784378
7.84509945
9.21960831
11.87450981
10.21568584
8.79215717
14.13725567
15.39804268
9.19215775
9.92549133
10.41568756
11.90196323
9.85882473
15.28627491
9.79215527
13.84313774
8.37254906
7.64509869
8.50588131
9.55294132
11.77842999
9.67254925
8.84902096
14.27254868
14.43921661
10.12744999
9.08431435
10.38235474
11.87255192
9.59215736
14.64509869
9.78431320
13.61568737
9.68235207
7.87254858
8.64117718
9.32156944
11.93529224
9.56078434
8.70980358
13.44705963
12.89999962
11.23529339
8.70588207
9.93921757
12.10784531
9.88039207
14.29411888
9.79607868
12.97647095
12.49411869
9.33529472
8.61960888
9.09804058
11.46470928
9.67451000
8.80980301
12.49019623
12.17058849
12.34902000
8.76274586
9.81176567
12.91961002
9.90784359
15.21372509
9.48235416
12.02353001
15.28235531
11.48235512
7.94509888
9.17843342
10.51176548
9.56470680
9.30980206
12.22157001
12.60196209
13.13529396
8.66666794
10.55294228
13.40784454
9.77058887
15.51960850
9.41961002
10.94902039
15.35490322
12.33333302
7.12156916
9.29607868
10.36666584
9.13333321
9.61764812
12.24313641
12.76274776
12.73137569
8.74117756
11.42549229
13.88627434
9.92745018
14.11764908
9.85882378
9.93137360
13.05490112
12.30784321
7.42156839
9.20588207
10.37451172
8.84902000
9.84901905
12.18235397
12.08235264
11.49803829
8.75686169
12.09019661
14.22941017
10.82745171
12.10000420
10.32745171
9.30588245
10.75686359
12.48627663
7.96666765
8.81372643
9.76274586
9.16078568
10.25098133
11.87843227
11.46274471
10.70588303
8.41764736
12.59411812
13.54509640
12.40588284
10.41960716
10.79607868
9.17255020
9.34705830
12.47647095
8.21568680
8.65490150
9.69803905
9.47647190
10.36274529
11.98823547
11.13333416
10.07255173
8.20784473
13.13725662
12.95097923
14.51764774
8.91372681
10.48823547
9.32548904
9.04313660
12.23921585
9.32745171
9.46078777
10.34705925
9.57058811
11.09019661
12.71764755
10.70980549
9.75490379
8.44313812
13.08235455
12.04901886
15.47058773
7.84117699
10.17254925
9.13529396
8.71568680
11.80784416
10.48823547
11.24706078
10.80392075
10.05686188
12.09019566
14.21372604
10.64117527
9.14705944
8.07450962
12.20392227
11.46862888
15.21176624
7.42352962
9.84313869
8.64705944
8.52549076
11.75882435
10.61764717
12.17843437
10.45098209
10.29215813
12.31764698
16.04117584
11.19215584
8.40980434
7.51568556
11.37058926
10.96470642
14.12745380
8.39411736
10.82745266
8.61372757
8.71764755
11.79411793
10.89019585
12.20980549
9.81176472
10.68627644
12.72549152
17.32940865
11.77451229
8.00000000
7.70980501
11.28823566
10.72156715
12.55294132
9.43529415
11.91372490
9.09607983
9.87254715
10.90392113
12.03725433
12.14313889
8.86666775
10.81372547
13.34705830
17.72548676
11.80588531
7.86470652
8.33333397
11.82353020
11.71176338
11.37843227
10.27843189
11.96666908
9.84509754
11.70196342
9.50784302
13.65294170
12.04117775
7.89607954
10.33333397
13.03921318
17.61372566
11.38627434
8.46666718
8.76666641
12.35882378
12.55490398
10.69411850
11.29804134
11.46862888
10.24313831
12.24510002
8.74901962
13.78039265
12.30392361
7.69607878
10.31960869
12.57059002
17.47647285
11.04902267
9.85098076
8.88627338
12.37254906
12.18431377
10.96862698
11.82157230
10.63725567
9.99804020
11.33529472
8.64313793
12.99608040
12.97646999
7.16666794
12.26862812
11.86470604
18.08039474
11.41372681
11.32352924
8.67254925
12.49215984
11.95882320
11.61568451
11.59607697
10.71372604
10.15686226
9.90980530
8.92156887
13.31176662
14.94117737
7.56470680
13.63921738
11.48823547
18.27059174
11.99215698
13.05882454
8.45294189
12.67058659
12.37647152
12.09019756
10.92941189
11.30392361
12.00000095
10.37451077
9.04117680
13.52745056
18.06274605
11.34313774
12.82353115
11.79020023
17.59215927
13.00588417
14.47647285
8.17451000
13.19804096
12.43333340
11.88627720
9.46666813
13.59803963
15.63725567
12.56470776
9.76666737
14.13137436
19.63529587
16.95490456
11.01960754
13.26274586
15.64902210
14.04117680
16.13333321
8.67843151
13.76274681
12.94313812
12.46862984
9.54902077
16.74901962
17.80784798
13.37058830
10.47843170
14.88627529
19.38431358
21.17058563
9.30392265
14.93137360
13.97843075
14.30392265
18.02941513
10.40980244
14.08431244
12.55686283
14.21372509
11.44705963
20.70391846
17.03529739
13.24117947
12.27254963
16.13725471
20.64314079
21.84314346
9.01568699
15.42549133
11.49019909
13.95686340
19.44902039
12.47254848
15.47058678
12.14313793
15.00588131
11.91176510
23.74510002
13.91372490
12.46666718
14.40000153
17.41568756
20.87647247
22.49216080
11.44705868
14.79215717
10.21568680
13.30588341
18.88824081
12.85882378
18.91960907
13.10000134
15.44117737
11.70980453
24.73529625
12.34313774
11.75686359
14.13725567
17.41372490
20.85293961
22.78235435
15.30980396
14.08039379
9.45490265
12.36470604
16.28039169
13.26862812
20.71176720
17.95098114
16.64313507
11.38039207
24.10588646
12.76862717
12.04706097
12.55294323
16.29411697
21.51764870
22.57843208
18.49411774
13.01568604
9.10000038
12.70196152
13.91372681
15.23137474
22.15882111
27.06274605
17.26274872
11.25686359
19.08235741
16.15294075
12.56274605
10.17843437
17.01960945
22.83333206
22.66274261
19.77646828
11.25882339
9.60980511
12.91176605
12.40784359
16.79019928
21.74510002
30.19412231
18.13529778
10.62941360
13.52353096
20.81568336
13.62941265
8.96078491
18.21372795
21.89804459
22.43529510
20.94509697
10.01960945
9.57254982
12.21176529
12.86470795
16.43921661
21.22352982
29.70196342
17.56274796
9.28039360
9.28039265
20.64118195
14.94117641
9.19803905
18.09019852
21.42549706
23.90392494
21.62157059
8.99411774
9.03137302
12.04509926
13.47843170
15.92941284
24.01372719
30.00980377
18.79804230
9.67843151
6.48039341
18.87255287
15.29019547
9.85097980
15.16470814
20.33725548
25.69608116
22.30980492
7.66078424
8.06274509
13.02745152
14.59019947
15.61960888
28.10000229
31.30980492
22.83530045
12.63725567
7.01764679
17.41569138
14.10000038
10.82353020
11.09411812
20.05294228
24.57451248
20.24902153
6.61568689
7.32745075
13.61568451
15.66666698
15.14313889
27.73529625
31.11372757
25.67058563
17.70588303
8.98235321
16.42745399
12.60588551
12.77843285
8.41960907
20.89019966
20.11176491
16.71372604
6.03137302
7.64509869
13.49215698
17.92941284
14.57843399
24.51569176
30.14314270
26.60196686
22.10784721
10.90784454
15.12941551
11.36862755
14.67647171
7.13725519
21.46274567
16.81176567
13.28823662
5.90784359
8.27843094
13.26078510
18.44118118
12.86862850
22.92353630
27.93333244
25.49020004
24.52745628
14.00588226
13.90000153
9.98823547
16.29215813
6.64901924
22.20588303
15.66666794
11.45686531
5.97450924
8.98235321
12.49607754
13.92745304
11.26470566
16.57843399
22.65294266
23.31764984
23.08039093
17.56666565
13.55294228
9.18235397
17.99215508
6.96078491
22.44510078
16.43333435
10.45882416
5.71960783
8.99215794
10.84901810
11.19607830
10.82352829
11.48431492
18.90980530
19.67254829
20.22549057
22.52940941
13.23333263
8.90000057
18.57647133
7.52941179
21.48431587
19.25686455
9.56274414
6.31960773
8.91176605
9.69412041
9.44901848
11.04510021
10.34313965
15.91764832
16.22745323
16.94313812
26.26274681
13.82353115
12.09019661
21.02156639
8.15490246
18.99608231
24.11372566
10.18431568
7.16078472
9.60392284
9.63333321
8.85490131
10.53529549
10.12549114
14.54706287
14.50392151
14.82745266
27.54901695
18.91372681
18.13333511
23.48627472
9.23333454
16.40588379
26.01176071
12.31764698
7.67450953
10.48627663
9.75686264
8.57647038
10.15882492
10.27058887
13.77647400
14.17254925
15.47059059
26.39804459
24.41960716
22.57843208
23.28627968
10.09215641
14.83921623
24.61372375
14.62549305
8.02353001
9.97255039
9.69411850
8.57647133
10.69411659
10.73333454
13.02745152
14.28039360
16.08039284
21.95490646
26.83921623
24.75490189
23.30196190
9.97254848
13.81764793
20.66470718
16.32941628
8.47647285
9.06470585
9.62941170
8.61372566
10.95686436
11.22548962
12.46862888
13.64509773
16.05294418
15.92745209
25.44901848
24.63529205
23.71764755
9.72353077
13.04902172
17.50392151
17.30196190
9.10588264
9.11176586
9.56078434
8.95882416
11.23725319
11.84705925
12.71176624
12.79215717
14.93137360
9.85490227
20.50392342
22.46470833
25.04509544
9.48431301
12.73529434
15.18039227
16.49215698
9.54313850
9.63725471
9.49607944
9.54706001
11.42353249
12.29215813
13.54117775
11.96862888
13.54706001
7.77451086
14.95686340
20.59803963
25.23137474
8.82549095
12.31568623
13.99019718
14.90588570
10.08627415
9.38627529
9.39607906
9.57254791
11.40588474
12.60000229
14.08431435
11.58823299
13.08627605
8.33921623
11.62156868
20.50588417
23.86862755
7.76274490
11.60588551
14.09804058
13.12745094
10.69215679
8.88627338
8.69215775
9.40588284
11.28627491
12.49215698
14.19215870
11.96862793
13.21176434
9.53725529
10.51568699
21.58431625
22.33333206
6.91568661
10.46470833
14.81960869
11.48627377
11.40980434
8.73333359
7.93333387
9.08431435
11.65294266
12.92549419
14.53725624
12.08431339
14.11764908
10.46274662
11.03725529
22.71961021
21.19608116
6.36274529
9.61372566
14.69215965
10.17843056
12.54902077
9.60000134
7.41764832
8.69411850
12.43333435
14.12548828
14.81764698
11.60784435
14.80000114
11.01568699
12.11568737
22.25882530
20.60588646
6.15686321
9.23137379
14.11176491
9.46078491
13.83137417
10.90588284
7.55294228
8.52549076
13.63529301
15.87451267
15.23137474
11.83725643
14.83333588
12.01176643
13.81176567
21.08823776
21.06078148
5.83921576
9.19607830
14.21764946
9.09215736
14.78235340
12.44902134
8.60588264
9.27843189
15.11372471
17.15882683
15.14117622
12.79215813
14.58431339
14.21764946
15.17451286
20.23529625
22.25098419
5.03333330
9.52745152
15.03333473
9.10000038
15.26666641
14.18431568
9.53921604
10.45490360
15.95098209
16.94902039
13.59215736
13.69999886
14.39803886
16.81176758
16.44313812
19.66470909
23.09803963
4.33333349
10.22549057
15.72745228
8.89215660
13.87843227
16.18823814
9.72156906
11.76470757
15.91764832
15.14901924
12.06274700
13.73529530
14.58235455
19.75490570
18.27647209
19.13333321
22.14117813
4.37254906
10.90000153
15.77843285
9.67254925
10.87451077
17.02941132
10.09215736
13.37647057
15.52548981
12.79411697
11.50588417
12.96078396
14.78627586
22.14706230
20.51764870
19.07842827
20.84509850
5.14705849
12.00000191
14.23137474
11.53725624
8.60588264
16.42745209
11.73333168
15.05490303
14.47843170
10.35490036
11.93137360
12.24117661
14.62941456
23.29019547
22.43333435
18.34313583
19.46078300
6.27843189
12.77647400
12.33725834
12.39019680
7.90588284
14.61372566
13.95294189
15.32156944
13.29804039
8.56078434
11.86666775
11.99804020
14.15490341
23.25882530
22.57647514
16.89804077
17.18431473
6.88627481
12.54117775
11.36078453
12.71960831
7.60196066
12.20196152
15.41764927
15.87647247
11.89019871
7.80980444
11.69804001
12.42353058
13.00000000
23.58039284
21.47255135
15.84313774
14.87255096
6.71176529
11.84313869
11.59999943
12.95294189
7.76274538
10.01960754
15.39019680
17.93333626
11.17058849
8.25686359
11.65490150
13.30784416
12.10196114
23.59999847
19.49216270
16.85293961
13.20784473
6.65098143
10.54313660
12.61568832
12.02549171
7.46862698
9.07254887
14.69215679
19.47059250
10.55882263
8.84902000
11.32941341
13.37843037
11.86666775
23.06078720
18.19215775
19.15686226
12.10000134
7.30588245
8.74117851
13.06078625
11.22549152
6.30392218
8.64117718
14.52745152
19.67451286
10.41765022
9.07451057
11.89411831
12.58627510
11.25098038
22.45882225
20.28235054
20.35882378
12.27843380
7.96274567
9.33333302
13.11764908
11.12352848
5.58823586
8.79803944
16.03529549
18.61372566
10.74902058
9.11960983
12.35882378
12.36862946
10.72745037
21.40391922
21.74510002
20.20784378
13.10980320
8.40000057
15.08627510
12.47254944
10.90588093
5.53725576
8.80392265
16.24901962
17.81372833
11.90784454
8.84902000
12.47647190
11.56862736
10.53137493
19.24314117
21.08431435
19.44902229
14.40196037
9.18627453
19.45490074
13.63725567
10.54510021
7.58039188
9.75294304
14.81764698
16.97647095
12.62745094
8.96274567
12.12157059
11.73725796
10.89019680
15.72352982
19.80392075
18.97842979
14.36470604
11.04117775
19.57451057
16.46470833
10.86274624
12.20392323
11.22549248
13.67647171
16.16666603
12.54902077
8.81372547
11.69999981
12.62941265
10.98235321
13.88627625
19.25294495
18.15686417
13.50196266
12.67059040
18.11568832
18.55882263
11.88627625
16.41372490
12.63529491
12.46666622
15.31960583
12.34901905
8.22353077
12.18823433
12.42156792
11.44509888
13.68627644
19.94509888
18.47843170
12.49411869
13.36274529
16.87059021
17.83137512
12.90980816
16.47842979
14.60196209
11.48235512
14.14706135
11.80392170
7.74705887
11.87254906
12.25686646
11.30000019
15.07647228
21.12745285
19.14902306
11.77843571
12.79019737
15.12549210
16.11372566
14.08235264
15.88235378
17.04509926
11.81764889
12.73921585
11.58823681
7.76470613
11.36666489
11.30784321
11.55490303
16.18823433
22.09607887
20.13725471
10.43137360
10.76274586
14.85882568
16.10000038
15.26470757
16.71568871
18.73333168
13.21764946
12.02941322
10.80392170
8.25294209
11.14901733
10.02157021
12.54901886
17.38431358
24.16666794
19.85294533
9.28235340
9.43333435
14.78235435
15.53529549
16.00588417
17.16666794
18.87450981
16.30980301
12.81960869
10.60980129
9.06862831
11.71372509
9.20000172
13.91176701
19.34705925
26.20588493
18.60980415
8.93137264
7.39607859
13.46666718
14.09215832
16.48235321
17.47254944
18.54705811
18.64313889
14.18431664
11.41764832
9.62745094
12.51568604
10.98039341
14.09412003
21.77451515
28.23530006
16.06274414
8.29411983
6.10196209
12.75882339
12.99804020
15.18235397
17.80784225
18.20000267
19.89019775
14.63529682
12.87058926
10.39999962
12.01960754
12.88431644
13.47647190
23.82548904
27.32745552
14.66862679
7.64117575
5.64509869
12.70196152
13.40196228
13.11176395
17.42548943
18.59215927
20.13529587
14.16862869
13.13921738
13.51764679
14.19999981
14.19019794
12.61176586
25.47647095
25.17254639
11.49411869
7.53137350
5.55098104
14.01372528
14.92941189
12.69019508
17.19019699
17.80588341
20.42156982
14.25686359
12.71176624
19.16078568
20.01568794
15.13921738
11.81960964
25.41176796
23.27058983
9.89411736
7.11176443
5.74509811
18.54902077
15.27255058
13.07647228
17.03921700
17.87843513
19.54117775
15.20588589
12.32353020
21.36666870
21.95098114
15.45294285
10.32744980
23.62941360
20.65294266
9.91568661
7.05490351
5.99215698
20.68235397
14.40196228
13.95098305
16.36078453
19.48039627
18.02941132
16.31765175
12.27451134
20.35882378
20.61764908
14.64313793
9.84706020
21.82156944
17.84117889
10.23725700
6.77451038
6.54117680
20.05294228
13.19215775
13.94117832
14.40980625
20.51568413
17.66274452
18.32941246
11.66078377
18.14509773
16.89999962
13.55686378
9.60588264
19.86078453
15.50784492
9.70000172
6.50196123
7.03921700
17.97059059
12.14117813
13.53333187
12.04901981
19.12941360
18.47450829
18.84902191
11.12745285
16.46666718
14.45882511
12.48431396
9.54313660
18.71372604
13.75882149
9.44902039
6.48431444
7.14705992
14.97255039
11.58431435
12.83137226
9.76666641
17.35097885
19.46470642
18.46274567
10.44117641
13.42353058
12.18627548
11.87843323
9.88235188
16.92156982
12.42549133
9.68823528
6.33921576
6.51960802
9.89999962
10.81568718
11.87451172
8.18823719
16.96274567
20.05294037
17.75490379
9.96666718
10.05882359
10.62156868
11.26470757
10.94313717
15.84902191
11.39215755
9.32548904
6.08627367
6.17254972
8.41960812
10.31176472
11.16274452
8.14901924
17.73725510
20.37647057
16.11961174
9.83137417
8.97254944
9.85097980
10.37255001
11.79999924
15.54902077
10.92941093
8.94901943
5.97451067
6.06666756
8.05882454
9.97843266
9.92941284
7.95490265
16.96274567
20.81176949
14.92745399
10.67451096
7.87647152
9.45490360
9.87255001
11.97843266
14.86078453
11.05686283
9.20980453
5.77058840
6.07451057
7.37451077
9.89607811
9.22353077
7.85490274
15.33137417
20.84118080
14.42745209
11.47843266
7.34313726
9.90588188
10.05882454
11.38235474
14.03725815
11.07647038
9.32157135
5.84117746
6.26470709
7.28627443
9.43137360
8.71176624
7.89411831
14.72745228
20.36274529
14.12745190
12.20588207
7.56862831
10.31764698
10.06078529
9.90000057
14.00980663
11.09215736
9.08823586
6.13529491
5.95294189
8.22156906
8.25686264
8.58627605
7.40588379
16.19608116
19.66274261
14.90588188
13.97450924
9.01176548
10.23333359
9.89019680
8.69607925
14.68823719
11.95882225
8.98039150
5.91960812
5.14313698
8.43725586
7.27254868
7.95294333
7.18823576
17.08039284
18.52941322
18.64901733
17.42156982
11.82157230
10.24705982
9.67647076
8.40588284
15.12549019
12.59019756
9.04705906
6.21176434
4.59999943
7.58039331
7.01568604
7.12744999
7.19411802
16.68627548
17.81372643
23.96274757
20.02156639
14.25882435
10.55882263
10.29411888
8.44117737
14.86274624
12.56470776
8.91764641
6.70980549
4.33725548
7.71960688
6.93529510
6.83529377
7.12745094
15.04117680
18.16863251
26.61372566
20.16078377
14.74705982
10.67843246
10.86078453
8.30000019
13.72352982
11.43725681
8.62941265
6.82745171
4.32549047
8.22156811
6.88823605
6.80196190
6.94509888
12.67254829
18.35490417
25.74705887
18.71176338
13.63333511
10.46274567
10.81372452
8.47843266
12.86666775
10.71961117
8.17058849
6.39019680
4.36274576
7.65686369
6.65294123
6.91764641
6.89215708
10.39215755
17.11372375
23.51765060
16.15882492
12.93529510
10.57647228
10.54901981
8.46470833
12.34117889
10.32156849
7.82941294
5.91568708
4.60392189
6.82745171
6.47647190
6.93725538
7.10392284
8.93921661
16.00196266
19.41764832
14.63921547
12.78235245
11.29019737
10.68235397
8.00000000
11.96666527
9.97058773
7.81372690
5.65294123
4.60196161
6.48627520
6.51176405
7.03137302
7.26666737
8.48627567
15.24901962
14.07254601
13.20588207
12.87843132
11.95686245
10.86470604
7.83725548
11.88627720
10.06078339
7.84901905
5.74313736
4.22941160
6.28235388
6.65294170
7.80588245
7.20784283
8.33725643
14.27451038
11.28627300
11.96078396
12.67647266
12.12156963
10.74901867
7.91176510
11.43725586
9.67647076
7.77058887
6.05098152
3.84705901
6.31764698
6.69411850
9.43725586
7.08431339
8.15098095
12.89411640
10.23333549
10.95490456
12.66274548
11.89411926
10.58823776
7.89607906
11.14705849
9.53725719
7.57647038
6.76666641
3.73921657
6.58235264
6.55098009
11.09607887
7.51960754
8.38627529
11.76666832
9.90392399
10.99803829
13.53333187
11.93921661
10.14117813
7.64313889
10.87254906
9.70000172
7.29999971
7.40980434
3.46274519
6.55098057
7.15686321
11.90980339
8.27254963
8.54705906
11.72156906
9.92156887
11.41372681
14.87647057
12.36666679
9.83921432
7.51568651
10.63333511
10.01960850
6.99019575
7.18235445
3.26862788
6.34117508
8.80784321
11.89803982
9.09215641
8.51176548
12.33333397
9.64117813
10.90196323
15.66274261
12.48823452
9.52941227
7.55490160
10.54902077
10.43529510
7.10196018
6.45882273
3.16470575
6.35882378
11.77843285
11.80980396
9.46078396
8.77058792
12.27647018
9.92745209
10.01568699
15.98627281
13.06274605
9.52353001
7.68235397
10.33529377
11.11764717
7.40980434
6.22745132
3.10000014
6.42941189
14.03725719
11.47647095
9.43529510
8.92941093
11.67254925
10.94509792
9.70980549
16.18431664
14.89019585
10.19019890
7.81372643
10.77451038
11.95294094
7.97058868
6.16470528
3.37451029
6.39803934
13.82352924
10.90980530
10.03921509
8.77647018
11.41372681
12.37647247
9.40980339
16.54902267
16.66470718
11.38627529
7.90196085
11.92941380
12.45686436
8.61372566
6.01176453
3.90980482
6.40980434
13.02352905
10.38039207
11.15882397
8.96274471
11.78235340
14.41372490
9.29803848
17.24509621
17.49019432
12.65098286
7.90392113
12.54510021
12.50196075
8.68431473
6.03529549
4.49019623
6.22549057
12.19019699
9.22549057
11.05490208
9.18039227
11.25294018
15.69804096
9.71176434
17.05098152
17.66666794
12.25686264
7.85686302
13.47058678
12.00196171
8.58627510
6.18039227
4.33137321
6.61764765
11.29019737
8.01176548
10.36666679
9.56470776
10.43725681
15.91568851
10.35097980
16.35098267
17.35098267
11.26666641
8.00588322
14.61176491
11.51568794
9.44509792
6.38627529
3.62549043
7.49803925
10.47451019
7.72745228
9.70392227
9.63921738
10.20784473
15.52156830
10.30980492
16.43137360
16.43725586
10.58235264
8.14117718
15.29804134
11.17842960
11.15686417
6.94705915
3.57058835
8.11568642
8.87647343
7.49607849
10.08039188
9.68039417
9.39803982
13.33529663
9.76862907
16.43137360
15.74901962
10.26078320
7.83137321
15.00980663
11.22157097
11.58039474
6.88627529
3.87058878
8.75294209
7.28627586
6.98823547
10.57451057
9.79215717
8.44509888
11.32156944
9.29019642
15.56274414
17.07059288
10.25098038
8.25098133
14.26470661
11.56274605
9.93137169
7.47647142
4.16666698
9.62156868
7.28235483
6.72941256
11.21372414
9.80980396
8.33333302
10.95686340
9.74901962
14.93137264
19.66470528
10.29803944
8.55294228
13.38039207
11.28235245
8.55294228
7.65882349
5.04313755
9.82156849
6.82156944
6.42941284
12.17254829
10.78235340
8.88039303
11.23725510
12.47058868
14.11960983
21.49215317
9.96470642
7.96666670
12.93529510
11.08431625
7.40588236
7.43725491
5.67254925
9.60784531
6.56862736
6.35490227
12.36274719
12.48039150
10.18039131
11.68039227
15.57058907
12.72549152
20.63921738
9.70588303
8.16666698
13.05490208
10.49411678
7.19607878
7.45882416
5.74509859
9.79804039
6.30196142
5.93725491
12.31960964
13.40784264
11.60392189
11.54313946
16.80000114
11.55098057
19.33725739
9.28235435
9.47451019
12.75686455
9.82941532
7.70588207
7.69804001
5.78823614
9.74510002
6.23137426
5.69411802
11.93725300
13.35882473
11.78235340
10.40980434
16.10195923
11.08431435
19.09607887
10.44313717
10.80588245
12.41764641
9.60392189
8.04509830
8.84705925
5.84117699
10.48431492
6.48431396
5.64117718
12.34901905
12.49411964
11.27255058
10.30588436
15.08823395
10.91568661
19.53529549
12.55294132
11.75686264
11.89215755
9.44313526
8.10392189
10.09019566
5.78823519
11.57647038
6.71372509
5.60196161
12.04706001
12.84313869
11.27255058
10.62745285
13.00980473
11.69019604
18.44314003
14.50784302
12.21176434
11.38823700
8.92352962
7.93921566
11.34509850
5.75882292
11.59803772
6.28823614
5.36862755
11.66470623
14.31176376
12.05686283
10.67451096
9.72352886
11.20784473
17.27843285
16.35686493
12.95686626
11.62941074
8.98823547
8.09804058
11.78823566
6.96078491
11.17843246
6.20980453
5.13137245
11.24313736
16.38627625
12.48823547
9.99215603
7.77843189
9.78627586
17.11372566
18.95098114
14.65490341
11.93529415
9.64706039
8.49804020
11.71568584
7.42745113
11.71961021
6.68431377
5.02941179
10.80784130
16.45882225
12.15882301
10.27843094
6.67647123
8.51568794
17.27255058
20.82745361
17.07646942
11.79019737
9.71176529
8.59607983
12.83921719
7.00980520
11.07451153
6.64117718
4.92745161
10.45490360
16.08235359
11.56666565
11.25294209
6.26078510
8.11372662
17.44510078
22.17255211
18.74901772
11.83725548
9.72941303
8.33333397
12.84117699
7.45490217
9.96078491
6.44117641
4.93137217
10.47647095
16.57058716
10.79608059
11.52156830
7.14509773
7.68627453
17.76470757
24.41372681
20.24510002
12.38039207
9.77647018
8.55098152
12.41961002
7.05686378
8.91372490
6.46078444
5.04705906
10.70196056
17.09215927
10.53921700
10.94705963
10.09607887
7.91372633
17.51764870
26.65490150
21.32353020
12.55490398
9.28431511
9.49019718
12.19999981
6.99019766
9.20980549
6.76862860
5.05882359
10.65490055
16.91960907
10.50000191
10.42941284
14.60588360
10.84509945
17.35294342
28.66863251
21.79607773
12.09019566
8.82941341
10.45294189
11.94509697
7.49411726
9.87254906
7.06666660
5.26078415
10.06666756
15.65294170
10.16274738
10.17058945
19.29999924
14.28039265
17.37843323
29.57843399
21.03725624
11.83725643
8.88627529
11.15882301
10.73921680
7.71176529
9.64510059
7.21176720
5.68823576
9.30980492
14.70000172
10.08039188
10.20588303
20.13137436
16.51568604
17.72941208
29.05686569
18.58824158
11.70588493
9.20196152
11.24705791
10.36470604
7.92549086
8.76666737
7.47058868
5.91372538
8.85686207
14.70784378
10.99607849
10.42352962
17.94706154
18.80980682
18.79215622
27.71960831
15.58627701
11.53333282
9.27254868
12.01372719
10.27254772
8.58431435
7.85490322
7.79411793
6.10196066
8.55098057
15.80588436
12.36666870
10.03137398
14.81960964
20.22156906
21.76666832
24.85293961
13.26862907
11.41176605
9.33921719
12.81568813
10.08235168
8.92549133
7.76078463
7.93529510
6.43137312
8.29804039
17.48235703
13.46078300
9.08431435
12.14313889
20.04314232
25.49411964
20.71765137
11.53725529
10.75098038
9.58039379
13.51372719
10.05490208
8.90196133
7.70588207
7.85882425
7.19215631
8.28823566
18.24706268
14.51764870
8.57843113
11.70980453
18.39804077
27.55294418
18.60391998
10.86470413
10.29607868
10.40196133
14.20392227
10.26862717
8.49019718
7.58039236
8.12157059
7.90000057
8.14509869
17.38039398
15.15490246
8.70980358
12.93333435
16.01960945
26.95098305
17.55686378
11.80588627
9.97059155
11.46666908
14.82941437
10.79999924
8.37843323
7.79215670
8.56862640
8.46666622
8.06862736
16.39216042
16.25882721
8.90980434
14.03333187
13.20784283
23.33529854
16.94902039
12.95098305
9.49019623
13.00196171
15.42352962
11.28823853
8.35294151
8.32745171
8.93137264
8.92941189
7.99804020
15.77255058
18.10000229
9.58823586
13.46862793
10.91960907
18.74117661
16.89999962
13.23921871
9.11372662
13.72157001
15.91568661
11.25882339
8.90392113
8.68039227
9.21764851
9.20588207
7.84117746
15.69215679
19.68235588
10.79411697
10.88627338
9.64902020
15.85098076
16.41372681
12.03921700
9.13137341
13.12549305
16.28431320
10.84902191
8.94901943
8.70196152
10.30392265
9.43529415
7.65098095
16.05686378
19.99607658
12.16470814
8.62941170
9.29019737
14.90196228
15.25882435
10.73725224
9.62745094
12.11960983
16.14901924
10.30196095
7.26470661
8.68627453
11.51372719
9.69019699
7.42549133
16.45882416
19.19215584
14.05686283
8.42353058
9.18039131
14.94313812
13.92353153
10.44509983
10.17059040
11.55294228
15.43529224
9.38823700
5.69019699
8.76666641
11.60980511
9.60784245
7.20392132
16.61372757
17.98039246
15.86274624
8.91764832
9.24509811
14.70196247
12.97254753
10.36470890
10.37255001
11.36274624
14.74117661
8.49411678
5.17451048
9.10000038
10.92156792
9.02548981
7.17058945
16.40980339
16.98039436
18.58823395
9.26666737
9.61176491
13.96078777
12.60392189
10.22745132
10.52549076
11.34313774
14.38627529
7.52352905
5.37647057
8.91568756
10.50195980
8.15882397
7.18431520
16.38627434
16.34117508
20.54901886
9.40392113
10.03137207
13.72941589
12.05097866
10.18431282
10.71568680
11.17646980
14.34902191
6.75490284
6.07254934
8.43529320
10.65098190
7.66078568
7.35294199
16.16666603
15.95098305
20.35294151
9.64313793
9.89607906
13.05490112
10.90196133
9.93137169
11.23921776
11.27451038
13.66862965
6.05882406
6.97647095
8.25882530
11.08235264
7.70196152
7.34706020
15.52157021
16.09607887
17.99215889
9.82941151
9.71568584
12.28235435
9.92156792
9.21372509
11.45686150
11.67058849
13.25882435
5.68823528
7.74706030
8.38823509
11.27254963
7.70980453
7.08039188
14.71568680
16.56078720
15.93921566
10.19411850
9.84313869
11.61568642
9.62941170
8.34705830
11.09411716
12.49019814
13.36078644
5.41960812
7.61764622
8.14313793
11.59411812
7.84706020
6.99215794
14.18235397
16.97843170
15.08627605
10.93529510
10.18235207
11.51176453
9.59215546
7.80196142
10.81372356
12.90392303
13.43725681
5.24705982
6.87254906
7.81960821
11.85686493
8.14705944
7.12745142
13.67843342
17.96274567
15.15098000
11.21372795
10.27255154
11.79215813
9.57646942
7.40784359
10.57843113
13.33137512
13.35882282
5.10980368
6.71568680
7.92745113
11.72549152
8.31764889
7.13137341
13.10196209
19.56274796
15.40196228
10.85686302
9.88627434
11.68039227
9.73137379
6.97254944
10.20588398
14.71764755
13.13529587
4.94313717
7.12352991
8.33333302
11.19411755
8.81372643
6.86274481
13.13137341
21.38627625
15.97843170
10.94706059
9.70980453
10.33725643
10.36470509
7.48431396
9.56862640
15.96666908
13.24509811
5.11372471
7.18039274
8.42353058
10.95882225
9.15098286
6.62352943
12.79411793
22.17451286
17.03725815
12.68431473
10.25294113
9.46470737
11.89019680
10.10784531
8.84902000
15.73529339
13.40392208
5.39019680
6.27254868
8.69215775
10.54509926
8.76274586
6.79999924
12.14313698
21.60588074
17.20588493
15.50588226
11.66666698
9.28039265
14.57254982
14.53725338
8.71176434
14.69019508
13.82745266
5.38823557
6.21960831
9.08431435
9.97843075
8.46274567
6.81960773
11.95098019
20.12941170
15.68431568
18.93333244
13.40392208
9.52352905
15.11176586
18.34313965
10.39019585
14.18039322
14.46666813
5.57843161
6.50392199
8.94706059
9.65294170
8.55686378
6.72549152
11.59215736
18.72941208
13.32745171
21.18823433
14.39019585
9.47843266
14.67450905
18.69019890
12.83725452
15.10784340
14.93137455
5.42745113
6.73921585
8.88431454
9.81568623
8.37647247
6.88627434
11.17254925
17.79607773
12.66666985
21.15098190
15.10392284
9.64705944
13.19607925
16.09607697
14.23137283
16.05686569
15.08823681
5.17647028
6.39803934
9.30000114
9.93921661
8.28235340
7.03529501
11.29411888
17.75098228
12.09411812
20.35686302
16.00784302
9.84117603
13.19019699
12.89411831
14.87647247
17.91372490
14.50980663
5.33725500
5.96274567
9.40000057
9.75882339
8.37647057
7.16666794
11.17058754
18.10980606
12.36470795
18.53921700
16.40980530
9.60784435
12.98627567
12.11568832
15.64902115
19.58431625
13.27058983
5.09804010
6.32156944
9.76078510
10.29019356
8.22549152
7.25686264
10.28823566
18.30000496
13.54117680
17.85686111
17.33529663
9.95686340
12.29411697
12.48039055
16.97647095
19.95490074
12.74706173
5.02352953
6.33725595
9.99803925
10.25686264
7.93725538
7.28039360
9.77058887
18.21372795
14.84510040
17.80000114
17.75882530
10.89019394
11.59019566
12.55098343
19.15294266
19.83529472
12.31568527
5.36078501
5.73333311
9.49803925
10.60588264
7.81568623
7.05490303
9.72549152
18.34509850
15.64902020
17.57451439
17.04509926
12.27843285
11.31372452
13.25098133
20.13137245
18.40784073
12.15294170
5.66274548
6.00000095
8.77058887
11.89019680
7.75882339
7.15882444
10.09411716
18.95490456
14.73529339
16.89412117
16.01568794
13.01372814
11.06666756
14.10784531
17.93333054
15.10784340
12.04117680
7.30980444
6.23333359
8.53921604
12.24117851
7.90784502
7.31568670
10.15686417
18.79019928
14.39804268
18.03137589
15.39412022
14.68627644
10.82941341
14.69411850
13.53725529
13.17254829
11.40392017
9.38039303
6.41568613
8.43137264
10.58235455
8.15882397
7.23137426
11.07451153
17.97255135
15.00980663
18.95490646
14.87255001
16.99019623
11.31960869
13.84510040
10.55490208
12.83137417
10.98235416
9.89411831
6.36666727
8.67058754
9.02156925
8.59019661
7.23333454
12.92549133
16.06078529
17.18627357
18.69020271
14.79411888
18.37255287
12.32549000
13.04117584
10.31176567
12.50980377
10.41568756
10.94902039
6.12156868
9.32941151
8.61960793
9.32549000
7.20980501
13.88823700
14.53725624
19.55098343
18.65098572
15.00000191
21.14902115
13.21568871
11.03137207
10.32745266
11.60392380
9.06666851
11.72352886
5.89019680
11.11568451
9.66078472
10.20980453
6.96862841
13.20196342
13.97254944
19.71765137
18.40785027
15.18235397
22.77254868
12.75882435
9.46666718
10.04706001
10.90588284
7.90392113
13.27843285
6.01960850
12.18431568
10.32941246
11.53529453
6.82352877
11.91961002
14.75294209
18.65490532
17.01960945
15.67843437
22.20391846
12.88627529
9.14901829
9.84117794
10.20392227
8.74901962
15.52157116
5.97254896
13.08235359
10.65098000
12.91176414
6.93725538
10.28235149
14.89804173
18.96666908
15.28235435
15.30588245
19.84706116
13.25882435
8.84313774
10.00980473
9.78431416
11.33529377
17.76078606
5.92745066
12.92941284
11.21176624
13.74510002
6.94901991
9.24705887
14.04313755
19.26666832
14.10196018
14.98627472
15.59607887
13.01568604
9.12745190
10.05294228
10.19215775
15.17843151
19.11176491
5.95098114
12.20392227
11.92156982
12.72549343
6.87647104
8.46666622
12.17843246
18.01372910
13.55098152
14.92941189
12.25686264
12.44706154
9.98039246
10.03333282
11.63725662
19.10980415
20.09019852
5.66470671
11.00980473
12.30196095
11.10392284
6.73333502
8.17843151
11.40588284
16.36862564
13.32156849
14.83137226
10.72156906
13.30784416
12.41960812
10.17843246
14.77647209
21.92353058
19.66078377
5.15882349
9.82941341
12.59607983
10.39411831
6.70000029
8.68823624
12.12156868
15.19411755
13.01372623
14.70196247
11.06862736
15.03529549
14.56666851
10.29607773
18.87255096
24.39215851
16.72941399
4.93725491
9.58235359
12.71568775
9.58431435
7.07843208
9.14705944
13.62941360
14.54117870
12.65097904
14.12549210
11.64117813
15.90588379
15.59019852
10.48627472
22.98627281
23.94117546
15.07451153
5.30980396
9.53529549
12.55097866
8.96667004
7.42745256
9.50784397
14.69412041
14.77451324
12.59607887
14.16862774
12.48823452
15.47843361
14.87647057
11.03725433
24.68627548
21.94902229
13.70000267
5.96470690
9.13529301
12.39411831
8.73333549
7.63137245
10.36078548
16.16470718
14.67451000
12.65686512
14.45686531
13.08039284
14.21372604
13.04510021
12.37254906
24.74510002
19.36078262
12.17058945
6.63137341
8.89608002
12.28039265
8.45686245
7.83333492
11.54705906
17.59411812
14.27451229
13.04117775
14.31568718
13.75490189
13.23137379
11.65882492
14.45882416
21.70000076
18.44902039
10.65098190
7.12549019
8.30588341
12.35490227
8.44117737
8.08823586
11.86078453
16.92549133
13.83921719
12.89411831
14.21961021
13.74314022
12.85098076
11.07843208
16.76470566
18.70588684
17.55882263
10.45882225
7.51372623
7.76274538
12.17451000
8.60000038
8.08039379
11.53725433
14.49607754
14.16274548
12.83529377
14.46862698
13.97058868
11.80000114
12.28431606
19.50980568
15.94510078
16.33921432
10.52157021
8.02156925
8.05490112
11.68039131
8.67843246
8.03137302
11.28823376
12.47451210
14.56078529
12.76862717
15.54902077
14.36470795
10.63333416
15.44509888
22.25294304
14.71372795
14.66666889
10.20980453
8.06078434
8.74705982
11.60000038
8.87255096
8.14705944
11.18235207
11.46470642
14.46471024
12.89215755
16.05294037
14.33921432
10.43529415
18.56470490
23.16862869
14.61372566
12.27843380
10.15294266
7.29019642
9.36470699
11.99803925
9.14705849
7.96666622
11.34117699
10.82353115
14.61764908
14.26274776
16.11765099
14.74509716
10.52941132
20.50588226
22.32745361
16.45098114
10.24509811
10.18039322
6.64117718
9.83725452
12.34705925
9.41568565
7.28235388
11.05294132
10.18039417
15.07843399
16.49804306
15.22941113
14.54510021
10.55686378
20.70000267
19.76078415
19.09411621
8.95686531
9.33529472
6.12745190
9.84509945
12.80392170
9.67058754
6.57843161
10.52353191
9.74705791
15.78627491
18.08431435
14.35294151
13.77647305
10.88235378
20.21961021
16.99607849
19.35490417
8.17058754
8.38235283
5.43137360
9.20000076
13.05686092
9.74705791
6.46274614
10.40392303
10.04117870
16.47254944
17.69411469
13.73921585
13.63725471
11.60784340
19.56862640
16.00980377
16.55882263
7.92745304
7.71764612
4.56470680
8.74706078
13.32549000
9.32352924
6.41568756
10.79019642
10.89999866
17.27647209
17.02157211
13.40392208
14.18039417
13.24705982
18.93529510
15.51372623
13.41961002
8.21176529
7.67451048
4.09019613
8.74902058
13.46666622
9.01568508
6.53725576
11.34117699
11.98039436
18.04705811
17.65882301
13.31568813
14.81765079
15.88431454
17.67450905
14.14313507
12.00588512
8.47843170
7.74705791
4.45098019
8.74705887
13.34509850
9.28039455
6.84117699
12.02941418
12.99804020
18.84705734
17.81372833
13.41176605
15.07843208
18.04706001
16.19215965
12.18431377
11.54509926
8.91176605
7.78235340
4.65686321
8.60980511
13.19607925
9.42941189
7.02156973
12.41176510
13.25882530
19.66078568
18.03921509
13.41372871
15.55294228
19.51372910
15.60784435
10.21176529
12.11764812
9.48823643
7.74509954
4.21372557
8.21764660
12.92353058
9.16666698
7.51764727
12.31372833
13.22353268
19.95490074
19.01960754
13.54902077
16.51765060
20.89215851
15.60980701
9.82745171
12.73137665
9.74705982
7.65490246
3.61764741
7.63333416
12.25686264
8.71568680
8.29215717
11.78627682
12.59019756
19.23529434
20.16666794
13.25686359
17.05882454
21.87254715
15.36666393
10.37646961
12.57843304
9.76470661
7.47254896
3.68235350
6.76862717
10.93921757
7.88235235
9.00784302
10.99411964
11.29411888
17.86274719
20.39803505
13.65882397
17.44902039
21.81176949
14.48823643
10.44117737
12.50980568
9.81568718
7.69803953
3.62745118
6.01960802
9.92745018
7.48823595
9.61372471
9.18823624
9.82156849
17.30000305
20.52156639
14.54706097
17.55294228
20.98823738
13.48627567
10.59804058
12.56470776
10.44117641
7.89019775
3.05882359
5.51176500
9.29803848
7.19607878
9.69411850
7.88235378
8.41372585
17.19411850
19.99999809
14.78823566
17.12549019
20.28235245
13.35294437
10.75490284
12.34705830
11.23333454
7.77451038
2.61568642
5.35882378
8.89411831
7.05294180
9.23333549
7.44902039
7.70196152
16.36274338
19.46862984
14.90980530
16.94117737
19.38431358
13.13137436
10.96470737
11.25294209
11.55882645
7.84706020
2.99215651
5.47451162
8.65490246
7.35490274
8.78627586
7.01960850
7.35098124
15.49019623
18.77255440
15.27647209
17.76470375
18.02548981
13.18039227
10.94314098
10.39019680
11.90588284
7.97058821
3.40784383
5.65490246
8.23333359
7.33137274
8.31960964
6.65882301
7.32745123
16.00195885
17.05294037
15.59215832
19.22548866
16.24117661
13.09607697
11.05882359
10.19607925
11.42353153
8.08235359
3.23137283
6.09411716
7.90392113
7.02941227
7.49804020
6.50588274
8.15882397
17.43137360
15.43725395
16.27058983
20.18431664
15.60980511
13.26275063
11.79999924
9.84313869
9.77254772
8.52941132
3.08823586
6.60196066
7.56862879
6.86470652
7.05490112
6.37450886
10.41176605
18.28235435
13.98627472
16.31960869
20.19608116
15.72156906
13.15098095
13.05686283
9.90000057
8.61568546
8.92941189
3.04509878
6.96862745
7.61568737
6.91176510
6.78627491
6.36274529
12.18627357
19.01960945
13.77254868
15.75294209
19.54510117
15.71176624
13.23333549
13.57843208
9.83725548
8.45294189
8.44313717
3.07058883
6.80980396
7.43137217
6.99411869
6.41372538
6.34705925
12.96666622
20.10196114
14.51568794
15.29215813
18.55294418
15.45490360
15.25294399
14.75882435
10.09411716
8.41372585
8.25882435
2.76862741
6.21176481
7.30196047
6.55882359
6.58823586
6.30000067
13.37255001
19.52157021
14.51961040
15.02745247
17.92352867
15.12548923
17.47842979
15.71568680
10.29607964
8.60784340
9.24117661
2.67058897
5.90000057
7.40980434
6.21960783
6.60196114
6.43333244
13.31764793
15.23725605
14.07647133
14.76470757
17.99215508
16.77843094
19.26667213
15.06862736
10.48627472
8.63333416
12.16078472
2.25686288
5.81176424
7.22745132
6.37254858
6.15490246
6.90980482
11.59607887
11.54509830
13.26470566
16.44117737
17.90195847
18.73921394
20.36470795
13.98627567
10.57843208
8.53333378
13.95490170
2.31764722
6.73529530
7.27058840
6.41960716
6.07647085
7.79215813
11.42745113
11.24705887
13.74902058
20.74313927
16.96666718
22.33921623
20.80195999
12.93137360
10.31764793
8.90784359
14.61176777
2.45098042
8.55686283
7.86470652
6.34901953
6.22745085
8.51764870
12.30196190
12.67058945
16.84902000
24.35490036
15.86666870
24.27646828
20.46470642
12.90784550
10.22941303
9.51764870
13.84117889
3.04901958
10.29411793
7.86862707
6.68627548
6.63725567
8.86862755
12.76078415
13.97647095
20.40196037
25.35882187
15.92549133
24.27842903
20.10980797
13.72549343
11.78235340
11.03725433
12.87450981
3.93921566
9.55882454
7.18627596
7.66862869
7.14901972
9.65490341
12.80196095
15.50196171
23.35882568
24.40196228
15.99215794
21.12353325
20.35881996
14.31764889
12.96274757
12.04509926
11.51372433
5.46078444
8.24313641
6.54901886
8.95686245
8.03529453
10.59019756
13.20980453
16.47647285
24.52941132
22.15294647
15.98039341
19.73333549
21.20196342
15.00588226
13.83333683
12.36666679
10.99411964
6.63921595
6.94902039
6.22352886
9.26078510
9.10980415
11.28235340
14.11372662
16.04901886
23.17058945
18.34313774
16.41176796
20.30784416
21.60980415
15.11176682
14.86862850
12.63137245
9.97647095
7.28823519
6.49215841
6.29411840
9.30980396
9.85882473
11.49019527
15.25686455
15.86666965
21.20195961
17.97843361
17.54117584
21.89607811
19.45098305
15.28235531
16.36274910
12.96862793
9.07647133
7.20784330
6.57843161
6.40000010
9.48235416
9.95686340
11.82156944
16.10392380
15.74902058
19.21372414
19.28431129
18.55686188
23.03333473
16.37254906
14.96274567
16.38431549
14.03725624
9.06862831
6.34117699
8.29803944
6.52353048
9.44314003
9.83137321
12.36078644
16.42549133
16.53529549
17.82156754
21.18823814
19.89803886
22.54902267
14.12352943
12.77058792
14.45686340
13.89215660
8.80588341
5.70980406
9.97647095
7.00980520
9.74902058
9.88823795
12.40784359
16.40588188
17.51764679
17.25294113
22.05294037
21.80784607
20.67647171
13.52157116
12.04509830
12.68823528
12.39411640
9.00980473
5.62941170
11.56666756
10.22745132
10.47451019
9.85490227
11.84117794
16.25490379
19.23921394
16.76470757
21.71568871
22.59411812
18.15686607
13.19019794
12.41765022
11.96666908
11.52745152
9.04509735
5.64509869
12.96666718
15.79608154
11.16274738
10.22745228
10.89999771
15.53333473
20.47843170
16.75490189
19.96667099
21.88039589
15.41568851
13.22941494
13.25489998
12.04705906
11.35686302
8.74902058
4.87255001
13.19607925
19.94117928
11.70392036
10.15490150
9.53725624
14.59215736
20.40392113
17.35294151
18.09803772
20.87647247
13.41372871
14.00980473
14.06863213
11.86078644
10.71568680
8.76862812
3.86078477
12.51176548
21.42353249
11.76274681
9.67451096
7.93921566
13.64706039
19.93136978
18.10588455
17.67647171
20.13921928
12.66862869
14.00588322
13.99019909
11.72941208
9.80588531
8.49803925
3.45294142
11.54313946
19.17058945
11.65490246
9.44705963
6.61372614
13.24902058
18.70587921
18.20195961
19.02549553
19.40392113
12.37451077
12.00588322
11.71372604
11.64313602
9.56078529
8.03725529
3.28627515
10.30392170
15.58235264
11.32941246
9.35686207
6.09411812
13.51176357
17.94902039
17.25686264
20.32744980
18.33137321
12.22549248
9.63725471
9.70980358
11.26274490
9.37646961
7.79215765
2.99607873
9.48823547
12.53137207
10.36274719
8.93921661
6.10196114
13.96274567
17.09607887
16.26470947
21.27843285
16.73137283
11.42549133
8.69607925
8.73921680
10.11764717
8.57058811
7.54313755
2.85686302
9.30588055
11.31568623
9.32744980
8.38431263
6.09803915
14.53137398
16.94509888
16.19215584
21.16274261
14.90980530
10.41764641
8.70784283
8.34117699
8.54313755
8.03725529
7.41960716
2.85490179
9.52156925
12.09999847
8.07058811
8.14509869
6.12941217
13.89019680
17.09607697
16.54902077
19.49804115
12.99804115
9.07254982
8.57843208
8.18039131
7.79215765
7.38431358
7.79607868
2.53529406
10.86078644
13.98431587
7.12745190
7.93725538
6.94509840
12.17059040
17.74901962
16.40980530
17.74117851
11.44509888
8.21960831
9.09215450
8.31960678
8.04509830
7.43725491
7.93137264
2.44901991
12.67843151
15.01372623
6.49607849
7.63529396
8.21568584
10.70784378
18.32745361
16.17843056
16.64313698
10.63725376
7.94705963
9.76470661
8.43137264
8.34117794
8.64902020
7.77058840
2.62549043
14.24901962
15.13333511
5.93137264
7.74509907
9.63333416
9.87255001
17.76470757
15.58431435
15.50000000
10.26666641
8.00980473
10.61764812
8.57647038
8.43529415
9.55686188
7.18039322
3.12549043
13.76470757
13.40980434
5.54705858
8.53725529
10.30784321
9.19019604
15.92156792
14.91764545
13.89607906
9.78627396
9.10000134
10.90980244
8.87254810
8.55882263
8.71960831
6.53921604
3.45490241
10.91960621
9.74313736
5.65294123
9.54117680
10.09215546
9.08627510
14.21764851
14.67254925
12.23333359
9.12745190
12.07843208
11.02353096
9.09803963
9.03529644
6.89804029
6.35686302
3.31372595
8.04117775
7.34902048
5.65490246
10.24313736
9.55882454
9.48627377
13.73137283
14.28431511
10.55098057
8.32549191
16.54706001
11.25686359
8.95686340
9.66470623
6.00392199
6.76470661
3.36470652
6.53921652
7.01960850
5.51764727
10.55490208
8.85097885
9.69019699
14.05294323
13.53529453
9.72941303
8.21372604
20.60784531
10.76078224
8.68235207
9.99411774
6.36862659
7.34313822
3.75490236
5.62156868
6.77647018
5.23725510
10.65686417
8.31960869
9.87843132
14.40980339
12.64509869
9.45490170
9.06078529
21.99411964
9.78627491
8.73529434
9.30588341
6.97058868
7.34705877
4.98627472
5.29803896
6.02548981
5.10588264
10.41372681
7.73137283
9.97254944
14.25098133
12.47254848
9.37255001
10.47843170
18.24313927
8.81372643
9.33137226
8.50000095
7.16274548
7.13725424
6.63333368
5.24509811
5.44705915
4.69019651
9.71764851
7.03333426
10.01568508
13.97451305
12.32548904
9.28039169
10.86078548
13.29412079
8.31176472
10.07647133
9.25294209
7.43529558
7.55098057
8.08627415
5.54313660
5.14509821
4.38431358
7.53921604
6.58039236
9.66470623
13.39608002
12.21176434
9.59019566
11.26274490
9.05882454
8.02549076
10.35294151
10.55490208
7.45490170
7.97254944
8.41176510
5.44313765
5.33137321
4.39607906
5.69215679
6.21176434
8.72549057
12.93529510
11.32549095
9.90980434
11.77843285
6.96274519
7.35882425
9.24706078
10.63725567
6.94705963
8.29411888
7.64901972
5.36470556
5.77058792
4.39411736
5.40392208
5.88431597
7.92352962
13.10196209
9.91372585
10.46862888
11.40784454
6.78627539
7.29411936
7.14313698
9.04313755
6.06274557
8.54509735
6.15882301
5.43137264
5.60980368
4.27647066
5.54313707
5.79411840
8.25294113
13.28627396
8.92745209
10.69804001
9.98235416
7.08431387
7.82156849
5.98823643
6.71764660
5.30195999
7.85294104
4.61568689
5.00980473
5.27843237
4.24902010
5.76862860
5.88039255
9.18235493
13.02941227
8.35686302
9.64705944
7.91176510
7.36666584
8.04509926
6.18039227
5.62745190
4.93333435
6.79607773
4.77647018
4.58039284
5.28235340
4.38431454
5.71372604
5.73333216
9.57843304
12.78039551
7.33529520
7.91176605
6.71568775
7.97843218
7.61764908
6.48235416
5.25882387
4.71568584
6.25098085
5.38431358
4.11960840
5.14705944
4.50784397
5.20784330
5.65686321
10.02549171
12.53529549
6.72745085
7.49411678
6.65294170
8.39019585
6.77058887
6.51568699
5.18431377
4.35294151
6.78235388
5.74705982
4.10392189
4.36470556
4.45294142
4.99607944
6.06470680
10.37647057
11.36470795
6.47451067
7.85098028
6.86470556
7.80392122
6.42549133
6.55098104
5.12941170
4.41568708
7.31568718
4.77843189
4.71764708
3.99411798
4.08823538
5.21176529
6.28039312
10.22941208
10.03529263
6.30196047
7.63529491
6.95882273
7.06862926
6.74705887
6.52549076
5.09215593
4.67647028
6.82156944
3.90784311
5.00196075
4.23137283
4.38039207
5.35294247
6.39803934
9.73333359
8.98235321
6.28627443
7.25098038
7.24706030
7.06470680
7.49215698
6.46862698
5.44117641
5.40980387
6.21568727
3.15098071
4.85098124
4.45098066
5.30784178
5.54705906
6.74705935
8.55294037
8.14509869
6.39411926
7.10980415
7.27450991
6.73921728
8.60000038
6.40588236
6.32941151
6.18235350
5.91372585
2.06666708
4.37843180
4.74901962
5.95686293
6.22941208
6.91176510
8.02941132
7.42941141
6.21176577
6.59999990
7.14117718
6.46274567
9.10392189
6.27058887
7.93137407
6.93725491
5.65294218
2.12156868
3.56078410
4.97843170
6.27254963
7.07254982
6.98235369
7.62549019
6.86470652
6.07254982
6.59411860
7.85686302
6.92156839
8.71960926
6.19019604
9.81176472
8.19999981
6.01372623
2.06078434
3.16862774
5.14313745
6.47058773
8.23137283
6.48235369
7.47451067
6.99607849
6.10784388
7.31764793
8.52549076
7.12549019
7.04901981
6.34705925
11.69412041
9.84509659
6.55686378
2.25686312
3.44509816
5.24313688
6.75686312
8.25293922
5.99607897
7.21568775
6.90980339
6.07843161
7.63333368
10.01960850
7.21176529
6.87450886
8.11372471
12.61960888
9.99607754
6.82745123
2.31568623
3.73529434
4.86274529
6.88235283
8.26078415
5.93333340
6.89803982
6.06274462
5.81176519
7.89019632
12.40784264
8.43529510
7.62745094
9.18431473
12.90784454
9.90196037
6.79999971
2.26862764
3.57647109
4.45098114
6.58235407
8.12745094
6.27843237
6.78431416
5.70392132
5.74901962
8.56078434
14.09412003
11.36470795
8.29215717
10.06470680
12.16274548
10.53725624
7.09019709
2.41372585
3.55294132
4.15490246
6.50000048
7.61176634
6.73137188
6.92352962
5.57451010
5.90784264
8.95097923
14.58431339
13.66274548
8.37843227
11.03921509
11.37254906
10.85490227
7.28823423
2.57843184
3.71764755
4.05098009
7.01372528
7.31372547
7.38039303
6.91176462
5.21372557
5.86274433
9.34902000
14.50196075
14.90588188
8.76078510
11.01764870
10.27843285
11.33333302
7.37058926
2.35686350
3.73137236
4.26862764
7.09411764
6.90000105
7.48431396
6.50392199
5.19607830
5.89411879
10.65490150
14.82353210
16.14313889
9.37647057
10.60980415
9.06862926
12.16666603
6.65882349
1.98235321
3.87647080
4.32941198
6.51764679
5.91176462
6.88627386
6.03725529
5.12352991
6.24509859
11.58627510
15.82156849
17.95490265
9.78431416
10.64705849
8.81176567
13.17058849
6.15490198
1.79803932
3.81568646
4.43529463
5.96470642
5.59607887
6.43921661
5.73333406
4.86862755
6.43137312
12.09019756
15.46078300
18.26470375
9.68627548
9.88627529
8.51372528
13.05098057
6.15686274
1.79411781
3.97450972
4.47843122
5.47254896
5.68431425
6.29607868
5.58823586
4.80588245
6.42352915
13.00980759
11.84509754
13.98823643
9.23333073
9.14117622
8.08235455
12.25490284
7.43725586
1.42941213
3.95882344
4.50588226
5.26078510
5.78823566
6.42548990
5.18235302
4.81764698
6.47058868
13.59607887
7.99019670
8.55686283
8.31764698
8.78431320
7.94902039
10.93529510
9.87254906
1.43529427
3.83921599
4.33921576
5.77843142
5.89411736
6.57451010
4.61764717
4.89803982
7.30784369
13.26667023
6.44901991
6.78039265
7.28627491
8.37843227
8.20000076
10.12745190
11.68431568
1.65098071
3.88235307
4.82156897
6.63137293
5.94509745
6.43725586
4.09607887
4.71960831
9.05686378
12.21568394
6.11568689
6.25294113
6.78235340
8.53333473
8.52745247
10.72352982
12.65294266
1.67843163
3.94705868
6.19019699
7.17058754
5.84117651
6.20000029
3.68431377
4.48823547
10.87255001
10.95686245
5.55882359
6.45882511
7.09803915
9.37450981
9.01960945
12.64902115
13.51568699
1.70980418
3.71960759
7.93529510
7.15882301
5.57254887
5.70980358
3.56078434
4.89019632
11.82941246
9.31372547
5.59804010
6.60784340
7.52745104
10.02745152
9.27254772
14.19019699
13.62549114
1.64313734
3.43921590
9.40980530
6.87058878
5.32156944
5.09215832
3.69019651
5.65098047
11.95686340
7.51764679
6.48039341
6.59019566
7.51764774
10.58823681
9.08039284
14.13725662
13.10980606
1.76274538
3.71372557
10.03333378
5.93725586
5.02745152
4.52745152
3.79607892
5.96862793
11.56274509
6.73725414
7.94901896
6.84902000
7.26078510
10.45686245
9.08823681
13.27255154
11.92745209
2.00588250
3.97450995
9.10588264
5.18235302
4.55686331
4.27843142
3.90784359
5.56666756
10.51764774
6.62941170
8.62353039
7.80588245
7.03725529
10.61176682
10.18627548
12.70196342
11.00196362
2.76078415
4.25098133
7.36470699
5.06470585
4.18235302
4.18431330
4.05490208
4.82941246
8.75686359
6.48823738
8.09411812
8.17058849
7.00588322
11.31764698
12.00392246
12.41764832
10.93529606
3.36470604
4.46078491
6.44117689
5.26666737
4.20196104
4.14313793
4.08039284
4.30784321
7.30392218
6.76078320
7.23529530
7.73137283
6.76078463
11.94706154
12.97647095
12.24509907
11.39803886
3.11960793
4.59411812
6.13333416
5.40196133
4.27450991
3.97450995
3.93921566
4.30196047
6.30784273
7.59215736
7.17647123
7.63921595
6.46274519
11.42549419
12.81568718
12.11764812
11.74901962
2.55490232
4.51960754
5.83725452
5.57843161
4.18039274
3.82156920
3.74117708
4.49411821
5.69411755
8.45490265
7.93529367
8.06666756
6.40784454
10.04117584
11.97647095
11.46078587
11.99019623
2.16666675
4.30392265
5.59019566
5.73333359
4.13137245
3.67058849
3.68823552
4.77058840
5.45686293
8.85882473
9.48039055
8.08627605
6.74706030
9.02745247
10.55686188
10.85294247
13.06078625
1.94509840
4.20196104
5.01372576
5.93725491
4.19607878
3.44705915
3.70588255
5.09607840
5.17450905
8.98235321
10.80196190
7.66274595
7.41960907
8.73921490
9.47255039
11.47647095
15.06863213
1.87843168
4.14509869
4.63333368
6.19607925
3.96274543
3.46078467
3.57843161
5.08235264
4.98823547
9.38039207
10.81568718
7.54901981
7.91372585
9.42941380
9.81764984
13.21568871
17.01960754
2.02352977
4.20588255
4.44705915
6.16666746
3.75490212
3.38627458
3.67254949
4.90392113
5.34705925
9.91372490
10.09215832
7.83137321
8.27843094
9.90000057
10.97451019
15.07254887
18.26666832
2.18039227
4.43529415
4.40392160
5.73333311
3.46274495
3.25490236
3.69803977
4.76470566
5.77451038
10.00000095
9.05490303
8.20784283
8.94117641
9.82157040
12.05686378
16.39608002
18.32157135
2.61960816
4.30588198
4.58823586
5.21764755
3.38823533
3.10980415
3.78039241
4.64705944
5.88431406
9.12745094
8.33333302
8.34706020
9.99215984
10.04313755
11.98823738
16.82941246
17.51372528
2.91960764
4.25686359
4.66666746
5.08431482
3.61176515
3.21372581
3.94509816
4.49607849
5.95098066
7.87451029
8.45686340
7.82156801
10.72156811
10.85097980
12.12941170
16.39019775
16.17058945
2.95098066
4.57450962
4.50196075
5.14705896
3.81960797
3.56470609
3.85882354
4.36078501
6.42353010
7.10980463
9.08823586
7.38823509
11.23725605
11.85686016
13.04117870
15.43137455
15.24117756
3.07647038
4.61764765
4.34509802
5.04117680
3.86666703
3.78235340
3.38039255
4.19215727
6.94902039
7.07647133
9.06862736
7.21960926
11.97254753
13.53137207
14.58627510
15.32353210
14.33333588
3.03725529
4.51372528
4.30196095
4.87255001
3.87451005
3.67647099
2.94902015
4.01568651
7.06666708
7.29215670
8.43333340
6.70980453
12.33921719
15.16666794
16.61176491
15.84314060
13.81764793
2.52352953
4.31372499
3.96470571
4.53333330
3.63725495
3.50588250
2.78823566
3.91764784
6.74509764
7.45294285
7.63529444
6.48627567
11.94509792
16.52156830
17.05097961
15.93137264
13.50000095
2.34509826
4.53921509
3.66078472
3.93921638
3.60980463
3.23529458
2.81764722
3.81372595
6.13921547
7.09019709
6.90980530
7.00000095
11.34509850
17.01960564
16.01372719
15.52549267
14.02156925
2.10784316
4.80196095
3.43137240
3.42352986
3.63921642
2.90000010
2.96078444
3.55490279
5.59019613
6.87647104
6.42941189
7.50196123
11.53529453
16.55097961
14.75098324
15.04706001
14.09607792
1.99803960
4.99804068
3.20980430
3.33529472
3.51372576
2.39411783
2.85098052
3.64313769
5.23137283
6.96078491
6.16470623
7.41176510
11.68431568
15.76274586
14.40980530
14.38235188
13.62352943
1.81764710
5.14509678
3.10980463
3.38823557
3.20000029
1.92745113
2.80784297
3.87843204
5.21960878
6.99607897
6.39411783
7.25098038
11.90980339
15.24705887
14.57843399
13.13529396
12.77058983
1.45686293
4.51960850
2.96078444
3.43529439
2.98235321
1.80196106
2.83333373
4.09607840
5.09019661
6.69215727
6.97843266
7.16666698
13.07254982
14.68431854
14.10196018
11.65294170
11.55882359
1.30196083
3.56470585
2.93333340
3.39019656
2.80980396
1.93529439
2.72941160
4.21568680
4.77254915
6.01764679
7.10196018
6.94313765
13.83529472
14.15098190
13.23725605
10.77254963
10.69804096
1.53921592
3.42352962
3.38823557
3.28627491
2.56862807
2.04705930
2.77843165
3.93725467
4.87058830
5.36470604
6.97843218
6.92941189
13.62941360
13.73137379
12.87647438
10.62156773
10.62352943
1.60784352
3.43529439
3.48039269
3.26666713
2.39411807
2.01372528
2.91764712
3.49803948
5.01176500
5.71176529
6.82156897
8.54313755
13.82549095
13.45098400
12.54117775
10.33333397
10.84902096
1.55686319
3.63921571
3.33137274
3.09803915
2.59411788
2.20980430
3.03921580
3.54117656
5.47843170
5.50000095
6.84313679
11.09215736
14.76666737
13.38431168
12.91764641
10.03921413
10.90588379
1.89803946
3.69019628
3.38823605
3.30588269
2.85294151
2.11176491
3.16470623
3.73529434
6.01764774
5.72156906
6.07254982
12.80784321
15.05294418
12.63921928
13.06862640
9.27843094
11.44509983
2.03921604
3.17647076
3.50980496
3.31764698
2.76470613
2.37451005
3.06666708
3.90000057
6.05686331
6.27647114
6.34509850
13.79607677
14.77843475
11.48039246
12.27058792
8.50000095
11.53137398
2.00196123
2.81960797
3.61764693
3.22156906
2.41764736
2.43921590
2.70980430
4.00980425
6.29215670
6.84705925
6.97450972
14.37059116
13.70196533
10.59411716
11.55294037
7.81960773
10.84313869
1.96862805
2.84705925
3.39803910
3.16862774
2.30392194
2.36274552
3.00196099
4.32549047
6.95686340
7.40392160
7.48627520
14.18823433
13.00392246
10.54117489
10.21764755
7.50196123
10.58627510
1.80000031
2.94509840
3.06666684
2.87058878
2.29019618
2.42352986
3.63333344
4.69607735
7.32745075
7.63333416
8.28039169
13.99019718
11.68235302
10.37254620
9.24509907
7.32352972
10.79215813
1.83333385
3.22941184
3.31568670
2.61960793
2.10784340
1.99215722
3.50196099
4.78431416
7.43137264
7.44509840
9.68235207
13.81960773
11.41764736
9.39608002
9.09803963
6.80392122
10.70000267
1.72549057
3.59607863
3.51176524
2.75882363
2.09215689
1.91960824
3.05294132
4.96862841
7.51372576
7.11764717
10.46274662
14.15882683
11.27843285
8.50980473
9.05294037
6.43333435
10.10784149
1.75098062
3.84509826
3.40784264
2.70588279
2.13333344
1.97843170
2.76078439
5.13921595
7.47451019
6.97647190
11.13725567
13.68235493
10.88235378
8.65098095
9.55490303
6.53921604
9.85097980
1.77647090
3.85490203
3.30784369
2.72549033
2.13137293
2.00196099
2.62941217
4.96078396
7.24509764
7.51960850
12.31176662
12.68823814
10.13921642
8.86862850
10.39019775
7.12745237
9.72941303
1.94117665
3.87843204
3.20196104
2.68235278
2.02352977
2.08235312
2.40784359
4.80980444
7.13333273
8.10000038
13.71764851
11.62941265
9.35294151
9.17254829
10.88431358
7.54705954
9.61568737
2.06470609
3.96862817
3.05686307
2.63333368
2.08235359
2.20588231
2.37058830
4.98039198
7.23137283
9.09215736
14.42549133
10.27255058
8.81176662
9.48039246
10.63137341
7.68627548
9.34509659
1.82549024
3.57843137
3.00980401
2.80000091
2.35294151
2.19803953
2.50196099
4.88039207
7.24117756
11.46078396
13.73333549
9.13333321
8.49215698
9.59607983
10.20784283
7.55686235
9.15686226
1.50784326
3.29019618
2.98431373
2.88627458
2.41568661
2.13725495
2.43921590
4.49215746
7.38823509
14.36666584
12.32941341
8.31960773
8.38431358
9.40392303
10.77254963
6.98039293
8.81960678
1.48235309
3.53137302
2.90784311
2.75490212
2.20196128
2.13921595
2.52549076
4.29803944
7.76274633
16.33725357
11.40588284
8.75294113
8.48039341
9.12156773
11.86666775
6.52352905
8.28235435
1.45490205
3.49019623
2.78235388
2.51960802
2.03137279
2.01960826
2.54901958
4.09019613
8.15686321
16.70980644
10.68039227
9.32157040
8.54313755
8.99411869
12.56862831
6.71372509
8.11568737
1.72549021
3.22941208
2.63333368
2.36274529
2.03921604
2.28235340
2.73529458
3.99803948
8.26078415
15.68235493
9.91960716
9.10784245
8.42156887
9.23725510
12.11764622
7.03333378
8.18627548
2.19019628
3.01176476
2.52941179
2.28823566
2.08627486
2.35686326
2.79411840
4.47843170
8.34313774
14.56666660
8.99607849
8.32156944
8.06078434
9.47451210
11.17450905
7.12941265
8.08039188
2.50588250
2.79215717
2.47647095
2.21960807
2.04705906
2.14901972
2.87843108
5.67843151
9.00588417
13.96862888
8.34902000
7.42941189
7.50588369
9.28627396
10.62548828
7.45294237
8.06274509
2.45686293
2.68627477
2.52941203
2.10000038
1.96274531
1.95882368
2.96666694
6.78431463
10.32745171
13.67451096
7.96470547
7.02549124
6.95490217
8.48627377
10.95686340
7.91372681
8.24509907
2.20000005
2.93529439
2.77058840
2.03529453
1.94117653
1.87647092
2.67647099
7.04902077
11.20392036
13.06078339
7.70000029
6.85098028
6.56862736
7.46666670
11.30000305
8.22941208
8.38235378
1.85882378
3.04509830
3.03921604
2.06078482
1.91764748
1.67058861
2.38627481
6.79215717
11.39411926
11.90784550
7.58039284
6.65294170
6.26078510
6.77255058
10.91960716
8.60392189
8.89999866
1.49607873
2.74313784
3.16862822
2.03725481
1.79607868
1.40000033
2.44313788
6.64509869
11.48039150
10.83137131
7.55686331
6.51176500
6.04313707
6.53333426
10.35490322
8.84902096
9.76666737
1.42352962
2.67843151
2.78039241
2.12745094
1.88627493
1.60588264
2.78039241
6.52549076
11.46274471
9.67647266
7.46666718
6.42549133
5.85294151
6.63333321
9.84313774
8.77254963
10.18823433
1.50196123
2.41764736
2.64117670
2.23333383
1.95294154
1.95882392
2.96862769
6.45294237
11.21568680
8.31176472
7.15882349
6.71568632
5.64706039
6.94705963
9.13529491
8.42745113
10.23137283
1.89411783
2.01176524
2.51764750
2.18039250
1.96078432
1.94117653
3.20000029
6.80196142
11.01372719
7.06666660
6.67450905
7.06666708
5.40000057
7.34313726
8.39411831
8.61960793
10.32941246
2.11960816
1.88039231
2.53333378
2.07450986
1.86470628
1.84313750
3.35098028
7.81176424
10.66862679
6.41568661
6.49607801
7.34117794
5.28823519
7.49607897
8.19019699
9.79803848
10.27254868
1.92352962
2.14509845
2.53529477
2.04509807
1.82352960
2.06078458
3.49019623
8.95098114
9.39215851
6.01960754
6.21372557
7.20588303
5.19411755
7.40195990
7.93529415
10.86078548
9.98627472
1.76666689
2.38039207
2.45882440
2.03333378
1.93725514
2.14117670
3.75490212
9.96862888
7.96078348
5.81568623
5.83137274
6.94313812
4.98235273
7.28823423
7.11960793
11.75490284
9.34705925
1.67647076
2.39019608
2.32549047
1.97647071
1.87843168
2.08627486
4.33529377
10.10980415
7.29411840
5.64509869
5.67843151
6.82157040
4.86666632
7.15882397
6.46666813
11.94117641
7.99019718
1.48039258
2.34901977
2.24705911
1.93725514
1.61372590
2.23333359
4.97843170
9.14509869
6.90000057
5.40980434
5.40392208
6.45882368
4.96470594
6.97254944
6.50588226
10.67843151
6.65098047
1.53137267
2.23725533
2.13529444
2.02941203
1.62549031
2.26666689
5.27843237
7.34117699
6.48627472
5.29215670
5.24705935
6.11568642
5.13725519
6.38627434
6.72156858
9.04313850
6.33333302
1.65686321
2.03137279
2.00196099
2.10588288
1.73921597
2.12352967
4.98235321
5.59607887
5.99215651
5.14705944
5.00196075
5.44117594
4.95490217
5.96470642
6.87451077
7.99607801
6.60784340
1.60000002
2.05882382
2.11960816
2.02353001
1.81960809
2.10588264
4.48627520
4.34117699
5.37254906
4.91176414
4.73725510
5.17058754
4.88431454
5.79607916
6.87254953
7.35882330
6.64902163
1.73333371
1.77451003
2.32352972
1.90980446
1.70392179
1.96862769
3.96078467
4.06078434
5.02548981
4.28039265
4.55882406
4.99411774
4.78627491
5.84901953
6.83333349
7.13921642
6.84313679
1.46862781
1.56274521
2.17058825
1.89019668
1.75294137
1.87843144
3.38823581
3.79215717
4.85686398
3.55294132
4.36078453
4.85490227
4.82549047
6.16274548
6.85294151
6.99019670
7.43137264
1.30588281
1.86862767
1.79019630
1.94313765
1.78823555
1.83921611
2.82745099
3.60196114
4.69215822
3.46078539
4.19999981
4.92745161
4.72941208
6.22352934
6.74509859
6.72745275
7.63921738
1.70000017
2.09803963
1.58039248
2.01372576
1.64117670
1.76470613
2.50000048
3.63921595
4.64901924
3.78235316
4.16470623
4.53137207
4.38823557
5.89803982
6.37843084
6.40000010
7.20196152
1.68823540
2.11372566
1.53921604
2.10784340
1.80196106
1.98823547
2.51176476
3.60784388
4.82941198
3.89607835
4.20784330
3.97451019
4.38431406
5.83137178
6.08823490
6.43137312
6.73333359
1.52352953
1.88039255
1.64901996
2.12941217
1.93725538
2.14313745
2.30196118
3.89215732
5.11372566
3.95098066
3.95098066
3.85490227
4.37450981
5.77843189
6.50196123
6.04313755
6.89019585
1.64509821
1.87647104
1.73921585
2.04901981
1.94313753
2.23725533
2.44313788
3.99215651
4.78235388
4.06862783
3.88627410
3.83333397
4.49607897
5.85882378
6.34902000
5.60784292
7.14509916
1.54509842
1.80784345
1.93725514
1.90784335
1.87843168
2.20980430
2.56078458
3.87451005
4.56274462
4.00784302
4.08823538
3.79019666
4.87058878
5.80588245
5.98823547
5.64509821
7.93921661
1.35294139
2.24901962
1.95882380
1.96470642
1.67058861
1.89607859
2.30588269
3.81176424
4.09607887
4.14117622
4.44509840
3.85098076
5.28235340
5.57058859
5.45686340
5.96274471
8.09019566
1.75882375
2.20000005
2.24313760
1.81764734
1.81764746
1.81960785
1.95294130
3.58235288
3.66274524
4.17254877
4.47450972
4.18039227
5.54705858
5.44902086
4.95098019
5.99607849
8.12352848
2.01372576
1.77058864
1.92941201
1.77254927
1.84313738
1.96862769
1.99411774
3.28039217
3.51568651
3.91176486
4.18235302
4.66470575
5.81176472
5.51764727
4.58823586
6.01176548
7.86078358
1.60000014
1.89607859
1.83725500
1.97254932
1.61764717
1.88235343
2.21764731
2.96666718
3.43529439
3.79019642
3.88039231
4.83137274
5.86078548
5.28235340
4.35098076
6.20196152
8.15098095
1.45490205
1.81372571
1.81764710
1.83137286
1.74117684
1.96862781
2.23725510
2.46274519
3.57254958
3.64313745
3.67843151
4.66274500
5.66470528
4.81764650
4.23921585
6.32745075
8.70588207
1.56470609
1.85882390
1.82941186
1.69607902
1.53333366
1.87843168
2.14509821
2.47450995
3.73921561
3.53725505
3.86078453
4.80392170
5.64509821
4.91372585
4.11764765
6.67843199
9.30980396
1.49411786
1.76666701
1.95490205
1.65098047
1.36862791
1.87058842
2.27058864
2.77451015
3.65294194
3.32352972
4.04117632
4.97843170
5.94902086
4.93333292
4.30784321
7.20588350
9.55490208
1.47450995
1.63725531
1.76666689
1.73921585
1.37058842
1.76078439
2.28431392
2.80392170
3.41960788
3.27843142
4.07450962
4.87451077
6.20588255
4.62549019
4.23921585
8.03725529
9.57647228
1.64705908
1.77254927
1.72352982
1.81372559
1.43529427
1.60784328
2.19803977
2.61176562
3.30784297
3.38431382
3.93921566
4.61960793
6.10588217
4.55294180
4.23137283
9.10392284
9.37451077
1.83725512
1.54705906
2.07254910
1.73725510
1.47647083
1.65490222
2.23529434
2.65882373
3.26666689
3.42745161
3.79215741
4.53333426
5.76862812
4.44313717
4.57451057
9.58431244
9.28039360
1.77058840
1.85490227
2.09803963
1.66078472
1.61176479
1.81176496
2.38823557
2.81764746
3.03725505
3.53333378
3.65882421
4.50588322
5.56862879
4.10980415
4.93529415
9.49215794
9.29019737
1.68823540
2.01764750
1.88431382
1.61764729
1.69607902
1.83725536
2.37451029
2.73529458
2.87647104
3.78235292
3.62353015
4.54705954
5.52549076
4.10000086
5.23725462
9.33921623
9.03137302
1.74313772
2.17647076
1.86470616
1.53529441
1.56666708
1.75294161
2.24705935
2.55294132
3.00784326
3.95882368
3.71372604
4.71372604
5.47843122
4.21568584
5.57843065
9.02745247
8.62745190
1.42549026
2.19019604
1.86666703
1.88235319
1.56274521
1.78235316
2.02745128
2.46666670
3.10784316
3.88431358
3.81372619
4.61568689
5.16470575
4.24313736
5.92353010
8.73921585
7.92941189
1.35294139
2.06274533
1.78431404
2.06470609
1.72745097
1.82941210
1.79019630
2.57647085
3.22549057
3.81176496
3.72352958
4.50196171
4.82745123
4.50588226
6.02156925
8.62353039
7.13921690
1.24901986
1.80980432
1.70000041
2.06862783
1.68823552
1.71372569
1.71176505
2.57058835
3.08039236
3.86274505
3.79607892
4.50000000
4.60784292
4.70980310
6.26274633
8.75294304
6.27647018
1.20000029
1.68431413
1.63921583
1.89215696
1.46078444
1.58431423
1.73529470
2.44313717
2.63529420
3.91960788
3.90784335
4.60000038
4.53725529
4.73137283
6.45294189
9.25294018
5.99411869
1.29803920
1.74901986
1.61960804
1.79411793
1.48431385
1.66078448
1.67647076
2.36666656
2.45294118
3.78235316
3.86274505
4.69607782
4.34313822
4.80980396
6.65098095
9.58823681
6.03921604
1.44901979
1.77451015
1.63137281
1.75098062
1.78431380
1.74705911
1.62549043
2.41372609
2.72745085
3.59411764
3.79803896
4.81568623
4.09215736
4.93137264
7.00980425
9.91568661
5.87843132
1.51176512
1.66666698
1.68627489
1.67451012
1.94901967
1.77843153
1.69215715
2.40000010
2.90588236
3.48235297
3.77254939
4.85882378
3.98235297
4.91960812
7.14509821
9.88431644
5.76078415
1.47647095
1.59411788
1.75490224
1.62352991
1.89411783
1.78823578
1.72941220
2.33137298
2.77254963
3.39019632
3.77450967
4.79215765
3.94902015
4.79215670
6.90196085
9.09019661
5.83921528
1.65686309
1.88431382
1.81568646
1.51176500
2.13529420
1.78823566
1.72941196
2.40196133
2.64705920
3.44117665
3.95882320
4.79803896
3.83333349
4.65098047
6.31372595
7.60588169
5.95686340
1.66666698
2.00392222
1.71176505
1.60980451
2.22745156
1.73529446
1.80000019
2.44117689
2.77450991
3.38823533
3.91960812
4.57254982
4.03137350
4.55490208
5.69019699
6.54509830
6.19411850
1.52156889
1.84313750
1.68627489
1.66470623
2.01960802
1.78627491
1.73921597
2.33333325
2.76862764
3.08627439
4.09999990
4.42156887
4.08235312
4.53137302
5.50588226
6.08235359
6.13921547
1.42549050
1.62156892
1.78627455
1.67451012
1.64705896
1.90588272
1.60196090
2.13137293
2.61176491
2.88823533
4.41764736
4.29999971
4.20784378
4.59607840
5.43529415
6.09411812
5.90980387
1.54313779
1.68431401
1.82745123
1.73137319
1.55098081
1.85686314
1.53725529
2.00784349
2.42941189
2.95686340
4.45882463
3.91176462
4.54117632
4.56274509
5.54117632
6.26470613
5.98235273
1.59803975
1.76666689
1.81764746
1.89019608
1.61568642
1.65490234
1.53529453
1.93137300
2.29607868
2.80196071
4.08823490
3.51960802
4.72745132
4.55882359
5.98823690
6.58039284
6.24902010
1.59803939
1.75490212
1.99019635
1.97254920
1.55882359
1.55490208
1.69411814
2.01372576
2.31960821
2.53137279
3.66862798
3.60588217
4.83725452
4.92745113
6.28039169
6.70196152
6.37058830
1.74117661
1.75098062
2.23529410
1.98235345
1.46078444
1.58431399
1.97254932
2.20000029
2.46666694
2.52745152
3.44313741
3.96274543
5.07254887
5.50784349
6.45098066
6.63529444
6.34313774
1.73725510
1.75686312
2.18627477
2.04117680
1.53137290
1.62156880
2.05882382
2.34509826
2.59019589
2.66078472
3.41764712
4.20980406
5.22156858
5.83725548
6.96470642
6.73725557
6.26862717
1.65490222
1.83137262
1.85490227
2.04117680
1.76078439
1.69215715
1.83725512
2.35882425
2.71960783
2.92549014
3.22352958
3.99215722
5.13725471
5.50000000
7.72745037
7.29607916
6.37451029
1.51764727
1.90196109
1.76078475
2.10392189
1.89803958
1.71372592
1.77254939
2.11372566
2.74117661
3.03137279
3.36862731
3.56078434
4.89411783
5.28039265
8.57647038
7.22941160
6.60784388
1.75294149
1.93921602
1.83921611
1.95294166
1.92549026
1.49411798
1.92156887
2.27647114
2.69411802
3.00196123
3.07058883
3.05882382
4.84117699
5.42353010
8.72157097
6.76078415
6.48039293
1.81960785
2.14901972
1.83333337
1.98235333
1.89411807
1.27058840
1.93725538
2.32352972
2.61568642
2.93725514
2.94509840
3.13137269
4.87254906
5.67058849
8.69019699
6.20392227
5.85294247
1.64117694
2.06666684
1.84705913
2.14117646
1.78627455
1.33137262
1.76862776
2.30196118
2.43529463
2.72352958
3.29803920
3.40784359
4.51764631
5.84117603
8.74510002
5.71764660
5.35294056
1.68431377
1.88039243
1.92549074
2.13529444
1.66470599
1.52549040
1.72941172
2.47647071
2.44313741
2.72941184
3.23921585
3.56862760
4.20000029
5.92549038
8.51176548
5.51568556
5.23529482
1.64705896
2.24705935
1.89607835
2.35294151
1.65294135
1.58823562
1.82352960
2.15686297
2.70588255
3.07843232
3.29019642
3.96078467
4.29411793
5.99215698
8.31960773
5.37647009
5.17647076
1.62352955
2.27254963
1.77843165
2.50000024
1.37843168
1.66274536
2.27058840
2.11372590
2.95490193
3.49411821
3.17843175
4.30196190
4.20980358
6.16078424
7.88235331
4.90196085
5.10196114
1.75490224
2.08823538
1.75490248
2.50588298
1.69215715
1.89411795
1.98235309
1.98039258
3.26862764
3.30588269
2.96666670
4.06078434
4.09215736
6.29411745
7.30784273
4.91372538
4.82548952
1.77058828
2.08235335
1.54902005
2.68235326
1.81372583
1.73921609
1.73725522
2.01764774
3.17647076
3.19803977
2.78235340
3.74509835
4.05490208
6.55882359
6.63921547
4.99019670
4.82549095
1.58039248
1.90980434
1.75686312
2.38431358
1.58431411
1.70588255
1.89215708
2.17058873
3.10980439
2.79607892
2.64313745
4.01176453
4.13725519
6.71568632
5.87058783
4.93137312
4.84117651
1.50980425
1.76078475
2.07647061
2.26666665
1.69607878
2.05882359
1.91372561
2.18627501
3.18039250
2.84509826
2.73333359
4.13921642
4.42941189
7.06274509
5.63921595
5.14705896
4.83529472
1.78431392
1.75098085
2.13725519
1.93921602
1.83921611
2.02745128
1.81960833
2.13137317
3.11960864
3.16078401
3.20784330
4.21764708
4.82549047
7.23137379
5.36274529
5.23921633
4.85686302
2.08431387
1.59019637
2.10392189
1.88039255
1.72352970
1.79411805
1.94313741
2.13529444
3.14117670
3.20588279
3.38627505
4.44117641
5.00980425
7.10784292
4.77843142
5.64509916
4.66078424
2.17451024
1.59411776
1.90196121
1.64313757
1.88431418
1.89607859
1.89019632
2.15882397
3.09019661
3.60784340
3.06862760
3.99215746
4.95098209
7.26078415
4.97843170
5.43529510
4.58235359
1.89019620
2.00196099
1.54313767
1.81372571
1.85882390
1.96666718
1.81764746
2.09215713
3.05686307
3.62745118
2.97843146
3.61960840
5.03725529
7.43137169
5.65490246
5.39607906
4.70196056
1.84705913
2.07843161
1.41568673
1.85098064
2.00000048
1.99215722
1.89803922
1.91372597
2.90000057
3.36862755
2.77254915
3.74117684
5.08823490
7.10784388
6.08627462
5.25294161
4.80588293
1.79215717
1.74117661
1.41764724
1.77058864
1.91764724
1.82745111
2.16862750
2.05490232
2.68431377
3.03137279
2.83529449
4.00980425
5.18235302
6.49019623
5.90196133
4.95294094
5.09019613
1.97647083
1.61372578
1.78627479
1.75490224
2.08431411
1.71960807
2.05686283
2.11764741
2.55882382
2.81764698
3.06274509
4.34509850
5.30784416
5.84902048
5.84117651
5.01176500
5.19607925
2.15882397
1.70000017
2.23137307
1.80000031
2.18235326
1.67254901
2.17254949
2.18823552
2.50980425
2.77647114
3.04117632
4.52941179
5.27647066
5.13333368
5.73333263
4.86078453
4.85098028
1.92352962
1.81372583
2.26078463
1.69607878
1.93333364
1.87451005
2.23529458
2.22156930
2.35686302
2.91372561
3.01372552
4.46862745
4.93529415
4.76274586
5.62156820
4.22941208
4.37647104
1.75882375
1.96862781
2.14705896
1.61176479
1.82549036
2.12745166
1.95294154
1.94117689
2.22549057
3.20392179
3.10000038
4.00980425
4.56078482
4.69215775
6.13333321
3.84117699
4.09411812
1.88627458
1.90000045
2.19607854
1.71568644
1.75686312
1.88431430
2.18431354
1.73921585
2.27843142
3.47058821
3.13137221
3.45490193
4.40784407
4.29215670
6.45686340
3.73333359
4.02745152
1.75490224
1.68627489
1.84705889
1.67058837
2.05294156
1.53137279
2.20000029
1.88039255
2.16862798
3.48627448
2.93725514
3.31372595
4.40000057
4.06274557
6.51568699
3.66862726
3.90784311
1.77254939
1.64313769
1.54117668
1.70196116
1.97058833
1.50980413
2.11372590
2.13529444
2.05686307
3.08235312
3.02941227
3.62352943
4.33137321
4.04313707
6.20196056
3.87058902
3.87451053
2.15882397
1.58823550
1.45294130
1.82156861
1.81176519
1.61176491
2.03333354
2.03529429
2.20980430
2.81176496
3.10588264
3.81372547
4.20392179
4.11764717
5.62352991
3.77647042
3.94117713
2.17647076
1.60000038
1.60392165
1.96862781
1.69803953
1.56862783
2.03921556
1.89803970
2.40392184
2.72156930
3.15686321
4.01568651
3.97843122
4.33137274
4.60196066
3.60392165
3.69019604
1.93921602
1.67647076
1.74705911
1.90196121
1.79607856
1.38235331
2.02941203
1.99215698
2.46666694
2.59607863
3.10588193
3.96470594
3.78627491
4.45882368
4.02549076
3.58431435
3.58823562
1.87451005
1.74313760
1.92156899
1.69803929
1.96666706
1.41568661
1.90000021
1.88039243
2.59411812
2.52941179
2.97058868
3.78823566
3.86470604
4.30588245
4.15686369
3.33921576
3.66078448
1.74117672
1.80392206
2.04509807
1.63137293
1.91764724
1.61764741
1.78823555
1.67647099
2.79215717
2.63137269
2.82745099
3.69607925
4.11372519
4.26078463
4.21568727
2.99411798
3.56666684
1.68039238
1.83137274
2.01372552
1.64705932
1.74705899
1.66470611
1.73725510
1.74901962
2.82156920
2.73921585
2.70980406
3.34509850
4.25686312
4.40980434
4.27647114
2.90980458
3.55490208
1.68627465
1.75490224
1.80784369
1.76274550
1.62549031
1.79215729
2.00392199
1.93137276
2.66470623
2.79411793
2.69607830
3.13921642
4.25294113
4.53137302
4.30784369
3.52156854
3.46274519
1.45490217
1.84117687
1.61176491
1.72745109
1.55882382
1.97843146
2.18235302
2.08235312
2.40196085
2.79803896
2.77058816
3.15098095
4.12941170
4.55294132
4.17647076
3.92941189
3.28235340
1.44509828
1.95686305
1.76274538
1.64117670
1.46862781
2.00392175
2.19803953
2.15098095
2.32941222
2.75490236
2.77843189
3.14509869
3.86862755
4.74117756
4.08039236
4.23137283
3.07254887
1.43921566
2.10196090
1.86862743
1.68235314
1.55686319
1.89607882
1.92156899
2.14705896
2.31176472
2.62549043
2.69803929
3.04705906
3.94117689
4.80980444
4.17451048
4.28823566
2.93725538
1.32352948
2.16274524
1.79411805
1.79803944
1.79019654
1.86274517
1.67254925
2.06078482
2.08627486
2.35882401
2.71568608
3.01372576
4.56078434
4.70392132
4.19411755
4.15882397
2.94313765
1.51176476
2.03921604
1.94902003
1.81176472
1.85294139
1.84705901
1.68823564
1.90196109
1.92745125
2.02156878
2.83333325
3.18431449
5.15098047
4.69607878
3.93529439
3.82941175
2.98823547
1.84313715
1.97843146
2.13529444
1.80784345
1.71372592
1.82745123
1.86470616
1.80784357
1.98431420
1.91960835
2.87843156
3.53529453
5.34901953
4.64509821
3.70784330
3.41372609
2.93725514
1.93921578
2.06666732
1.97450995
1.87451005
1.59411800
1.81960809
1.98431373
1.87647092
2.02352977
2.06078482
2.80980444
3.82352996
5.38235283
4.42156887
3.70784307
3.18431401
2.82941175
1.86470640
2.06274533
1.91764736
1.87843156
1.70000052
1.80392182
1.92549074
2.01568675
2.11176491
2.19803953
2.75294161
4.21372604
5.40784311
4.36078453
3.86666679
3.09411764
2.80588245
1.66666698
1.88627446
2.01372552
1.84509814
1.73725533
1.51568651
1.88431406
2.14117694
2.09803939
2.28823543
2.83137298
4.53137302
5.41960812
4.25490189
3.76470661
2.95098019
2.78823543
1.87254941
1.97254908
1.70784342
1.91764748
1.72156882
1.50392175
1.92745101
2.06666684
2.07058835
1.99215710
3.07647061
4.59019566
5.50784254
4.21568680
3.44313765
3.05686307
2.86666656
1.93921578
1.97647107
1.58627486
1.97843158
1.53921592
1.79411793
1.87843168
1.94313765
1.97647083
1.86666727
3.06078434
4.47647047
5.41568661
4.10392189
3.30784321
3.26078463
2.81372571
1.84902000
1.76274526
1.89215720
1.83529425
1.69999981
1.98235321
1.75490224
1.88235307
1.95098078
2.25490212
3.03529406
4.61568642
4.89803982
3.87843204
3.50784326
3.33137250
2.66274500
1.90784371
1.80588257
1.95882368
1.71568680
1.87058866
1.93529427
1.83921576
1.60588264
2.10588264
2.47254968
3.08039260
4.77058887
4.29607773
3.85882378
3.54902005
3.27843189
2.67647076
1.87843144
1.85294151
1.83137274
1.78627479
1.63921607
1.81764734
1.99019647
1.45686281
2.19607878
2.44901967
2.95490217
4.84901953
4.07843161
3.81568670
3.36666679
3.22549033
2.65490198
1.92156875
1.61568654
2.01568651
1.87647092
1.60588253
1.72549033
1.91176522
1.68627477
2.11372590
2.51960802
2.99607849
4.89019632
4.20784283
3.62352967
3.26470637
3.14705920
2.47843122
1.69215703
1.26666677
2.26862764
2.10392189
1.81568658
1.82549036
2.01960802
1.91960824
1.99019647
2.47451019
3.13529444
5.01568651
4.36470604
3.86862755
3.09411764
3.41568661
2.58235335
1.49019623
1.31372583
2.15686345
2.07450986
1.79607868
1.93529427
1.96666682
2.14509821
2.17843175
2.29803944
3.49019599
4.92352962
4.47647047
4.09215736
3.25882411
3.41372585
2.86666703
1.24705911
1.36470604
1.92941225
1.97254920
1.99411821
1.82549036
1.88235319
2.16274548
2.13529420
2.20980430
3.17451000
4.97254896
4.39215755
3.90392137
3.26078463
3.01764774
2.70588279
1.50000000
1.32941186
2.10784340
1.95490217
1.98039222
2.10980439
1.72549045
2.13137293
2.02549076
2.33333349
3.28431392
4.79215765
4.71960688
3.41960812
3.09215713
2.75686336
2.58235312
1.13137281
1.42352962
1.74901974
1.50784338
1.63529432
1.60392177
1.44117677
1.69019651
1.74509823
1.94705904
3.36078405
4.97843170
4.30000114
3.00588298
3.11568642
2.68039227
2.64705920
0.44117647
1.22352958
1.43529439
0.86862761
1.38039243
0.76666677
1.08627486
0.98431396
1.43725514
1.75098038
3.19803977
4.83921576
4.02745104
2.56078434
2.67451000
2.13529444
2.20588279
0.30980393
0.53333336
1.30784345
0.51372552
0.89019650
0.65098047
0.61372566
0.50784314
0.95490223
1.49215710
2.92156863
4.87647009
3.76666665
2.05686331
2.40980434
2.18235350
1.71764719
0.11568628
0.17647059
0.14901961
0.16274510
0.11568628
0.12941177
0.14705883
0.09215686
0.15686275
0.14509805
0.13137256
0.12352941
0.14117648
0.16666667
0.13137256
0.13921569
0.14117648
