16.25294113
21.67059326
22.37647057
20.84902191
20.53725433
20.58823395
22.20000076
23.90196609
22.32548904
23.11960983
20.91176605
18.81961250
19.18039131
19.66862297
21.52548790
18.48431015
19.16470528
19.50588226
18.19411850
16.15882492
18.03137016
18.05294418
19.83137321
17.68039513
17.56666756
17.23725319
16.60392570
17.04313660
17.00196075
19.60392380
19.84902000
18.62157059
18.24706078
18.04313660
15.32549191
17.77450943
17.16862679
18.00000381
16.29215622
16.16470718
16.30000114
16.60784340
17.04509926
17.28039360
18.59412384
17.83137512
19.33529472
18.14902115
17.81372643
15.35490131
17.98234940
17.56274414
17.32745171
17.17058945
16.59803963
16.05294418
16.43529510
17.55098343
17.74509621
18.50392342
17.67647171
20.17255402
18.46274567
17.43333435
15.64117813
17.43333435
18.25686455
16.91372490
17.12352943
17.02941132
16.33529282
16.38823700
17.88235092
17.51176643
19.35294342
17.33137131
19.45490837
19.12157249
17.42941284
15.74706078
17.17255020
18.72353363
16.59019852
16.60588264
17.00588226
16.45294189
17.33725357
17.69411850
17.08823967
19.87255096
15.80980396
18.89803886
18.87255287
17.05489922
16.12156868
17.08235168
18.99803925
15.88627720
16.50392151
16.79804039
16.18627357
18.00000381
17.22548866
16.80980682
20.10000420
15.73333740
18.42352676
18.41960907
16.79608154
16.85686684
17.57255173
18.67058945
16.54509735
17.33921623
16.24706078
15.49804020
17.92549133
16.92745209
17.14117622
20.36274529
16.60196114
19.57255363
19.19215775
17.40980721
17.45098114
17.62156868
18.01176834
17.79411888
17.82156754
15.97647190
14.90587997
17.32549095
17.25490379
16.52156830
18.84313774
19.09804153
22.65490341
19.72156906
18.07255173
18.17646980
17.17254829
18.71372414
19.68235397
17.79999924
16.03725433
14.85490227
16.91372681
17.62941360
16.42549133
18.37842941
20.31373215
23.46470451
20.13725662
18.90392494
19.39804268
16.93921471
21.72941780
22.42353058
19.44509697
16.13529587
15.77058983
17.52941322
17.45490265
16.48039246
19.52352905
20.49215698
22.66078186
20.39411736
19.62940979
20.22745323
18.37646866
25.49411774
23.61765099
23.27451324
16.06470871
18.34902000
18.62352753
18.41960716
16.57646561
22.54705811
18.27254868
20.67451096
20.85882187
19.56666565
20.13529396
19.60196114
29.76470947
25.36079025
24.02745247
17.45293999
20.64313889
19.74901962
20.07255173
19.38431549
24.91176414
13.52745056
20.19803810
21.14705658
17.96078682
18.13921738
19.96470642
29.99412346
27.33725929
24.09215736
20.19019699
23.90391731
22.07450867
20.72941589
23.55685997
23.90980530
12.34313869
18.95686722
20.64901924
16.11960793
15.52157021
20.38627243
28.09019470
26.63530350
23.89999962
23.07843018
25.45098495
24.23921585
20.98627472
25.63726044
18.95294189
14.95490265
17.63921356
18.10588646
15.43921757
14.70784569
21.28431320
24.85293961
22.20195961
22.26274300
22.44901848
22.21764755
22.93921280
21.14313698
24.84705925
15.56274796
16.20980453
16.37843132
16.93725777
15.52745152
14.13725567
21.11960983
21.92156982
18.40784645
18.69215775
20.21764946
18.46078682
20.88431168
20.95490265
21.84706116
14.63333607
18.83921432
16.56078720
17.52745247
15.08235264
13.96470451
19.96666908
18.08431625
14.54509926
16.24706078
17.59019470
17.80980492
20.69607925
19.59607697
18.99215889
15.67843056
21.43921661
18.14313889
18.36078644
15.17059040
13.79411983
18.08823776
15.01960754
11.72941494
15.12941265
16.08235359
18.01176453
21.05882645
17.47843170
18.25294304
17.10980415
22.19607925
17.78431702
18.49607849
14.66470528
13.30784607
16.77450943
12.36274719
10.12941170
14.87255287
15.46274757
17.92941284
21.02157211
16.11764908
17.94314194
17.51961136
21.01372719
17.15882683
17.01176643
14.49215698
12.27647018
16.56666946
11.30000305
9.58431435
15.30588150
16.58627701
17.36470413
20.28431320
15.53529358
18.51568604
17.00000191
18.41568565
17.29804230
14.62156963
16.01372528
13.67058945
17.76666832
13.13921738
9.39607811
16.35098076
19.34705734
16.67451096
16.63137245
15.11568737
19.60980988
16.97647095
16.01764488
18.38039398
13.22353172
17.93333435
22.43921471
19.99411774
18.82941437
10.80784321
17.52941322
22.19215775
15.32353401
13.15490150
15.10588264
20.74117851
17.71764946
14.98823929
17.30980301
13.19608307
17.41176796
27.36274910
21.58823204
23.50980568
15.03529549
19.24510193
23.57450867
14.22745323
12.88627720
15.26274490
20.85294342
18.14901924
14.27843285
15.76078606
12.89411926
17.21176529
27.89410973
21.26666832
24.71372795
25.32941246
20.72941208
23.24313927
13.80195999
13.77058887
15.92941189
19.52549171
18.12941170
13.89803886
15.35294247
12.23137283
16.93725395
26.07647133
18.59999847
23.86667252
30.41373253
21.69804382
21.99411964
15.44706154
14.62156963
15.66862869
17.27255058
17.59019470
14.08235359
14.72156715
12.07843399
16.17451096
22.29020119
14.01764679
22.50980568
31.20588684
22.78431702
20.48235703
20.64901733
16.52353096
17.93137360
15.33333588
17.73725700
14.36078644
13.83921337
11.85098171
14.98431396
17.78627586
11.13333416
20.48039246
27.59215736
25.11569214
21.26274872
24.05882454
18.31960678
21.17451096
14.51568413
18.31960869
14.65490437
13.23921680
11.41568661
13.64509964
13.87254906
10.05294132
15.71764660
21.29804230
23.64901733
21.37647247
23.52353477
18.32745361
22.15294266
16.14509964
19.17058945
14.38235664
13.57647419
11.26470661
12.25882435
11.51568699
9.75490189
12.30196190
16.14902115
19.27842903
20.61568832
18.07058907
14.95686626
18.25098228
19.34509659
22.15882301
14.12156868
13.17450809
11.19607735
11.72941208
10.65882301
10.18431377
11.48235321
12.81176758
16.05490303
20.00196266
13.74902344
11.56666756
14.18431282
20.56470871
22.73333931
13.68627644
13.00392342
11.22941303
10.82156754
10.17255020
10.28431511
10.55490303
9.46470642
13.69999695
19.18627548
10.87843418
10.06862831
12.16666794
20.01176834
23.14117622
13.48431492
12.75686359
10.97058868
10.68431282
10.20980453
10.14705944
10.74509811
8.66470528
12.12745094
17.97059059
10.27647114
9.79019833
11.53333473
18.23921394
21.59607887
13.28235531
12.77058887
10.49411869
10.41960716
10.15294075
10.34313679
11.48039436
9.66862679
10.80000019
15.98823643
9.59412003
10.00392151
10.99411774
15.84706020
18.65294266
12.65490532
12.41176319
10.73333073
10.69607925
10.12352848
10.15686321
11.86862850
10.87647057
10.07647514
13.63137531
9.33137321
10.13725567
10.80784321
14.54706001
17.00000191
12.68431473
12.65490150
10.58431244
11.37255192
10.66862774
10.00980568
12.30000019
11.99215698
10.07843208
11.88431549
9.52941132
10.16862869
11.08431339
13.29803944
15.77058792
12.41764832
12.47451019
10.98431301
11.72941208
11.21372604
9.86274624
12.99215889
12.46666718
10.41960812
10.95294380
9.46078300
9.94705868
11.41372490
12.30588436
14.51372433
12.12745190
12.64313984
11.58039379
11.79215527
11.15294075
10.14902115
12.95686436
12.53921700
10.82353115
10.98039246
9.35490227
10.19607830
11.96078682
11.84705830
13.31960869
12.69215775
12.97254848
12.08627415
11.77647114
10.64117718
10.59019661
12.51764774
12.68039322
10.67058945
11.57843113
9.60980415
11.30784225
12.56666851
11.66078568
12.60392284
12.75882053
12.94117546
12.46862888
11.71372604
9.91764927
10.04706097
12.53529739
12.63921547
10.37450981
11.98431396
9.93333340
12.03333378
12.82549191
11.27646923
12.07647133
12.81764793
13.35294342
12.54706192
11.05490398
9.85098171
9.50980473
12.78823757
12.58627319
11.01960754
11.86274624
10.15882397
11.91372871
12.91960907
11.12744999
11.91764832
12.62745476
13.44901943
12.83921242
10.40392303
10.85098076
9.94705868
12.79803848
12.06078434
11.90784264
11.72156906
9.96274471
11.57058811
12.43333435
10.80784225
11.97254944
12.47843170
13.22744942
13.35490322
9.74509811
12.35490322
10.43725586
12.59607697
12.05098152
13.16862869
11.51764584
9.33333397
11.47255135
11.10784435
11.80392170
11.63921356
11.87843323
13.06470585
13.32549000
9.42156982
12.21372604
10.36274624
12.42156887
12.69412041
14.47843266
11.65098095
8.82352829
11.10784245
9.64313793
13.81960583
11.61764908
11.38627434
12.74902344
12.90980530
9.07843113
10.97647190
10.27842999
12.04901981
14.04706001
14.81568718
12.01176548
9.82941437
10.98627377
8.69019699
16.49803925
12.44117546
10.89215660
12.17255020
13.18431473
9.45490265
10.65098000
9.81764793
11.31568813
14.58235359
13.86274719
12.40000248
12.64706135
11.71960735
9.91372776
17.69019699
12.67255020
10.55098343
11.94706059
13.86862755
9.61176491
10.77058887
10.04117870
11.39019585
14.45098019
12.39803982
12.24509907
14.34117603
13.57843208
13.57058907
17.36274719
13.37451077
11.29019928
11.82745266
14.06470776
10.01568604
10.66666412
10.42156792
12.36274910
13.85294342
11.11960983
11.37843227
13.47451210
16.08235168
19.63921738
14.90784264
12.36274624
11.86470795
11.61176586
13.16862774
10.23333359
10.63333416
10.76078320
14.12941265
13.19019794
10.55098057
10.87647152
12.53333378
17.52352905
22.28039169
12.79804039
11.70980167
11.77843094
11.59411716
12.39215946
10.17451000
10.53921509
10.67646885
15.92549038
12.41568470
10.24705982
10.70588303
11.12744904
16.89215469
22.83529472
11.66470718
12.40196228
11.40196323
11.58627701
12.02745247
10.09607983
10.53529453
10.09019470
16.23137283
12.32156849
10.46078300
10.38823509
10.20980453
15.55882454
20.26666832
10.63137341
12.72548962
11.15882683
11.60784435
11.62549210
10.39019680
10.31372547
10.60196209
15.75294209
12.60980606
10.66470432
9.51764774
9.75294209
13.63725567
15.96078396
10.41372490
12.82745171
10.93921661
11.68823433
11.13921642
10.57255173
10.30588245
11.96078491
15.54705811
12.73921871
10.93725586
9.02353096
9.51568699
12.01960945
12.90980434
10.96666622
12.43529510
11.05098152
12.01960754
11.64313602
10.57451248
10.51372623
12.55490208
14.60588551
12.33137321
10.88235283
8.79804039
9.69804001
11.27451134
11.65490246
11.28039265
12.15490437
11.69019699
11.91176414
12.48627567
10.80000210
10.32745075
12.73921585
13.47059155
12.10784435
10.28235340
8.41960812
9.82745361
11.17255020
11.67254925
11.13137436
11.67058754
12.14117908
12.59411907
12.58431149
10.92745113
10.10784340
13.07059097
13.11568928
11.37059116
10.25294113
8.56274509
9.87843132
11.57843018
11.73137474
11.24509907
11.57450867
11.90980434
13.01568794
12.22157097
10.88039112
10.48431587
12.48039341
12.50391960
10.72353172
10.14509773
8.83529282
9.60980511
11.84705925
11.60980225
11.87843227
11.93529320
12.07843113
13.20392323
11.45490360
10.40588284
10.59215736
11.71372986
12.26666641
10.56078529
9.95686245
8.56666756
8.94313812
11.79411888
11.82745075
12.05294228
11.74509621
11.65490341
13.62745285
10.50784206
9.98823738
10.07647133
11.11764812
11.65098095
10.17058945
10.85490131
8.94705868
9.11568642
11.70392323
12.58235455
11.54117775
11.85686588
11.20588493
13.66078377
10.24117661
9.81568623
9.65294361
10.66274738
11.64902020
9.96470737
11.15294266
8.73333263
9.36078453
11.19019890
12.80588150
11.22549248
12.54510021
10.95882225
13.88431358
9.49411774
10.43137264
10.28235245
10.19215965
11.69411945
10.08039093
10.25686455
8.37647057
9.48431301
11.10392380
12.60196018
10.91176414
12.21764946
11.21961021
13.89608002
9.16470623
10.81372547
11.00196266
9.88039398
11.54705906
10.34313869
9.76666832
8.04902077
9.62156868
11.15294075
12.18823814
10.76862812
12.55686474
12.93333530
14.11372662
9.20392132
10.34902000
10.99608040
10.58039188
11.65098286
11.03333378
9.98038960
8.01764774
9.38235283
10.80784416
11.84510136
10.52745342
13.02353287
14.91960907
13.98235416
9.40000057
10.27647114
10.70784283
12.17058945
11.34901905
11.89803982
10.24117661
7.75882435
9.40000057
10.99804211
12.34509945
10.86862946
14.34313774
16.03921700
13.40000343
9.46470642
10.40196133
10.54117775
12.94313812
11.43137360
12.02549076
10.21960640
7.65882254
9.62744999
11.40196323
12.50392151
11.64705849
15.40392399
17.10980225
12.67646980
9.23137474
10.54117680
10.60196114
12.63725662
11.57451248
11.45490265
10.17647076
8.26862812
9.73137283
11.32156754
12.48431206
11.96274471
15.95882607
17.87255096
12.25098228
8.99019718
10.86470509
11.72941113
11.86470795
11.35490227
10.83529282
10.59803963
8.72156715
9.54509926
10.90392113
12.31764793
11.78039360
15.62941170
17.94705963
12.12941265
9.66862774
11.56274605
12.49411964
11.25882530
11.49019432
10.47843266
10.60196304
8.94509888
9.31764603
10.85686302
12.53529358
11.69803810
15.27255058
17.90000343
12.16274548
10.24509811
11.95882320
12.31176662
10.66470623
11.84902000
10.59804153
10.30784416
8.89019680
9.40980434
11.07843304
12.38823795
11.92352962
15.70784283
17.94313431
11.93137360
10.10392189
12.21568584
12.18039417
10.65686321
11.98627567
10.38039207
9.67843056
8.47058868
9.44313717
11.27058887
11.76078606
12.01372433
15.47843170
17.04510117
11.54705811
10.84902096
11.80000114
12.09019852
10.54705811
12.22941589
10.78823471
9.64313698
8.47451115
9.19999886
11.64706039
12.15490246
12.20980740
15.09412193
16.78235435
11.64706039
12.26274586
11.88235283
11.87843132
10.56274414
12.43921661
10.99019527
9.66274357
9.00196171
9.01372528
11.90980148
13.16078949
12.41764641
14.28823662
16.54509735
11.94706059
12.62745094
12.08431244
11.77058887
10.66470718
12.96274662
10.79803848
9.64117622
9.58431435
8.92157078
11.47254848
13.69411850
13.24117947
14.20588589
15.62941170
12.33921528
11.75882530
12.63333321
11.21176243
10.72548962
12.41176510
10.24313736
9.70588398
9.79999924
8.82156849
11.41176414
13.98823547
13.70000172
14.65098286
14.22353077
12.80196381
11.14117622
13.39803886
11.57646942
10.48823547
12.92549038
10.02352715
9.93921757
9.07059002
8.81372643
11.72745323
14.53529453
13.81372738
14.76078796
13.49607944
12.64705849
11.23529339
14.23333359
11.61372757
10.98235321
12.90784264
10.16078663
10.12744999
8.59215641
8.70588207
11.57843113
14.78039169
13.61372662
14.56666756
13.85882568
12.88823509
11.43333340
14.40980625
11.27058792
12.11960697
12.34706116
10.53725529
10.05489922
8.43137169
9.31764793
11.03921509
14.25294209
13.40392208
13.66470528
13.73725510
13.21960926
11.31764889
13.92548847
11.25686264
12.42941475
12.49215794
10.92941284
9.97647095
8.16274548
10.71568680
11.23529434
13.97843456
12.88627529
13.03725433
13.79411888
12.88039398
11.71764946
13.28039169
10.94509792
12.25882530
12.59607887
11.07450962
10.13137531
8.33137321
10.63529301
11.46862793
13.94705772
12.20392132
13.15294170
13.77255058
12.76078320
11.40000057
12.62744999
10.68039417
12.57254887
12.55490208
11.32548904
10.27451134
8.52745056
10.56078339
10.98823738
13.33333397
11.84510040
12.90000248
13.80980301
12.86078644
11.53921509
12.34313869
11.05686283
12.43921566
12.66470814
11.69999981
10.11176491
8.56862736
10.30588245
10.76470661
13.04313660
11.68431473
12.55097961
14.63529491
12.82549381
11.53921795
12.04313946
11.75882149
12.18235397
12.86078453
12.15686035
9.88431644
8.59803867
10.36274433
10.90000057
13.01568794
10.94705868
12.51372719
15.16862965
13.01176739
11.89999866
12.50392151
12.25882339
12.22352886
12.85490227
12.33333492
9.98235512
8.90196133
10.74902058
11.55098057
12.93921566
9.89019680
12.31568813
15.31176281
12.73921680
11.68823433
12.95294094
12.44705772
12.02352905
12.67647076
12.20784378
10.14117718
9.04313850
11.24117565
11.75098133
12.28235435
10.07843208
11.86666870
14.29215622
13.05490208
11.25686455
13.01960850
12.58431339
12.33725834
12.35490227
11.58823586
10.34117794
9.76470566
12.11568737
12.07843018
11.75490475
10.76078606
11.73921776
13.20196152
13.31960964
11.46078300
12.57647038
13.26470947
13.03921795
12.14902115
10.57450962
10.39019680
9.59411812
13.69019604
12.90980339
12.46274281
10.94509888
11.64509773
11.95882416
12.79019737
11.84313965
11.96470547
13.15686512
12.80196190
13.00392246
10.91372585
10.38823509
9.58823586
15.04706287
13.55293941
12.36666870
11.85490322
12.05686283
10.94705963
12.95686340
12.04509830
12.12157059
13.14706039
12.39215469
14.40980530
10.83333492
10.79803944
10.58823490
15.41372776
14.18235302
12.06667137
11.53725433
11.94313812
10.35098076
13.17647266
12.32549000
12.54117775
13.22745037
12.31176567
14.57843494
10.92156887
11.28627586
11.11372662
15.17451096
13.92156982
11.50000191
10.61568451
11.85490227
10.23333359
12.96274757
12.94509983
13.26471043
13.67843056
12.42745304
14.50195980
11.42353153
11.40588188
11.51960754
14.73529625
12.97451210
11.11568546
10.73333168
11.50980568
10.01372719
12.38627338
12.78039646
13.31568718
13.26078033
12.46078491
14.37451172
11.95686531
11.27843094
11.74902058
14.97843266
12.76078510
10.93333340
10.56078625
11.35097885
9.36862850
11.83725262
13.04117870
13.21960831
12.05686378
12.21372604
14.06862736
11.97843170
11.03137016
11.64313793
14.54509640
12.59607697
10.63137245
10.73529434
12.22156906
8.91568661
11.62157059
12.98431587
13.44117737
11.55097961
11.95686436
13.67451286
11.59411812
11.14509773
11.57647133
14.44117546
12.63333416
10.77254772
10.93921471
12.88039207
8.90784454
12.10196209
12.72548866
13.56666660
11.59803963
12.51568413
13.44313622
11.49607849
11.48039341
11.59803963
15.05882454
12.80588341
11.01176643
11.26666451
13.94313717
8.75686264
12.94509888
13.14510059
13.60000229
11.66862679
13.03529739
13.14117622
11.86862564
11.53333473
11.56078434
14.85098171
12.63137054
11.87254715
11.86666584
14.80392075
8.56274509
13.16078568
12.80195999
13.51764679
12.07842922
12.48823643
12.75294209
12.25686359
11.28039360
11.48235226
14.43725586
11.40588284
12.38039303
11.90392399
15.03137398
8.74117661
12.83333302
12.12941360
13.81176567
12.52549267
12.64902020
13.10000229
11.22549057
11.11176682
11.11960888
13.95490170
10.77842999
12.04706001
12.25490189
15.00588322
9.36470509
12.53529644
11.62745285
13.63529778
12.41765022
12.23333454
13.19215775
10.67058659
11.37058926
11.66470909
14.07647038
11.20588398
12.39215946
12.81568623
15.86274624
10.44117546
12.78235531
11.69411945
13.01764965
12.45294285
11.85882378
13.21568775
11.76078892
11.49215698
11.61960983
13.88823605
11.41176510
12.77451038
13.04313850
15.90196228
10.65490150
12.73137379
11.87059021
13.12549019
12.11176682
11.86078262
13.40588570
12.76274490
11.47647190
11.64313793
13.14901924
11.19215679
12.79019547
13.10392380
16.19215775
10.92744923
12.97450733
11.84706020
13.23333549
12.55490112
12.03725529
13.46470642
12.55882645
11.60784435
11.56078529
12.61372757
11.47058773
12.54706097
12.86078453
16.14705849
11.19411850
12.67646980
11.81176376
13.50196362
12.45294285
12.09019566
13.01372719
12.43529797
11.95490265
11.90196228
12.09411812
11.53529358
12.49411583
12.64509869
15.26470566
11.00196075
11.75098419
11.48039246
13.55098152
12.27843094
12.00392342
12.81568718
13.11568737
12.46666908
12.63529682
11.40000153
12.25490189
12.31176567
13.06666756
14.53333282
11.64902020
12.21960926
11.19411755
13.62353325
12.78627396
11.93333054
13.20392036
14.20588303
12.90196419
12.27647305
11.10980415
13.19019794
13.50392151
13.59215832
13.73921680
10.98431396
12.16274357
11.18627453
13.89019585
13.28431511
12.60000038
13.33137417
15.66078568
13.86862850
12.00392246
10.72157001
13.56470776
14.80392170
13.50588226
13.40392399
10.46078491
12.39019775
11.69804096
13.84117889
13.19608116
12.63921642
12.98039436
17.99411774
15.50196457
12.53137302
10.76274586
13.56470585
15.08039379
13.69215870
13.83725834
10.94509697
12.96470737
12.13137341
13.33921623
12.90196323
12.33725357
13.35098267
19.89411926
17.37843323
13.28039169
10.79803848
13.24705982
14.64902115
13.37450981
14.02353096
11.13725471
13.57646942
11.85882473
13.15098000
12.77254772
12.41960907
13.75882435
20.93137169
19.82548904
13.53921509
10.69215584
12.69412041
15.58235455
12.48823738
14.40196323
10.89999962
13.76470757
11.45882225
13.27058983
12.85686207
12.55098057
13.93921947
20.86274529
22.26274681
13.73333073
10.53921318
13.00784397
16.26078606
12.73333263
14.48431492
11.11960793
14.09412003
11.21176338
13.43333626
12.98431396
12.80588245
14.36078739
20.55490494
23.89215660
13.77843189
10.56666946
12.99019909
16.14705849
13.53529549
13.89803886
11.22352886
14.75686455
11.14313698
13.76666832
13.40392017
13.50588322
14.86274529
20.66470528
24.61373138
13.33921528
10.54901886
12.85098267
14.95098209
14.29019833
13.82353020
11.31960773
16.55294037
11.44902039
13.92157173
14.08039570
13.67647266
15.25293922
20.04705811
24.26274490
13.13333321
10.30784416
12.59803963
14.60392570
14.31372643
14.22157001
12.04313755
17.65490341
11.32941151
13.49411869
13.75294018
12.88235378
15.27843285
20.25098801
23.09215546
12.92157078
9.14117622
12.43529510
14.79019737
14.22941208
14.10000038
11.76274490
18.28627396
11.81764603
13.53725624
13.18039417
12.37059021
15.62745476
20.79607964
22.53726006
12.56862736
9.04313755
12.19215775
14.77058887
13.94313812
13.63529396
12.09215641
19.54706001
12.50196075
13.91372871
12.77843285
12.95490456
15.38823509
20.51568794
21.97255135
11.32745361
9.50784397
12.13333511
14.45294189
13.42549133
13.16470814
11.43137360
20.39019394
13.31372356
14.35098076
12.79999924
13.37255001
15.61960793
20.16078758
20.38039398
10.53725433
10.15490437
12.40980434
13.90196037
13.12941074
13.34902191
11.61372566
20.54705620
14.49215794
15.09804153
12.60000229
13.54706097
15.81176662
20.02549553
19.19019508
9.71372604
10.06274414
12.67647171
13.49411964
12.91960812
12.79411793
12.10000134
20.25882530
15.01372719
16.14314079
12.47058964
13.49019527
16.23333359
20.00588608
18.09411812
9.96470737
9.49019814
12.79608250
12.92940998
12.95686340
12.83333588
12.46862984
20.58627701
16.21176529
16.90196228
12.79019737
13.48431587
16.36470604
19.89803886
17.12549019
10.64509773
9.26666737
13.06862640
12.51568794
13.31176758
12.55294228
13.37647247
20.46470833
15.87059021
15.79999924
12.83725071
13.21960831
16.41372681
19.21961212
16.69804573
10.66078377
9.40392399
13.46666622
12.89803982
13.37059021
12.54313850
13.61960697
19.62156487
15.04902267
14.78235245
12.45686245
13.43921471
15.92745304
18.72941208
16.49608040
10.44509697
9.74117756
13.64313889
12.55882359
13.18823624
12.30196190
13.18235397
18.74118233
14.37843227
14.42548943
13.06862926
13.27254963
16.15490150
19.19608116
16.01764679
10.15490150
9.37646961
13.57058907
12.88627243
13.40784645
12.62352943
13.40980339
18.59411812
13.37451553
14.35294247
13.39804077
12.74705887
17.09411812
19.89020348
15.32745075
10.31960964
9.12745094
13.90392303
13.38039494
13.87058926
13.43137455
13.51568604
18.49411964
13.01372719
14.47255039
13.87647438
12.95686626
18.00391960
19.02941513
14.72352982
10.68823433
8.76862907
13.70588398
14.26470566
13.77254963
13.40588284
13.56862736
18.35098076
12.75490189
14.82745266
14.35686684
13.35882187
18.10000038
17.69607925
14.97843266
10.43921661
8.62156868
13.40588284
14.55097961
13.81568813
12.96470642
14.14509773
18.26470947
12.81568432
14.94117737
14.34509945
13.12744999
18.13137245
16.82156754
15.51764774
9.91176605
8.89803886
13.25882816
14.43725586
13.86274433
12.60391808
14.04902077
17.87647247
13.59607887
14.62745094
14.30784798
13.38431454
18.51764870
18.36666870
15.49608040
10.05098057
9.19803905
12.81372643
14.55098152
13.34706116
12.11960793
13.22941208
17.76666832
13.93725586
14.54509830
14.40196419
14.12156773
18.69607925
19.61569214
17.06470871
10.57058811
9.54117489
12.64510059
14.19019890
13.20195866
12.07647038
12.02744961
17.80980682
14.03529739
14.89608288
13.87843037
14.12941074
20.14313507
20.65490532
18.10196304
10.57646942
9.11568737
12.64902020
13.80000305
13.12352848
12.00980377
10.89607811
17.54314041
14.26863098
15.31764984
13.76666641
13.85098171
20.68038940
20.43725967
18.24118042
10.32549095
9.41372681
12.92156887
14.18627453
13.24902153
12.15294075
10.06470585
16.29019547
14.04901981
15.41960812
13.84902191
14.15098476
20.75294113
20.98823738
18.52156448
9.72941303
9.95686340
12.52744961
14.18431377
14.11961079
13.00000095
10.19215775
15.34117985
14.00588226
15.39411831
13.78039551
14.40588379
20.66666412
21.20588684
19.06666756
9.94117546
9.94509792
12.54705906
14.09803867
14.31568718
13.78235340
10.13333321
15.21372795
13.79607868
16.23137474
13.51568508
14.75098133
20.55686569
20.44902420
19.40784454
10.22941017
9.67058945
12.74901962
13.09412193
14.12157059
13.95490360
10.19019699
15.28431416
13.55098152
16.19412041
13.08431530
14.82941151
19.87451172
20.03529358
18.92940903
10.62745190
10.10195923
12.87450886
13.01372910
14.39804268
13.75098038
11.14117622
14.78235435
13.69019699
15.74509907
12.76862907
15.13725662
19.12941360
19.86667061
17.74117661
11.53529453
10.54313946
12.34706020
12.61176491
14.76862812
14.01176548
11.97254848
15.10000134
13.50588322
15.35097980
12.96862793
15.05882263
19.04902077
19.33921814
16.82548904
13.28039360
10.27647018
12.19804001
12.50196362
15.24509907
14.90980530
13.22941303
16.31764793
13.68823814
15.27254963
13.12549210
14.38235378
18.24902344
19.40196228
16.52157021
14.29804230
10.55097961
12.00196075
13.48627663
16.43137360
14.93137455
14.01764870
16.76470757
13.75294399
15.70195961
12.98431587
14.65294361
17.43921852
19.37254524
16.64313698
14.21372509
12.02157211
12.58235168
14.83333302
17.68039131
14.63725567
14.04313850
16.96862793
13.89215851
16.11764908
13.13333130
14.14902115
17.40196228
17.98039055
17.11764908
13.88039207
12.76078701
13.01568604
15.88627625
18.69607925
15.12549114
13.86666679
17.35686493
14.79019642
15.83137321
13.19411945
14.02157211
17.53137398
16.01960754
16.65490341
13.14706039
13.16666889
12.69019794
16.46862793
20.07059097
15.54902172
13.86862946
17.65097809
15.57451057
14.93137074
12.92745113
14.62156868
18.03725243
14.59607887
15.91568565
12.05098057
13.71764755
12.20588303
15.36862850
19.89608002
16.29803848
14.00588512
17.50587845
16.43725586
14.97647381
12.31568813
15.13921833
18.79607582
13.75294209
16.54117775
10.95294189
14.32941341
12.43137550
16.39607811
18.95098495
17.52745056
14.05686378
17.43333626
15.73529434
14.65294456
11.92156792
15.74705887
18.75490189
14.22156811
16.78627396
10.28823662
14.98627472
12.11568737
17.84902191
18.42941093
18.81372833
13.47843361
17.47647285
14.05294132
14.22156811
12.28039455
16.27647209
18.58235550
15.66274452
17.25882721
10.08823490
15.02156830
12.27843189
17.50784492
18.07254791
18.93137741
13.52941227
18.54313850
13.33921623
14.64509964
12.74510002
17.25686455
18.99803734
17.28627205
17.98627281
9.77058792
14.69411850
13.19019794
15.81176567
17.99804115
18.61176491
13.85490322
19.10784340
14.65098286
14.79804134
12.86863041
17.62353325
18.99804115
17.49411774
18.30588722
9.75098133
15.00392532
13.66666698
14.62157249
17.60784340
18.55686378
13.72941113
19.79999924
17.51764870
14.52941322
13.11372757
18.00392342
18.88823318
16.24901962
18.60196495
9.80980492
15.85490322
15.25882721
14.77450943
17.27451134
18.60980606
14.24510002
19.71961021
18.50980186
14.78039360
13.27646828
18.69215775
18.19804001
14.99803925
18.38627625
10.47450924
15.59411716
17.82549286
15.30196095
17.09803963
18.33333206
13.90980339
19.07646942
18.13333702
15.60980606
12.73921680
19.81960869
17.76862717
14.85882473
18.13529396
12.62745380
14.96863079
19.46274757
15.47843361
18.08627701
17.64313889
12.49019718
18.64901924
16.78627396
17.01764870
13.14706230
20.09803963
18.05882263
16.03137398
19.06078339
14.36275005
14.64314079
19.18823624
16.16862869
19.76078415
17.04902267
11.03333473
18.27843094
15.57843018
17.41764832
15.65098095
19.76470566
18.69412041
16.35098076
20.04706192
14.85294056
14.64313889
18.61960602
18.32352829
21.26470566
16.51960945
10.78627586
17.67058945
14.03725624
17.30196190
19.31764984
18.40196228
18.24902153
15.72941303
19.66470718
15.58627605
15.55294132
18.77254868
19.77842903
21.06666565
16.03725624
10.87647247
17.64313507
14.18039131
17.00980759
20.21764755
17.67059135
17.74509811
15.54706192
18.03529739
16.01960754
15.24509621
19.26078415
19.21961021
19.86667061
14.93529320
10.99019623
17.41764832
15.11569023
16.67843246
20.23137283
17.20588493
17.60000229
16.17255020
16.70588303
15.72941208
14.21568775
19.80588341
17.37255287
17.92745018
13.80784416
10.97843266
16.32353210
15.52549076
16.01764870
19.81764793
17.32353020
16.92941284
16.30784416
16.18431473
15.39215755
13.84902000
20.10980225
15.37058926
17.00588608
13.36470604
11.55490112
15.13725567
15.36470795
16.28431511
19.30784607
17.75686455
15.95294094
17.11764526
14.96862888
15.18039608
14.47843266
19.84706116
14.10392189
16.30588341
13.40784359
10.71372318
15.65097809
14.66274643
16.58823776
19.74117661
17.48823738
15.59215832
16.78235245
13.16862583
14.41960907
14.52156734
19.77451324
13.88627625
15.31176758
14.82941151
9.87058640
16.09019661
14.47451115
16.21764755
20.17646980
16.94313812
16.03529358
16.71568680
12.63921642
13.19999981
14.19019794
20.61569214
13.39411545
14.13137341
15.63137436
9.91372681
17.22941208
14.45882702
15.98235607
19.58038902
17.04902267
16.09412003
16.94117928
11.64705849
11.99019814
15.56078720
20.96078682
13.31764984
12.73921680
15.95490456
9.85490322
17.48627472
14.81372833
15.62941074
19.07058907
17.47647095
15.56078720
17.45294189
11.21960831
10.90980625
16.22549057
21.63529205
13.49804211
12.39019680
16.87843704
9.46078396
17.95098114
15.80980492
15.67647362
19.39411736
17.34902000
15.63529778
18.09412003
11.44509983
10.54117775
15.63921738
21.77451324
13.80784225
12.90784359
18.11176682
9.57254982
18.66470718
16.78235435
15.79804039
20.07058716
16.87647057
15.71961021
18.27647400
12.26078606
10.70980453
13.75882339
21.83921814
14.62941265
14.22156906
18.44901657
10.15490246
19.13333511
16.49804115
15.96862888
20.42352867
16.60980606
15.28039455
18.27255058
14.09215832
9.94313812
12.86470604
21.74509811
17.32549286
15.81176662
17.56078529
10.35490227
19.95294189
16.15882492
15.76274490
20.67059135
16.12352943
15.35098457
18.61764908
15.79607773
8.71960831
12.08823586
21.38235855
19.42548943
16.90392303
16.68038940
10.32549095
20.17843246
16.77450752
15.05294228
20.44901848
15.90784454
15.39215660
18.62157059
16.80392075
8.21960831
10.44313622
20.02548981
20.96078110
18.51960945
16.14313698
10.25294113
20.27058983
18.76078415
14.82353115
19.95098495
16.67255211
15.16470528
18.20196152
16.83921814
9.22156906
9.22941208
18.79216003
20.82941055
20.00000191
16.17843819
10.22352886
19.80980492
19.93137169
14.50784588
19.75686646
16.56470680
15.82352924
17.76862526
15.70980549
9.97255039
8.39411831
17.46666527
20.14706039
19.33333015
15.76274586
10.84117699
19.27843285
21.30392456
15.02745152
19.36863327
16.68039131
16.68235397
17.05490685
14.54509640
10.63529205
7.62549019
16.62745285
20.76470566
17.66274643
15.26078415
11.47647095
19.09019852
22.85491180
17.42353058
19.50196457
17.24901962
16.55882645
16.57451057
13.64313793
11.61372948
6.77058744
16.29019737
21.89412308
16.90784454
14.52353096
11.55097866
19.14117813
24.89607430
20.43725586
18.86862946
19.15686226
16.15490341
16.27647209
13.17843151
12.19608212
6.62745142
16.17255020
22.97058487
15.84313583
13.79411888
11.16470528
19.20588112
25.22352982
20.94314575
18.14313698
20.49607658
15.78627396
16.56863022
12.90784645
11.48627758
6.83529520
16.43725777
22.96078300
14.97450924
13.82352924
11.50000000
19.46078300
24.88235664
21.87451553
18.21569061
20.97646713
16.16470337
16.11568832
12.28627682
9.77254963
7.57058764
18.32941055
22.10588074
14.91568565
14.27451038
12.37843132
19.57451057
23.73333549
22.20588303
18.42549324
22.25490379
17.43529320
15.75490284
12.40980625
8.79803848
9.08039284
20.76078606
21.35686111
15.21960735
14.76667118
12.55098248
19.78039360
23.02745056
21.50784683
17.82941437
23.64706230
18.15882492
15.02941132
12.60392475
8.83725739
10.83921719
21.01372910
20.60000420
14.86078453
15.31960773
12.32745171
20.00392342
22.47254944
21.11176300
17.42941475
22.76470757
18.18038750
13.00784302
12.30588341
8.64117813
13.01764679
20.83921814
19.47843170
14.30980301
16.32353020
12.21568680
19.75686264
21.19215775
21.70980263
17.89020157
20.64706039
18.61961174
12.00784397
11.54117680
9.33137226
14.00392342
20.66469955
18.31372452
14.52941513
16.26274490
12.34706116
19.60588264
20.42353058
24.30980682
18.26863289
19.29411697
17.67059135
11.93529320
11.28235340
11.27451134
15.72157097
20.75097656
16.70980453
14.02156830
16.27058792
12.43725586
19.14313889
19.01569176
25.74314117
18.50980568
19.72549248
17.01960754
12.26862812
11.64902020
11.92353058
15.87450981
20.79803848
15.72352791
12.71372700
16.84509850
12.50588131
18.46078110
18.36470795
25.08235931
18.50392151
20.81960678
16.12549210
12.91568851
11.90392303
11.69019604
14.30000210
19.37647247
14.81372547
10.48627567
16.95098305
12.69608021
18.02156830
18.01961136
23.20392609
17.98235130
21.44313622
15.57254887
13.05294228
12.20000172
12.00784588
13.17647266
17.32941055
14.72549152
10.09215736
17.89608383
13.30784321
17.44705963
18.75294304
21.80195999
16.84117889
22.77058983
15.97451019
12.78431606
12.63137245
12.78823566
13.21568775
16.01764870
15.20980549
10.01764870
18.01177025
13.61176491
17.68039703
19.03333473
21.13529587
16.53333664
23.61568832
16.70588112
12.95882797
12.61961079
12.69019699
13.39608002
15.87058830
15.35097885
9.97647095
17.75294495
13.26274681
18.19999886
19.23137474
21.13333321
16.49216080
23.75686264
17.40588570
13.24510098
12.18039513
11.95098400
13.81764984
16.37058640
15.31176567
10.39607906
16.87647057
13.14313793
18.82941246
20.25293922
21.05490494
16.51372719
23.91764832
18.27254868
13.03921509
11.94705963
11.07451153
13.79215813
16.62352943
15.81372547
10.79215622
16.68823814
12.72352982
19.23529434
21.38431549
21.46274567
16.63333321
23.61764717
19.20195770
13.25882435
11.26274681
10.97254848
14.55098152
17.11568642
16.26470566
11.61568546
16.56274414
11.55882359
18.78431320
22.04117584
21.01176453
16.30392075
22.19020081
21.81176186
14.09608078
10.81568909
11.00980568
15.41176414
17.37059402
15.69999981
12.16470623
16.56274223
10.83725452
18.41568756
22.00195885
20.94705963
17.09215546
20.47254562
22.18431473
13.53333282
10.86470795
10.51568699
16.17646980
17.97451210
15.18823624
12.89019775
16.09412003
10.89019680
18.58431625
21.60196304
21.88823509
18.29607773
18.94313812
21.03725433
13.06470680
11.56862640
10.60588360
16.48627663
17.71372604
14.81372452
13.35490227
15.32156849
10.86862755
18.58627701
21.24313927
22.20392227
19.20195961
17.76862907
20.21176720
13.42549229
12.41764736
12.00392342
16.54706192
18.32157135
13.33725452
13.56078434
15.22548866
10.87647152
18.26470757
22.31765175
22.05098343
19.45882607
16.65294266
19.48039246
13.53137493
13.02548981
14.02941322
15.96470642
19.67843437
12.56274700
13.02548981
15.55490208
11.39999962
18.30588150
24.09804153
22.74705505
19.34705925
15.54902077
19.02353096
14.02353191
13.01372623
15.22352791
14.63529778
20.15489960
12.15294266
13.12157154
15.69803905
12.04705906
18.37254715
24.06862640
23.36470985
19.84509468
15.14510059
18.76078606
14.73725510
12.52157021
15.07843113
13.49215794
20.87451744
11.56470776
13.23921680
15.98823643
12.49412060
18.50000191
23.41372681
24.27058983
20.80392075
16.70784569
19.61764908
15.73725510
12.22941208
15.07254791
11.36470604
19.89999771
10.48235512
14.15294075
17.15098190
12.43529606
18.03137398
23.77058601
25.06274605
21.06078529
20.14314270
20.91372299
16.38235283
11.88431358
14.75098228
10.24509716
18.57843208
10.66666603
15.79999924
16.89608002
12.37450886
17.54313660
23.61176491
26.03921890
21.52353096
24.61568832
22.77451324
16.82744789
11.60980415
13.79019737
10.41176510
17.15294266
12.48431492
17.72745323
16.29804039
12.35882568
18.02941513
22.44705963
26.76078415
21.91764832
24.87451172
23.96666908
17.91568947
11.95098019
12.30980396
10.89607906
15.12745285
14.85293961
18.84902000
16.81764793
12.31568527
18.04314041
21.41568756
26.99019623
21.97254753
22.40588379
23.83137894
18.44117928
12.50980568
10.66470623
11.32549000
14.59412003
15.54117584
19.24509811
17.40784454
12.29019451
17.01372910
21.55686378
26.07647133
23.07450867
19.81176758
22.13921356
17.62745285
12.90000153
9.24313831
12.15686321
15.00000095
17.12745285
18.59999847
17.53333282
12.34313774
16.21568680
20.86470604
23.11960983
23.17843056
18.28431702
19.96863174
17.36274338
12.93529606
8.32156944
12.76666832
16.45882416
18.45882225
18.16862679
16.65490341
12.43725586
15.67254829
20.30392075
20.07843208
23.36862946
17.94510269
18.89608002
17.72941399
12.41568661
7.97058964
13.18039227
17.29019737
19.43137550
17.62156677
15.77254868
12.14509964
15.42745113
20.01960754
18.94313812
22.51764679
17.73921585
18.31960869
17.60980606
11.69215679
8.55490303
14.42745209
18.01765251
20.34509659
17.04117775
15.12549114
11.77647018
15.58823490
19.69019318
19.13333511
20.90195847
16.94117737
18.42744827
17.15686226
11.58039188
9.40196323
15.25490379
18.96470833
20.30196762
17.03921509
15.29019737
11.68627644
16.36862946
18.63333511
18.29019356
20.07058716
16.23137283
18.34902000
16.48627472
12.35490227
9.77058887
15.06470490
19.77254868
18.00588608
15.97255135
16.21568680
11.33725643
16.88431358
18.23725700
17.89215660
20.05882454
16.25686073
19.47058678
15.95490456
13.04705811
9.99215794
15.56274509
19.21961021
15.89804077
14.99804020
16.02157021
11.42156887
18.41960907
18.19804001
17.92745209
19.23921967
16.92941284
20.81764793
15.70196247
13.05294228
10.40784454
15.65294266
17.72352791
14.96274662
14.38235474
15.69607925
11.24509907
18.87843323
17.64509964
18.24117470
18.37843132
17.94705963
21.62941360
15.58431816
12.91372585
10.50588417
14.71764755
16.61568832
14.50392437
13.93529606
16.34902000
11.53725433
18.70000076
17.95686340
18.43725777
17.18823814
19.14509964
21.91176796
15.63529682
12.56274605
9.99215603
13.56470680
16.00196457
14.37255287
13.73529530
16.46470642
12.10588264
18.11961174
17.43725395
18.85882568
16.60196495
19.91960526
21.17843056
15.84705830
12.18627739
9.21764565
13.20392513
15.52549076
15.22549057
13.24509907
16.32352829
11.81568718
17.47058868
16.92156982
19.67647362
16.80980682
19.67254829
19.92941284
16.66275215
11.44313622
8.60196018
12.72156715
14.36274624
15.09215832
13.63529396
16.87254906
11.47058678
17.24313545
17.38431549
19.55097961
16.59411621
19.70979881
20.33333778
17.36470985
10.84510040
7.93921614
12.25490284
14.06078434
14.02157211
13.73725605
17.05490303
11.60196114
17.12156677
17.78039360
20.23137474
17.00196266
19.85490036
20.89999962
17.10196304
11.02156734
7.47647190
12.20196056
13.95294189
13.14902210
13.97255039
16.42353249
10.95882607
16.62745094
17.76274681
21.44313622
17.90392494
19.35490608
21.30588913
16.37254906
11.28235340
7.30588293
12.44706059
14.17058945
13.26470947
14.17254925
16.11372566
10.61176395
16.17843246
17.11764908
21.77255058
17.45686531
19.04706001
21.11176109
15.79607773
10.82941341
7.64509869
12.30392265
13.38823605
13.23333549
14.13137531
15.62352848
10.24901962
16.06862640
16.20392227
20.70980072
17.33529091
18.78823471
21.36470222
15.27451038
10.70196247
9.20588303
12.52156925
13.06862736
12.71176434
13.97842979
15.64313793
9.86078453
15.73725414
15.85686302
20.37451363
17.68627167
18.89019585
21.62940979
15.17843056
10.88627625
11.11568642
13.82157040
12.96666622
12.28627586
13.96274662
15.43333435
9.58039284
15.46274567
16.12156868
19.85098267
17.89411926
18.66470909
20.54706001
15.29215431
10.68823624
12.04117775
15.29019737
12.68431282
11.85882568
14.02353191
14.68823528
9.72549152
15.00980568
16.53921509
18.77647209
18.40588188
18.70784187
20.05490303
14.93333244
10.89412022
12.51372623
15.06667137
12.29412079
11.25490189
14.02549076
14.71764946
10.55686283
14.47843361
16.61372566
17.72353172
18.62941170
18.30391693
19.39216232
15.17059135
10.79607868
12.72352982
14.76274681
11.85098457
10.91372776
14.16470718
14.70588398
10.85686111
14.53921890
16.16078568
17.36274147
19.42549133
18.19019699
19.00196075
15.32352924
10.13333511
13.64705849
14.64706326
11.06078625
11.38235378
14.23529530
14.81568718
11.43725491
14.50392342
16.36470604
17.79607773
19.49019814
18.20392609
18.53333473
15.00784683
9.39607811
13.86274624
14.30980682
10.21764851
11.37843323
14.96470737
15.14117813
12.51176453
14.51961040
15.82353115
18.66078186
19.60000038
18.93921852
18.84706306
14.89215660
9.11764717
13.69411564
13.83921814
9.58039284
11.32548809
15.42353058
15.40196323
13.09999847
14.83529663
15.79215908
19.55490112
19.80980110
20.13921547
19.38039398
15.41372585
9.94509792
13.59607983
13.40000153
9.22745037
11.54706001
14.88039303
15.50980568
13.46078396
15.03333473
15.66274643
19.96078491
19.79412079
20.21568298
19.38039398
16.05490303
11.54313660
12.20588303
12.86862755
9.05882359
11.37451077
14.75882244
15.76470661
13.85294151
15.46667004
15.78823662
20.08039093
19.14902115
19.60000229
19.93921471
16.68627739
12.52745247
10.48823738
12.66470718
9.00000191
11.66470718
15.32745361
16.18431664
14.01568508
15.92353249
15.58431816
19.68431664
18.49607849
19.12549210
20.48627090
17.24706268
13.99215698
9.10980606
12.51960945
9.38431454
12.24902248
15.57254982
16.32548904
13.65882492
16.14902306
15.55294418
18.97451019
18.55097771
18.75097847
20.42744827
18.09412003
15.19804096
8.03725624
12.29803944
9.98038864
12.97254944
16.88627243
16.11764526
13.42549133
16.11960793
15.29019928
18.44118118
17.83725357
18.89804268
20.10588455
19.04313850
14.21960831
8.00196171
11.52353001
10.09999943
13.53921700
17.20000267
15.53921890
13.69019508
16.59412003
14.57450867
18.44117546
16.76078606
19.54902077
19.04117966
18.99607849
11.62549400
7.74117851
11.07058907
10.24313450
15.74117661
17.10392189
14.87451172
14.22352791
16.60588074
14.31372547
17.80000305
15.88627338
20.28626823
18.33529472
18.79411697
9.59607983
7.43333435
11.05294228
11.30000114
16.51372719
17.31764793
14.94902229
14.59804153
16.50000000
14.47058964
18.00000191
14.59607983
21.89020157
17.58431435
18.38627815
8.24902058
7.11764717
12.04313946
12.83921814
18.56078339
16.71176338
15.01372623
15.09019661
16.34705925
14.27058601
19.11372375
14.00196362
21.37647247
17.12549400
17.32353210
8.65294266
6.27451038
13.06666756
13.21764946
18.64117813
16.27254868
15.15490246
15.71372604
16.50980759
13.99019527
18.78039169
13.36470604
20.82940865
16.60980415
16.82941437
8.92353058
6.36862803
13.91176510
12.30588341
16.99215508
15.33725452
14.70196152
16.19411850
17.10000038
14.16666985
17.61372375
13.11176491
20.44117737
17.69215775
16.55490112
8.41960716
7.28823566
13.32156754
12.97255039
16.57058907
14.15882206
14.91568756
16.29607964
17.87843513
14.35490131
17.28039360
13.31764603
20.28627777
18.15686417
16.72157097
8.68627548
8.78235340
12.45882416
14.80392456
15.80980682
14.06862831
14.87450981
15.91960716
18.15294266
14.30196381
16.83333397
14.25490189
20.45294571
18.50392532
17.12745094
9.67451096
11.77843094
12.18235302
15.70784569
15.38431549
13.77451134
14.69608307
15.28627491
19.08431625
14.08235264
17.21372414
16.06666756
19.64509773
18.42941666
17.40980530
10.67254925
12.62353134
11.87255001
15.64117813
15.08431435
12.75686264
14.81764984
14.47058868
20.11176491
14.04510021
17.36863136
19.04509735
18.44510460
19.27058983
17.47647285
11.63921547
12.59803963
11.57254982
14.52941322
15.06666946
11.67255020
14.52745152
14.17843246
20.32353210
14.30588245
17.09412193
20.98039436
18.45490265
20.39019775
17.77451134
12.45882320
12.08627605
11.92941284
13.21764851
15.42941284
11.50784302
14.77647018
13.61960697
20.26666451
14.76078606
16.72353363
20.93332672
19.21960640
20.42548943
18.32157135
13.15882301
11.60588360
13.19804001
13.03529549
15.36666584
11.60784435
15.64117718
13.59019661
19.68235588
15.21176434
17.11176682
19.58039474
21.39411926
20.40196037
18.66470718
12.69607925
10.76078415
14.98627663
14.58431625
14.99411869
11.22548962
15.30980492
13.56078529
18.92352867
16.08431435
17.65882492
18.41372871
23.38627625
20.12157059
17.48235512
11.98431492
10.23333549
15.77254963
16.54509544
14.87255001
11.08431625
15.12941170
13.61960888
17.72352982
17.12353134
17.99804497
18.07450867
22.52353287
19.83333969
17.13921547
11.88235474
10.18235302
15.91764736
17.14902115
14.25294399
11.39607906
13.86274624
13.00196171
16.64902115
18.68823814
17.71569061
18.00588417
20.79411316
18.65098381
17.24313927
12.82157040
11.14117718
15.31372738
16.47843361
12.32353020
11.41176510
12.26078224
12.50784492
15.81176567
20.00196457
17.79607773
18.05293846
20.04902458
17.23921776
16.82156754
13.70000076
12.48627663
14.19019794
15.75686646
11.90392208
11.19215775
11.80000401
12.14901924
15.23137283
19.57843208
18.01568604
19.37647247
19.98235321
16.95294189
17.21764946
13.05294228
12.57646942
13.48823547
14.83529472
11.67058849
11.08431530
12.08235550
11.72745132
15.09412193
18.58431244
17.38039207
19.59411812
20.20784378
16.62941170
18.10195923
11.96274662
12.65097904
13.23529148
14.71176624
10.99607754
11.26666546
12.41960716
12.18235302
15.13725567
17.75098038
17.01764870
19.06470871
19.35882187
16.26862907
18.12352753
11.80392075
11.68627453
13.39019775
14.28235435
10.68039227
12.12353325
13.23725796
13.10588455
15.38627529
17.67058754
17.38823700
17.97647095
18.09411812
15.54510117
16.91568565
12.13137436
10.20392227
13.86078644
14.52549267
10.81176472
13.23725605
14.08039188
14.05882359
16.51176453
18.31372261
17.54706383
18.58627129
17.67450905
14.44902229
15.32549191
12.11372662
9.08235168
13.44313908
14.25686169
11.10784340
14.11372566
14.17843342
14.09607983
18.00784492
18.52156448
18.58039284
19.35098267
17.87843132
13.80196190
13.76274586
11.53333473
8.73137283
11.94313908
13.28235340
11.48039246
14.38431644
14.39019966
14.34706211
18.52548981
18.01764870
20.72745132
19.34313774
18.53921509
13.27647305
11.42548943
11.07058716
8.72745228
10.97254944
12.35882473
11.93137455
14.78823757
14.35098171
14.62941360
18.96078682
17.87059212
20.52745247
18.66863060
18.60588264
13.33137512
10.86470509
11.14509678
8.61960793
10.95882511
11.73137474
11.78823471
15.53137207
13.59215736
14.11764812
19.71961021
18.12745094
19.61568642
18.55882454
18.32745171
13.36470699
11.42549038
10.64705753
8.38627529
10.82156944
10.50588322
11.16274548
15.65686321
13.43333530
14.02156830
18.74314117
18.28823662
19.01177025
18.85882378
18.47058868
13.79412079
12.37059021
10.81764793
8.24509716
10.29215813
9.23725605
10.87843132
15.45098495
13.48627853
14.77254772
17.18038940
18.12745285
18.57450676
18.62745285
18.33725166
14.62352943
13.97254848
11.96666813
8.24117756
9.84117794
8.61176586
10.60196018
15.51176643
13.99804211
14.68039131
15.41568756
17.34117699
18.67450905
18.08823967
17.88823700
14.87255192
14.67450905
11.94509888
8.49999905
9.64902020
8.14902115
10.04117680
15.13137531
14.30000210
14.56470871
14.52941322
17.11568642
19.15686035
17.52353096
16.68627167
14.84313774
15.63921833
11.28627682
8.32156754
9.03725529
7.44705963
10.15686226
14.52353096
14.20588493
14.49019909
14.33921719
17.00392342
18.78039360
16.78039360
15.00980568
15.35098171
15.73529434
10.43333626
7.58627558
7.98235273
6.76666594
10.32157135
13.32745075
13.81764793
14.76274681
14.23529530
16.49803925
18.60784340
15.63529301
13.53529644
15.94313717
15.14902210
9.17647076
7.43137360
6.77254868
6.77451038
11.43137646
12.30784416
13.44705868
14.43921375
14.44509888
17.12156868
17.56078529
14.38431454
12.29412079
16.20196342
14.42549229
8.45882511
7.19999886
6.02941227
7.56470537
12.89411831
12.21372318
13.41176605
13.42745209
14.78823566
18.25098228
17.17646980
13.56863213
12.01764774
16.79804230
13.57843208
9.19411850
7.32549095
5.65294027
7.49607849
13.35098362
12.42353439
13.15490341
12.69411850
15.02549267
19.38431358
16.66666794
13.15490341
12.61176491
16.80784607
12.63921738
10.91960812
7.78431368
5.44313860
8.13137341
12.79803944
12.24117661
13.18431282
12.70588303
15.22745132
20.26667023
16.47058487
13.19803810
13.56666946
16.68823624
12.49999809
11.81568718
7.76274538
5.46666718
10.80196190
12.03333378
11.91372490
13.00196171
13.23921680
15.42745304
19.89803886
17.27254868
13.84313583
13.52941227
16.46078491
12.85882378
11.43921852
7.73529339
5.59411812
12.84509659
11.61960983
11.76862907
13.39607906
13.88039589
15.51176643
17.31960869
18.50392151
14.76862812
12.55686569
15.96078491
12.74509811
10.53137302
7.65686369
5.66862822
13.73333740
11.23529720
11.54117870
14.39215851
14.70588398
15.56078529
15.56862831
18.95098305
15.94706059
12.36666870
16.07843018
12.02745533
10.48039150
7.74313784
6.04509735
14.89608192
11.12549210
11.15686226
15.00588226
15.27451229
15.01764870
14.51960850
19.20588112
17.29804039
13.16274452
16.30392456
10.85097980
11.43137264
8.41372681
8.56666660
15.82941341
10.59411907
10.54509640
15.07059097
15.09019566
14.74313927
14.00000095
18.32941055
17.05490112
14.13529491
15.30784416
9.44509697
11.61960697
8.97647285
10.75490284
16.31764412
9.97646904
10.59215736
14.58039474
15.11568832
15.36274529
12.89804077
15.23725319
16.58431244
15.60196018
13.60980415
9.00000000
10.88431549
9.21764851
11.96274567
17.23137665
9.57058907
10.31568623
14.11568737
15.08235550
14.99411774
13.19804096
13.40588474
16.50588417
16.69411850
12.91764927
9.59019661
10.47647285
9.37451172
12.36862850
17.24509621
9.09411907
10.38235283
13.53137398
14.72549248
14.33725548
13.82353210
13.29608059
17.42549133
17.43921471
13.60196400
9.86666775
10.31176567
9.85490227
12.86078453
15.93725586
8.56666660
10.36078262
13.20784473
14.72745037
13.77451324
14.17451000
13.01372719
18.36666870
17.68627548
14.69412041
9.68823433
10.44705963
10.69607735
13.32352924
13.77255249
8.29215813
10.20784283
13.41765022
14.62549114
13.64706039
13.92941284
13.19411564
18.47255135
16.88039207
16.14117813
9.88235188
10.28823662
10.34902096
13.75098133
12.70392227
8.78039265
10.23921490
13.42156982
14.80980682
13.61764812
14.08431435
14.57254791
17.47647285
15.38039207
17.47058868
10.83529377
9.54705906
9.78235245
14.49607849
11.49019814
9.30196285
10.13137341
14.15882492
14.85882378
13.78039265
14.60392380
15.52941132
16.39804077
14.55294418
16.18431282
12.35098076
9.21568680
9.80980492
14.79999924
10.50196362
9.57843208
10.20980549
14.95294094
14.48235226
14.04117680
15.90392208
16.37647247
14.84706020
14.10196114
14.57255173
13.12353039
9.08039188
10.11568642
13.58235359
9.89019871
10.20195961
10.80196190
15.96470451
14.61764908
14.40195942
16.69608116
17.55686569
12.31568527
13.13725662
14.15098000
12.50392246
8.77058887
10.22549057
12.00784206
9.81176567
11.03137302
11.41960907
17.00588226
16.06078529
14.20784283
16.78431511
18.42745590
10.92156792
12.85294533
13.61568928
11.66470528
9.31568623
10.52157021
11.54509926
10.29607868
11.48039246
12.22352982
17.49019814
17.62745094
14.45097923
16.82745552
19.04509926
10.72352982
13.17647171
12.68823433
11.73333359
10.58431625
10.38431549
10.91568661
10.72941208
11.74509716
13.45294189
16.80000114
18.15490341
14.46274662
16.41568947
19.36274529
11.39019489
13.12353039
12.79608250
12.18823433
11.39608002
9.52941322
9.56666851
10.95098114
11.83725643
14.19019699
15.45882416
17.94510269
14.47451210
15.47843552
19.79411697
13.26862907
13.49804115
13.30000305
12.45294285
11.24902153
8.31568813
8.36862755
10.51568699
12.53137493
13.97647285
13.87058926
17.74313354
14.41765022
15.13921547
19.00196266
15.67451096
14.20784569
13.77059078
12.32745171
10.79607964
8.04901981
8.00588322
10.10392094
12.80392456
13.99411964
12.89019775
18.05294418
15.15294456
14.82549095
17.52549362
17.14901924
14.48823547
13.04706001
11.53137207
9.99607849
8.12549114
8.44117832
9.59019661
12.91176510
13.90980339
12.50784492
18.13137627
16.28039360
14.49215984
15.83529282
18.26863098
13.94117737
11.46274662
10.85294247
9.60784245
8.24509907
8.56078529
9.69804096
12.40392303
13.31568718
12.35686493
17.31176567
16.30588150
14.39019775
14.06274605
19.25098228
12.25882530
11.32156849
10.06274414
7.66470718
8.37255001
8.14509964
9.04117584
11.45098209
12.11372471
12.46666622
16.30196381
15.72941303
14.38235378
13.68235397
20.11961365
10.94117832
12.00588131
8.01764584
6.69607878
8.50784397
7.89804125
8.61960983
11.17843246
11.46666718
12.03529644
15.48431301
15.41176796
16.40980530
13.96470737
19.24509811
10.12156868
12.19804001
7.65490294
6.58431435
8.94901848
7.97450972
8.85293961
11.09411716
11.60588455
11.94705772
14.79803944
14.91176605
19.12941360
16.00784683
17.42352676
10.05490208
12.37843323
8.88431454
8.26470661
9.76470757
8.54901791
9.48235416
10.25882435
11.44509888
12.21372700
14.69411945
15.01765060
19.94117546
17.81175995
15.16470432
10.65490246
12.41568470
9.62548923
9.65294075
10.87450886
8.80588245
9.61764908
9.77647018
11.49804115
11.91176319
14.77451038
15.19411755
18.66274452
17.71961021
13.44313812
11.31960869
12.01960850
10.13921738
10.96078491
12.16274452
8.52549171
9.08823586
9.12156868
11.68235207
11.23137283
14.39803982
15.83137035
16.94705772
16.56470490
13.18235302
11.98627663
11.68431377
11.02941132
11.69607735
11.93725681
8.16470528
8.51960850
9.16470623
11.74509811
10.36863041
13.53529358
16.34509850
16.09411812
15.36862850
12.61960793
13.29804039
11.85882378
11.31568527
11.16274548
11.01764679
7.78235435
7.96666765
8.81568718
11.94118023
9.26862812
13.89803982
16.30000305
15.68823814
14.59019661
12.08235168
14.47843170
11.88823605
10.80588436
10.33137131
10.60392189
7.39215708
7.38627625
9.39019585
12.76666355
8.40784454
13.68235397
15.93333435
15.10392189
15.26078796
12.38431549
14.31764793
11.75490189
10.84902000
9.85686493
9.93529510
7.02941227
7.21568632
10.37255001
13.01372623
7.80000114
12.62548733
15.03529549
14.72549057
16.26078415
13.81764698
13.55294323
11.15686512
11.82941151
9.74117947
9.60588551
6.78627443
8.12745190
11.09804058
13.13529491
7.00196171
11.80392361
13.88823795
14.52157021
16.79804230
15.34706211
13.06666565
11.19019508
12.67058945
9.80196190
9.89215946
6.69607878
9.40196037
11.81372643
12.75294209
6.52156973
11.01568604
12.58823586
14.35294247
16.10588264
16.62941360
13.12745380
10.92745018
12.70392036
9.58039379
10.69215870
6.22156858
10.68431473
12.38627338
11.82353020
6.29215765
10.62745094
11.83725452
13.86078262
15.33921432
16.56862640
12.96666622
10.79607964
12.21372604
9.90392208
10.54509830
6.15686274
11.60588455
11.81372643
11.44705963
5.90000105
10.75686359
11.77450943
13.07647133
15.38627815
15.77843380
12.89411926
11.44902039
11.49411964
10.24509621
9.95686436
6.13333321
12.20196056
11.14705849
11.62352943
4.97843122
11.72745132
11.60000229
12.29607868
17.45686531
15.46667004
12.43725777
13.46274662
11.33333397
10.80391979
9.51176548
6.26078367
13.31764793
11.36274529
11.52353191
4.05098057
12.69803810
11.03725338
12.35686302
18.15686417
15.81372547
12.78431225
14.43529510
11.23137283
10.60980606
9.49411964
5.78627443
13.30000114
11.99607944
10.40588188
3.56078482
13.00784397
11.70000076
12.78431702
16.87058830
17.70784569
12.66862965
13.93725681
11.05098152
10.07254887
9.17450905
5.16274500
11.45686340
11.66274548
9.44117737
3.32549024
12.75882435
12.11372662
13.00000000
14.88627529
18.94117546
12.42549133
13.01176643
11.65490437
10.21372604
8.32156849
5.10784388
10.13137245
12.03725529
9.20392132
3.20784354
12.59607792
12.34509850
13.20196438
13.93922043
18.38823700
12.77059078
13.10784817
12.44313622
10.25098038
7.66470623
5.07254839
9.59804058
12.39803791
9.13333416
3.24901938
12.31764889
13.21568871
12.93333435
14.36862564
16.88039398
13.44117546
13.57647133
12.62941360
9.91764832
7.37843227
5.11568642
8.59411716
11.73529530
8.78039169
3.26862741
12.37647152
15.53333473
12.56666851
14.02353096
15.10980415
13.80392075
14.09412193
12.08235359
9.06862831
6.30000019
5.12352991
8.39215660
11.30980492
8.39215851
3.21764755
12.48039246
16.56078339
13.61568737
13.06863022
13.78627491
12.30392361
15.69804192
11.20000172
8.50784302
5.82549095
4.95882416
9.42352962
11.52156830
8.21568775
2.95882368
12.06666660
17.18235016
15.26470661
13.76078796
12.95098019
10.33529377
16.63725281
11.31960869
8.24313736
5.32941294
4.92352962
10.12745190
10.98431587
8.06470585
2.89019585
11.70392036
17.37451172
15.91176605
15.56666946
12.72549152
9.38823700
15.40588284
11.61960983
8.32352924
4.82352924
5.12745190
10.46666813
10.07058907
7.79411793
3.02352977
11.11764812
16.96471024
15.50196266
16.72549057
12.42353058
9.07059002
14.49607849
12.25882435
9.06078434
4.70784283
5.08235264
10.58039284
9.92352867
7.13725519
3.11960816
10.15294075
16.27843094
14.83333397
18.89411926
12.87647247
8.92156982
14.52941513
13.55098343
9.48823643
4.82156897
4.75490236
9.86274719
9.81960869
6.37843084
3.89215708
9.99607944
16.04706001
14.71568871
20.13921356
13.61372566
8.55294037
15.19215965
13.77450848
9.14313889
5.34509754
4.59607887
9.42352772
9.70588112
6.25097990
5.16078424
10.38823700
16.29804230
14.50000191
19.56078529
14.48039436
8.90000153
14.97647476
13.03333282
8.83137131
5.68627405
5.05490255
9.22549057
9.51568794
6.74117613
6.74705935
10.16862774
16.42156982
14.27058983
18.61960411
15.46470928
9.90980530
13.89215660
11.56666946
8.30980492
5.72352982
5.04509830
9.30784321
9.69804096
6.83921671
7.63137293
10.12549114
15.56470680
14.27058697
17.63137436
15.52156734
10.99804020
11.39215755
10.33137035
7.77843285
5.65686321
5.33921623
8.92156792
9.47843361
6.34902000
7.85098124
10.47843170
14.78823757
14.87059116
17.16078377
15.36274719
11.72352886
8.39215660
9.34509659
7.27058935
5.62941122
5.53725576
8.89803982
8.99803829
5.52156878
7.74117661
10.49999905
14.27254868
15.36470795
16.74313736
16.17254829
11.69804001
7.18039227
9.43529415
6.81960869
5.43137264
5.76862764
8.54705811
8.39411831
5.02745152
7.39803934
10.62744999
13.12549019
15.42156887
16.41372871
17.32353020
10.64117622
7.82745218
10.08431530
6.82352972
4.88627481
6.18235254
8.45686340
7.33137274
4.69607878
6.89019680
10.82745075
11.95294380
14.81568718
15.90980721
17.72549248
9.32156944
11.11961174
11.17451096
6.99607706
4.69215727
6.40980387
8.70784378
6.06470585
4.11176491
6.22352934
11.71568489
11.42353058
13.70588017
14.94117737
17.31372643
8.67647076
12.94706249
11.82352829
6.99607944
5.07058907
6.60784388
9.22941113
5.25098133
3.60588288
5.12352943
12.49804020
10.42941284
12.83137321
13.72745514
16.14705658
9.15490150
13.35686302
11.78039455
7.23725557
5.10784292
6.11372614
8.64902020
4.92353058
3.76078463
4.63921595
12.90588188
9.48431492
12.56274700
12.61176682
14.43137264
9.30784416
12.88431358
11.82157040
7.83137274
4.60784340
5.17843151
7.31176662
4.16666651
3.87058854
3.97843170
12.52941322
9.85294151
12.70196247
11.60392189
12.55490398
9.15294170
12.67058945
12.73333549
8.36470509
4.51372623
4.74117804
4.86470556
3.35294127
3.74117708
3.90980363
12.42549038
10.40784359
13.47059059
10.77450943
11.01176643
9.24117756
12.26470757
13.78431702
8.15294170
4.57058859
4.55882359
3.90392184
3.35294127
3.45686293
4.28431368
12.38823605
10.93529510
14.45098019
9.82745075
10.20392227
9.70392227
11.42156982
14.09999847
6.96666813
4.81176472
4.28431463
3.23137307
3.12352991
3.70392203
4.71372557
12.36470509
11.55098057
14.96078491
10.43529415
10.13137436
9.48431587
10.61372662
13.72548962
5.16274548
5.31960821
3.84509850
3.31176448
3.47451043
3.82353020
5.00196075
12.52353096
11.41372681
14.45098209
12.53921795
10.33725548
8.75098133
9.43137169
12.19804001
4.55098104
5.43529558
3.27843165
3.07451034
3.95686293
3.46274590
5.08823490
11.93333340
11.41176605
13.54705906
13.82156944
10.65490437
8.47843170
8.01764774
10.10196304
4.03333330
5.34313869
3.07451034
3.15098095
4.14117622
3.44902039
5.30588341
10.82156849
12.70784473
13.43333530
15.22745037
10.99411774
7.60000038
6.94705820
7.94313812
3.28431439
4.78235245
2.84902000
3.44117689
4.06666708
3.82549071
5.82745075
10.22353172
13.72549152
13.70588303
15.93529797
11.37647152
6.63921642
6.38431406
6.58823586
2.67647099
4.22352982
3.06274533
3.81568694
3.72352958
3.99803925
6.09019661
9.66470718
13.45882320
12.70392036
14.92745304
11.53725624
6.24901915
5.57058859
5.72352934
2.59411788
4.04901981
3.20980430
3.83137250
3.31568623
3.95686340
6.29607821
9.23921585
12.62941551
10.92745113
13.10784435
10.84313965
5.60784388
4.87843180
4.93921661
2.53921604
4.87647009
3.31176496
3.24313736
3.15294194
3.95686316
6.87843180
9.25686359
11.70784569
9.94509888
11.62549210
9.22548962
5.23529387
4.83137274
4.68627453
2.95294166
5.69803953
3.25882411
2.90196133
3.10392213
4.30784273
7.54705858
9.49411774
10.57647038
8.86470699
10.45882225
8.14706039
5.16274500
6.34313726
4.74313831
3.86666703
6.25882435
3.12156916
2.85490179
2.97254872
4.70784378
8.05294132
9.73921585
9.73725510
8.29607964
9.61176682
7.95686293
5.74117661
7.67647028
4.82745123
4.40196133
6.66470623
3.63725495
3.07254934
2.91764760
4.94705915
8.60784340
10.19803810
9.06078339
7.95882416
8.75882435
7.60980463
6.16862726
8.59411716
5.75490236
4.88039255
6.49019623
4.61960745
3.71568632
3.03921628
5.11960793
8.83725548
10.40196228
9.23529530
7.90784407
7.97058821
7.15294170
5.91372538
8.96274662
6.91960859
5.44705915
6.22353029
4.37843132
4.22352982
3.15098047
4.72941160
8.40980530
10.44902229
9.44902229
7.86078501
7.53137302
6.72157001
5.72745132
8.80196190
7.71764755
6.28627491
6.05097961
3.82156920
4.24705935
3.07450986
4.46274567
8.45490170
10.69215775
9.10000038
7.95098019
7.03333378
6.93529463
6.03137302
8.95490074
7.94705868
7.92352915
5.59999990
2.87254906
3.63725543
3.31764793
4.16274548
8.84313774
10.96470737
8.88823605
8.20784378
6.88823605
7.16274548
6.24509907
9.46078491
8.07254982
8.14902020
4.90196085
2.39607859
3.24705911
3.47843146
4.16078424
8.67450905
11.24117565
9.37843227
8.72156811
7.20000172
7.59411860
6.70980358
9.60784435
8.28235245
7.37254906
4.13529396
2.47647071
3.74705935
3.02156901
5.16862822
8.35098076
11.39803886
10.44902039
9.37058830
8.50196075
8.22156906
7.34117556
9.09803772
8.69999886
6.46274567
3.28235292
2.20000076
3.94313765
3.10392213
5.75686312
7.85294437
10.87451077
12.03921795
9.52352905
10.21960831
8.70000076
8.65882397
8.59607792
9.17647266
5.44313765
2.41960764
1.70196104
3.28823566
3.66274548
6.05882359
6.78431416
9.91960716
13.17451382
9.16274548
10.92941189
9.37254906
9.40196133
8.52941132
8.88627529
5.41176414
1.80588257
1.55686295
2.66274548
3.53921604
6.10000086
6.28039265
9.20588303
14.36666870
8.60000038
9.96666718
10.68627644
10.37450981
7.90588284
8.07255077
5.36078501
1.77647066
1.65294147
2.66666675
3.44509864
6.04901981
6.01764774
8.58039188
14.77647305
8.59019756
8.85097980
11.18235493
11.41176701
6.45098019
8.05686378
4.89607954
1.72549093
1.50000012
2.83333349
3.80784321
5.26274633
7.49804020
7.75294256
14.32744980
9.47647095
8.19215679
12.01372814
10.99411869
5.84313774
7.61960840
4.44901943
1.68039250
1.60392165
2.89803934
4.30588293
4.71764660
9.84313774
7.58627510
13.19804287
10.63137245
7.97451067
12.48235416
9.83333206
5.42549038
6.97450972
4.16862774
2.35490203
1.68431377
3.58431411
4.85490274
4.83333349
12.66274643
7.65098000
11.46862793
10.60588264
7.39215755
11.39215851
9.72941208
6.91372585
6.27254915
4.04117727
2.76862764
2.19215703
4.32156801
5.09803867
6.12941074
14.60196304
7.68627357
9.23725605
10.27451134
6.77451086
9.70588303
9.01176548
7.95686388
5.27647066
4.01960850
2.84313726
2.72941160
4.71764708
5.03529406
8.36862659
15.66274834
8.13333321
8.36666679
9.48039246
6.50588226
7.89019775
8.41764736
8.16470623
4.40000105
4.13529444
2.94117689
3.20196056
4.91568661
5.34705877
11.85294056
15.32941246
8.54117775
7.60392237
9.09607887
6.34117651
5.58823538
6.54313755
8.16666698
4.09019661
4.32352972
2.53137279
4.28235292
4.41568708
5.97254896
15.85490227
14.75098228
9.12549019
7.23921585
8.30392265
6.41960812
4.43137312
5.54117584
8.25098133
4.74902010
4.41568708
2.13725543
5.08235359
4.47843170
6.83333397
17.16862869
13.71960831
9.01568604
6.90784311
8.08627510
6.53333426
4.30980492
5.37254953
9.42549229
6.43333483
4.34313726
2.91568613
6.09215784
5.24901962
8.25882339
16.37059021
12.56078625
8.99804020
6.72549057
7.89607906
6.47450972
4.72156858
5.72941208
11.91961193
8.60000038
3.89215684
4.44117689
6.84509993
6.47843122
10.17450905
15.21568680
11.35098076
8.94706059
6.45490170
7.77647209
6.58431482
5.40196133
5.86862803
12.88039398
9.43137169
3.64901972
5.45686293
6.65490294
6.98627472
10.80000114
14.34510040
10.02156925
8.90784359
6.22353029
8.09411812
6.69215775
5.77843189
5.56862783
12.15294075
9.16666603
3.17058897
5.28431416
5.22156811
6.80392218
10.37059021
12.89608002
8.90392303
9.12941074
6.16666746
8.44509697
7.17647076
5.40588284
5.29607821
11.58431435
7.94901848
3.64901972
4.36078453
3.46078444
6.57451057
9.18235302
12.08627415
8.38235283
9.98039246
6.19411850
8.53137302
7.54901981
4.73921585
5.09215641
9.59803963
6.28431320
4.34705925
3.61764693
2.91176486
7.17647123
7.78235245
11.72745037
7.99804115
9.67451191
6.46666718
8.79411888
6.81764746
4.64117575
5.15294266
6.58039284
5.75686312
4.61764669
3.70392227
3.12156916
7.18823481
7.52548981
11.44509983
7.78431463
8.60392189
7.16666603
9.13333416
5.50000048
5.09411812
5.40980530
5.57647038
5.90980387
5.23921585
3.42941236
2.99411798
6.33725452
7.35294104
11.06666660
7.67843246
7.64313745
8.21568680
9.32156944
5.15098095
5.00196123
5.57450914
7.22549057
5.92548990
5.35882330
2.64313722
2.44117689
5.10196114
6.78431273
10.41176414
7.42745209
7.23725510
9.45686245
9.26078415
5.55882263
4.97450924
5.74117661
8.86470604
6.25882339
4.91960859
2.36470628
2.35686278
4.60588217
6.07843113
9.84313869
7.05294228
6.93333483
9.99411678
9.56470776
6.16274500
4.50784397
5.79411745
9.78627586
6.61960840
4.39215708
2.12352991
2.52941203
4.42941236
5.39607906
9.53137589
6.80784416
7.26666832
10.40196133
10.13529396
6.35490227
4.47058916
5.77254963
9.74313641
7.00196028
4.46862745
2.07647109
2.96862721
3.95490170
5.38431358
8.85490227
6.52353096
8.45294285
10.08039188
10.80588341
6.82745123
5.25098085
5.78039265
10.93921566
7.60980511
4.69803905
2.66470623
3.60784435
3.51960802
5.74117708
8.28627491
6.00196028
9.51960945
9.87450790
11.86078548
8.54901981
6.61372471
5.98431444
13.23921776
8.08823586
4.62156916
2.86862755
3.45882368
3.04117656
5.68627548
8.20392132
5.70196056
10.37843227
9.74117661
12.68823624
10.71764660
8.32745075
6.28039217
13.79411983
8.07451057
4.52352953
2.58039260
2.91960835
2.63529444
5.53725529
7.94117737
5.81176424
11.34509945
9.91568661
13.25686646
13.08235264
10.09999752
6.72745132
12.81568718
7.84902000
4.25882387
2.19411778
2.72745085
2.57843161
4.97255039
7.84902000
5.60196114
12.14706039
9.82156849
12.93921566
14.05882740
11.42941189
7.34313774
10.70196152
7.72745037
4.05686283
2.19803953
2.90980458
3.24901962
4.36862803
7.58039331
5.55294180
13.38039398
10.00391960
12.76666927
15.24706078
13.96862888
7.41764832
7.95882416
7.51372671
3.84509802
2.57254982
3.66470647
3.78431392
3.78235316
6.96862745
5.40195990
13.82353020
10.91764545
12.89216042
15.92156792
15.83921814
7.17647123
6.63529539
7.09215641
4.09607887
3.12549019
3.90196109
3.49215698
3.59803987
6.33333397
5.23137283
13.15490341
12.07058811
13.07647228
16.03725815
16.42156982
7.08431435
6.48431349
6.93137312
4.30392218
3.68039227
3.81960773
3.04509830
3.78431416
5.49019623
5.17254972
12.26666832
13.12549019
13.01176834
15.22745037
15.83333397
6.94117737
5.95686293
6.84902191
4.19999981
3.61960816
3.60588217
2.58235312
4.14509821
4.83333349
5.18039179
11.22941303
13.90588570
12.55293941
13.80196190
15.91961098
6.94705963
5.48431396
6.49607897
4.15098095
3.05294156
3.01960826
2.23921585
4.40980482
4.78627443
5.04313707
10.07058907
13.95882511
11.98235416
13.07058716
16.31764793
7.30392361
5.77647114
6.39803982
3.97843146
2.90588236
2.89019656
2.45882368
4.45882416
4.76666689
4.81372595
10.11372757
13.50392151
11.81176662
12.62156868
15.63921642
7.34901857
5.85882378
6.38431406
3.89607859
2.86274505
2.88235307
2.69019651
4.44509792
4.69607925
4.83725452
10.34902096
13.28039360
12.35686302
12.29215813
13.55686378
7.47647095
5.70980453
6.11372519
3.83137274
3.39215684
2.74509835
2.90588260
4.26666641
4.61568642
4.66078424
10.62352848
13.35098171
12.53137207
12.26470852
11.60196209
7.71960878
5.53333330
5.61372566
3.77058816
3.74705887
2.69019604
3.07647109
4.48627472
4.61764717
4.51960754
10.94901848
13.24705887
12.52941227
12.47451115
9.30980492
8.17646980
5.64705896
4.81176472
3.58627462
3.84902000
2.78039241
3.29215717
4.39215660
4.54509830
4.51960802
11.03529453
13.06862831
12.90588284
12.61176586
9.04902172
8.18431377
5.53921652
4.49215698
3.61372566
3.91372561
2.35098076
2.95294094
3.62156940
4.02941179
4.66078424
11.11372566
13.04313564
13.92744923
12.99411774
8.90784359
7.25882339
5.29019737
4.91372538
4.18627501
3.77450991
1.75686324
2.25098038
3.07843137
3.33333373
4.90784407
11.29803944
12.75686264
14.72745132
13.77059078
8.77058983
6.21960783
5.27843142
5.61176538
4.66666698
3.40784359
1.38235319
1.92156887
2.73921585
3.33333373
4.80392170
11.16078568
12.49607754
14.55490398
14.41961098
8.87843132
5.85882425
5.14117670
6.39215803
4.57647133
3.16078424
0.89411783
1.72941184
2.20392179
3.87254906
4.38235378
10.93137264
12.44313717
14.61960983
15.28039169
9.57647228
8.98627567
6.53137302
6.54509735
4.58235359
3.38431430
0.43921569
1.19019616
1.96078444
4.02745104
3.96274638
10.22744942
12.98431396
14.75882244
15.65686417
10.52549267
13.16274643
8.36666775
6.45686197
4.47450972
3.42549062
0.33725491
0.88823545
2.16274548
3.94901991
3.72352982
9.34313679
13.08235168
14.94901848
16.03333092
12.54117680
14.85294247
9.88823605
6.45293999
4.58627462
2.93725514
0.51960790
0.95882368
2.33921576
3.64902020
3.41764736
8.68235397
12.97255135
14.76862907
16.65294456
14.38627434
14.52156925
10.16078663
6.36862803
4.80000019
2.78823543
0.80196095
1.41372561
2.66078448
3.10392189
3.00784349
8.44705868
12.89411640
13.27843189
16.53529739
14.81960773
12.00000191
10.16274643
6.16078377
4.84902000
2.60588336
0.80784333
1.80784345
2.68039274
2.74117684
2.99411798
8.43725586
12.84117699
11.42352867
15.23333549
14.63725471
10.28627586
10.26666641
6.00784445
4.81372547
2.30980468
0.70196092
2.03921580
2.41372561
2.79803944
3.17843151
8.16078377
12.41372681
10.51764679
13.92352867
13.96470642
9.65882111
9.67843246
5.74117756
4.56470633
2.34313750
0.73725504
1.90784335
2.25294137
2.76862741
3.15098071
7.70392179
11.54705811
10.15490341
11.49411774
12.60392189
9.00392342
8.69607925
5.39215660
4.18039274
2.13725495
0.87450987
1.49411786
2.02941203
2.55686283
3.26862741
7.71568680
10.95098114
10.39019775
9.77647209
11.81960964
8.76274586
7.95686388
5.59019709
3.89215684
1.90784323
0.54901969
1.26078451
2.21372581
2.70196152
3.46862793
7.80000114
10.41568851
11.00000191
8.37254906
10.55686378
8.79607773
7.06470537
5.65686417
3.67450953
1.47254920
0.39215687
0.99019617
2.57647061
3.15686297
3.63333321
7.82353115
9.42156887
11.66470718
7.98627377
9.70196247
8.69411850
6.15098143
5.59607887
3.19019651
0.78823560
0.42352942
0.94117659
2.80980396
3.74117684
3.56274533
7.82353115
8.80392265
11.93137360
7.92941236
9.00784302
7.98235369
5.26470613
5.34313679
2.40980363
0.29019609
0.25686276
1.04901981
3.23333383
4.29607821
3.42745090
7.38039303
8.70980549
11.37843132
8.51960945
7.70980549
6.71568727
4.88823557
5.45098114
1.93725550
0.32352942
0.17058824
1.07647073
3.25490236
4.72941208
3.39411783
6.82549000
8.15294075
10.62941170
8.95098114
6.61568785
5.43137455
4.49803972
4.92745209
1.57843161
0.75294137
0.46470588
1.16666698
3.34901977
4.56666756
3.12156892
6.58235312
8.05686283
9.70784283
9.23921776
6.18627501
4.58039236
3.90784335
4.04509783
1.12353003
1.07451010
0.85294127
1.39411795
3.91960788
3.88039207
2.58627462
6.33921623
7.60196066
8.50196075
9.47254848
5.94902039
4.15098047
4.10000038
4.34313726
1.08823562
1.17451012
1.29411793
1.51960802
3.93137217
3.27647090
2.22745156
6.33921528
7.20980501
7.84509945
8.72156811
5.92941236
3.94705892
4.93529415
5.02352905
1.27647090
1.22745132
1.63333333
1.56470633
3.58823538
2.89215684
2.00000000
6.53921461
7.32941246
7.60196209
7.85098076
6.17843103
3.75490189
5.39019585
5.40588331
1.08823550
1.38431406
1.74117661
1.71960807
3.12156916
2.96470618
1.80588257
6.59803820
7.06078434
7.32353020
6.96274519
6.20588255
3.62941194
4.90392160
5.44509888
1.26274550
1.55294132
1.67058825
1.62549043
2.86666679
3.27647114
1.86666703
6.54509830
6.75882483
7.24705839
6.45882368
6.05098057
3.57254958
4.61176491
5.12941217
1.52941203
1.55686307
1.11960804
1.33333361
2.88235307
3.76862741
2.23529434
6.47451115
6.86470652
6.82353020
6.04509830
6.12941122
3.88627458
4.11960793
4.80588198
1.71764731
1.46470594
1.10392177
1.47647071
3.02352929
3.73725533
2.68431377
6.20196199
6.97843266
6.51176643
5.52941227
6.22156954
3.92352962
3.83921599
4.40392160
1.70784366
1.38235319
1.29411805
1.49411809
2.82941198
3.67450976
2.91568637
5.91372538
6.91568708
6.72353029
5.13333416
5.78039217
3.40392208
3.38235331
3.89215755
1.54705906
1.24313748
1.16666687
1.13529432
2.30000019
3.96470594
2.87451077
5.86470652
6.94117737
6.81176519
5.04313803
5.11764717
3.14901972
2.72156882
3.59803939
1.67451012
1.04509819
1.63137305
1.14901984
2.24313784
3.97451019
2.66666675
5.92745209
6.73921633
6.98039293
5.40392160
5.03921556
3.21568632
2.68823576
3.37647080
1.76078463
1.28627479
1.72745121
1.07647097
2.45882392
3.75294113
2.21764708
6.00784254
6.02745104
7.36470556
5.99215603
5.09999990
3.00784349
3.08431435
3.43333364
1.77451015
1.45882392
1.96274555
0.98235321
2.77450943
3.31176472
1.83137310
6.03725481
5.49607849
7.51176500
6.54313755
5.34705925
2.93921566
3.16470623
3.72156930
1.83529449
1.57254922
2.62156844
1.16862786
2.94313741
3.24117732
1.97058833
6.24509859
5.14117670
7.68039227
6.84901905
5.50392151
3.57451034
3.29215646
4.42745113
1.92156875
1.63725531
3.19215703
1.42352998
3.43333364
3.09607863
2.25490212
6.20784378
5.02745008
7.58823538
7.13529396
5.69999981
4.44509840
4.55882311
5.24117756
1.77843189
1.59607863
3.27450967
1.46666694
3.39215684
2.77843165
2.33725524
6.78627586
5.12745142
7.14902020
7.33137178
6.20392323
5.19411755
5.65686417
5.59803963
1.66666710
1.53529453
3.30196166
1.51372588
2.96470618
2.57843208
2.80784369
7.14705849
5.34313774
6.74705887
7.38039303
6.49999905
5.52549028
6.07254982
5.39607906
2.17451024
2.09607840
3.63137269
1.66666710
3.15882325
2.45098066
3.05294204
7.37843037
5.81372690
6.36666679
7.36078548
6.29215813
5.17647123
5.42745113
5.15686369
2.97451019
3.05490208
3.97254920
1.71764708
3.31960797
2.60196114
2.60000014
7.78823519
5.95882463
5.69215679
7.91960812
6.82156849
4.47843075
5.07843161
4.64117718
3.70000052
4.82941294
3.91568637
1.56078446
3.73921514
2.10980415
2.32941222
8.14509869
5.90784359
5.05686283
8.48431396
7.61372566
4.48039293
5.10784340
4.31372499
4.34117746
5.54705858
3.74705935
1.31372583
3.48235321
1.80196130
2.26078439
8.68823528
5.88823652
4.79411840
8.73333263
7.98431253
4.74901962
5.32548952
4.27647018
5.39411831
5.60588264
3.54509783
1.13137281
3.05490232
1.68627477
2.14901996
9.15686321
5.80588245
4.81764793
8.65490246
8.34117603
5.33725548
5.80588198
4.28823566
6.16862774
5.70196199
3.13725519
1.35490227
2.37058806
1.81372583
2.28039265
9.40980339
6.05686378
4.62941217
7.93725538
9.09411621
6.64117718
5.76274490
4.55686235
6.57451010
5.76470613
2.81568623
1.41764736
2.14117670
1.83529449
2.19607878
9.38627434
6.46274567
4.51960802
6.59019661
9.50588322
8.49608040
5.22941160
5.03921652
6.93333292
5.64902020
2.55490208
1.29607868
2.12352991
1.65686274
2.01960802
8.89215660
6.71568680
4.52548981
5.25882387
8.94313717
9.20196247
4.62352896
5.06470633
6.92549133
5.71568680
2.16666675
1.37058854
1.58627474
1.52941203
2.03529429
8.27255058
7.12548923
4.39607906
4.26470613
7.86274481
8.55882263
3.91176486
4.88823509
6.51372528
5.44901991
2.15490246
1.30000007
1.09411764
1.53725517
1.88039231
7.64117622
7.44705820
4.37450981
4.27450991
6.74117708
7.27255011
3.69019628
5.23921537
6.42353010
5.37254858
2.39803934
1.18039227
1.13725519
1.79411781
1.88235331
7.20196056
7.78039312
4.62745142
4.38235378
5.59215641
5.29215765
4.05294132
6.13137293
6.76470661
5.31764698
2.51176476
1.11960804
1.68235314
1.71372581
2.01176524
6.76078510
7.90980339
5.74705887
4.66078520
4.79607821
4.10784340
4.97647095
6.80000019
6.94117641
5.41176462
2.50784302
1.20588243
2.14509845
1.71176505
2.07254910
6.65882492
7.75686359
6.80588245
4.97843122
4.37450981
4.07843161
6.15490246
7.67451048
7.00392199
5.91764736
2.44117713
1.06470621
2.19607902
2.03333354
2.12745118
6.33333349
7.78627491
7.35686398
5.46666670
4.15294170
4.22353029
7.80392122
8.06274509
6.89607811
6.21372604
2.07647085
0.80196089
2.10588264
2.32941198
2.24902010
6.22156858
8.09215736
7.97843122
5.74313784
4.80784321
4.59607887
9.45490360
7.85294151
6.26078415
6.08039284
1.85686290
0.86470604
2.22745132
2.03137279
2.34313750
7.17254925
8.39607811
8.66470623
6.06470537
6.89411831
5.79803944
11.56470680
8.00588226
5.37254953
5.54313803
1.05882370
1.02941191
2.44705892
1.53529465
2.16078472
8.09999943
8.60588264
9.29019737
6.93529320
9.29411888
7.40588284
12.69411850
8.00980377
4.89019585
4.71176529
0.75686312
0.92352957
2.59215713
1.36078477
1.88627470
9.26666737
8.52745152
9.66078568
10.41960907
10.60196018
10.47843170
12.06862736
7.42745113
4.66666651
3.99803925
0.64313728
1.06078446
2.21568680
1.45490241
1.95294130
10.64901924
8.09019661
10.03137302
13.80784607
11.69411850
13.70588493
10.55098057
6.83137226
4.32352972
3.66666698
0.81372565
0.90000015
1.48235321
2.20196104
2.30196095
11.70784378
8.01568699
10.28627491
15.76862907
14.62353134
16.01372337
10.50392151
6.86274576
4.11568689
3.40784335
0.93529433
0.85098052
1.46862769
2.76078463
2.36666679
12.46862793
8.02745152
10.14509964
16.68627548
17.66078377
16.85490227
10.59019756
6.86470604
4.12352943
3.14117599
0.90392184
0.90000027
1.52549064
3.47058821
2.23137307
12.68235302
8.11372471
9.92745018
16.32745171
19.46274185
16.22940826
10.83725739
6.80588245
4.21960735
2.84705830
1.00000024
0.90000021
1.52745116
3.99607849
2.03137279
11.80784416
8.43137455
9.62941170
15.25098228
19.43136978
14.72745132
12.07059002
6.49215603
4.12941170
2.87058830
1.25882363
1.03921580
1.74509835
3.90000057
2.08823586
10.77451134
8.88627625
8.85294151
14.37450981
17.41765404
13.66666889
12.45882416
6.63725519
3.68627477
3.18627453
1.49411786
1.33137286
2.08627486
3.95098090
2.40392160
10.29803753
9.47059059
7.89803982
12.24510002
14.02941227
12.76078701
12.13921642
6.54313803
3.18823528
3.35098052
1.59019661
1.55490220
2.80784321
4.16078424
2.31176496
10.33725357
9.81960773
7.36666822
10.25686169
11.23921680
12.45097923
11.52352905
6.69411850
3.46666670
4.00392151
1.86862791
1.87843168
3.13725495
4.66274548
2.16862798
10.00196266
9.69019318
7.20392227
9.43921566
8.81960678
11.52548885
10.78431511
6.58039284
3.85294104
4.60196066
1.82156885
1.94705904
3.24313760
4.88431454
2.36862803
9.71764660
9.88823700
7.38823700
8.95490360
8.62549019
9.72549152
10.60392094
5.76274490
3.65490222
4.61960840
1.36862803
1.83333373
3.17058849
4.79215813
2.36078453
9.76470566
9.70000076
7.68431473
8.45882416
8.55294228
8.01960850
9.71961117
4.87647104
3.82156897
3.98039222
1.37058854
1.84901989
3.37843156
4.07451057
2.21960831
9.97647095
9.44705868
8.17646980
7.68431425
8.29607964
6.61176491
8.32156849
4.23137331
4.04705906
3.27450991
1.73725522
1.98039258
3.85294151
3.31568670
2.24117661
10.06274605
8.97058868
8.49803925
6.85490227
7.99411821
6.36862850
6.77254963
3.85490203
3.79803967
3.11372542
1.95098078
1.77058840
3.66274500
2.45882392
2.32941198
9.93529320
7.90000105
8.23333359
6.38627529
7.63333273
6.52353048
5.29019690
3.75882363
3.60980415
3.21372581
2.20588255
1.52745104
2.90980387
1.76666701
2.31960821
9.76470566
7.36470509
8.02941132
6.53921556
7.52548981
6.92745066
5.10588264
3.53137302
3.31372595
2.89607859
2.37254930
1.63725507
2.40000057
1.89215720
2.29215717
9.27647114
7.05686331
7.58627415
6.61960840
7.13921642
7.30980444
5.36862850
3.54901958
3.01568627
2.65882349
2.50784302
1.74509811
2.21372604
2.76274562
2.72941256
8.74902153
6.80392265
6.83137226
6.81960869
7.13333416
7.06078386
5.11176538
3.92549014
2.80980420
2.50392199
2.34509826
1.76274526
2.23333359
2.92352962
3.08235335
8.34706020
6.40980244
6.52941227
6.54117727
7.37255001
6.88235283
5.03921604
4.10784340
2.98431396
2.84117675
2.31372571
1.96862757
2.60392213
3.09803939
2.98235321
8.36666679
6.27254820
5.98235369
6.11176443
7.31372690
6.72941065
5.17254972
4.25098085
2.78431439
3.05490232
2.15882397
2.35490203
2.73725533
3.21568680
3.04901981
8.39019585
6.48431349
5.62941217
6.05882454
7.24705887
6.90784359
5.28039265
4.47254848
2.57058835
2.64705968
2.03529477
2.54117680
2.59803963
3.20196104
3.32745123
8.18039322
6.65294075
5.82745075
6.12745094
7.38627529
7.16666842
5.31764698
4.38039255
2.35882378
2.44901991
2.64902020
2.49215746
2.35098076
3.19019651
3.41960812
8.01372623
6.61372566
5.94705868
6.32745123
7.20784283
7.49411678
5.25490236
4.17058849
2.71568656
2.60196114
3.48627472
2.70588255
2.18039250
3.28823566
3.56862831
7.99608040
6.52156830
6.17843151
6.78039360
6.91960812
8.15882492
5.16078472
4.18235302
2.76666689
2.59607887
3.78823519
3.16078472
2.44901967
3.42745113
3.60784388
8.07647133
6.50588369
6.29411745
6.94117641
7.20980453
8.47451019
5.21960831
4.09411764
2.47647095
2.84509850
3.89999986
3.27843142
2.15882373
3.56274486
3.63333368
8.12549114
6.68823481
6.19411755
6.54509735
7.08431387
8.18235397
5.48627663
4.32941198
2.70588231
3.29607844
4.21568680
3.14901996
2.23921561
3.18627501
3.92156935
8.63137150
7.18627501
6.45882368
6.61372566
7.36470604
7.91176510
5.61568642
4.44117594
3.58823538
4.15490246
4.34509850
3.38431430
2.58627510
2.75882387
4.24705887
9.20392132
8.43725681
6.52352953
6.74901915
7.35294151
7.72745085
6.09019566
4.83529425
4.27451086
4.70196056
4.22352982
3.37058878
2.43529391
2.67647099
4.41764736
9.52156925
11.43137169
6.47843122
6.91764879
7.42745304
8.27058792
6.68823576
5.93725586
5.25097990
4.71176529
3.90392160
3.34117651
2.42745161
2.90980411
4.97254896
9.82549286
14.28235340
7.10196114
7.78627443
7.73921680
9.64117813
7.04706049
7.21372557
6.26470518
4.87254858
3.56470704
3.14705896
2.61372566
3.11764741
5.69607925
10.05294037
16.11960793
9.18431473
8.74902153
7.83137417
11.09019661
8.53529358
8.04509735
8.20980549
5.34901953
3.85294175
2.85686350
2.60588264
3.26274538
5.99019623
9.97254944
16.58235550
13.39216042
10.59803963
8.22352982
12.20392227
10.83137512
8.41568756
10.15882301
5.65490103
4.61372566
3.30196071
3.01960826
3.45294118
6.16470623
10.19999981
15.84117603
16.72549057
13.07451153
11.11176491
13.66862488
11.77255058
8.73137283
10.80980301
6.30784416
5.01568699
3.78235340
2.92745137
3.69803953
6.09607935
11.01568699
13.82745171
18.77646828
16.74313736
17.56274414
16.10196114
11.81960869
9.21372509
10.81372356
7.15097952
5.34117651
3.46470594
2.76274538
4.34117651
5.68627453
11.52549267
12.49804020
19.40000153
18.96667099
22.00588226
17.60588455
11.72745132
9.83921623
10.38235283
7.64509869
5.50784302
3.32941246
2.81372595
4.94117641
5.65097904
11.86274719
12.12156963
19.37843513
19.55097961
22.62157059
17.45294380
11.71568775
10.23333359
9.67255211
7.70784330
5.92745161
3.71764731
3.10784364
5.75294113
5.50000000
12.83137226
11.68235397
18.60588646
19.15294456
21.20588112
16.35686111
11.69019985
10.51568699
9.21960735
7.74901962
6.23529530
4.11568642
3.32941222
6.12549162
5.19019604
13.98039436
11.75490284
17.21372986
17.70588303
18.29215622
14.60980511
11.29411793
11.10000038
9.68235302
7.70980358
6.19215870
4.01372528
3.62941217
6.24901962
5.09215641
14.53921604
12.31960964
15.02548981
16.20980835
15.86863232
14.01765060
10.99019623
11.79804039
9.69803715
7.84313822
6.49803972
3.98627496
4.30980444
6.45098019
4.91764784
14.61372566
12.51372719
13.18235207
14.89411831
14.94902229
13.40980434
11.13725662
12.21372795
9.78039360
8.26666832
6.92549038
4.28235340
4.99019623
6.05098152
4.77843094
14.62941170
13.38235283
12.37058830
14.73725510
14.19608021
13.34313774
11.97254848
11.86470604
9.66274738
8.68431473
6.92745018
4.82941198
5.21568632
5.52352858
4.89019680
14.65686512
14.22549057
11.91176605
14.52157307
13.47843266
14.20784473
12.37058735
10.99411964
10.94313717
8.86078548
6.73921633
5.37843037
4.82549047
5.06274557
4.83921576
14.29216003
14.68627739
11.95490456
14.25882435
13.28039551
15.01960945
13.12157249
10.73921680
12.78235340
8.99411964
6.58039141
6.11960793
4.37254953
4.96470594
4.88039303
13.92745113
14.54706192
12.54313660
13.91176510
13.48039055
15.31960964
14.32548809
11.52352905
13.73333454
9.56666851
6.57647133
6.63725519
4.24901962
5.06862783
4.87843180
13.96666718
14.42352962
12.97843456
13.92157173
13.44706249
15.36470985
14.39608192
12.23137283
13.93137550
10.06274700
6.64313889
6.85490322
4.31960869
4.97843170
4.78823471
