20.43921471
24.14510345
23.36863327
23.16274643
22.31373024
22.53137398
21.81372452
22.35686493
22.21372223
22.69804382
26.52745438
23.39607811
22.06471252
23.17450905
25.14706039
24.99999619
26.13725281
20.13921738
24.75686073
23.34705925
22.98431587
22.20980072
22.13332748
22.76273918
22.19608307
23.36078835
22.43332863
23.95882797
24.72352791
22.05294418
22.91960716
25.05882454
24.96078110
25.67842865
23.59607887
22.69019508
24.06274796
22.98823929
23.47450829
22.24118423
22.34118271
21.90589142
22.58627701
21.69215393
24.00980568
22.69215965
22.18038940
22.75098419
24.67843056
25.63136864
25.33725548
25.62940979
19.26470566
24.32157135
23.07451248
23.21961021
22.30784416
21.85098839
21.14117241
21.90000534
20.69804192
21.23529434
22.08431816
21.22744942
21.65294266
23.35097885
25.59803581
24.87450790
24.99411392
19.12548637
24.44510078
22.63333511
21.75098610
21.71764755
20.37843323
20.44313622
20.39803696
19.97647667
18.90000343
18.89608002
19.34118271
18.90000153
22.26863098
24.05097771
23.47451019
23.97058678
23.78038406
18.32549286
21.56274414
21.00391769
20.17646790
20.51372528
19.03137207
19.81764793
19.52353477
18.27058601
16.88627052
17.07255173
16.94509697
18.64117813
21.02157021
21.42548752
21.72941780
21.12941360
19.15490723
20.76078796
20.77058601
18.87843323
19.23333168
19.09607697
19.97843361
19.67450523
19.46471024
18.33333397
15.38235664
16.76666832
16.54313660
17.76862717
18.48235130
19.57450676
18.11568642
19.56666756
19.68823433
19.66470718
18.61764526
17.62157249
19.57059097
19.44117737
20.08235168
19.97646904
19.66078758
16.90392113
15.45294094
16.27647209
16.71764755
17.41960907
17.24902153
17.37255096
18.81764984
18.47843361
20.72156715
18.77647018
16.87646675
19.19019890
19.64901733
20.56274796
19.31372643
19.52745056
17.26666641
16.74117851
16.64313889
16.13725662
16.05882645
17.25882530
17.78039551
17.54313850
17.81568909
19.81176186
19.58628082
17.55882454
18.38431168
19.76667023
20.49803925
18.72744942
20.26470947
17.86862755
17.77843475
15.59411907
15.69411850
15.91765022
16.78038979
17.63725853
18.46862793
18.61960983
13.41764641
22.95097923
18.15686417
19.15098381
19.44901657
20.85686493
19.25098228
20.74901962
18.80588341
17.53725624
16.87843132
16.17058945
15.50588608
16.32157135
17.30588341
18.97058678
19.16078758
11.79019737
24.83529282
21.56078529
18.54313660
19.14902496
24.04901695
21.70196342
19.61372757
19.91960907
18.48432159
19.76078606
15.94313812
15.99999905
15.60980606
17.91568375
18.79608154
18.96862984
17.78039551
20.45490265
24.37255096
21.73529625
19.02353096
25.05882835
26.63137436
21.51176453
20.24706268
19.14313889
20.46274757
20.80392456
15.94509602
16.56666756
16.91764641
18.55490494
19.99804306
17.88431549
20.32352638
25.20392227
23.99804115
22.54706192
23.97254753
29.70391846
25.04705811
21.59215736
21.89019775
21.86862946
22.03725624
17.83136940
17.69607735
15.97843170
18.87647247
19.99999809
18.24509621
18.82549286
23.44116974
24.75686836
26.45882416
23.96862984
31.03137398
26.04117775
24.39803886
25.20784378
22.27058983
21.88235283
22.14509583
17.16078568
17.45294380
18.01372528
19.27647209
20.01764488
18.02157211
20.55294037
25.15883064
23.78039360
26.86863136
28.42548561
27.34902000
21.27843094
26.39607620
26.89019966
21.90588379
22.17254829
17.49804306
18.80784416
17.93725586
19.42745590
19.80588722
19.07254791
19.64117622
22.17255020
23.17450523
23.88823700
25.45490074
24.98234940
21.11177063
20.46274757
25.93726158
26.44509888
22.04705620
20.70588303
18.44118118
17.03529358
20.94313622
18.39411736
21.20392418
17.55098152
21.34902000
21.99608231
19.86863136
23.07451057
21.36666679
21.60980415
15.99411869
19.08235359
26.13725281
26.21764565
23.32744980
19.19607925
18.19411659
20.85882568
21.03529167
20.59412193
17.45686340
19.58823586
20.25490570
21.05294418
18.44705963
18.28039551
18.32549095
18.10000229
12.48431396
19.54117775
29.39804077
22.61960793
21.94901848
19.82941246
19.34313965
25.90000153
19.33725548
19.98823547
17.01764679
20.65686607
20.10392189
15.90784359
16.13529396
15.50195885
17.29804230
14.85686302
13.47843170
24.53921700
26.82548714
22.03333664
18.89608002
21.26666641
25.06470871
21.97451210
20.65686417
16.59215736
19.80392265
18.99019814
15.94117928
15.58235455
14.63529682
14.61960888
17.86666870
12.10392189
17.78823662
25.73137093
22.52549362
18.64313698
21.32549095
24.24509621
24.84313965
20.06470490
17.87647247
17.91568375
18.75490570
17.03529549
15.10000324
15.70980358
14.35489941
16.95490265
13.95882320
13.73921490
23.37647057
24.52941322
18.23137474
19.36078453
23.13529396
26.93137360
20.37058640
20.08823776
15.85294533
20.00980949
17.87450981
15.75098419
16.47451210
15.00195694
15.24705887
15.41764641
13.26274681
19.18039322
25.28235817
20.49803925
20.35293961
20.70783997
27.40979958
24.15098190
19.21372795
17.67058945
18.79019928
19.27647400
16.80392265
15.80000210
15.83333588
15.13333225
15.47451019
15.72745132
15.73529434
25.97058678
22.59019470
21.01961327
23.61177063
23.70980263
26.59019852
19.76863098
19.57255173
16.64313698
19.26078033
18.08431244
16.70196152
15.95882320
14.71568584
15.37647152
17.03333282
16.26666832
21.28823662
26.00000000
23.83137512
24.29804039
22.62352943
24.89608383
22.12941551
20.18627548
15.70588493
19.71764755
18.50980949
17.40587997
16.77647400
15.36078358
16.25686264
14.57254982
17.62745094
16.86862564
27.42549515
28.34509659
24.82352448
23.36666489
23.01960564
20.92549324
20.34117699
17.43333626
18.28823662
18.77255058
18.42745018
17.14901924
16.69411850
16.55490494
15.90784359
17.13137436
16.48039246
21.40000153
29.99020004
27.31568909
23.76274300
22.45294380
18.82941437
20.42353058
18.73333168
15.47647095
20.72941589
18.55686188
17.06274605
18.22549438
18.13529778
17.09215546
17.44117737
16.18039513
18.10000038
24.81764603
27.98627853
25.63725662
21.79215431
19.83921623
19.49607849
20.32549286
13.03137302
19.59607697
18.30392265
17.94705582
17.47646904
19.86666870
16.84705544
18.30784225
17.01372719
17.23921585
20.62940979
24.92353249
24.08823776
21.06666946
21.63529587
18.62352943
21.21568489
12.39999771
14.69804096
20.31372833
18.14706039
16.52352905
19.38431931
17.94510078
18.20000076
18.25294304
18.81372833
19.85097694
19.23137474
21.29607964
18.99411583
21.93136978
20.28823280
22.61960983
14.77058792
10.63725662
20.02353477
18.85882759
17.23333168
17.93333626
18.58627701
17.05294037
17.71176529
22.81372643
19.63529587
21.32353020
15.52745247
17.10588455
20.61960983
21.43529701
23.87058449
17.11568642
10.32352829
15.69216061
20.81568718
17.92549324
17.24509811
18.24510193
17.72941208
16.12745476
22.11176300
21.88823318
22.73137474
14.88235378
17.33725739
15.78235435
22.33333015
24.11568451
20.84509850
11.19019699
10.18627357
21.65490532
19.99019814
17.80980110
17.76862907
18.16666794
17.10196304
19.06078529
24.20195770
24.74509430
17.14313698
15.84902000
16.40196037
20.01176453
23.30391884
22.26274490
14.46078682
10.18627357
17.10980415
20.64902306
18.49215889
18.29019928
18.97058868
18.85098267
18.60588074
24.54706192
25.31960678
19.62353134
16.86274338
20.14705658
14.99215794
22.48235512
23.84902382
17.48039627
12.11372566
12.12941170
21.31176376
20.84313965
17.39019394
19.27059174
20.84509659
19.03137207
22.83137894
23.75882149
23.35490036
15.44117641
20.57647324
15.96274376
18.93725586
24.00784302
19.99999619
12.28823662
11.20980644
20.53725433
22.90195847
17.75098038
17.69607544
20.76470566
21.05294037
21.23725700
23.24705505
24.33922195
17.05882072
18.89999580
16.80392265
13.95490360
22.18431854
20.44705963
14.54901791
12.79215622
14.53137589
22.42940903
22.54509354
17.63921547
19.43725586
20.89804459
22.22352982
23.23921204
21.97254944
21.83333588
17.08431244
14.99803734
12.82745171
17.03921509
22.44902229
15.34509563
12.85098171
9.80000019
23.98039246
24.21764755
19.65098190
18.82157135
19.47647285
23.04706192
21.28627586
22.45882416
22.38627243
15.06470776
14.33136940
12.86666584
13.30196190
19.57058907
16.24705887
12.60588074
11.47255039
16.87646866
25.81960678
25.13333130
18.60980415
19.61568260
20.61568832
21.95686340
20.47451019
21.82941628
16.75098038
13.66666603
11.56862831
11.90980339
14.89804077
16.64509964
12.18039131
12.13725567
10.47843170
25.94509888
27.86666489
22.92157173
20.49411583
17.64901733
20.94117355
21.66274643
21.64706421
17.30784035
14.65097713
11.77058887
11.07254887
13.17843151
15.00000286
12.88431263
11.61960793
10.61568546
19.53921509
28.60980988
28.02549362
25.47059250
17.07254791
19.10784531
22.55294800
21.02157021
18.93333435
16.07450867
13.30196095
10.89607716
12.19019794
12.88038826
12.84705830
11.95098114
11.68627548
13.25294209
27.45294380
27.20392227
28.70391846
20.28039169
18.56274414
22.02352905
22.00784302
20.53921509
17.03921509
14.27647305
12.07647133
11.10588360
12.79411793
12.60588169
12.16274452
11.50588226
10.15098000
22.02744865
26.22548676
25.83137512
24.57843399
18.34902191
21.95097733
24.11568832
21.00588608
16.70784378
17.01764870
13.21568584
11.52745056
12.49607658
11.97646809
11.84901905
11.87058830
11.55294037
15.20588112
26.10980606
24.74118042
25.35098267
18.75686455
21.96666718
22.34117317
22.05685997
17.43921852
17.96078491
13.70391941
12.86862564
11.24705887
12.58431149
11.92156792
11.93921471
12.29803753
10.58235264
20.64510155
29.02548409
25.63136673
20.62940979
19.95686531
24.50980186
21.19804192
18.22156715
17.21176529
15.26667118
12.76666832
11.02941227
13.72941017
12.03333282
11.57843018
12.16666603
11.40980244
15.67255116
26.21764755
28.41765213
23.79608154
18.72745132
24.39019585
23.48431206
18.23529243
17.64117622
16.54901886
12.56078529
11.71176434
11.86078453
14.42548943
12.24509525
11.85293961
12.33333588
13.04901981
18.38039017
30.87451935
27.36273956
21.72548866
21.38235474
26.02352715
18.56470490
16.49215889
18.52744865
14.09215736
12.03137207
11.15293980
16.56666756
13.10588074
11.83137321
12.09803867
11.30980301
16.56666756
26.19215584
30.87451172
27.05097961
21.67451286
24.44117737
21.77647018
15.94902134
18.08235741
16.19215775
12.51568794
12.31960678
12.58823586
16.45294380
11.85490417
11.56470490
12.51764965
13.59607887
19.67646790
30.46079063
28.32353210
25.13725471
24.15490723
23.53137398
17.34705925
17.96862793
16.80980492
14.26862431
11.94902039
11.16078472
16.29412079
12.85686111
11.34902000
12.87255001
11.22352982
17.23725319
27.05294418
29.01960564
25.15686035
25.29019928
23.89019775
20.43529320
16.33137321
18.79999924
15.92352962
13.15294075
11.42941093
13.32353020
13.87058830
11.50784492
12.37450981
13.36470699
14.30392265
20.40588188
28.07843208
24.07647133
25.33333206
22.49215317
23.67842865
17.75686264
19.92549324
15.99804020
14.57843113
12.55686378
10.97843170
13.21568394
13.18235493
10.55294323
14.50980282
11.77647209
18.11960602
22.26470757
25.93921661
23.36275101
22.22941589
24.08823586
19.35882568
18.81372833
17.17058563
15.43921471
12.71372509
10.49803829
12.46470642
13.21176624
11.82156849
12.61960983
12.94313908
16.10196114
18.70196152
26.24901772
22.63725662
22.37058449
19.66274452
23.93529510
19.21764755
16.91960907
15.51568890
13.49215603
11.43137169
11.55686283
12.12353134
13.70980358
11.03529453
14.73137283
12.69608021
18.18627739
19.88235474
25.65098190
21.83333778
20.46274567
24.49412155
20.17843628
17.48039055
15.51176548
13.80784321
11.23725319
11.00588417
12.45686531
13.69804001
11.69999981
13.30196095
12.20588207
17.73333359
17.39412117
24.37255287
22.69215775
21.81176949
19.46862602
25.91372490
18.50784492
15.93333340
14.61960888
12.69215679
11.30196381
11.91764736
12.20588303
13.63529587
12.25686359
13.80195999
13.91764832
17.66470528
18.40784454
24.97646904
21.98823357
20.49803734
24.96862984
21.22745323
16.98431778
15.65686417
13.99215794
12.73333168
11.38039398
12.21960926
14.21568680
12.13921547
13.75098419
12.09215832
18.07843208
17.20392227
22.39019775
21.95882225
22.51764679
19.54117775
24.24510002
18.60196686
16.81568718
13.84117889
14.12941170
11.50000095
12.46470547
12.16078281
13.77451038
12.76862812
12.88235283
15.34706116
17.18431854
17.59607697
24.90391922
25.82745361
19.85686302
21.87058449
20.53333664
16.61176491
16.01568794
13.78627396
13.59215450
11.40196037
12.48823643
14.32156944
11.58039188
13.23333454
12.98823738
17.43529320
18.10588264
20.80783844
27.06078339
23.75294113
19.43921471
22.80588531
17.13725471
16.60000038
13.76078510
13.89803982
11.40000057
12.25294399
13.73921776
13.17843246
12.03333282
12.56862640
17.01764679
18.10196114
16.00392151
25.95098114
29.81960869
18.86078644
20.74313736
19.26863289
17.10196495
15.00000477
13.43529129
13.11568546
11.89607620
13.06666565
14.86862755
11.34313774
13.32353115
14.36470604
17.93725395
18.05098152
19.93333244
29.33529472
23.90392113
19.37843323
18.49804115
18.48823547
15.58823586
14.03333473
12.74705982
11.40980434
12.96078491
15.55882359
12.14117622
12.09607792
12.59803867
17.12745476
20.13921738
15.76470661
26.45686150
30.21960831
19.53137398
18.45294380
17.81764793
16.75098610
14.40392208
13.06862926
11.38235569
11.97058773
13.85490322
13.91960907
12.28823471
13.35686302
13.98039436
20.00196457
18.03921700
19.48627472
30.99411964
22.93137932
19.97647095
17.95686150
17.62156868
15.70000172
13.63725853
11.67451000
11.27647209
13.30392170
15.76078510
10.86862755
13.09216022
13.03921604
17.84313965
20.08431625
15.23137283
27.40196037
27.74901962
18.36078835
18.59999847
18.28235245
16.22941208
14.91960907
12.42352867
11.04705906
11.89215755
14.02745247
12.55098152
11.10392189
14.04313660
14.23529243
19.47451210
16.28627586
20.95098305
25.42156982
22.40195656
19.21372795
17.66863060
17.43333054
15.29215717
13.56666756
11.21568584
11.65294075
12.22156906
13.60000038
10.32745075
14.36274433
12.43333435
17.20588493
19.70588112
16.01764679
23.63529778
25.54313469
19.46078682
19.22353172
18.24902153
15.38039017
14.48823547
11.48235416
11.12352943
12.41568470
14.76078320
9.29804134
13.08823586
13.70392132
13.75294113
20.62745094
14.99803734
21.15293884
22.49803734
24.57058716
20.33725929
20.56274986
17.24706078
14.57843113
12.88431358
11.10000134
11.63725471
12.70980263
12.07255363
11.24901867
15.30000019
12.03333282
16.89607811
19.17451096
17.08823395
21.44117355
26.09411812
20.00196075
22.47843170
20.18431091
16.09215736
14.27647114
11.63333607
11.63137436
12.41960812
13.54313755
9.23921585
14.25293922
13.32549000
14.65882111
19.11175919
17.27842903
19.89019775
19.72549057
27.79019928
22.44705772
21.09607697
18.45294189
15.04509830
11.50392246
12.88627720
12.80000401
13.29804039
10.22941208
12.73725605
14.21764946
13.03137398
17.95685959
17.60196304
17.42745399
18.87059021
26.40980530
24.41568947
22.65882111
20.31176376
15.41372681
13.39804173
12.61764526
12.36274529
13.58627510
12.77058792
10.14705849
13.97058964
13.02156925
16.16078377
17.57451057
16.69411850
20.50588226
18.92941475
30.15294266
24.46862793
21.40784073
16.80980301
14.79411602
12.70784283
12.58431625
13.59215736
14.30392075
9.41960812
12.17843056
11.84902000
15.62744999
17.80588150
16.76666451
17.48431396
18.97058487
26.55294418
27.91764832
24.42549133
18.43922043
14.50392437
12.90196037
14.86274529
12.23137283
13.29411888
12.67255211
11.99607944
13.73333073
14.16078472
15.57254887
16.92745018
17.12156868
19.92941475
20.26470566
30.63137817
26.97255325
20.52745247
15.28235340
13.79019451
14.96078587
12.50392056
12.96862507
15.01568794
8.69411755
15.53921318
13.33921432
15.85490036
17.59803963
14.86666679
18.70980644
19.05490112
26.83725357
30.04706001
24.45294380
17.71372795
13.42156696
14.03529358
15.58627510
12.73137474
13.88431358
10.74314022
14.74509907
13.72745132
16.50000191
16.30195808
16.39411545
16.77058792
19.21372414
20.79607773
30.92941475
27.49411583
21.14706039
13.66077995
13.91960812
17.07451057
12.70980453
13.25882244
13.64509678
10.46666718
15.92549229
14.74901962
16.75098228
16.04901886
16.58431435
20.46274185
18.97647095
25.00391769
29.14117813
24.65490341
16.09803963
13.97646904
15.71764565
13.48823643
13.59215736
14.38823700
9.27450943
15.15294361
13.02353001
17.76470566
15.83921623
16.81176376
18.16666412
20.14510155
20.42548943
29.30980492
26.50980377
19.64509583
15.55686474
13.99019909
14.84901619
12.82745266
14.21764755
12.09411907
12.40980434
14.54313660
15.91764832
15.71568680
15.74706173
16.58627510
21.29215431
19.48235512
24.33725357
28.72548866
23.62156677
16.02745056
17.49411774
13.81764793
12.90392208
13.82156658
15.07254982
9.15882397
14.84902096
14.41372395
16.61764526
14.88823700
15.92156982
19.56274796
19.33333206
20.99019623
29.68235207
26.33530045
18.49608231
18.62157059
13.62549114
14.05490208
13.18235207
14.27842999
10.55882454
13.08039379
14.49215698
16.53921700
14.19607830
15.18627548
18.23725510
21.21764374
21.18823242
26.00392342
29.39411163
22.29411507
17.19215965
14.45882511
13.70392418
14.16862488
13.75882339
13.51960945
9.53333473
15.06470585
15.07058907
14.63137436
13.90784073
17.60195923
21.20588684
21.11764336
21.34509850
30.70784569
27.34313583
17.94705772
15.41960907
13.62156868
14.31568718
13.64705849
14.54706097
9.90784454
13.46078396
14.88627434
14.67450714
13.23333263
16.55490112
21.24705315
21.73921776
22.13529587
25.75294495
30.66470528
22.46078873
16.55882263
14.18039227
14.29411793
14.15294075
13.69803810
12.69215775
10.70784473
15.89215660
14.79607773
12.48039150
16.02156830
19.76666641
23.41372681
22.75098038
19.02352715
30.47647476
27.65294075
18.81176949
14.59999943
14.29607773
13.40980244
13.88627529
15.49019432
7.54901981
15.36862659
15.01176357
12.53725433
13.73333359
19.54902077
20.60196686
26.03921509
19.92353058
23.80392265
31.14313889
21.60785103
15.59411716
14.19607925
14.06274414
13.89411545
14.19019508
11.32745171
12.39999866
15.53529739
12.69019604
13.09215450
20.27647209
18.28235435
28.03921318
23.10588455
16.83529091
29.21764946
26.23725891
17.36078644
14.16666508
14.64117718
13.17450809
14.38823605
15.02549171
8.61568642
16.34313774
13.47058678
12.31176376
17.95686150
19.30588341
24.92157364
28.42353058
17.48039627
21.57451248
29.69999695
20.31764793
14.69803905
14.90784454
13.46862984
14.01176643
14.88431358
10.16666603
15.28431511
15.01176262
11.52156925
14.33725357
20.63137436
20.42352867
30.91960907
21.67255020
15.84706020
25.45294189
23.60784149
16.62352753
15.04313850
14.87058735
13.93529606
14.04509830
14.17255116
11.57058811
15.33725739
12.28039360
13.84705925
17.32941055
19.00391960
26.92941093
27.34705544
16.84117699
19.68431854
24.63332939
19.14706039
15.34313583
14.51568604
14.16470718
13.97450924
15.78627396
8.89215755
15.67647076
14.43725491
12.47647095
15.71372604
17.98431396
21.79608154
28.58431435
21.37646866
15.67647171
21.81568718
21.20784378
17.92941666
14.46274471
14.50784302
14.53333378
13.90000153
12.48627472
12.61764908
15.74902058
10.76470470
16.07842827
16.71568680
19.88235664
22.49019814
27.93137169
17.08039284
16.52941132
22.36470222
19.74314117
15.15686226
14.41176510
14.60980225
14.43529510
15.77843094
8.88823414
14.81176853
12.83921528
13.01764679
15.69804096
17.87450981
20.26470757
27.77255058
21.45490456
15.77254868
18.74510002
19.79019737
18.60196114
14.43725395
13.95686340
13.97647095
16.11960983
10.77451038
13.40588188
14.35490322
10.39607811
16.41568947
15.47646904
19.21176720
20.78823471
25.15097618
17.88235092
16.27450943
18.60196304
21.70980263
15.72549152
13.81372452
13.90588188
14.63333321
15.43529510
9.42549133
15.01568508
11.38627720
14.64509964
14.95294189
16.54509735
18.64118004
24.66862488
21.30000114
15.78627396
16.29607773
19.77451134
21.29215813
14.91764545
14.13725281
13.89019680
16.88627434
8.32352924
14.45490360
13.83921528
11.19019699
15.51960850
15.60392570
16.96470642
19.96078873
26.35490227
17.29019737
15.69215584
16.91372299
23.59803581
18.77843094
14.20196247
13.90392303
15.32352829
13.26862907
11.23921680
14.61372566
9.30000019
16.02353096
15.13137627
15.84902000
17.76274681
24.68627357
19.62353134
15.49411869
14.26274490
21.50000000
23.11764336
14.75686359
14.38039398
14.21764660
16.77450943
7.67646980
14.66470528
11.78039455
13.39215660
15.04509830
15.79803944
17.43725204
19.31568527
22.51176453
17.53137589
14.74117947
16.70588112
23.76666641
18.23921776
14.40980148
14.29999828
16.28235435
10.10000134
11.59019470
14.39215946
9.16666794
15.46862888
15.57058907
16.49411774
17.66470718
22.27058983
18.28627586
14.44901848
14.47843170
21.05882454
22.79019547
14.59411907
14.78823662
14.59019756
14.60195827
7.77254963
13.85882092
9.76667023
14.80000114
14.22745132
15.00195980
14.66862774
18.13725853
20.54117775
15.72941113
14.91764736
15.26666641
20.45490265
19.80392075
15.63725758
13.64509773
15.86470509
7.51176500
12.13529396
12.69215679
10.23529530
14.53529263
14.13333511
10.58431339
14.79019451
20.17647171
16.84117317
15.31568909
13.11176491
16.12353134
21.93529510
14.39804077
14.96274662
15.93921471
10.69411945
8.58627510
14.49607658
7.84901953
15.27254868
12.69215488
9.86078453
10.60196209
17.20980453
18.37647057
14.68431568
14.48431206
11.63137245
17.46862602
21.46862793
15.60980511
14.78627586
14.65490246
6.45686388
13.01960850
11.26470470
10.88823414
14.93725395
10.20588303
7.11960793
13.40000248
18.26274490
16.57843399
15.71568680
10.97451210
11.94705963
24.56862831
19.98039627
14.59019852
15.84509754
7.94509840
9.11960793
15.27450943
7.47254944
15.63921547
11.49019623
5.72941160
10.05882454
16.83725548
17.07647324
14.76470470
13.25098038
9.94902039
20.23332977
24.80392265
17.16666603
15.06666756
12.83725548
6.56078482
13.69999886
9.74705887
12.64313793
13.60784340
6.29019594
6.53333330
13.75686169
18.13333511
13.79019547
15.50000191
9.79215622
14.41568756
24.92352676
21.96078110
15.17254829
14.88627434
7.24509716
10.28039265
13.52548981
8.26666737
15.31372452
7.66470623
5.34313726
9.76274586
16.75686073
14.87255096
16.18823433
10.91960812
10.13137245
21.64902306
24.47451019
15.18823338
16.20000076
10.39607906
6.42745113
13.94313717
9.07058716
12.38823509
11.41764736
4.18039274
6.45882368
13.65686226
16.97843170
14.76862907
16.09411812
9.20784378
15.69215775
22.68431091
18.88235664
14.18235111
14.56863022
5.99019670
11.40588474
12.10196209
9.69999981
13.47843361
5.43529463
5.32156944
9.50000000
16.65686417
14.77059078
18.30784416
9.61568737
10.98823643
18.97450829
21.85490417
14.23333263
17.79803848
8.69999981
7.38823557
15.21372700
8.06470585
13.28039360
7.60784245
4.30980492
7.35294151
13.10784340
16.00980377
16.93137169
12.54705811
9.62941074
14.16862869
20.69607925
15.60784340
18.75098228
12.38431835
5.11568642
12.37843418
10.78823662
10.53725529
10.08235455
4.15686226
5.81176567
9.35882378
15.47646999
14.62352753
16.50000000
9.47058773
11.75882435
16.93725395
18.44902229
15.93725395
17.98235130
7.10980511
8.68823624
13.82549095
7.25686264
12.81176662
5.36666584
4.42745113
6.77647066
13.65293789
15.67843151
17.40588570
10.73725414
10.53137302
13.19411755
20.44705963
15.07646847
22.21764946
9.18235302
5.44901991
14.30000114
9.27058697
11.60784435
7.29411793
3.53137279
5.91372585
9.42745209
16.68823814
15.89411926
14.54705906
9.49411869
11.80392075
16.50196075
16.79411697
21.62549019
11.65294266
6.00784254
10.59607697
13.23137283
7.81960821
10.35882378
4.17254972
4.80784273
6.90588236
14.78431511
15.40196133
16.95098114
11.09215832
10.44509792
11.96862793
17.82549667
16.74117470
18.23137283
7.70784330
6.41764641
15.45686340
6.24705887
10.76274490
5.84313726
3.61176515
6.51372623
9.66078472
17.05097961
17.13333130
13.10784435
10.47843361
10.15098095
16.78431129
15.61372566
20.58431435
9.25490189
4.99804020
12.49411678
10.48823357
8.26078415
7.24313736
3.71568632
5.08431435
7.33137226
14.57058811
16.68627548
16.41960716
11.69215679
10.29803848
11.50784302
17.84902000
18.66862869
11.74313641
6.49803972
7.97843122
15.26862717
5.87254906
8.72941113
4.56274509
3.89607882
6.99019575
8.59411907
17.80000114
17.73137283
13.44901848
10.50000095
9.50196075
17.35098076
15.48431587
15.49803734
8.13137341
4.62352943
14.07254791
8.43921757
8.96862793
5.95490313
3.37647080
6.22548962
7.38823605
14.31568813
17.96862602
15.16274643
11.54117775
10.37254906
11.56078434
17.10784340
16.96470833
10.29803848
4.87843132
10.14901924
13.04313850
6.91568661
7.69411707
3.54705882
4.28431463
7.47843170
9.42156982
19.28235626
15.99215794
11.86470318
11.37843418
9.49804211
16.69019699
17.25686264
12.61764908
7.35490179
5.13137293
14.73137093
7.37843037
8.80980492
4.61960840
3.37254930
6.62549019
7.90196133
15.03921604
17.08235359
15.09215832
10.96862793
10.74117661
12.41960907
16.20980453
17.67255020
8.85882473
4.13725519
11.96470547
11.29607773
7.95294094
5.56862831
3.37450957
4.44901991
7.35686350
9.77843285
17.29215813
16.67255020
10.64509773
12.46862888
9.54901886
16.02548981
18.77059174
10.10392094
5.57647133
7.33529472
14.60980129
6.85882425
6.98431444
3.28823566
3.62156892
6.04117680
7.51176548
13.81764793
15.19215679
15.37059116
10.62941170
9.79804039
13.77255154
19.94705772
12.65098095
7.07647181
4.25490236
13.87255001
8.62941170
7.41568661
4.19607830
3.03333402
4.53137255
6.93333340
10.31176376
15.31764793
15.65097904
10.75686359
10.57843018
10.50000191
20.34117699
17.18235397
8.86470699
5.23137283
9.62941265
12.28823566
6.08039284
5.50588226
3.27254939
4.44509840
6.25294065
7.81764698
14.00980282
14.78235149
12.71372604
11.10784340
8.65490341
15.86078453
22.27451324
10.65294075
7.42156887
5.51176500
14.35686302
6.70000124
7.12156963
3.51764750
4.02941179
5.32352972
6.99215698
11.05294323
14.89608002
14.35294056
9.84509754
9.84313679
9.27843094
23.36666489
12.47058773
9.73333359
4.66078424
11.42548943
10.85686398
7.37647104
4.30784321
3.49607849
4.92745161
6.70392275
7.28627443
15.22941208
14.55490208
10.92156982
10.37058830
7.63137245
15.70980549
16.09412003
10.28431511
6.76470709
7.24902058
14.60000038
6.54706001
5.60588169
3.23725510
4.25686264
4.77450991
6.77843237
12.38235283
15.35882378
12.25490189
11.77451038
7.82353020
9.98039341
17.04117775
10.73137283
8.90000153
4.85882378
12.89412022
9.42941189
6.80784416
3.48823547
3.28823566
4.54705858
5.91372538
8.38627434
16.84117889
14.36274719
10.46862793
11.48823643
8.70196152
12.89019585
12.31960773
9.41568756
5.46274662
8.48627472
13.39607716
7.83529425
4.36470652
2.98039246
3.85686278
4.58039188
6.20588255
15.33725357
17.43333244
12.59999943
13.98235321
9.05294228
10.45294189
12.30980301
9.77647018
8.20588303
5.26862812
13.62157059
9.11764717
6.31960869
3.10588288
3.51568627
3.94901943
5.54901838
8.72941208
21.87646866
16.10784340
12.19607830
11.91960716
9.73137379
12.38823318
10.32745361
10.39607811
4.78039265
9.84313965
12.11960888
8.44705963
3.41372585
3.22745132
3.65686250
5.29803848
6.01372528
18.90980530
19.77058792
12.94902039
11.62744999
9.21372700
12.03529453
11.65098381
9.50392246
7.07058811
5.54117727
14.50000000
8.55294132
5.36274433
2.80980396
3.55882430
4.44313812
5.62745094
11.13529491
22.63137245
16.52353096
10.60196114
10.20000076
10.54117584
12.94313812
9.05098057
7.88627529
4.78039217
11.21176529
10.21372890
7.48627520
3.32352924
3.33921599
3.64705944
4.64509821
6.56862831
20.53137207
20.59411812
12.27058887
9.65882397
9.94313622
12.15686035
9.66470528
8.59215736
5.33137274
6.78431368
12.68039322
7.89019680
4.18431377
3.20392156
3.92745113
3.95294142
5.30000019
15.20392227
21.16470337
17.32549095
8.98627472
9.82352829
10.76470566
11.16078377
8.29607868
6.96470690
4.53921556
12.12549210
7.49215794
6.41372490
3.74313760
3.82352972
5.46274614
4.95294142
8.02941227
21.12745285
21.21960831
11.31764603
10.82941246
9.90000057
11.50392151
8.26470661
8.51372623
4.73137283
8.33921623
9.97254753
6.90196037
3.88235307
3.50196075
7.10980320
4.25686359
6.16862726
16.53725624
19.90588379
14.71568775
11.36078358
10.52549076
10.77451038
9.03725529
8.47646999
7.03725481
4.76274538
12.70980644
6.22941208
5.41764784
3.00588274
5.08039236
5.50980330
5.42353058
10.58235264
16.32352638
17.88628006
11.37451172
11.37450886
9.70196056
10.34509850
7.85490227
8.40392208
4.33137274
9.57647133
8.80392265
6.82353067
3.18431401
2.91764712
5.46666670
5.03921556
6.29215622
15.28039265
16.62352943
11.96470547
12.61764622
9.33725548
10.05098152
7.93529463
8.11372757
5.48823547
5.93137217
12.29411697
7.06078434
3.55686235
3.61960816
3.03137302
4.60392141
6.27647066
13.38039303
13.88431358
12.77451038
12.30196095
10.07451153
8.70392227
8.88823509
8.10588264
7.06078482
4.23921537
10.87255001
8.83137131
5.40980434
2.50392151
4.87451077
3.98235369
5.23725510
6.48235321
16.60392189
14.62744999
10.78431511
12.56078529
7.77058697
9.41568565
7.36470604
7.65098095
4.96274519
7.37451029
11.51176357
6.56470537
3.08235288
5.47843122
3.64705968
4.32549095
5.13725471
15.15294075
15.12941456
11.01176262
11.26666641
11.21176529
8.05294132
8.79804039
6.92941093
5.94117641
4.22549057
11.94313812
7.88235283
3.82745123
5.06666660
4.29803848
4.19607878
4.49411774
9.31372547
17.99999809
15.04509926
9.84313869
12.21764851
8.04313755
8.65490341
7.19215631
6.28039217
4.36078501
7.79607868
11.14509773
5.77058935
4.81372595
3.85686302
3.89215732
5.03725433
5.23725557
16.18824005
16.59608269
11.60392189
9.55490303
10.25490189
8.06470680
7.28823519
7.16274452
5.48627472
4.80588293
11.95490170
8.15490150
3.52745104
4.40980434
3.18823552
5.26666689
4.81568623
11.72745323
17.14901733
14.73725510
9.28235435
10.11960888
7.49803925
7.76274586
7.11764717
6.32745218
4.37647104
9.24117756
9.79607964
5.17647076
4.06078434
3.27451015
5.83333397
5.04509783
5.68039274
18.67058563
16.95686340
11.24117661
9.08235264
8.84509945
7.75882387
7.14901972
7.19607925
5.19019651
5.87254858
11.60195923
7.32941246
3.47647095
5.21372509
5.21764660
5.43333387
5.15686369
14.30784321
18.18627739
14.41960716
9.57255077
9.30588436
7.90784311
7.14313745
7.60980463
6.10392189
4.38627481
11.05098057
9.64705849
4.03529406
3.99607873
5.32941151
6.04705811
4.47254896
7.83529425
18.02352905
18.06078720
11.85490322
9.18235207
8.41372585
6.87843132
7.35882282
6.73725462
4.70588255
7.64313698
10.91176319
7.02156973
3.60000086
5.10588217
4.97843122
4.99019670
3.87451005
15.52941036
19.06666946
13.85686302
10.85686207
8.85686398
7.22548962
6.46862745
7.84509754
5.76862764
5.39411783
11.54313755
8.80980301
3.67254925
3.99803948
4.82156944
4.99803972
3.86862731
10.16666794
17.67843056
17.78235435
12.58235168
8.70980358
8.13725567
6.35294104
7.48627472
6.42941141
4.82156897
9.05490112
10.45098019
5.79411888
3.65098047
4.74117661
4.25294209
4.24313736
4.13529444
17.51372719
20.35490417
13.36470890
10.09607601
8.38823605
6.40196133
6.64313745
7.18627405
5.39019585
5.72549057
11.31176472
7.51372623
3.62745094
4.57254934
4.21960783
4.20000029
3.53725529
12.12352943
19.08431816
17.70980644
10.73137188
9.01372719
7.52352953
5.69215775
7.66078424
6.23137379
5.34313726
10.14705849
9.14901924
3.86666703
4.56078434
3.94117665
4.20392179
3.98431420
5.72156906
17.27450943
19.80980301
12.91568661
10.81568909
8.40392208
6.97254896
8.04117680
6.51764774
6.21960783
6.88627481
10.65098000
6.04705954
4.27058792
4.99803972
3.61764717
4.76470470
4.05098057
14.76666737
16.95882416
14.70196152
11.64313793
10.18235302
8.19411850
6.98823500
8.70588207
6.93921566
5.64902020
11.72352982
8.63725567
4.19019651
5.44117594
3.69607854
4.45686293
4.28431416
9.20980453
16.13725471
14.88627338
12.56862831
12.09411812
10.17058849
7.12549067
8.80195999
7.35098028
6.14901972
8.26274586
11.27254868
5.55882359
5.06078386
5.08431387
3.12156868
4.86274529
4.02941132
17.44117546
14.43137169
12.82745266
14.02352810
9.54901981
10.32549095
8.94313622
8.09411716
6.74509907
5.49803925
11.73333549
8.25882435
4.74705839
5.21568632
4.27254868
4.46862793
3.80980420
13.23137093
15.89999866
11.30588245
13.70195866
12.38823700
12.26078701
7.52941179
9.61764717
8.22549057
5.95686340
9.33333302
11.36274529
4.55294132
5.07450962
5.08235264
4.13921642
4.88627434
6.15490246
18.46666527
12.27647305
14.27843189
14.18039036
10.52745152
10.93137264
10.48235226
8.27451038
7.00588274
5.56470585
11.98627281
6.87451029
5.42353010
4.85882378
5.14313745
4.32745075
4.42745113
16.28627396
14.30980396
12.20196247
16.35882378
12.04117584
12.37255096
11.10392189
6.78627348
8.72548962
5.22745228
11.47843170
9.11960602
4.67058897
5.42549086
5.55686331
3.54902005
4.97450924
9.41568565
17.84705925
11.71176624
18.47451210
14.88627529
12.24901962
10.09411526
10.37843227
8.87255096
6.84902048
7.60784388
11.03137112
4.91372585
5.78235292
6.12745047
5.25097990
4.49019623
4.81568670
19.05490303
14.53333187
14.59215641
18.07843018
14.13529396
12.93137169
11.23725319
7.44902039
8.79999924
5.59215784
9.88039398
6.82745075
4.86666727
5.67843151
6.83137274
4.39607906
4.86470604
13.22745037
18.21764755
13.78235340
17.22744942
17.20000076
15.38234997
11.20588207
7.47647095
8.82548904
5.87058783
8.76078320
9.00000000
4.50000048
5.90784359
5.95686340
5.51568460
4.55686235
6.59411764
21.07451248
17.66078568
14.29999924
17.20196152
16.97451210
13.83333397
10.46666813
7.63137341
6.99411917
5.58431339
10.07843208
6.96274567
5.52352953
7.06274509
6.52745152
3.79215693
5.08823586
17.46274567
19.84313583
16.15097809
14.27450943
18.54313660
17.24902153
11.77058697
6.41568565
8.22549152
4.91372633
10.15294075
8.69999886
5.39019728
6.43333387
8.08431435
5.28039217
4.28039217
9.76078415
22.09999657
19.79607773
13.60196114
16.91764641
17.48627472
13.30588055
8.53725529
7.74510050
5.45098019
6.73529434
10.65686321
5.46470594
5.25097990
7.74705887
9.64509869
3.37058878
4.80784321
20.37842941
21.96274376
15.95490170
13.86274529
17.40784073
15.05882549
10.59215641
5.99999905
7.21372509
4.75882292
10.54117584
7.90588236
4.69607830
5.29019690
9.94313908
5.15490246
4.20392179
13.71176434
22.20000267
19.41960716
13.50196075
15.51764679
15.92353058
12.52549171
6.47451019
6.28627491
4.68627405
8.31372643
10.34705925
4.12352991
5.10392189
6.86666679
6.27843142
3.92941213
6.90000010
21.76862717
21.53725433
15.58431530
13.88039494
14.86274624
13.78431320
8.46078491
5.51176596
5.22549009
5.40784359
10.25097942
7.24509811
5.69607782
5.50000000
6.97058868
3.21372581
5.46274519
15.89607620
23.09215736
19.31176186
13.19019413
14.36666870
13.08039093
10.37843323
6.00196075
4.91372490
4.65294123
10.09411812
8.84117603
5.63529396
6.79019594
5.80392218
4.10000038
4.06274509
9.49804020
22.77058983
20.77255440
15.59412003
13.98235512
12.69019604
10.92156887
6.85882425
5.48627424
5.04705906
6.50000000
11.33333302
5.85686302
7.03921652
5.34117603
5.48039293
3.28431392
5.56470680
19.15490341
22.58431244
17.93333054
14.37843132
13.04705906
8.40392113
8.04313755
6.14313841
5.41960812
5.47058916
10.14313889
7.23921633
6.77058840
5.94117689
5.80196095
4.64313793
3.98039246
13.17843056
22.12745285
19.83725739
16.96470833
14.65686226
6.62353039
7.89411688
6.10980463
5.66274500
4.98039246
7.82156944
9.79607964
5.01176500
7.18823576
6.29215717
5.75882339
3.76470590
7.24509907
20.38234901
21.15686417
17.89411736
15.21372604
8.90000057
5.04313707
6.35098124
5.92745113
5.01568556
5.65294123
9.37843227
7.33333349
6.97058821
5.28431368
7.91176462
4.55294180
4.58235312
14.85098171
21.20980453
16.66274834
15.50392246
11.89215565
3.96666622
5.80980396
6.71568632
5.14901876
4.90392160
8.85882282
8.38627434
5.33725595
5.70392132
8.09607887
4.98431349
3.92745090
9.50196171
20.13137436
18.06274796
15.44313622
13.56078434
6.17058754
5.04901981
6.74902058
5.72352886
4.88039207
6.61960793
10.25686169
5.27451038
5.86862803
6.10588264
6.79215765
3.94117665
4.69607878
17.26274490
20.97254944
15.42549038
13.07254982
9.53921604
5.41176414
6.06470585
7.15490294
4.80784369
5.38823557
9.59019470
7.52745199
5.04313803
5.68823528
7.29019642
4.47254944
4.24509764
11.18823528
20.34313393
16.20195961
13.02352905
10.96078491
6.90196085
6.42156792
7.28431320
5.11568689
4.71764708
7.78431416
9.73333359
5.68823671
5.17058849
6.38431406
6.86470652
5.08039284
5.61764765
18.39804077
19.29411888
13.82744980
8.84117603
8.91372490
7.57058859
6.10980368
6.08431387
4.39999962
5.52156878
9.74313927
8.20196247
5.35097980
5.80980396
6.45294189
6.63529396
4.59019661
12.84902000
21.02744675
14.10784245
8.58627415
8.01764774
9.66274548
5.18039179
6.64509869
4.52941179
4.86470652
8.89215660
8.94705963
5.69607925
5.93725538
6.51568604
7.20000124
4.69019556
7.86666679
18.37058640
17.36666870
11.82941055
6.31176472
9.85294151
7.30392075
5.89019537
4.81764698
4.44509745
6.17450953
10.50980377
6.59215593
6.28627539
6.20784378
7.09803915
5.43921614
4.51960802
15.61176395
20.29411888
14.62940979
7.95882320
8.00980377
10.11960793
5.75097990
5.75882435
4.06470585
5.04313707
9.65882397
8.16862679
5.95490217
6.08431435
7.03333330
6.99019575
3.75686312
10.60196114
19.61568832
16.95293999
13.38039398
8.02548981
9.95294189
8.57254982
6.88823605
4.37450981
4.53921556
7.60980415
10.80588341
4.60000038
7.73921585
6.44117641
8.28235340
4.28235340
5.36078405
17.24117661
19.70588112
15.55098248
13.55882263
8.84117603
10.34117508
8.91372585
5.41960859
3.88627481
5.64705944
11.69215679
7.30196047
6.10980415
6.97647095
7.34902000
5.78431416
2.95686293
12.73529720
20.42548943
16.95686340
20.38431358
9.74313641
12.99019718
10.76862907
6.20000029
3.63137293
4.85686255
9.41176510
10.40980339
4.54901934
8.00392246
6.40980387
6.58235407
3.66666603
7.49607849
18.41764641
18.91568565
21.29215622
13.98235226
14.26078320
11.99411774
8.33333397
4.50588179
3.86470604
5.96078444
12.02549171
6.25686312
5.96274519
8.68039322
6.46078444
4.64509869
3.60588288
14.89215660
20.18627930
19.27058792
20.41372490
13.17647076
14.80196095
11.36470604
5.62549019
3.60980415
4.57843113
9.73725510
9.78039169
6.64509773
8.56274605
6.44901991
5.66078424
3.12156916
10.45294189
20.02941513
18.71568680
22.48235512
14.59411621
15.87647057
11.21568584
8.27058792
4.25294209
3.92941189
6.80784369
11.94901943
5.71764708
8.20980358
9.09215641
6.97843170
4.04902029
5.89019680
17.26666641
21.26470375
19.14118004
19.48039627
13.16666794
12.06862926
9.90196037
5.20588255
4.32549047
4.88039207
10.50000095
8.86862946
8.43333340
6.76470518
6.86470652
7.79803944
2.96078444
13.23529434
20.29411888
20.20392227
19.07647133
13.22156811
12.25294113
8.40000057
6.90980482
3.96078467
3.80784297
8.45098019
10.93725586
7.39803886
5.85882282
6.89803886
9.03921604
4.72157001
8.18235207
17.71961021
22.46862793
16.80391884
15.39607620
11.06274605
9.10588169
7.37647104
4.43529415
3.13921571
6.16470671
10.76666832
8.88039207
7.33529377
4.70784378
8.61372662
8.98431206
3.84313798
15.11960697
21.87058640
18.87843513
13.53921413
11.92549133
10.16666794
7.02352953
5.37843084
3.41764712
3.99019599
9.55882454
10.59607792
8.30980492
4.41764784
6.78235292
9.53725624
5.72549105
10.09019661
19.15882111
21.40783882
12.75294113
13.37450981
9.91960812
9.03529549
5.93333244
3.78431416
3.62156820
6.71176529
10.52353096
9.59607697
5.17843246
5.39607859
8.91176510
7.46666670
5.73725510
16.50391960
22.79803848
14.04117775
11.56862736
9.84902096
10.22156906
7.00784302
5.05490255
3.42156982
4.59019613
9.99804020
10.35882473
7.31372547
4.22941208
6.18627405
8.69019604
5.36274529
12.76470566
20.69019890
19.19411850
10.27843285
11.43333530
9.14117718
9.41568851
5.76274538
3.75686336
3.90392160
8.01568699
12.34902191
8.91568661
5.02745152
5.68627501
8.30784321
5.99411774
8.11568642
18.09999847
21.44117546
10.83921719
12.02941132
9.18627644
10.42941093
6.84117746
4.55294085
3.71176529
5.77451038
9.79607868
11.84509850
8.68235493
4.73921585
7.89411783
7.27254915
4.96078491
15.09607697
21.14902687
14.50195980
10.61568642
10.50588036
8.15294170
9.18039131
5.96078491
3.45098090
4.07058859
8.52156830
14.25098038
9.31372643
4.40196133
6.58627415
8.37647057
4.86862803
11.05294228
18.69608116
16.63921547
10.87843132
11.45294094
7.46078348
8.72941017
7.51568556
4.13137245
2.97450972
6.00588322
12.33529472
10.69411850
6.25098181
6.42549038
7.08431435
5.53137255
6.15098047
17.52745056
17.53725815
11.71960640
12.99411678
9.26862812
5.69215679
8.78039169
4.52353001
3.11568594
4.18431377
9.86862755
14.59607983
5.84705925
5.57451010
6.25686216
7.53725386
4.18039227
13.33921528
17.65098190
14.00000095
13.86274719
12.93137360
4.74705935
7.23529482
5.74705887
3.10196114
3.40980458
6.96274614
14.50000000
8.33137226
6.46078396
5.76274538
7.54313755
4.93921614
8.29803848
18.88823891
15.01372337
13.00195980
19.27647018
8.24509811
4.21764660
6.91764784
3.04117703
2.79019642
5.08039188
11.16470623
12.80980396
5.43921614
6.88235378
5.96274614
6.18823576
5.25686264
14.95293999
16.91568375
14.25686359
18.80392265
14.47647190
3.51764703
5.24901867
3.47843194
2.98823524
3.64117646
9.19019508
14.06078434
6.90784264
8.01960850
3.96078444
6.92941141
4.36078405
9.98235226
17.76862526
14.38431358
15.91764641
19.46078491
6.43921661
3.66078424
4.22352934
2.95294142
3.56470633
5.95294094
12.39019775
11.92940998
6.50980425
6.32941246
4.54705906
4.51764679
6.37843180
16.60000038
16.35490227
13.32745171
20.40196228
11.70588303
3.23137236
4.74705887
2.81176496
2.90784287
3.96078491
9.47451019
15.38431454
6.46274567
6.86862755
3.38627458
5.14313793
3.96666694
12.62940979
18.25882339
13.35686207
17.31764793
17.12941360
4.98039293
4.08431387
3.33725548
2.90588260
3.24313760
6.69215727
13.41176510
11.32745171
7.67254972
4.79411840
3.68823552
3.74705887
9.11764622
17.03137207
15.59607887
14.09803867
19.53137207
9.38431168
3.05294180
4.25098085
3.94313788
2.51568699
4.19804001
9.73921585
17.00392342
7.93725491
5.29999971
3.96666694
4.78235292
5.29215670
14.56470871
18.17843246
13.86666775
18.12352943
14.67254829
3.86078501
3.68823552
4.26862764
3.27451015
2.48627472
7.86666584
15.66470528
10.97254848
6.31372547
4.19803953
6.33921576
4.08431435
10.95490265
17.16666794
16.04706001
15.08235550
18.77451134
8.19411659
2.87058878
3.50588250
5.73333311
2.62549019
4.68823576
10.54901981
17.68627357
7.22745132
5.49803972
4.49607849
5.96862602
7.35490227
14.10980225
18.45686340
14.35490227
19.11568260
14.47058868
3.53725553
3.10196114
6.20196152
3.15294242
3.28431416
7.77843046
18.57843018
9.90392399
6.51176548
4.90392160
4.67647076
5.14313841
11.53333282
17.57647133
15.97058868
17.13725471
17.54313850
8.78431511
3.37058878
4.57843161
5.52156973
2.62156940
5.96078491
12.28039169
17.04117775
7.32549000
5.81764698
4.05294180
4.91960859
8.36470604
12.88431549
18.39804077
16.01568794
18.12156868
13.14509583
4.53529406
3.60784292
6.64509773
2.87254882
3.97254896
8.88627434
18.44705772
10.14706039
6.06274462
5.20588160
4.89607811
6.03137302
10.45294189
16.93921661
15.18431664
17.37843323
14.17451191
10.20588112
3.93529415
5.62941170
4.26862812
2.68431377
6.94509792
14.80784416
16.54509926
6.34509850
5.54706001
4.95294142
3.75882387
9.56666660
13.31764603
17.42353249
15.83921623
15.90980530
13.55882359
6.89607763
4.07647038
6.32941294
2.35490203
4.61764717
11.42548943
18.41372490
9.60392094
4.84117603
4.79803896
3.59411764
7.74117613
11.52156830
17.15490150
15.18039131
18.11176300
13.63529491
13.62745094
4.76666784
6.88235283
2.13921595
3.35882354
7.92352915
17.94510078
15.13725758
5.37058830
4.30980492
3.88039184
5.13333416
10.39803982
16.14313889
16.30392265
18.96862793
13.81764507
15.43333626
9.27450943
4.92941236
4.33333445
1.86666715
5.69803905
14.52352905
17.73137093
9.38235092
5.32549047
4.15686274
3.18039227
9.98823738
14.56274414
17.31568718
18.39411545
18.17843628
12.31176472
16.51568794
5.23529434
5.09019566
1.74313760
3.40196109
9.95098019
19.30196381
13.92157078
7.17254925
7.64313841
2.78627467
7.82156944
12.57647324
16.45097923
17.19412041
20.66862679
12.36862946
17.11372757
11.06862736
5.45490122
1.53137279
1.82941210
6.51568604
18.15882111
17.62744904
9.57255268
11.63725471
5.57647085
4.33529425
12.01960850
14.42549229
18.11764526
18.11764908
16.11176491
13.65098286
16.75294113
6.45098066
2.64902020
1.85490203
4.15882397
13.57058716
22.49607658
13.16470528
10.18039322
9.83529568
2.27843165
11.41960907
13.74117565
17.02548981
15.67843246
17.06862450
12.39999866
17.18823814
12.28627586
4.05686331
2.54117680
2.57647085
7.92745113
23.46078491
17.96862602
9.82156944
10.79215813
3.94705915
7.53529453
15.25882339
14.51960850
16.87647057
15.72549057
14.27254772
14.44313812
16.81568336
6.52941227
3.99803948
2.32549047
4.74117708
18.13921356
22.98431396
12.75098133
10.19803905
7.10392141
3.27647114
16.17058945
14.34706020
16.88039398
14.97450924
14.80784416
12.53529358
16.68235588
11.52353001
4.90784311
3.21568632
3.28431392
10.36862850
26.07254601
16.84901810
10.71764755
10.09803867
3.60784340
12.10784245
15.97843266
16.09607697
15.27058887
13.96274662
13.78431320
14.97647095
14.43725395
5.79607773
4.20196056
2.98431396
5.77451038
22.92745018
22.92352676
12.47450924
10.98431396
8.30588245
5.85490179
18.04313850
14.16470337
16.06470490
14.25686264
15.09411907
12.89215946
15.66667080
9.26862812
4.46274567
2.95686316
4.09019566
13.59215736
27.93921471
18.28039551
10.43137169
11.88039398
4.53529453
14.70980453
15.43137264
15.60392189
13.90392399
14.73725414
15.18039131
14.96863079
12.42156792
6.25098085
4.44313765
2.82352996
6.98039150
25.93333626
22.83921432
14.21764660
9.48627377
9.45294094
9.05490303
17.72157288
14.24705696
13.39999771
14.34117985
16.51176453
13.89607811
13.82744884
10.10196209
6.23137283
2.75490236
4.29215717
17.38627434
26.92156982
17.08431244
11.57450962
7.84705925
4.84313726
18.02157211
14.48235512
13.57451057
12.52549267
15.15490341
15.23137379
13.92156982
11.03921700
9.82156849
3.99411798
3.04901981
9.15686226
25.13137436
20.47058678
11.28627777
7.57059002
4.74313784
14.21764851
16.98235321
13.68627548
10.39019489
14.98627377
14.95686340
13.60588360
12.50196075
11.87058735
7.28235388
3.14509845
6.12352896
17.92156982
23.38823891
14.01372623
9.26862907
3.29215693
8.47843075
20.18235397
14.08627510
11.58235168
12.02352905
15.32156849
15.29607964
14.21176434
10.15882206
12.33529377
2.48823571
5.69215631
10.32353115
24.70000076
19.22353363
10.65686417
6.42548943
3.98823571
20.05097961
15.41372490
13.09411716
9.62353039
14.65882206
16.52745056
14.96470642
9.72548962
14.50588322
4.06470585
4.19803953
7.23529434
19.95686340
22.56274605
14.55490303
9.98823643
2.41372585
13.53725433
19.34510040
13.42156982
9.79607964
13.20784473
15.54510117
15.94313622
11.90980244
11.88039207
7.77647209
2.63137269
5.57450962
11.46862793
23.53725433
20.49607849
12.12745285
4.59411764
6.82941151
21.59412003
14.13137436
11.28235149
10.13333321
15.50392342
16.21372604
14.07451153
8.45490170
11.68235493
2.40588284
3.88431430
8.11568642
19.95686340
23.25881958
14.56862926
8.56862736
3.43529487
18.77058983
15.72744942
12.12941360
9.29607868
13.70196056
15.33725452
15.66078377
8.52941132
11.45097828
3.77647138
2.37254906
5.77647066
14.04901981
24.91568756
19.70195961
10.38823605
7.32352972
12.60000134
18.03137207
12.66667080
10.30196190
11.30000019
14.75686264
15.68823624
11.77058887
9.32745171
6.37647057
1.83725524
4.09411812
10.20980358
23.63921547
23.43725586
15.25489998
10.19411850
8.67843151
18.93333435
13.75686073
13.50784206
11.57647038
12.73333359
15.22941017
14.77647209
7.82745075
8.06078339
3.36666679
2.88235331
6.22745132
17.62549019
25.67255020
20.85686302
12.88235283
8.94509792
17.35686302
15.32941246
13.33529377
15.19803810
11.90980625
14.81568623
15.52549171
9.97842884
8.86862850
5.52353001
2.22745156
4.77058887
11.64117622
26.11372566
22.83333206
14.37450981
10.32941341
12.82744884
18.03529358
12.32744980
18.53529549
13.21568775
12.72156906
15.04509926
13.26470757
8.68431377
7.99411726
2.93137288
3.11568618
8.40980530
21.15882492
23.87255478
20.51960945
12.20980549
8.67058754
19.44705772
13.91764450
16.30000114
16.18235397
11.20980644
14.83921623
13.79215717
8.91176605
10.78823662
4.96862650
2.57451010
5.78039265
13.53725529
27.82352638
23.80980301
12.34902000
10.09607792
18.66470718
15.66078663
13.31961060
17.40784645
12.97058582
12.62549019
13.46078300
12.62352848
10.50588226
7.43333435
2.88039255
3.64313769
9.74117565
22.89019775
23.27058792
22.63726044
11.00392246
15.73529530
18.71568489
14.62549114
14.17843151
14.69215679
11.11372566
13.23137093
13.53725433
10.16862774
11.14117622
3.51372552
2.46666718
5.93333340
15.97058964
25.10195923
25.77058601
16.42941284
15.10392380
21.75098038
14.88823605
14.17647171
13.08039284
12.80980396
11.12941170
13.34117699
11.93333435
10.82941246
6.48039389
2.31568694
4.10980463
11.44901943
22.15882301
23.50000191
26.88235092
18.45490074
22.60000229
16.79804039
16.16078377
10.25882530
14.06470776
11.41176510
10.39411926
13.85098362
9.80588341
10.21764755
3.23529410
2.67058802
6.41764641
18.62352943
25.17059135
27.11960983
23.62941170
22.01372910
21.08431625
16.30196381
11.97450924
9.77058792
11.86470795
10.37450886
12.09803963
11.76666832
11.57450962
5.71176481
2.29019594
4.76078415
14.23529339
24.77451134
24.33529663
27.68234634
22.64509964
25.17647171
17.12352943
13.72156906
7.82745075
10.88039207
10.77254868
9.97647285
11.53921700
10.96862602
9.52548695
2.94902015
3.04705882
9.37450981
20.26274681
26.11960602
28.43529510
24.28039551
26.42745018
21.01568604
16.13725662
7.77451086
8.54706001
11.39999962
9.29803753
10.28823566
10.51568317
11.55490208
4.67254877
1.93529439
5.64901876
17.76078606
27.53333282
25.41176414
28.07843018
27.51176643
26.42745209
17.80784607
9.41568470
7.42156839
10.19411659
11.18823338
9.56470490
9.47058964
10.73529530
8.73921490
1.78627503
3.99607849
12.14117813
26.39804268
24.80391884
30.68235397
28.70587921
29.11568642
21.09411812
11.91176510
7.55882359
9.63725567
11.88627338
9.21568775
9.19804001
9.56274509
11.34902000
4.10784292
2.41960812
6.14901972
23.18823624
28.40000153
27.23725510
30.95686913
29.42353249
25.00588608
14.55882454
7.98039150
7.13333368
12.50000095
10.21568584
10.05490017
9.31176567
11.22352982
8.10196114
1.99411798
4.83921576
17.30588341
27.45097923
25.14902306
31.90196228
28.76667213
27.17451286
17.85294151
9.42156792
6.93333387
10.05098152
12.52353096
10.39215851
8.52549076
10.52941227
11.27058887
3.56470656
3.14705873
8.72941303
28.83921242
25.16862679
30.23333359
28.87646866
26.99412155
21.22941208
11.42941189
7.96274567
8.49411869
12.77843380
9.94117737
9.15490246
9.41176605
11.54706097
6.76862717
2.22156906
5.78627491
22.25098038
25.71568489
30.09803963
30.59411240
26.25686836
24.96274567
14.06274509
8.67451096
8.13921547
9.62549114
11.13333321
9.60000038
8.31764603
10.97255039
10.10980415
2.80588269
3.52156901
12.43529606
29.47254753
27.31568909
31.90392303
27.58626556
26.92941093
18.34117508
10.05686283
7.75098038
8.70392227
10.32941151
10.00000191
7.41568708
9.68235397
11.21176624
5.57647038
2.26862764
7.21764565
24.99607849
25.02352905
31.84705925
30.36471367
27.38038826
22.47059059
12.04902077
8.24705887
8.58431339
8.44117641
9.53333378
8.02156925
8.71960735
11.38235283
8.36078453
2.50392151
3.90980387
15.71372604
27.05685806
29.28431511
31.96470642
28.83333969
25.69803619
14.75294018
8.99803925
7.56470585
8.01568699
9.56862831
8.38627338
6.58039284
10.26274586
10.26470661
4.12156868
2.65294170
9.74705887
25.02941132
25.04706192
31.73725510
31.36862946
27.23921585
18.89804077
11.30195999
7.45097971
7.92941189
8.53137302
9.23529434
6.43333340
8.85098076
10.05686092
6.25098133
2.03921580
4.97254896
17.83333588
27.12941360
29.52745247
31.67255020
28.30000305
23.69215775
13.43725491
8.31960678
7.81568766
7.75882339
9.94705868
7.40196085
7.64705849
10.21176434
8.42549038
2.99215770
3.04705882
11.85490131
25.40196419
28.06274605
30.37255096
30.46666718
25.59215164
16.49607849
9.55098152
7.86078501
7.99019575
8.60196018
9.71961021
7.43725538
9.73333359
9.62745094
5.31176472
1.90392184
6.02352953
21.13921928
27.88039398
29.04901886
30.68235397
25.92353058
20.40784454
11.62353134
7.86078453
8.67842960
7.41960716
11.17058945
7.77647066
8.76274586
10.64117432
7.62941122
2.76274514
4.00000000
15.64313698
25.35882950
28.00588226
26.29215431
28.76470757
23.42745209
13.53725243
8.49803925
8.75490379
6.94901943
10.47451019
9.68039417
8.21764755
9.76666832
8.90588284
5.08235359
2.76862788
8.74117565
24.20196152
26.89608383
25.22548866
28.80000305
23.67451668
17.63137627
9.45686340
7.85098076
7.42941141
8.39019585
12.44902134
8.68235207
7.58039284
9.90980530
7.23529530
2.98823524
4.41372585
20.31176567
26.41568375
25.46274567
26.07059288
25.93529510
20.00979996
12.16470528
7.55294085
7.60784340
7.39607859
11.33725452
9.72745132
8.06862736
9.22156906
8.45294189
4.73725557
3.60392237
12.35686302
27.10980797
25.77450752
23.36666679
29.01372528
20.91764641
14.55294132
9.66274834
7.89411736
6.91568613
8.80392170
10.29215527
9.04509830
8.39411831
8.47843075
6.46470642
4.34509802
5.04313707
24.71568680
24.26666451
24.12352753
25.98235130
23.98431015
18.22745514
12.46078396
7.66862822
6.69215727
7.54509926
9.15686321
9.04902077
7.92941189
8.78039169
8.00196075
4.37450933
3.84313750
15.57647038
27.73921967
23.97843552
23.25882149
25.44705582
20.55294228
14.93529415
10.76470566
7.25882244
6.98235416
7.96862793
8.61764717
8.56274509
9.33333302
8.68431377
5.31960726
3.97254968
7.09411812
27.17451096
25.61569214
23.75686646
25.71961021
23.00392342
17.79803848
14.49411583
11.31960869
7.44509888
6.63333321
8.18823528
8.93725586
9.58823586
10.29019642
7.78627634
4.06470585
3.65882349
19.79607964
27.31372833
26.02549362
25.50980568
27.73333549
18.83921623
17.92941475
17.58235550
9.85490322
9.12156963
7.04705906
7.80980396
9.88431358
10.52548981
9.25490284
4.52156973
3.37647080
10.75098133
26.97451401
28.08234596
27.19803429
28.93921852
23.77647400
19.21176910
18.77058983
15.91960621
12.95098305
6.35882425
6.95882368
8.09999943
10.83921528
10.74117661
6.01764727
3.67254901
4.11568642
23.14705849
26.88627815
30.56863022
29.99608231
29.29215622
19.33921432
18.85098267
15.75294113
16.02941132
8.14509869
6.73921585
8.27450943
9.58039284
10.49215794
8.04509926
3.20392203
2.94313765
14.00980473
28.64705658
29.89216042
31.68431854
31.70000267
23.87255096
16.22352982
12.69608021
14.94313717
11.22353077
6.66666698
7.55098104
9.57843113
10.63137341
8.22353077
5.79019594
2.60392165
7.30980396
24.43333435
30.67058754
31.95490265
31.90784454
29.78235054
16.70196152
12.54902077
13.48235416
12.83725452
6.32549000
6.80392170
10.38039494
10.07843018
9.82549095
7.43529415
2.90000057
3.01960778
18.24510002
29.46666718
31.92156982
31.99019623
31.74118042
23.90000153
13.77254677
13.52745056
16.39411926
5.79411745
5.93725395
9.79019642
9.91372776
10.44313717
8.46470642
4.36862803
2.30588269
11.57451057
25.20588112
31.60196114
31.99803925
31.98823547
29.61372757
18.86862564
14.32352924
19.53921890
7.70980406
5.18235350
8.68431282
9.94901943
9.59215736
9.70588112
6.82745171
2.37254953
3.55294156
23.01961136
30.42941093
31.99215698
32.00000000
31.71372986
26.08234978
14.77058792
18.92353058
11.53921700
5.03137255
6.38235378
11.96274471
9.19804001
10.00392246
7.24313736
3.28823614
2.38627481
16.67451096
26.62549210
31.79803848
31.97254944
31.95294189
30.01372147
18.20195961
15.83137417
13.09803867
6.68431330
5.53725481
11.84706020
10.54313660
9.12156963
9.19607830
4.83333349
2.43725562
6.94313765
25.96470261
31.22941589
31.96470642
31.99215698
31.35686111
23.97451019
15.13921833
11.16078186
7.28823566
5.72941160
9.08823586
13.03529549
9.73921680
9.44509792
6.31176376
2.62745142
3.15098095
19.15686417
28.08235931
31.79019547
31.99215698
31.64509964
27.85490417
18.10980606
10.81568623
7.10196161
6.09607792
6.79215765
12.42745113
10.66666698
8.58627510
7.86470604
2.78823566
2.53333378
9.61372662
24.42156601
30.03137398
31.91764832
31.68431664
31.09804344
21.46863174
12.66666794
8.77843189
5.83529425
5.76666689
11.53333473
9.55490208
8.28823566
8.02745056
4.77058840
2.20784307
3.73529387
19.87059212
26.67647171
31.66666985
31.93725586
31.81372643
24.53725243
16.19607925
8.79411888
6.18431330
5.65098095
9.20588398
8.04313755
9.81372643
6.92941236
5.85490274
2.39215708
2.41960812
12.80980492
24.82548904
29.48431396
30.97059059
31.64706039
28.18823814
18.80784416
8.35098171
7.30784321
5.70980358
6.82548904
8.78235245
7.25294113
7.12352943
5.80392218
3.11372614
2.61960793
5.54509926
22.93921471
27.36274719
29.35489655
31.87451172
27.40980148
20.48627472
12.08823586
7.79607964
6.06274557
5.77450991
10.78823566
5.22941208
5.72941208
5.40392160
3.91176438
2.51372600
2.95294118
16.06666756
27.10588264
27.86274338
30.34313774
28.26078796
20.36470032
16.55882454
9.88823414
6.13921547
5.48627520
9.56274509
7.58823538
5.11372566
4.85882425
5.01960802
2.86274576
3.03137350
7.89803886
23.27254868
28.22745323
28.22941208
30.31960678
22.89019966
18.06666756
14.00392342
7.93333340
5.32549047
7.32353020
10.00980282
5.02549028
4.01372528
5.55490303
4.03725481
2.60196090
2.97647142
18.56862831
27.07843208
26.38431168
28.86666870
26.06666565
18.29019547
14.50784397
14.48235321
6.66470528
5.38823605
7.71568632
6.04705906
3.48431420
5.02941227
4.47450972
2.55490208
2.61176491
9.98627472
23.64510155
27.52745247
26.98431396
28.84117508
20.58823776
14.77450848
15.85294342
8.60000038
5.21176481
5.43137264
5.50392151
4.59411764
4.13137245
4.51764727
3.48235297
2.37058854
3.75098085
19.98431969
26.49411392
25.91176224
28.34902000
23.95882416
16.25294304
12.43921566
11.77059078
6.00588179
5.14901924
5.60392141
4.27451038
4.10784340
3.94117665
4.48431349
2.30980420
2.28039241
12.29803848
24.22353172
26.96862411
26.83137703
25.10784340
18.71569061
12.19019699
10.71960735
8.00392246
5.24509811
5.47254944
4.81568623
4.41568708
3.78823566
4.24313736
2.85882425
2.34117675
6.29215765
20.13529587
26.44705963
25.90587616
25.63921547
21.43725586
14.46862507
10.11372662
9.53921413
5.24117708
5.58431387
5.84705877
4.62352896
4.57647085
3.08823562
3.95686316
2.04117656
1.92156899
16.27058792
24.22156334
25.75882721
25.23333359
23.46274567
17.31372261
10.54509735
9.68039131
6.18235254
5.02745152
6.05686331
5.53921604
5.88627434
3.42941213
3.30000067
2.96078444
1.83529449
9.47843266
22.73529243
24.81372452
24.77058983
24.94509125
20.38627243
12.80588436
9.37255001
6.73921680
5.31568527
5.82353020
6.19804001
7.41764641
4.06470585
3.10588288
4.08823538
1.64705920
2.79215717
21.08235359
23.53137398
25.93529510
24.19215202
22.76078606
16.30195999
9.78039360
7.87058830
6.13529444
4.51764679
6.82745218
8.81960773
5.45686245
3.28823566
3.69019628
2.18039274
2.01960850
13.30392075
23.40784264
26.06666565
24.05294800
24.83529663
18.92156982
11.18823624
7.68039322
6.67058754
4.82745171
7.02548981
8.78431511
7.11764669
3.34117675
2.93333340
2.70196056
1.92745113
5.49411821
23.53725243
23.56666946
25.69019699
23.54705429
21.60588074
14.91176414
9.09607983
6.97647047
5.31764746
6.27254820
8.01764870
8.91372490
4.18823528
2.69019628
2.65490222
1.55294132
2.06078458
18.56274605
24.44705772
24.04901505
22.73726082
22.63922119
19.25294113
10.97254848
7.72941160
6.58039093
5.29019642
7.03137255
9.72941017
5.44313860
2.79803920
2.41372585
2.19215727
2.13921571
8.22549057
26.49214935
22.92941093
23.87255478
23.83528900
21.66666794
14.70392227
9.44313622
6.48235321
6.12745190
7.26274586
8.70980453
6.47647142
4.15294218
2.83333397
2.90000033
1.80000019
2.39019632
23.27647018
24.40391731
23.92940521
24.30196190
22.00588417
19.88431549
9.71568584
7.79607821
5.91764736
6.72352934
6.56862831
10.05098152
5.33921576
3.08823562
3.75882387
1.66078472
2.15490222
14.04313660
25.08235550
24.66470718
25.64705658
23.17254639
20.29607773
10.73333263
8.77647209
6.46078491
5.84117603
8.74117661
10.05294228
6.57843161
3.89607859
3.35686326
2.23725533
1.64313757
4.70588255
25.22745132
24.25881767
25.18627739
24.69019318
22.42548752
13.08823586
9.10000038
7.27843142
6.20784235
9.62549019
7.31372595
9.09411812
6.11176491
2.95882368
3.10196114
1.56470621
1.60588264
17.19999886
25.26078033
24.17451477
26.27647209
23.21960831
16.53529739
9.02157021
8.13333511
6.35882425
8.54902077
7.51764774
10.15294075
7.47254848
2.85294175
3.02353001
1.78235316
1.98039246
8.31960869
24.36470413
24.55490685
25.26078415
23.60588074
20.06470490
11.62549400
7.96862793
7.12549114
6.90784454
9.31372452
8.04509830
8.44509888
4.87450981
2.26862788
2.23137236
1.36274529
2.14705896
21.45686340
25.63725853
25.44705963
25.07255173
22.12157059
15.48823452
8.57450962
7.52156830
6.72156858
10.45294189
6.39411783
8.21176529
6.13333368
2.37254953
2.22156906
1.74313736
1.22549033
13.67647171
24.45098495
23.43725967
27.76470375
24.43137360
18.76274490
10.57843018
8.11372566
6.99019575
10.01764584
6.88431454
6.89999962
5.95490217
2.97058868
2.20980406
1.71764719
1.30784357
4.32549047
22.53921509
25.16666794
26.84509850
25.02353287
21.19215965
14.44705868
8.86862946
8.03333282
8.35686398
10.00196171
5.66862774
5.02353048
3.81764698
2.20000029
1.59019625
1.61960816
1.15294135
15.61960793
25.72941780
24.26470947
26.33725929
24.06666946
16.96078491
11.14117432
8.44902039
8.25490189
11.39215660
5.99019718
4.72744989
5.28627491
2.10196137
1.43137300
1.62352955
1.18431401
7.46078491
22.73921776
26.10000420
25.11960793
24.68627167
18.79019547
13.19411945
9.16078377
10.87254906
10.22352886
9.72549057
4.27451086
5.35882378
2.61960840
1.91568649
1.50784349
1.56078446
1.98627472
20.56862831
25.12549019
24.84705734
23.62941551
21.43921852
15.71568584
10.60588264
11.07254982
10.11960697
12.62940979
5.71960831
3.25294161
4.01176500
2.63921595
1.63333368
1.17450988
1.62352955
12.05686378
22.91764832
25.19019318
24.77647400
24.37450981
18.23921204
13.51176453
10.31372452
11.47254848
12.26862812
8.26862717
3.28431368
3.17451048
2.90196133
2.19215703
1.20784342
1.27843165
4.22352982
22.43137360
24.51961136
24.88627625
23.99803925
22.62353134
16.07451057
10.72353172
12.00195980
11.68039322
9.69607735
4.49411821
3.07647109
2.47647071
2.73137259
1.51176500
0.87058842
1.43921578
16.93921661
24.04117584
26.32353401
24.57058334
25.11176300
17.93137550
12.03529739
11.29019737
13.03529358
11.17647266
6.09803867
3.09411764
2.26666689
3.28431368
1.36274529
0.90980417
1.40000021
7.58039284
24.37255096
26.35294151
27.05098152
22.95490646
21.75489998
13.72549152
11.44705677
14.97255039
12.07843018
8.36862850
3.05686378
2.58823562
2.51372623
1.79411781
1.48039234
1.01764727
1.40588260
20.58431053
25.55098152
29.37254715
24.49607849
23.60392570
16.09411812
11.94117737
14.06078529
14.33921528
10.61568737
4.89803982
2.68039227
2.15490198
1.52352977
1.47254920
1.04313755
1.04901969
10.51568699
25.28039360
29.61177063
28.30588150
23.79215622
21.43333435
14.25489902
12.55097866
15.80784512
12.52548981
5.95098019
3.50000000
2.48823571
1.54117703
1.57451010
1.02549040
0.90980417
2.77254915
23.70392418
26.49411774
30.68038940
25.96274376
24.60000610
19.83333206
13.56862640
15.55294132
14.54313660
7.57843208
4.22941208
3.13137293
2.77647066
1.20000029
1.41960800
0.93529433
1.55490243
13.37647057
25.10588646
30.64117813
30.71176720
26.57842827
23.70392227
16.76470566
15.60784149
15.20196056
10.15882587
4.74117708
3.73333359
3.33333349
1.57451010
1.55294144
1.33137274
1.28235316
5.60196114
24.08431244
28.21176720
31.40392113
29.86666107
25.14902306
21.91961098
15.91176414
15.34509563
12.66078758
4.62745142
3.81176519
3.74509859
2.71372557
1.37843168
1.35686302
1.28627467
1.55294156
17.57647133
28.39215660
31.03137589
31.67451096
29.05097961
23.92353058
17.09803963
14.65686226
13.65882397
5.63529444
3.29607844
2.48627448
4.96862698
1.29607868
1.17843163
1.38235295
0.79019618
8.81372643
26.70784569
28.73725700
31.70392418
30.54706192
26.07843781
18.66666603
14.65882397
13.00196075
6.91568613
2.92156863
2.52941203
4.63137245
1.23137295
1.33137274
1.31372571
0.62156880
2.74705935
19.18823624
29.59607506
30.23332977
30.89215469
27.18823433
21.66275024
14.53333473
11.48823738
7.66078472
3.65098119
2.65294170
2.36666703
2.55686307
0.93529433
1.10588253
1.00000024
1.13137269
11.52941418
26.01176453
30.06274414
28.85882568
27.67058563
23.90392303
16.40392303
9.68431473
8.51568890
5.14117765
2.63137341
2.31764746
1.86274529
1.00196099
0.57843137
0.83529431
1.00784326
5.66470623
18.99019241
31.00392151
27.43136978
30.31568909
25.32548714
20.57842827
11.40588093
8.13725471
5.79411745
3.91568685
2.84705877
1.41568649
0.98627472
0.69607866
0.87450993
0.62352943
1.44313753
15.55490208
26.57255173
29.66470528
28.54313660
28.19215584
23.22549248
14.01960564
7.74117613
6.52549124
4.37058830
2.59215736
2.43529439
1.29215693
0.83921576
0.88823533
0.85098046
1.18431401
9.51176453
19.08627701
31.55686951
27.02940750
29.20195770
24.80195999
17.06274796
9.22745228
7.11176348
5.19607830
2.90000033
2.75686312
1.94117677
1.01372588
0.83137268
1.10980427
1.09411788
1.87451017
17.06470490
27.48627472
29.19019127
26.85293961
24.28627396
20.59608459
10.73921490
6.71568632
6.76470613
3.40784359
1.87451005
3.90392160
1.24313748
0.92352962
0.90392172
1.24509847
1.11568666
11.31960773
19.86078644
31.13333511
25.35686493
23.43137550
19.01960754
13.55490208
7.52549028
7.79607916
4.69019604
1.97254956
4.05490160
2.46666718
0.82156873
0.86862761
1.40588284
1.17254925
3.71372557
16.54705811
27.79019547
26.22157478
24.30784035
20.36862946
14.89607906
8.91372681
8.68823528
5.64705944
2.81764698
2.34117675
4.65098095
1.25098097
0.87058842
1.37058854
1.07843161
1.26078463
12.16078377
19.63921738
29.71175957
24.66274261
22.56274605
14.95686436
11.60000324
7.92352915
9.34313679
3.56862807
1.52156901
4.14117670
2.75490260
0.82549030
1.51764739
0.82745117
1.42549038
6.45098066
15.22745323
25.46862602
28.29019356
23.46666908
17.18431664
12.05098057
7.76470518
11.74705887
4.67450953
2.18235302
2.06078458
3.73529434
1.43921590
0.90196103
1.25882399
1.21568644
2.11764693
12.34705734
19.30980492
28.07451248
26.15882683
18.89607620
12.09412003
10.19019699
11.80784416
6.95882368
2.85686326
1.56470609
2.58039188
2.52156878
1.26862800
1.13921595
0.94509822
1.72549033
7.33921623
15.68627453
24.08235550
26.79411697
21.21961021
14.06666470
11.10588360
10.67254925
10.02156734
3.32745099
2.00196099
1.90000033
3.05098033
1.06274521
1.06470597
1.01764727
1.24901986
3.78431368
13.24117661
19.82549286
27.31176758
21.38431740
16.77450752
10.99803734
10.83921623
12.88431263
3.76470613
2.49803972
1.44117665
2.40196133
1.39607894
0.70588243
1.16274536
1.09215701
1.78431368
11.17058849
16.60196114
23.77058983
23.21961212
18.86863136
14.38039112
10.60588169
13.93529510
5.38431406
2.23529458
1.72745097
2.35882354
1.13333380
0.71960813
1.38431406
1.01568639
1.39215708
6.37254906
14.86862946
20.37843132
25.17843628
19.35490417
17.02745247
11.58627510
13.35882568
8.46470547
2.54117656
2.25686312
1.93725526
1.38235331
0.74117666
1.15882361
1.11568654
1.50980401
1.54705870
13.16862774
17.95490265
22.85294342
21.83137321
18.27058792
14.92156887
10.58627510
11.49608040
3.70000052
2.71372581
1.51372576
1.99607849
0.88039237
0.88823557
1.09019625
0.97843158
1.55686295
7.70196056
15.66666698
19.30588531
24.00196266
18.99607849
16.78431320
12.53529549
12.00980282
5.35490131
2.95686316
1.74117672
1.60196090
1.64705908
0.76078439
0.55686277
0.83333361
1.29411769
3.68431425
13.07451057
17.71176720
21.14705849
20.58823586
18.55098152
15.48627663
11.91176414
7.70980406
3.08431435
2.89411783
1.57843173
1.48431385
0.80196118
0.70000011
0.80392170
0.79607856
1.81372571
10.15882397
17.35882378
18.00980568
22.19412041
17.53725433
16.90588188
11.24901962
10.06666565
4.00588274
2.87843132
2.03137279
1.41176522
1.79019642
0.64705896
0.89803940
0.95294124
1.59019613
5.41568613
15.77058983
19.71960640
18.71176529
17.53529739
17.67254829
13.18627453
9.82353020
5.53137302
2.93333364
2.60588264
1.61568642
2.53333354
1.08823550
0.85294139
1.07254922
1.55490220
1.73333371
12.72745132
20.45490074
17.89804077
17.95294380
17.23137474
17.89411926
8.45882416
6.80196142
3.67647076
2.39019632
2.06470609
2.79607868
2.42941189
0.66666669
0.86078441
1.51176476
1.58235300
6.89607906
18.95490456
20.31372070
18.32744789
17.04313850
18.25098228
12.29999924
7.69803953
4.99215651
2.54705906
2.04313755
2.43137264
2.62941194
1.16862774
0.80784327
1.12941206
1.66078460
3.26666713
15.17451191
25.14313698
17.72745323
17.52353096
17.89608192
15.46862888
7.32352924
7.17058802
2.67647052
2.51176548
1.77254927
3.21764708
2.18823552
1.04117668
1.06274521
1.44705892
1.76470602
9.26470661
23.74313927
21.57255363
18.33137321
17.77451134
16.48627281
7.20784378
7.53921604
4.83921623
2.10980415
2.03137302
2.57843161
4.05686283
1.19803941
1.20784342
1.20000017
1.49411786
4.93333340
17.77843285
27.38235474
17.72548866
17.51372528
17.14509964
10.24705887
5.73333406
6.97450924
2.95882416
1.72941220
2.07647085
3.33725500
2.64509916
1.24509835
1.08235312
1.93529415
1.60392153
12.08431244
25.76470757
21.41372299
18.14706230
18.20588112
14.69804001
5.74117661
7.03725481
4.16862822
1.95882380
1.72745121
2.23725533
4.28235292
2.03725553
1.37647080
2.09607863
1.66078436
6.83137321
18.88431740
25.76862717
18.44509697
17.84509850
17.80392075
8.56078434
5.27450943
6.10195971
2.83529449
1.57843161
1.76666701
2.89215755
4.01568651
1.18823552
2.59411860
2.42549038
2.96862769
14.18039227
21.51961136
21.74705696
17.10784531
18.61176872
12.90980339
5.15294170
6.15098095
3.89607835
1.96078455
1.32352960
2.30784369
3.80000019
1.46862781
3.10196137
3.22549081
1.36470616
9.44705868
17.80588341
20.40000343
18.78627014
17.90980530
16.62156868
6.34509802
5.13529396
5.36078453
2.54901981
1.72941184
1.99607885
2.56078434
2.36470604
3.65098071
3.70588279
1.10000026
6.04509783
14.66078472
18.48039246
20.78039169
17.93725395
18.65882492
9.21176338
4.35098124
6.20588255
3.60196066
1.82156909
1.94901991
2.63921595
2.18235326
3.01176500
4.06078434
1.85294163
2.06666708
14.02941227
18.81960678
19.47450829
19.64509964
17.24902153
12.93333435
5.07058764
5.36666727
4.99607849
2.27843165
1.70980430
2.40784383
2.10000014
2.65882397
3.78823543
2.30980444
2.25490212
8.51372528
19.00784492
17.56863022
20.05490112
16.84902000
14.75293922
6.91372585
4.02156878
5.96078491
2.94901967
1.69607878
2.48431396
2.24117661
2.06666684
3.64313769
2.58823609
1.84705889
3.03137279
16.82941628
18.93725204
18.68823433
17.48039436
15.68627453
9.86666489
4.85294151
5.23333311
3.95882416
2.17058849
1.93333364
2.05294156
1.87647069
3.72156835
2.74509835
1.80980408
1.91764736
10.27647209
19.60784721
17.77255058
19.38627052
15.60000038
12.38431072
6.72156858
4.26470566
5.20392179
2.55098081
1.97647071
1.54705882
1.51764739
3.12352943
3.13333321
1.97254944
1.38431418
4.70784330
15.82352829
19.71176529
19.49803925
15.85098076
14.29411888
9.85490131
4.29607821
5.09019613
3.15882373
1.58627498
1.79019654
2.01568651
1.59607875
3.66470647
2.82745099
1.60392201
1.36470604
10.98431396
22.13137054
16.44509888
18.86863136
14.41176319
12.54313755
5.09999895
4.85294151
4.65098047
1.67647099
1.63529432
2.13137269
1.36078477
3.36862803
2.48627472
1.70196104
1.95294142
5.33333349
16.79411888
21.08627510
18.96078491
15.49607658
15.07058716
7.89411783
4.42352915
5.30196095
3.34117675
1.04705906
1.72745121
1.57647121
2.39215684
2.69019628
2.08823562
1.85686278
1.96862769
12.19411850
24.08039665
16.52549171
17.41961288
13.95686340
12.77843094
4.75882435
5.30980492
4.48823452
1.98431408
1.22745109
1.58627474
1.37254930
2.20196080
2.00588250
1.66470623
1.84509838
7.24901962
17.61372757
19.27059174
17.66078568
15.19803905
15.56274605
6.93137407
4.79607916
4.82941151
3.14901996
0.97451007
1.47254908
1.29607868
1.42352962
1.50392199
1.68235338
1.78039265
3.66862774
12.77450848
21.38039398
16.50588226
16.57254601
15.35294151
10.27647114
5.79019594
4.61764765
3.28823566
2.27254939
1.15294123
1.12941194
1.20784342
1.34117675
1.78431416
1.99019635
1.37450993
10.29019547
18.57254791
17.19215584
16.94705772
15.88235378
11.73529530
6.64705849
4.50000000
3.81372547
2.90196085
1.14313757
0.98431385
1.11176491
1.04313731
1.44509828
1.36078453
1.44902003
7.96862698
14.18627453
18.49804306
16.34509850
16.61960983
12.90784264
7.18823576
5.58627462
3.79411769
2.96274519
1.36862779
1.14117670
1.04901969
1.27254939
0.97843158
1.56666720
1.36862767
1.20980418
15.56470680
16.41372681
15.91960907
16.96078300
14.80588245
9.39803791
5.23725605
3.38823605
3.36470604
1.85490251
1.16078472
0.91764724
1.32352960
1.26470602
1.15490222
1.11764729
1.52549052
10.68235207
14.67843056
14.86274624
16.96078491
16.14509964
11.89019871
5.89607811
3.18235278
3.69607806
2.60980368
1.22745121
1.08823562
1.04509819
0.99411786
1.27647078
1.30000019
1.78431416
3.76470613
15.16078472
15.33333588
16.15882492
16.39215851
14.94705868
8.11568546
4.47647190
3.83921599
3.14313793
1.71764743
1.02745116
1.23529458
0.76470602
1.06470609
1.07647073
1.53137279
2.05490255
12.38431358
15.71176338
15.57059097
16.65098190
15.61960888
11.49019718
5.66666698
4.44705820
3.89607859
2.21372581
1.11764741
1.02352965
1.27647090
1.03137279
1.04901981
1.33529437
1.84509850
5.68235350
15.79411697
19.37058640
16.67255020
15.77647018
13.79215622
7.17843151
4.35686255
4.67451048
2.62941217
1.42745137
0.79019612
1.37647080
1.20980418
1.34705913
1.19215715
1.74509835
1.69019616
15.66666603
19.06274605
18.42745018
16.95098114
15.62353230
10.23725605
4.82353020
4.99607801
3.32745147
1.79019642
0.68235308
1.40784359
1.31568646
1.27647078
1.15294135
1.20196116
1.84509814
8.46078396
19.08627701
20.57059097
20.91961098
16.92941475
12.43137455
6.37451077
4.32549000
4.95490217
2.12941194
0.95098066
1.25882363
1.47451007
1.32745123
1.05098045
1.41960812
1.48431408
3.82549047
19.01568604
18.74902344
21.44901466
18.45490074
14.01372528
8.57647133
4.50000095
5.14509869
3.03725481
1.74901974
0.81176502
1.34902000
1.33529449
1.54509819
1.26666701
1.46862769
1.35686314
12.64902020
21.19215775
18.04117775
20.40784454
16.10000038
11.21176434
5.43333340
4.60588312
3.36274529
2.51372552
1.21568644
1.01568651
0.93725514
1.23725522
1.35882390
1.77843165
1.26470602
6.27647114
20.43725395
18.88039398
17.75490570
17.86470604
13.06078529
7.87058878
5.00196123
3.58039212
2.62352967
1.36666703
1.34313738
0.93921590
0.97647065
1.47843170
1.46470606
1.82745123
1.72549033
16.01176643
23.89019775
17.43725777
18.30195999
16.19411469
10.27843094
6.00588226
3.90588284
2.82941222
1.95686328
1.25098062
0.85490221
0.90784329
1.38431394
1.49607873
2.22941208
1.38039267
9.25686264
22.33137703
24.56470490
17.23725510
17.71764946
12.77254772
7.51568556
5.73137283
3.10588217
2.99803948
1.30196106
0.99607855
0.74509823
1.28431392
1.29607892
2.21960807
1.89215708
3.94313765
18.48823738
27.41568375
23.41568756
18.05882454
16.11568642
9.95294094
6.42549038
4.88823462
3.46666718
1.96078467
1.07254922
1.09215701
0.70196086
0.93529433
1.64313757
2.46274519
1.85098076
12.72548962
23.08038902
30.09411812
21.04509926
19.29020119
12.62353134
7.58627558
5.95098162
4.20000029
3.25098062
1.11764717
0.97058833
0.88431394
0.80392176
1.20000041
2.29999971
1.62156880
6.31960821
19.19608307
25.79019547
28.32549286
23.00195885
17.08235168
9.98627663
6.22745180
4.60784340
3.98823571
1.81176496
1.08431399
1.07647097
0.58039224
1.01764727
1.70196092
2.02941203
1.84509850
16.21372604
22.72352409
29.20000076
28.21176338
20.53921700
13.29215717
7.64902020
5.98431349
4.11960745
2.68235373
1.41372573
1.07254922
0.88235307
0.98823547
1.20784330
2.41372609
1.63725495
9.77058792
20.93725395
24.83529282
29.92941475
27.43529510
17.76274681
10.05490208
7.15882397
6.95686197
3.76078439
1.37843168
0.83529425
0.81176502
1.15882397
1.36274540
2.37843132
1.69411790
3.01764727
17.80392265
24.98234940
26.82156944
29.49411964
25.18627739
14.92941189
9.30784416
8.76078320
6.16862774
2.00196075
1.29411793
0.84117657
1.00588250
1.55686295
2.23137307
2.07843184
1.32549036
12.63137245
21.55882454
24.65098000
27.71568871
29.83137703
22.52353096
12.84509945
8.01372528
9.79019737
2.98431444
1.40392196
0.70392185
0.92941201
1.31568658
1.80588269
2.79215717
1.45882380
6.58627510
17.57058907
25.20195770
24.00980568
28.44902420
28.95490265
19.15882492
10.00784397
9.76274490
4.41372585
1.87254906
0.70196092
1.06666684
0.99607861
1.37254918
2.77058864
1.90588260
1.11764717
16.61176491
20.49019623
24.14313507
24.03333473
29.30979538
25.98430824
15.61176491
8.03333282
6.77843142
2.48627472
1.14901996
0.80980402
0.94117671
1.08039248
2.30392170
2.14117670
1.43921590
11.01568604
17.08235359
23.45490074
22.36666679
25.58431625
28.41960716
22.21568871
9.70588112
6.73725510
2.93921638
1.85882366
0.65490204
1.13921595
1.00196099
1.50980425
2.49215698
1.49019647
3.08235312
17.69803810
18.89803696
23.82744789
21.62156677
27.49215889
25.88431168
13.22156715
7.39607763
3.87843156
2.39019656
0.94313759
1.06274533
1.07843149
1.62156892
2.33137321
1.99411786
1.88627481
11.47254848
17.64706039
22.83137321
19.47646713
24.73921394
26.41176033
17.18235588
8.79411793
5.38627434
3.17450976
1.34509838
0.69803947
0.77058834
1.16274524
2.60392189
1.97647083
1.48627460
5.17058849
16.88235664
19.72941589
22.54313469
20.09019279
25.33529282
20.16666603
9.15490246
6.51960754
4.22353029
2.01960802
0.98235309
0.40196079
1.19803941
2.92549014
1.79607868
1.48823559
1.89803946
14.60000038
19.54706192
20.49019623
17.39607811
22.63529778
21.18627548
11.44509888
7.49411821
4.76666737
3.47843122
1.44901991
0.74509823
0.82941186
2.03725505
2.74313736
1.86666679
1.72941208
6.99019575
19.72941017
19.04313469
18.76470757
18.93137550
21.06274223
13.47843170
8.74901772
6.02745152
4.56274605
2.31372571
1.09803939
0.82745111
1.13921595
3.19019628
1.85686326
1.59411788
2.35098100
17.48039436
20.09215927
19.80784225
16.22745323
20.39999962
16.77843094
8.97451019
7.13333368
5.04313755
3.87843156
1.01764739
1.06078446
1.24117684
2.50000000
1.91176498
1.75490212
1.63137293
10.72156906
20.84509277
20.03333473
18.48234940
18.33333397
17.75686455
10.14902115
8.19607925
5.94705868
4.18039179
1.99019623
0.85882366
1.20980406
1.85294151
1.97058845
2.03529453
1.44509840
5.27254915
20.09020042
22.57255173
19.82548904
17.54117775
17.33529472
12.20391941
9.45686436
6.62548971
4.71568727
3.22941160
1.19607854
1.16078460
1.25686300
2.54509807
1.85686302
1.79215717
1.82156897
16.08823395
24.14117432
22.93333244
19.15098000
16.54902077
14.23333549
9.90196037
7.87058878
5.59411812
4.13333321
2.03333354
1.27647090
1.12745106
3.10784340
2.13529420
1.92941201
1.69411802
8.91372585
24.37059021
25.70587921
21.54314041
17.64509583
15.48823738
10.06666565
9.43137264
6.01960850
4.98823595
3.02941227
1.41960800
1.27450991
2.76274538
2.82352996
3.00980425
1.85294163
2.02156901
22.04901886
26.66862679
25.19804192
19.31568146
16.40980530
12.38039207
9.22745323
7.01960945
6.26274490
3.97254968
1.75686300
1.18823540
1.96666694
3.30784321
3.25882387
1.50784338
1.57254922
11.74509907
26.75098419
27.26666832
22.30587959
16.44313431
14.49215984
9.20588303
8.25686264
6.21764708
5.67058992
2.60588264
0.97058856
1.44705927
3.81568670
2.94705868
1.94705927
1.59607863
4.68627501
22.76078606
25.86470222
25.78627205
19.09803963
14.91568661
11.59411621
7.94313717
6.86862707
6.64313698
4.12352943
1.63137293
1.14313734
3.56274581
3.09215736
2.19019628
1.80588245
1.96078444
12.81176662
27.63137054
25.61372185
21.21961021
17.01765060
12.03921413
8.29607868
8.16274548
6.33921576
6.53921413
2.85490274
1.40588295
2.64117646
3.73137259
2.70196104
1.77451003
2.18431377
6.07843161
22.46470642
25.34705544
22.02352715
19.11176872
13.25294018
10.02156925
8.31568718
7.04901934
8.42745018
4.56666756
1.84705925
2.43529415
4.02156878
3.03921628
2.54901958
1.70196092
1.73529422
13.03921700
28.09803391
22.77254295
20.14902496
16.60196304
11.05098057
8.21372509
8.48627567
7.14902020
7.25294209
2.99607873
2.17451024
4.73529434
3.33725476
2.67451024
2.08039284
1.82156897
7.53725433
21.84118080
25.70588303
20.88627434
18.74902153
11.57450962
8.77254963
8.44901943
7.91176510
7.68039227
4.30588293
1.96274531
5.04313803
3.59411812
2.57058835
2.15294194
1.87647080
3.59607887
13.62745094
28.19804001
22.90980148
19.55686378
15.47843075
9.01568794
8.16862869
8.22157001
7.27254820
5.97647095
2.88627434
4.36078405
4.35490274
2.77451015
2.43137264
1.40980434
2.37451005
9.43725491
21.82549286
27.25098228
19.75098419
18.68039131
9.19411755
8.33137417
7.72941160
7.81372499
7.59019613
3.99215698
2.29019642
4.90784407
2.76274538
2.52156901
1.86666691
1.59803927
5.50784302
15.07843208
28.45490456
22.60980988
19.52157211
11.48627472
9.11568546
7.02745104
7.40392160
8.99019718
5.36078548
2.61176491
3.81176472
2.34705877
3.11568689
2.07647109
1.88039243
1.99019647
12.51176357
21.97451210
27.89215851
18.30980492
15.54705811
9.68235302
7.52156925
6.69999981
8.00588131
7.37058830
3.91960740
2.23333335
2.12745142
2.79607844
2.47843170
1.89215708
2.41176510
7.82745028
17.43333244
26.66666794
21.31960678
16.30392456
11.76666927
8.37843037
6.68823576
6.61176395
7.55686331
4.46862793
2.87058878
2.25882339
2.29215717
2.45294142
2.00000024
2.30196095
3.40784359
15.84117508
21.61568642
24.21960831
17.98234940
14.24509811
9.79411888
6.59215593
6.21176434
6.19411802
5.22352934
2.98431373
2.38039279
1.65098095
2.65294147
1.86862791
1.91372621
2.17058849
10.65293980
19.26470757
22.60587883
21.27059555
15.28823757
12.87058735
7.62549067
5.46862745
5.28431320
5.64705849
3.43725514
1.93333364
2.07058859
2.05490232
2.22941208
1.48039234
1.99411798
5.14117670
17.94117737
20.78235626
23.32940674
17.50392342
15.03529453
8.82941246
5.54509830
5.16470528
4.87450981
3.77843213
2.01764727
2.16862774
1.52156901
2.50980401
1.47058856
1.85098052
2.25882363
12.54117584
19.94509888
22.94313812
19.85686111
14.89608002
12.38823605
6.45490217
5.00588322
4.64313793
4.07451010
2.64509845
1.94313729
1.73921573
2.23921585
1.90784371
1.57647073
1.45098066
6.73333359
18.74706078
21.45294189
20.73333931
16.07646942
13.50588036
8.10196018
4.51176548
4.72352982
4.16666698
2.65490222
2.62549019
1.74117661
1.52941203
2.41372561
1.23921585
1.65294158
2.58235335
15.34313774
21.59999847
21.47255325
18.71960640
13.30784321
10.01176548
4.82549095
4.07843161
4.07058859
2.98431420
2.48431396
2.20000052
1.88627446
1.95490217
1.58235323
1.57647073
1.78039241
10.41764641
19.65097809
20.87450600
19.91764832
15.84705734
11.07058716
5.99803972
3.92156863
4.16078424
3.27058840
2.41568637
2.77647090
1.94509828
1.40588260
2.32941198
1.56666708
1.53137279
3.90784335
17.33529091
20.80196190
19.03137589
19.28627777
12.87450886
8.04509830
4.08431387
3.77451062
3.81764698
2.53725529
2.76078391
1.78823566
1.69019628
1.71372557
1.97843194
1.73921585
1.50000012
12.90196037
19.11568832
20.46862793
18.79999924
16.30980492
10.79607964
4.91568661
3.54902005
3.59803939
3.08627510
2.15686345
2.09019637
1.53725505
1.01372576
1.85686290
2.01568651
1.70196104
6.12941170
16.58039093
20.50195885
18.55882454
19.48823738
12.22352791
7.78627396
3.78627443
3.65882421
3.35882378
2.60980439
1.98039234
1.47058845
1.09411800
1.44901979
1.94117689
1.55490196
1.95490217
14.15686417
18.22941399
19.85686874
17.47058868
15.59804153
10.42549133
4.53529310
3.57058883
3.29019618
2.86862755
2.55686283
1.40588260
1.36078465
1.22156894
1.95294189
1.69607854
2.11764741
8.22941113
16.95686150
19.82157326
16.28235435
18.57843399
11.54313564
6.47058773
3.42352962
3.05098057
3.10784340
2.74117684
1.78235340
1.51764715
1.18431401
1.72549045
1.59411788
2.13725495
4.53529453
14.12156868
17.37255287
18.74117279
16.26078606
14.87451077
8.51176453
3.91176510
3.42941189
2.56666660
2.45686293
2.87254930
1.20196092
1.57450998
1.18039227
1.93137276
1.74313760
2.27647090
10.18039417
14.83333492
17.74901962
16.02745056
18.37843132
9.81568718
5.20588255
3.42549109
2.76862764
2.79215717
2.49803948
2.07058883
1.19411778
1.32352948
2.03333354
1.68627465
2.28823519
6.32745123
13.72352982
15.16078281
16.59411812
16.05294037
14.09999943
7.23137188
3.91568613
3.19999981
2.68823504
2.67058897
2.28627467
1.48823559
1.50588274
1.51568639
1.83529449
1.68431401
2.46666694
12.68235207
13.73529243
17.10000038
14.37059021
16.76274681
8.77450943
4.98431396
3.51372552
2.98627496
2.93137288
1.68039227
2.74509835
1.16862750
1.49215686
1.87058842
1.84705913
1.91372561
8.07647133
13.50980568
16.05098152
16.09803772
14.36666679
12.03725433
6.19803858
3.80588269
3.37254953
2.45686293
2.40196085
2.66274524
1.81372571
1.35098076
1.67451012
1.76666725
2.10980439
4.37254906
12.30588341
14.74705982
16.90392494
13.88039207
14.72549248
7.56470633
4.21568680
3.60196018
2.90980411
3.10784364
2.11764717
2.63137293
1.40196121
1.36470616
1.85098076
1.48039234
2.66078472
9.87058830
14.83725548
16.02156830
14.44902039
14.23921585
11.17647076
4.43333292
3.95882368
2.96666718
3.38039279
2.31960821
2.98235321
1.68235314
1.39803946
1.69607878
1.17254925
2.42941189
7.06666708
13.37254810
15.43921661
15.97843170
13.93333149
14.45489979
6.25490141
4.04509878
3.46274519
2.95490241
2.65686274
1.98823583
2.69411802
1.47843158
1.35686302
1.31176484
1.94705915
2.61176515
13.44902134
14.27255058
17.22548866
14.27843380
15.38431263
8.84117794
4.62156868
3.73529410
3.10196090
2.95490265
1.99411786
2.70784354
1.68431401
1.36470604
1.83333361
1.58431411
2.29607868
10.37647057
13.01960659
17.30195808
16.16666794
14.30392170
12.95685863
5.26666689
3.50000000
3.51568604
3.23137259
2.27843165
2.22156906
2.24901986
1.39215708
1.76862752
2.04117656
1.82156885
4.53529406
14.71961021
15.28431320
21.30000687
15.76666737
14.04314041
7.46274519
4.15490198
3.46470594
3.00196075
2.75686336
1.96862781
2.71372557
1.71960807
1.85098064
2.28627491
1.69803917
2.26666689
13.55490017
14.02157116
20.50784302
19.78823662
15.40392303
10.56470394
4.81372547
3.82156897
3.03333378
2.66862750
2.03921628
2.06666660
2.16666675
1.83137274
2.17058849
1.87451017
2.31960797
7.04117727
15.53529358
16.89215469
23.97843933
17.15882492
11.99999809
7.08627272
3.70980430
3.22941184
2.88627505
2.45294142
1.54509830
2.23725486
1.62941217
2.03137255
2.10196114
2.29803944
2.24117661
15.68039322
15.30195999
20.84901619
20.88823128
14.01764870
9.56666660
3.97058845
3.50000024
2.70980382
2.67843199
1.85294127
1.44117677
1.86666691
2.04313755
1.88039255
2.37254930
2.16862750
9.46078396
15.72941208
17.59607887
23.41961098
17.06078529
11.23333454
5.71960735
3.57254934
2.99215698
2.43333364
2.19019604
1.32941175
1.52549040
1.77058852
1.79215717
1.85882390
2.19803929
4.40196085
15.47058868
15.54901695
20.44706154
22.02353477
12.57450962
8.37058926
3.76078486
3.04901981
2.80196118
2.31568670
1.53921592
1.09803939
1.84117699
1.68627489
1.30000043
2.04313731
2.29803967
11.36078453
14.45882416
18.04705620
22.81371880
19.38823509
9.46078587
4.58235312
3.38039279
2.61960816
2.32941222
1.91764736
1.41960800
1.71176505
1.77647090
1.54509854
1.35294151
2.16470623
6.15098000
13.53137207
17.30196190
19.79019928
23.35098267
13.40980530
6.40588236
3.51960754
2.74313760
2.47450995
2.12745118
1.49803925
1.70784354
1.59607852
1.57647097
1.45882392
1.84117663
2.27843142
12.53529358
16.34705925
18.95097733
21.80784607
19.69019890
8.48823643
3.88823557
2.89019656
2.59607863
2.04901981
1.48039234
1.60784340
1.61372566
1.63725507
1.78235328
1.78431439
2.05294132
8.39607811
15.51764870
20.18823051
17.69215965
22.57451057
12.95490074
5.04117775
3.10392165
2.64509821
2.50392246
1.57058835
1.46666682
1.53529429
1.53333378
2.12941217
2.10196090
2.00588250
4.04901981
14.82549000
20.53529739
16.95490265
19.13921738
18.31176376
8.30195999
3.32156849
2.91176534
2.70196104
1.85882413
1.60784352
1.62941206
1.55490220
2.02549052
1.90392208
1.96078455
2.53137326
11.37058830
17.29804039
20.19804001
15.95098019
19.13921738
12.66078568
4.40000010
3.45097995
2.51764727
1.92549026
1.43921602
1.59411812
1.69411790
1.79607868
1.70784342
1.89607859
2.02156901
5.38823557
16.25686455
20.37058640
15.04509830
17.06470680
15.47843170
8.47058964
3.26862764
2.62549067
1.91176486
1.45490217
1.48235309
1.67254913
2.17451024
1.86078477
1.77647078
2.45294118
2.49019623
13.22941208
17.75686455
16.21372604
15.84705830
16.26470757
12.43333340
4.20980453
2.88431382
1.92941201
1.50000012
1.63921607
1.60784340
2.24901962
2.13725519
1.75294137
1.98823559
2.40000010
7.19411850
16.01176453
16.16666794
14.54509926
15.92941093
15.42352772
7.27058792
2.70588231
2.56470609
1.83333349
1.70196104
1.91176510
1.85882366
1.96666706
1.96274555
1.95490229
2.09411788
3.32745123
14.18823624
16.27058792
13.67843246
14.22745228
15.63529587
12.46666718
3.60196090
2.81764698
1.70588279
1.83137262
1.64117658
1.96470606
1.80784333
1.62156868
1.75686300
2.36274529
1.95098090
9.90784264
16.75686455
14.53137207
13.39803886
14.11568832
15.76862907
6.50980473
2.48823595
2.29607868
1.23137271
1.77647090
1.84901965
1.74509835
2.02941203
1.90000021
2.19411802
2.49607873
5.74313784
14.41764736
15.64509964
13.97450924
13.07058811
15.59215832
10.41764736
3.37451053
2.30392194
1.61568677
1.75882387
1.73725498
1.50392163
1.81176496
2.08627486
2.18627477
2.31764722
2.56274557
12.38823509
15.91961288
13.82352829
12.65294170
13.33136940
13.28627205
5.50784302
2.53921628
2.01568651
1.67843163
1.69803965
1.45294130
1.87843144
1.77843177
2.25294137
2.26274514
2.01372576
7.35686398
16.13725853
13.80000114
13.17843246
12.64705849
13.51764774
7.37255049
3.15294099
2.34117699
1.95686316
1.66078460
1.30000019
1.93529451
1.89411795
1.85098076
2.08823562
2.36666727
3.12941241
14.29215622
15.66078281
12.98039246
12.26470566
13.01568794
10.09411716
4.13725471
2.54902029
2.27647090
1.74705911
1.27451015
1.56274533
2.01960802
1.51764739
1.65294158
2.44902015
2.59019613
9.86666679
16.50980568
12.57843208
12.43921566
12.86078262
11.98431587
5.56470633
2.89607859
2.34705901
1.64901996
1.26862800
1.42352974
1.78431368
1.53725505
1.99411774
2.17843151
2.41176462
6.19607830
15.75294113
12.56470871
12.10000134
12.63333321
12.61960793
7.77450943
3.12745118
2.35294175
1.85882378
1.52352953
1.14901984
1.74117696
1.74117672
2.15686321
2.20980453
2.48235297
3.04509830
13.23529434
13.33333492
10.96666622
12.10980415
12.77058601
10.50588036
4.57647038
2.61960793
2.15294147
1.66862762
1.61372554
1.92549074
1.58627462
2.15686297
1.91960812
2.11372542
2.74901986
8.05294132
14.20195961
9.76470757
11.89019489
12.86666965
12.55686283
6.66274500
2.94313741
2.36274529
1.81568670
1.90588260
1.98039234
1.47450995
1.94705904
1.75294161
2.11568642
2.34313750
3.15490246
14.08823490
10.40588188
10.45294285
12.19999886
13.47058773
8.86470699
3.70392179
2.51960802
2.14509845
1.64117682
2.08431411
1.86274552
1.74117649
1.98235321
2.11764741
2.51568675
2.71960831
8.84313679
11.50000191
9.80000114
11.09803867
12.50000000
11.61372471
5.34902000
2.76470613
2.07058859
1.67254925
2.18235326
1.76666713
1.78823531
2.00196075
2.26470613
2.31960821
2.46862769
4.67254925
12.38627434
9.24313736
10.42549038
12.26078320
12.03137302
7.52548933
3.06078482
2.33137274
1.91372597
1.62745130
1.80784380
1.80588269
1.76862764
1.97647083
2.31372595
2.57647085
2.36078477
10.83333588
9.11960793
10.11372375
11.61372375
11.43921471
9.51568890
4.25882387
2.65882373
1.67451000
1.89215696
1.86470616
2.07843161
1.54705906
1.66470635
2.16470623
2.39803958
2.31176496
6.65882349
10.67647171
9.43529510
10.19019604
11.91176510
10.69411755
6.76666641
3.41372585
1.78431392
1.61764729
1.94705904
1.85490203
1.47451007
1.72549045
1.77843165
2.18039227
2.56470585
2.50196123
11.49607849
9.23137283
9.88431454
10.60980225
11.27450752
8.94705963
4.83137226
2.55882406
1.70588267
1.86470640
1.74509835
1.61764729
1.41372573
1.56470609
2.17254901
2.19803953
2.52745128
7.94313765
9.48039341
9.38431549
10.21372700
10.38431549
10.34117699
7.02156734
2.89803982
1.92745125
2.06862760
1.83137286
1.58039236
1.59411800
1.50392187
1.94509816
2.31764698
2.34705901
4.38431454
9.87451077
8.97647190
9.99215603
10.07254982
10.52157021
8.24313736
4.12156868
2.48039198
2.19215703
1.74509835
1.75490248
1.81960821
1.70196068
1.52156889
2.40196109
2.31372571
2.76470613
8.86470699
8.88823509
9.58039284
9.94706059
9.59803867
9.49999809
6.09019613
2.75490260
2.24705887
2.04705906
1.90196121
1.82745111
1.87451029
1.63921607
2.03529429
2.34705901
2.74901986
5.87843180
9.37058544
9.11568642
9.75686359
9.52157021
9.42548943
6.98431444
2.99607873
2.22352958
2.12549043
1.92549050
1.80196095
1.69803941
1.73333359
2.02352929
2.16862774
2.79803944
2.73529506
9.44313526
8.90195942
9.44313908
8.89607906
9.36666679
8.02352905
3.91372561
2.62745142
1.67254937
1.89019620
1.66666710
1.75490212
1.82156897
2.10784340
1.99019611
2.55882359
2.69411826
6.23529482
9.13921547
9.14117718
9.39019489
8.82549095
9.56862831
5.02941227
2.94901967
2.18627477
1.67647099
1.97254920
1.84509850
2.10196090
2.02156878
2.17843151
2.14313722
2.13137269
3.83529425
8.98627758
9.08039474
9.24509907
8.65882301
9.96274376
7.04509735
3.44509816
2.31960821
1.89411795
1.56274533
2.30980420
1.88431394
1.70588267
2.10392165
2.20784378
2.24705911
2.74313736
7.39411831
8.69215870
9.09411907
9.10784435
9.42156696
8.93333340
4.43529510
2.76470590
2.09411788
1.84901977
1.92352974
1.78627455
1.75882363
1.74901998
2.12549067
2.30588269
2.35294127
5.22745132
8.65098095
8.80980396
9.25686264
8.55294132
9.20588207
6.05882406
3.18823528
2.44313765
1.96274519
1.70980406
1.95686293
1.65882373
1.80784321
1.89411771
2.35490227
2.11764717
3.07254910
8.64313698
8.62549114
9.29804039
8.18039322
8.20195961
8.70588303
4.08627558
2.64313745
2.52156854
2.17254949
1.61960793
1.69215727
1.94313776
1.70588231
2.12745142
2.33921599
2.62352991
6.11764765
8.30980396
8.67451000
7.94705868
8.07843304
9.48627567
5.48039198
2.88431382
2.25686288
2.13137293
1.87058842
1.83333337
2.03137302
1.90980422
1.57843173
2.37843156
2.41960859
3.45294118
7.73529339
7.80196190
7.75490141
7.70196009
8.05490208
8.62549019
3.69607878
2.12549043
2.34313774
2.03137279
1.79019630
1.80588269
2.11568666
2.00784349
1.94509828
2.28823566
2.91764736
5.74705887
7.65882397
7.47843170
8.11372471
7.74902010
9.50588322
4.46666670
2.60784364
2.52352977
1.94901979
2.14313745
1.74509835
2.07254934
1.90000021
2.03725529
2.07058859
2.46862793
4.24902010
7.26078415
7.74705791
7.96470642
7.93921518
8.42941284
6.07254887
3.17451048
2.44901943
2.49803972
2.22156906
2.00000024
2.03725505
2.12745142
1.87254941
2.17058825
1.93137276
2.55294132
6.56666708
7.79607868
7.99803829
7.84902000
8.20196152
6.90000010
4.22156906
2.89607882
2.29803991
2.28823543
2.09999990
1.97058845
2.39215708
1.87451017
2.36862779
1.76078475
2.55490232
4.64117670
6.90980434
7.69607878
8.04706001
7.21372557
8.21372509
5.20000076
3.13725519
2.60000038
2.46274543
2.07058835
2.01372552
1.95098054
2.13529444
2.06666684
2.32745099
2.19607878
2.37058830
