21.25882149
21.95098114
20.40980339
21.26274681
19.13921738
21.18627739
19.06666756
20.32745171
19.19019699
19.13725853
19.65686226
18.51568604
19.38823700
20.30391884
20.77254486
22.00000191
22.53529930
18.29803848
23.14510155
20.12941360
20.10392189
19.18823242
19.84706116
19.09215736
18.79607773
17.79607773
17.80588150
18.20196152
17.50980186
16.91960716
17.34509850
19.05490494
21.34901810
20.33529282
20.86666489
21.50784302
20.22745705
19.04314423
20.19019890
17.60980606
20.30196190
19.05490112
17.60196304
17.40392494
17.02745056
16.20000267
16.93529320
16.55686378
16.83137512
19.99215889
19.74509811
20.86862946
20.12549019
21.98627472
19.51372528
20.73333359
18.24117470
18.90784264
19.45294571
19.34314156
16.69411850
19.53333282
16.12745476
17.18823624
15.94509792
16.30980492
18.33921623
20.67059326
20.14902306
20.41176796
20.23137474
20.63921547
19.90196419
21.29215622
17.91961098
18.60391998
19.75490570
17.75098228
21.61372757
17.48823738
16.21960831
17.55882645
17.32157135
17.88039398
21.32940674
19.22352791
20.75293732
20.47843361
19.81568527
18.68235588
21.82157326
18.49607849
18.19019318
19.04117584
20.64705849
18.56274223
22.23333359
17.01764679
18.89215851
17.99999809
17.57254982
21.09999847
20.52941132
19.34902573
21.68627739
17.88627625
18.06274223
20.31568336
19.66077805
17.68039513
19.81765175
18.92353058
18.99999809
22.59804535
20.53137016
19.73333549
19.92941666
17.73137474
20.80392456
22.38039589
19.65686035
20.82156563
18.36078262
20.12157059
18.88235474
20.01372337
18.16274643
21.31568718
20.30980682
20.75882530
20.09803772
21.12353134
20.12156677
22.06078339
19.63137436
19.87058830
23.88431549
22.06470108
21.87842941
23.90196037
22.65098190
20.92352867
23.65489960
20.05882645
19.70391655
23.06862640
23.16666412
19.93725586
21.20000267
22.27255249
24.39019966
22.04117584
22.12745094
24.24901772
22.51176453
21.97058868
24.71372986
26.00000381
25.17058754
26.42548561
24.43725395
20.42745590
24.44313622
27.31568909
22.41764832
23.17843056
21.40391922
26.01372910
25.81176376
24.42940903
24.35294533
26.38235092
22.03921127
23.29215622
26.69411659
28.79215622
27.96274948
30.00196266
23.91372108
23.60588074
25.49608040
27.29803658
27.34509659
23.75686264
26.74705696
28.12549400
25.58823776
27.91372681
26.68039322
25.17058945
25.79411507
27.12352753
27.87843513
28.54706001
29.53529739
30.91568756
26.85294151
27.31568718
26.91764259
28.33921242
30.20784760
27.38431549
28.15490723
27.53333473
28.44509506
28.45294189
27.15294647
27.42941284
26.75294113
27.19608307
29.34706306
26.02745247
31.81176567
29.72745705
30.05882645
27.62549019
28.33137512
31.05686378
30.13921928
29.97646713
29.28038788
29.64902878
28.15490532
28.55489922
27.41176224
29.93137360
27.10980415
26.69215775
26.76274490
26.64117622
31.80196190
29.52156830
30.74118233
28.55097771
30.48823547
31.65098572
30.41569138
29.73529434
29.08235359
27.23921585
29.82940674
28.38430786
29.76863480
27.56667519
26.96274567
25.89999962
23.25294113
29.42941475
30.11372948
31.11960793
29.91372490
30.21372414
31.25882339
30.61568642
29.86274719
28.09215927
29.46078491
25.74313927
29.17647552
27.65882492
27.79411507
25.90392303
25.83529282
24.30196571
23.61764526
28.62745285
27.14118004
30.94510078
30.06667328
27.06665421
28.63333321
31.45098114
23.64117622
26.95687103
24.90980530
27.36862946
27.51960945
26.18627930
23.34118271
25.38235855
23.93137360
23.32549286
22.58823586
24.30980110
25.02548599
28.41765022
26.25882339
18.36666679
26.97843170
27.35098076
22.99412155
25.73529434
22.19215775
25.37254906
23.21176338
23.27842903
23.55098343
22.61960983
22.11176300
22.79607582
21.48039436
20.11176300
23.54509926
24.90196419
16.80980682
16.07647133
19.01568413
23.51372337
23.49803925
20.50980377
23.93333054
21.39215469
21.82941055
19.72744942
22.00391960
22.06862450
20.38431358
20.43529701
19.71372414
19.49216080
25.26274300
16.86666870
13.47059059
13.35294056
20.33333778
17.46666908
18.40392113
22.83137131
20.99215698
18.20588112
18.25294685
22.93137550
18.82744980
17.96863174
19.87058830
19.48823738
19.02941322
19.93137360
21.72352791
14.77058887
11.45882607
13.44117832
18.59411812
14.73725605
15.57058811
23.11176491
16.57254982
16.31176567
18.12156868
20.16274452
20.17451477
15.52353096
19.93529701
19.71176338
18.59019852
21.91176987
15.95294189
13.44705868
11.69804001
16.33921432
12.74902153
13.21764851
16.79019737
19.15686607
13.74509716
16.21372795
21.85686302
17.45490456
16.70000076
15.55294228
19.38627625
19.31764984
20.81764984
17.71568489
14.04705811
12.57254982
12.67451096
16.17058754
12.70784283
12.81568813
15.61568546
16.72156715
13.40196419
16.64117622
18.90784073
19.63529587
14.44705963
17.04313850
19.11764526
19.78431511
19.34705925
14.30196190
12.48235226
12.38431358
15.00392151
12.56078529
13.59215641
12.49411678
16.80588341
14.24901581
13.58431149
21.71960831
16.75294304
16.88627625
14.01568604
18.24313736
17.66078568
21.63725662
14.85686302
14.34901905
11.72941399
13.09215736
14.19803810
12.93529320
13.24705982
12.71568584
16.79411697
12.83333397
18.11568642
18.30784607
18.50588226
15.33137226
15.59411621
17.49804115
19.39999962
21.35097694
14.18235397
12.78823471
12.26078510
14.47843075
13.65490532
14.78627586
12.29215813
15.70195961
13.63529587
13.22745037
23.57059097
16.05490303
16.42549133
14.88431263
16.41764641
16.47647095
25.31176376
20.16666985
15.32941151
13.23725510
13.34313965
15.45490360
13.20980263
14.20980358
14.71372414
15.47058964
12.68823624
20.19607544
17.79019547
16.91176224
16.66078568
14.48823547
17.30000114
22.05686188
27.99215508
24.43725204
13.51176548
12.64705849
15.07843113
14.14313412
14.45882320
12.86274529
17.68431854
12.82353115
14.24902058
22.56274414
16.83529663
16.49215698
16.45294380
15.48823547
17.07058907
28.60783768
30.29020119
21.06666374
12.97058773
15.59804058
15.00000095
13.17843246
14.02157021
16.57646942
14.72156906
12.48235130
21.42156601
16.40392303
18.02157021
18.22941399
15.31372738
14.78235626
23.55882072
27.13921356
31.10000229
16.32745171
12.82156944
16.43137360
14.62745571
14.26274586
13.49608135
16.94902420
12.79607868
15.77451134
20.93529892
18.37255096
16.68235397
17.56666756
14.09019470
17.56274796
26.18235207
25.99804115
27.28431702
13.18431473
16.17843246
13.90588284
13.98627663
14.01568604
14.48235512
14.06666660
11.61176682
22.24313354
13.65294075
21.66667175
15.87058830
16.31960869
13.57647133
20.78823662
22.35686111
26.90588570
20.22157288
12.75097942
14.96078396
12.54509544
13.47843266
12.73529720
14.08431339
12.55098057
16.66862679
17.88235283
19.19999886
18.23333740
15.28431416
13.30588436
17.16666603
19.37647057
16.72745323
26.82745171
12.57058907
15.91568756
12.94901943
12.60588455
12.57058907
13.24705982
14.03333187
11.79804039
21.71569061
11.68039227
22.11764526
15.67647266
13.95686626
13.94509792
16.45097923
18.02940750
16.49803925
22.34117508
14.47450924
15.03921700
12.19215870
12.69803810
12.28039265
14.24509621
12.48235321
16.10784340
15.79608059
17.48627472
18.62157059
14.47450829
13.52156925
16.61568642
15.28627396
14.89608192
21.08627510
16.96470642
17.38039207
12.64118004
11.81960869
12.40391922
12.79607964
13.79215813
11.33921623
18.97647095
12.12941170
19.92353058
15.96666813
14.01960850
15.06274509
13.83921719
15.58235073
14.41176510
21.48431587
19.44901848
15.37843037
12.23529243
11.56470680
12.18431377
13.48039246
12.22157097
15.51764679
13.83725643
16.15686226
17.24705887
14.39411545
13.40980434
14.51176548
12.60000134
15.11372185
15.88431454
20.31176186
21.97254944
13.05097961
11.31176662
12.20392036
12.59215736
13.81372547
11.46470737
17.02941322
12.07058907
18.82744789
15.73921585
13.94902039
14.29019833
11.87646961
14.53725433
12.99215508
19.08039284
21.32156754
17.29412079
11.71568871
12.22745132
12.05490208
13.91960907
12.69215775
15.19019699
11.87450981
15.52352905
17.78823471
14.98235130
13.49215603
13.02548981
12.56862736
13.63725471
12.97646999
20.47254944
19.95882416
14.95098114
11.46274662
12.11372566
12.78235531
14.69607830
11.75489998
14.42352772
13.18627548
17.98039436
16.26862907
13.92548847
13.87058735
11.91764641
13.99804020
12.70392418
17.55097961
18.01568794
16.42548943
11.99215794
12.32353020
12.27058887
14.65098190
12.99411774
14.00784302
12.82745171
14.10588074
17.43137550
16.22352982
15.08431244
13.02353191
12.78235531
13.38823509
15.35686398
18.82549095
15.31569004
15.98627472
11.62941265
12.04705906
12.99019623
16.25686264
12.16862774
13.26274395
13.65686321
16.37843132
15.64313793
16.19215775
15.65686321
12.10784149
13.69215679
13.80588245
21.70980453
17.17255211
15.79803848
12.46078396
11.80784225
12.54901981
14.42352962
14.18627453
14.07647133
12.60980511
13.13333607
16.99608040
16.21568871
17.78235245
12.74705696
12.81764698
15.00784111
23.35686493
20.56274414
14.67842960
15.80000210
11.32745171
12.36470509
13.88823605
15.94509697
13.14901924
13.37058830
12.68039513
16.63725471
17.29607964
18.60784340
16.91176796
12.21764565
14.08431244
22.55294418
22.92940903
17.47451019
15.54509735
13.54117680
11.98431206
13.35490322
14.75686359
15.03333378
14.33137417
13.09607792
12.63921642
21.15882492
17.55882454
21.27843094
12.69999886
12.76666546
18.28627205
22.29411316
21.09803772
16.17058754
17.58627319
11.91176605
12.46666622
15.04706001
15.55882454
13.68235207
13.70196152
12.48627377
17.68039131
19.85490799
18.68431282
16.41568565
12.89411736
13.41568851
21.90980148
18.18039322
17.76862907
20.29019737
17.91569138
12.54313755
12.96862793
16.95490646
15.08627224
14.75490189
12.72941113
14.53333378
21.24117470
16.98627853
19.86470413
12.77254772
13.06470871
15.50784397
16.20980453
19.91372681
21.41372681
23.35294151
12.72156620
11.72744942
16.42353058
15.37451077
14.61960888
13.79607773
13.69215775
18.23333359
20.37646866
17.51372528
15.90784264
12.05294132
12.72941208
15.17058659
14.35882282
20.07646942
26.27254868
19.22548866
11.35882473
13.88431358
15.77647209
15.20000076
15.18235493
12.25686550
18.00391960
20.06078148
16.33333206
18.64117622
12.36862564
12.62940979
12.92156792
13.87254715
17.84313774
24.95882797
22.25294113
12.53137207
11.44705963
16.10392189
16.04901886
14.80980492
13.83921623
15.69608116
19.16274261
18.37059021
17.16274643
14.27451134
12.24902058
12.36470699
14.01568794
14.02941322
22.50980186
21.62352753
17.41568756
10.66470528
14.37255096
15.00196266
15.32548904
15.64705849
12.71568489
20.43137169
20.54706192
14.88627338
17.26666641
11.73333359
12.47058868
12.44509888
13.85686493
16.89215660
23.39607811
17.80980492
12.77254868
10.87647057
16.21960831
15.32353210
15.11764526
14.67058945
15.87843227
20.92157364
18.38235474
16.15882492
13.19215965
11.60588264
12.80588341
13.46666718
15.36666775
22.82941055
14.71960735
17.77647400
12.19608116
15.21568871
14.03333473
15.27647209
18.45490456
13.23921585
18.63529205
21.32941437
14.93333244
15.69019508
11.89411831
12.60588264
14.79019547
13.43725395
16.35097885
21.42941093
15.59999943
16.57843399
15.45097828
17.12941170
15.45294189
17.64117622
15.79411888
13.93529320
21.43725204
17.89804268
15.64902115
12.29411793
12.24117756
15.92156792
14.22353077
14.60000229
20.80196190
12.07843304
17.69607925
20.78039169
19.40392303
12.14117432
16.29411697
19.84509659
14.71372604
16.31960678
19.83725357
15.32745075
14.15293980
12.00783920
12.73921680
16.07451057
14.55490303
14.34313869
17.27647209
12.73333359
19.56470299
23.03333664
18.63137627
15.67451382
17.60000229
14.26078606
14.12744999
18.50784683
16.07843208
15.47058773
12.06862640
12.18235397
13.98039150
14.07451439
14.71176815
16.22156906
11.38627625
16.03137207
25.33921242
26.96666718
12.15098286
15.28235054
18.55882454
15.20196152
13.94313908
15.62745285
15.17255116
13.49803925
12.32941341
12.35097980
13.23725605
14.43137169
14.41372395
13.11176586
11.53137398
20.78627586
31.39804077
16.65294075
14.42352867
18.60784340
13.60784245
14.70588303
15.84509850
14.56666565
15.76274490
10.97058964
12.15293884
13.83725357
13.99411774
13.35686207
13.87843037
11.74510002
15.15098095
26.26470947
25.46471024
12.50588226
15.01568699
18.18235779
14.82549286
13.35686207
13.74901962
15.68235397
13.20588398
12.18431473
12.89019775
14.39019585
13.93529320
14.05490398
12.93725491
11.35098267
22.48627472
27.07254791
13.66078472
14.62156773
17.90588188
12.97451210
13.47059059
14.18627644
14.98039246
15.09215736
11.58235359
12.11568737
14.09607887
14.83333397
14.34313774
14.26470566
12.23921585
14.74117756
22.69020081
18.56274414
13.01764774
14.66666508
15.07647133
14.47647095
13.63137245
14.72157192
15.43725395
12.65490341
12.23333549
12.91176510
14.51176548
15.08823490
13.98235416
13.84901714
10.96274567
21.17646980
17.34706116
13.58039379
14.12353039
15.27647114
13.74705982
14.01372719
13.10588551
16.28235435
15.08823395
11.43921566
13.02353096
14.10391998
14.34313965
15.37059021
14.64117622
12.21568775
12.59411812
18.73921585
14.37058830
13.23137474
14.57843018
13.08039188
14.54901981
13.42549133
15.36470413
16.37647057
12.61372566
12.94509888
13.87843323
14.04706001
14.79215813
14.40392017
13.64902020
11.19019604
15.67058945
14.28235245
14.35097885
13.80784225
13.65098190
13.46666813
13.99411869
14.72156906
16.35097885
15.33333397
11.76666546
13.48431778
14.39804268
14.56078720
13.69804096
14.86666775
12.41568851
12.04901981
13.49019527
16.98235130
12.02352905
15.11176491
12.65490341
14.49411774
14.51176548
14.84510040
16.24117661
12.60784245
13.50000191
13.30588055
14.41960907
14.30000210
13.59411812
15.98431396
13.52745247
11.40587997
13.40980434
16.03725433
14.22548866
13.52744865
13.21764851
13.95293903
14.81764793
15.10588360
15.44705963
12.52156925
12.20392227
13.91568565
15.08627510
13.23725319
16.16470528
12.71372509
13.58431339
11.76274395
16.79216003
12.70196152
15.39607430
15.26862621
12.95686340
13.61764812
13.73725700
16.50588417
13.66666603
13.53529644
12.15294075
15.16470528
14.58627415
13.41764736
14.91568470
14.23333263
11.03921700
12.64117718
17.03921890
14.30980301
18.43529892
12.81960773
11.67646980
15.06078148
16.55489922
16.25490189
14.28627396
12.40980339
14.53921700
13.90588284
13.37646961
13.75490189
12.89019680
15.55490208
11.26862621
16.39607811
15.17255211
16.94901848
17.06666756
11.50587940
13.80980778
16.18039322
18.35882759
15.48627472
13.87059021
12.61960793
13.59215736
13.10784340
13.00587940
13.11372375
16.28431320
12.80980301
12.34706020
19.00392532
14.35098457
18.09607697
12.72156906
10.92549324
16.71568871
17.60392189
16.59607697
15.59607792
12.56078434
13.79999828
13.01960659
12.97450924
13.37059021
15.20391941
15.70392323
12.91372681
16.97843361
13.95097923
15.61568832
15.10392284
11.66666603
13.72157001
17.11176300
17.97059250
14.96666718
13.41764641
14.12156963
12.98627663
13.75686455
13.61568832
13.80195999
17.54313660
12.11176682
16.19804001
18.21176529
14.56667042
16.08823586
11.59411907
11.66666985
16.10980034
17.86862755
15.80784321
13.52353096
13.59803581
14.10000038
13.97647095
13.13725376
14.56274414
16.62745285
15.14509869
14.59215546
24.24706078
14.63725471
15.79411888
14.41372299
12.02156925
13.26470470
16.97451019
17.80980682
12.85686302
13.43725681
14.01372528
14.10196114
14.04313755
14.66862965
14.74901867
16.74705887
12.59607887
24.06470490
17.71176529
16.01176262
15.56470394
12.09411430
12.21372509
14.94901657
17.52352905
15.34509945
12.04313850
14.21568871
14.86666679
14.31372452
13.74705887
15.71176624
13.75686073
15.07647324
16.23529434
24.61960793
13.93529510
15.46078396
14.02941132
11.25882435
13.36470413
16.20392227
16.97254944
13.14902115
12.99019527
15.22353172
14.71568584
14.10980511
15.96862888
13.01568413
13.04117775
13.51960754
22.83921432
15.43333340
14.90980434
14.70195961
11.58823586
12.26862907
14.20588207
16.56078529
15.97254944
12.71372604
14.14313602
15.29215622
14.38823795
14.90195942
16.44313622
12.71568680
15.24313641
16.01568604
18.53529930
12.49804020
14.77843285
13.12352848
11.61176491
11.19411755
15.92549133
17.51176453
13.03333092
13.30980396
15.09411526
15.35294056
14.35490227
17.11568832
21.91960907
13.79215813
13.46470642
17.29216003
12.85293961
14.50588417
13.44902134
11.53333473
11.14117813
12.70588493
18.07451057
15.92157078
13.08039188
14.58431435
15.75686264
14.43921375
15.88235283
19.61176682
22.23137283
14.45293999
15.16470337
12.16470623
12.68431377
14.08235168
12.76274586
11.35490322
10.93333244
16.17646980
18.50000000
14.08039188
13.84902096
15.59411812
15.14705849
14.54313660
16.00980377
23.79412079
16.55490112
11.88039303
13.95686722
12.80588150
13.23333359
13.38431358
11.51176357
12.06862640
13.07843113
18.67647171
16.33333588
13.39411640
15.08627510
15.09803963
15.04706001
14.62744904
17.18431473
19.95686531
13.68823624
12.56470490
12.98235321
12.16862774
13.54117584
13.29019928
11.72353172
11.48627377
17.00980568
18.74901581
14.51372528
14.03529549
15.02941227
14.99803925
14.15686226
16.19411659
18.51764679
15.73725700
11.95686531
12.87450981
12.91960716
13.83725452
13.53137207
11.43921661
11.46274662
14.56078529
18.28627777
18.18627548
14.39411926
14.70980453
14.59607792
14.75490284
14.63529491
16.97058487
15.31960678
13.11960983
12.07450867
13.70588493
13.37450981
13.89803696
13.52549076
10.86666584
12.63333321
16.72352982
18.86470604
16.57058907
14.50196266
15.25294209
14.75294209
14.35098076
16.38431168
14.62549019
11.96470642
12.39608002
12.91764641
13.77843380
14.58039570
14.37843227
11.08431530
10.96862793
15.77843285
18.48039246
17.04509926
16.10391998
14.85490131
14.44509888
14.12353134
15.71960926
15.64509773
12.34509754
12.86666870
12.69608116
13.44313812
14.42352962
13.51568222
13.38627434
10.95098209
13.18235302
17.88823318
18.33529663
15.28627300
15.68627453
15.51960945
14.08823681
14.32549000
15.66078568
15.16470432
12.78627491
12.47254944
12.90392208
14.50000000
13.73137569
14.19215775
11.40000057
12.19607735
16.00196075
19.39608383
15.71764660
15.85686302
15.38431168
15.61568642
14.05882263
15.77647114
15.44313908
14.20391941
13.36862755
12.28235340
13.22352982
14.21764851
13.96274757
14.38627434
11.77450752
13.21764946
18.33529282
18.28039169
15.06274605
14.82549286
15.76078510
14.21764755
14.58235359
15.56862926
15.65294266
13.37058926
12.58039379
12.72548962
14.06274414
14.60392284
15.65490246
12.49411869
11.70588303
15.88039207
19.16666794
16.44902039
14.85490227
14.98235130
15.44117641
14.18039417
15.38431358
15.28039169
13.75882339
12.89999962
11.88627529
13.82941151
13.57843208
14.29607773
15.96078491
11.17647076
12.33921337
18.13137054
18.46470642
14.48431396
14.49215698
16.19411659
14.61568546
14.75294113
15.50195980
16.00196457
12.81176472
12.65098000
12.88039303
13.98823547
13.20588207
15.85490131
14.02156925
11.58039284
15.69215584
19.16274834
15.72745228
14.63725281
15.22353172
15.10000134
15.82549095
14.96862602
16.12352753
15.14313602
13.80196095
12.79803944
14.07647038
13.15098000
15.53137493
15.77058601
12.55294514
12.61568546
18.77450943
18.74706078
15.10588169
15.03529453
15.52745438
14.80980301
15.59411716
15.97058773
16.12745285
14.69019890
14.06078625
13.91372490
14.11568737
15.39608002
15.87450981
14.78823662
11.19999981
15.87451172
19.44705963
17.10588455
14.19019508
15.52353096
15.18039322
15.33137321
18.31764793
15.48431396
16.38235474
13.93137169
12.92549133
15.07059002
13.17254925
19.18431473
14.91764832
12.67843246
11.96666622
18.26667023
18.52156639
14.53921604
15.16274643
16.02156639
14.02157021
16.09019661
20.03333282
15.45293999
15.08823776
12.65882301
13.37450790
14.21960640
15.61176491
18.07059097
15.60784531
11.60392284
14.79215717
19.34117699
16.36078262
14.60980320
15.38431358
14.14117813
14.78039169
21.31568527
15.51568508
15.71176529
12.95490265
11.71372318
15.17058563
12.86078548
19.62156868
16.73529625
13.61568832
12.42745209
18.49607849
18.38039207
14.62156868
15.33725929
14.45293999
14.61764717
14.65490341
19.45294189
16.25882149
14.35686302
12.13529301
15.44510174
14.09804058
14.25098133
19.31961060
17.52549171
12.08627415
14.79019737
19.53137589
16.83725548
14.81176281
15.01764584
14.54117584
14.98235321
17.78431320
15.38431358
15.30588627
14.10392189
13.70784187
16.67059326
13.28823471
16.87843132
18.60784340
14.67450905
12.45098019
18.36274719
18.15686607
15.88823700
14.94509888
15.23725224
14.60784340
15.49999809
17.16470528
15.83137226
15.01176643
12.54902077
18.04509926
14.21764755
14.26274586
17.28431702
17.60784531
12.98823547
14.29607964
19.66274261
16.62156868
15.03529453
15.25882339
15.61960983
15.39804077
18.52745247
15.38627625
14.77254868
13.83529282
15.99215698
16.36666679
13.41568661
15.46862793
18.28823471
15.43921661
12.49803829
18.81764603
17.93921661
15.82941246
15.32549000
17.03137589
14.72548771
18.36470413
15.64117718
15.12549019
14.42549038
12.16078377
19.01568604
14.31764603
14.05882454
16.19019699
16.27058792
12.95490170
15.11764717
20.14509773
16.54117584
16.17058945
16.24509811
17.16274834
15.04706192
18.56274605
15.09215927
14.20000267
12.60980320
15.59607887
15.25294113
13.78235340
15.05686188
17.42941284
13.66274357
12.23333740
19.23137474
18.63725662
16.54705811
15.34705734
17.83333397
15.11568546
18.08823776
14.77647018
14.93725395
13.98823452
12.41764736
15.89608097
14.26470375
14.40980339
17.45490074
14.11960793
11.87058735
16.90196037
18.98627472
16.57058907
16.95882607
16.04509926
17.36078644
16.44313812
16.22745132
14.34509850
13.93529797
14.09803677
14.64705753
14.23725510
13.41568661
14.91764832
15.77450848
13.33137226
13.55294037
18.31568527
18.06666565
17.87647057
16.70980453
17.01960754
16.10196114
16.37450981
13.95294189
14.43137264
13.93333244
13.83725643
14.08234978
13.34313774
14.34706116
17.35686302
12.74705791
12.06274414
17.22549248
17.95098495
16.58039093
18.94509888
15.87450790
16.90980721
16.34117699
15.69999981
15.60392189
14.45490170
13.17647362
12.69999981
13.85881996
15.00392151
16.06666565
13.68627644
14.18235302
13.19215584
18.65882874
18.35490036
16.87647057
17.18431282
17.00000000
16.47058678
17.46078300
15.32352734
18.69412041
12.50196075
12.14705944
14.27647018
14.73529434
15.39411831
16.69607925
12.87646961
12.53921700
18.36666870
18.75098038
17.44705772
17.39607811
16.25882339
17.38039589
18.37059021
16.20588493
16.89803886
16.24509621
12.37451172
12.91176605
13.94313812
18.21961021
16.82353020
11.97843266
14.51372337
14.14902115
19.41373062
19.24117661
17.48431396
16.54706001
16.47450829
18.46862984
17.95097923
15.50588512
17.53725624
13.44509411
12.17647266
14.01960754
17.78627396
15.67255020
16.01176453
12.05098152
12.24705982
17.95686531
19.58039093
17.49215698
17.28039169
16.64706039
17.88627625
18.55490685
16.45098114
15.01176453
14.77255058
14.13333225
12.06666660
14.09019661
18.81764984
16.58235359
11.56078434
13.20392132
13.94705772
18.05490303
19.11765289
17.75882339
16.51372337
16.29019547
19.20980453
16.94117546
15.44117737
15.26470757
13.97647190
12.00980568
12.43333435
16.78235435
15.30196095
15.50980377
11.41568851
10.74313927
18.61568451
18.31764984
17.57843018
17.17843246
16.21372604
16.48627472
17.86862946
15.87647247
15.09607887
13.82352829
13.64117718
11.16078663
13.99019718
16.57058907
16.12941170
11.51764965
11.77450943
14.66274452
18.31764793
17.94509697
18.27254868
15.96666813
15.82745361
17.84706116
16.46862602
15.13529491
14.60588074
13.56862831
12.85490227
12.21764660
16.32745171
16.10784340
14.28039360
11.83725739
11.78627491
19.00391960
18.60392189
16.69804001
16.93333244
15.83333206
16.01568604
18.14509964
16.35293770
15.29608059
14.03333282
13.55490112
11.48627472
14.90980530
16.02745247
16.64902115
12.46470642
11.52744961
16.99804115
18.80196381
17.69804001
17.30980682
16.39215660
16.05686188
18.87255096
17.18431664
15.67646980
14.89999771
13.08823490
12.64313507
12.51764774
16.63137436
17.36078644
14.36274338
11.81568718
14.46274567
18.45882225
17.62941360
16.00000191
18.00588417
15.94117737
17.40980339
18.81176376
17.08823776
15.67647171
14.39803982
13.76862717
11.85686207
15.11568832
17.43136978
16.07647133
13.07058811
11.58039284
17.28823471
18.88823509
17.01765060
17.70980644
17.87647438
16.39804077
19.28627586
17.61764717
16.19607735
15.59607887
15.67450809
13.90980434
12.98823547
16.81372643
16.93725586
15.31960773
10.69411659
14.94706059
18.18431282
17.87254906
17.03529167
20.74509811
17.43137360
17.55097961
17.75294685
16.87059021
16.05686378
15.05490303
19.30195999
11.29019642
15.45882225
16.36470604
16.10980606
13.45490265
11.57451057
18.42941666
18.60196304
16.69999886
18.74902344
22.39215851
17.73921967
16.48627472
18.00000381
16.26470566
15.97255230
19.40587997
14.22156811
12.58431435
15.63725758
15.66274357
16.70980644
10.23921776
16.93333435
17.97450829
18.10195923
17.19804382
19.91764641
20.24118042
16.95882416
16.62352943
17.65882301
16.19804001
15.89215755
19.02549171
11.00980377
14.97843361
14.72549248
16.68235207
12.75882339
11.62941265
18.69019699
19.25294304
16.62941360
17.46078110
20.55882454
17.77843285
16.29215813
18.18431282
16.40588188
15.69215870
17.67843246
12.06274414
13.07254696
14.59411812
15.16862774
16.46078491
9.59607983
18.55294037
17.60000038
17.05490112
16.28235435
18.90196228
19.00000381
16.64902115
16.97059059
18.04706192
15.94509888
15.51372623
15.09803867
11.08627605
14.44705963
14.22352791
16.48627663
12.42156887
12.99019527
18.19411469
19.24314117
16.29215813
18.36274719
16.73137474
17.47647095
16.72352791
17.74313736
16.86078644
16.03725624
16.37255096
12.00392056
13.14509678
14.03725624
14.58627319
15.73137188
10.35294151
20.42941284
17.33921432
18.53137207
16.23921585
17.57058907
16.30784416
16.61372566
17.00392151
18.35490227
15.52745247
15.71372604
15.14313698
12.72156715
14.20784378
14.23921490
15.98235416
12.53529549
14.74117565
17.14313698
19.03529358
17.09411621
17.77058983
15.55882645
16.34705734
16.94509506
18.11569023
16.74705887
15.79216003
16.07843208
14.40392017
13.59215546
14.69215965
13.65882587
15.06078434
10.96666813
18.88823509
17.11764717
17.47254944
16.31764412
18.12156868
15.81372452
16.71568871
16.90196037
18.45097923
15.93921852
15.82549286
15.95686245
13.20196056
14.72941208
13.88431454
14.81960869
13.15490150
13.80784225
16.28627586
19.30000305
17.14706230
18.56666756
15.79215813
16.36470413
16.92744827
16.80980492
17.66862869
16.28235435
15.69215775
14.35686207
14.30784416
14.23529339
14.04509735
14.41960812
12.08431435
16.64902115
17.47843361
17.85686302
16.06863022
18.79215622
15.76274490
16.57451057
16.35882378
17.68431664
17.29999924
15.99607944
15.87451172
13.79607868
14.89607716
14.23137283
14.61568737
13.56862926
13.71568680
15.15882492
18.94118118
16.26274490
18.41568565
15.53921795
16.47254562
16.06274605
16.38627625
18.78039551
16.50196266
16.63921738
14.25294018
14.26274586
15.24705887
15.22941399
14.47843075
12.12548828
14.87450886
17.45490265
18.32941437
16.96862602
17.54509926
15.81960869
16.36666870
15.49215508
18.37450981
17.30195999
16.91176605
16.23921776
14.06078529
15.10392189
15.79804325
15.39803886
13.14509583
13.73137379
15.29215717
19.70195961
16.85882378
18.67451286
16.37843323
16.70392227
16.20392227
17.05686569
18.85686302
18.83921814
16.86470604
14.59411716
14.89215755
15.90588093
15.30000019
14.39999962
12.66470528
13.02548981
18.79019547
18.44901848
17.50196075
18.00392151
16.82548904
16.21176529
15.00392151
21.04705811
18.30196190
19.18235397
15.98431396
14.79804039
15.62941456
14.50980186
16.05294228
13.07843304
13.99999809
15.18039322
18.83529663
17.34117889
18.40000153
16.50000572
17.12745285
16.09412003
18.36078262
18.79215813
19.95097923
19.11176682
14.50784206
15.39019394
15.41176510
15.65294170
15.32156944
13.36470699
12.34705925
17.53333664
19.15490341
17.41372490
17.54510117
16.54313850
17.20784569
17.78627396
19.40588379
18.28627396
21.34313965
16.18235207
14.64901924
16.08823586
14.76862812
16.16274834
13.97647381
13.90784264
14.49215889
18.56471062
17.23725319
18.09607887
16.14705849
17.30392265
17.13529205
19.42745399
19.08235359
20.39215851
19.84117508
14.30980492
16.22156906
14.82156849
15.60000134
16.04902077
12.62549019
12.82353020
18.21372414
19.07451439
17.89019394
17.51764870
15.70196152
17.76275063
19.52941322
19.07843399
18.77255440
22.41765213
17.28039360
14.47254848
16.22352982
14.77647305
15.25490093
13.97254944
13.92156601
15.72548962
18.33137321
18.53921509
16.90195847
17.34901810
16.96078300
18.55686188
20.11764908
18.10196114
19.65490150
22.87646675
14.95490265
15.22745037
14.55490112
15.98431396
16.50588417
12.34901905
12.89216042
19.99411774
18.45294380
17.33922005
17.15098190
16.13529587
17.33137703
20.58823204
18.87059021
17.76274490
22.42549133
19.67058754
15.56078625
15.09215832
15.10784340
16.95098114
13.39019585
14.33529472
15.64509773
19.50000381
17.87450790
16.27058983
17.10588455
16.49803925
20.38431358
18.32549286
18.75293922
17.11764717
23.84313202
18.50784111
15.52352905
15.68431568
16.20392227
16.59607697
12.97450924
13.11176682
17.70000076
17.92156982
18.08431816
16.08235168
17.68235397
17.87843323
20.01568222
18.80588150
17.74902344
19.09999847
22.30000114
18.78039360
16.26470757
15.86470604
17.67451286
12.67843151
14.39019585
14.89999962
18.95882416
17.95882416
15.91764832
16.59803963
17.61960602
20.76470947
18.11764526
18.94510078
15.52745056
21.93529320
23.05293846
16.39411736
18.58627892
15.99804020
16.54706001
12.66078568
12.98039341
18.17451096
18.80588150
17.59020042
15.60392189
17.75098228
19.07646942
17.79411888
18.01372528
17.07059097
16.83921623
23.19215965
21.55490112
18.50588226
16.57255173
16.91176414
13.35490227
14.27647018
15.78627491
19.08431244
17.57451248
14.21176434
16.97059059
18.14902496
18.69411850
17.40784073
17.33529282
14.69019604
20.00000000
24.62353134
17.28431511
18.29804230
16.03725624
15.03725529
12.94313812
13.64705849
19.46274757
18.23137093
15.60980511
14.92352772
17.92941475
18.09804344
17.46274567
17.71960640
15.41176510
15.87058830
22.60588264
21.27058983
17.07059097
16.30000114
14.99803925
12.76862812
12.73529530
17.63921547
18.77647209
17.31176567
13.89019585
16.84313774
17.91764832
17.34510231
17.68823433
16.67647171
13.13725376
18.44509506
24.17255211
16.71176529
15.04901981
15.99411869
13.81568623
12.31960964
12.30980492
21.19607925
17.47450829
15.20196056
14.58627605
18.21568871
15.97451210
17.39607620
17.66666603
14.08235168
15.04117680
20.80784416
20.96274185
15.06470966
14.34117985
15.11568642
12.73137283
12.12744999
15.49019432
20.80195999
17.08431816
15.92353058
16.41764641
18.46274567
17.38627625
18.27255249
16.16666985
11.51176548
17.27255058
23.00588417
16.84902000
13.62549114
15.19804001
13.21372414
13.22549057
11.67842960
22.26470757
17.82156754
17.16078568
16.76078415
19.05294228
17.41568375
17.67843437
18.42548943
12.62745285
14.68627548
18.37450981
20.99999619
14.34313488
14.61764717
15.30000019
12.76274586
12.54509926
12.52549171
23.11764336
18.16471100
17.68823624
17.27450943
19.85882187
17.66470909
18.41765022
15.93137169
11.32352829
15.32744980
22.09215546
16.38627815
14.28235054
15.35490417
13.27058983
14.57058907
11.55294132
18.62549019
20.75098610
17.59411812
17.52941132
21.40392303
16.71960831
17.62941170
17.85097885
13.29215908
14.11372471
15.29999924
21.87450600
14.76666641
14.51372623
15.16078186
14.23529434
12.41372395
12.86862659
23.52548981
18.34902000
16.52548981
17.80588341
21.28823662
15.95098114
17.84706116
15.80000305
11.80196095
13.77647400
22.77058792
16.40392494
14.50784302
15.18039036
14.29607868
14.78823471
11.68039322
17.09411812
23.44313812
16.05686378
15.98235512
21.71764565
16.91372108
16.59411430
17.84902000
12.34706020
14.59607887
15.19019699
21.80000305
15.21176720
15.35686684
14.07254887
15.72745419
12.23921490
14.41176510
20.90784264
20.51372910
13.50588417
16.55882263
24.96274376
14.94117832
17.95490456
16.13529587
12.16666603
13.71960640
21.88039207
16.32745361
16.65294266
15.24313927
13.83529568
14.30784321
11.38235283
16.12745285
21.47059059
17.32548904
14.40392399
21.46862411
20.72744751
16.38039017
18.17646980
11.80784225
15.19215775
15.86078453
20.53137016
16.31960869
17.10195923
14.26862907
15.71372795
10.86470604
15.96274471
17.76862717
22.17058372
13.45097828
17.08431625
27.12156487
15.19019794
18.00588417
15.52353096
14.61176491
13.24901772
21.77254868
15.66274643
18.79607773
15.28627396
15.33725739
13.54117680
11.68431377
18.15686417
21.12744904
18.35686302
14.55686569
21.57451248
22.83529282
16.30392075
18.10980225
13.84313679
16.98431396
15.21568584
18.81372833
17.57254982
16.94313812
14.30196190
17.73137283
11.10000038
17.00980568
16.77451324
22.87842941
14.49607658
17.53921700
26.50979805
16.77450943
18.32353020
14.15686321
19.02156830
13.83333492
16.95098114
15.37646866
18.37843132
15.50784492
18.00784492
15.30000210
11.17646980
20.12745285
19.41372490
19.07647133
15.18235493
20.35490036
24.70196152
16.01764870
16.66274643
14.80980301
16.13333321
15.20195961
16.06078529
18.30784607
17.03333092
17.01568604
19.01960754
10.64313889
16.55294228
18.60784721
22.19019699
14.90000153
16.14117813
24.49607849
20.25686264
17.87255287
12.19999981
17.15686417
14.11960888
15.47450924
16.30000114
19.73137283
16.46274757
20.71568489
15.48627567
10.45686245
22.00784492
20.36470413
19.94902039
14.46274471
18.03137207
25.25098228
16.52941513
16.33921432
12.36470413
13.73921585
14.95882702
15.30784225
21.01764679
17.82352829
20.07647133
19.01568222
10.20588398
16.35097885
20.73921967
22.92353439
15.34117889
15.66470528
21.39608002
21.08235550
17.67647171
12.54313850
14.53529453
11.85882378
14.57451153
17.94901848
21.13333702
17.15882492
22.13333702
14.48431396
9.82745266
21.83333015
20.76666641
21.04313469
14.54901981
18.90195847
23.44509506
17.70783997
16.64313889
11.14509869
12.70392418
13.95098114
15.42940998
21.62745285
17.91764450
20.11961174
19.12352753
11.00784492
15.60784435
22.02353096
21.35882950
16.16470718
17.32548904
19.57059097
21.62156868
17.37059212
11.81764698
14.13137245
10.69804001
14.35294151
18.75097847
19.98039627
17.46274376
23.06078148
14.35098171
9.33529377
19.46470261
20.56666565
22.32548904
15.54117966
17.50980186
20.98431587
17.61372566
15.48235321
11.40392113
12.65490532
11.25098228
15.87451077
21.52157021
16.44901848
21.24902153
19.34902382
11.41764927
14.34705830
19.98627281
20.35882378
18.32353783
16.22549057
17.48627853
20.19215584
18.13529587
12.59019756
14.71960926
9.68823719
13.94509697
19.36470604
17.81568718
16.65098190
23.06078339
13.66274738
9.17843056
18.80980682
19.60196304
21.83333588
16.58823586
16.94705963
17.88039398
18.90196037
18.77843475
13.80392170
13.19412136
10.73333359
16.44313812
19.79803848
15.13137245
21.92156410
18.23137283
11.00980282
14.01176453
17.89411736
19.98431396
20.82744789
16.50000191
15.94901848
20.41961288
21.78627014
12.77450752
17.26470566
9.66274357
13.18627453
19.43137741
15.86666870
18.61372375
21.29804230
14.20980549
9.03725624
19.05490112
19.05882454
20.00784111
17.38039207
16.13725471
17.32941246
20.80784607
20.29803848
14.12549114
13.04902077
10.72745228
16.11960793
18.24705887
14.73333168
23.88039207
15.89804077
11.38235188
14.34117699
17.16470718
19.43333435
20.27254868
16.05882072
15.73529434
20.51960564
22.51371956
13.02745152
14.94901848
9.17451096
12.84117794
18.34313774
16.51764679
19.74705887
19.55882835
13.50980377
9.06666851
19.15097809
17.73333359
21.01960754
18.35490036
16.36862564
17.09803963
21.31372070
18.74313545
12.93333340
10.68627739
10.38235569
15.83725643
19.04313850
14.87647152
21.40979958
16.18431854
11.03921795
15.51764679
17.32549286
18.03137398
21.22352791
16.39607620
16.69215775
20.44510078
21.75686264
12.72548962
12.19803810
8.97843075
13.93725681
18.00784302
16.83921814
18.35490417
17.24509811
14.05686283
9.53137398
21.72549248
16.87450981
18.99215889
19.06274796
16.25686455
18.71176529
21.04313850
18.74509811
11.29607964
9.42549038
11.39608002
15.53137493
19.52352905
14.59804058
17.60392189
16.32157516
11.49803925
17.13921547
20.67255402
15.78431606
20.79607773
17.16863060
15.93529224
22.29804039
20.76275063
12.12156582
10.29804039
9.92156982
14.03921604
17.48627853
17.09411240
15.10980415
17.18235397
14.59019470
9.61176395
24.02744675
17.69412041
16.59608078
21.28823853
15.58823586
18.37254906
23.05294228
16.59607887
11.20196056
8.23725510
13.96666718
14.84117222
19.60588264
14.95294380
16.71176529
16.94901848
11.97450924
16.13333321
22.19216156
15.48039436
19.42745209
19.63333321
15.58039474
22.30392456
21.74705887
11.52745247
9.04509735
13.91764736
14.40784359
17.12352943
16.26666641
16.43529510
18.16862869
15.48823643
10.06078434
22.01568985
18.59608078
15.78431511
21.35294342
16.76862717
18.08431625
24.11764717
16.06078529
10.16274643
9.70784283
16.46274567
15.43529510
18.25881958
14.95490074
18.45294189
17.62745094
12.02745056
15.87059021
22.12745285
16.04509544
17.63529587
20.70783997
15.15098190
21.62941170
21.79607964
11.01176548
8.43725491
14.48039246
15.15294075
17.37843132
14.90980339
16.89804077
19.33725548
15.41372681
11.57254791
20.75098419
20.79607391
16.94705963
20.28234863
17.92156982
17.87058830
23.99215698
16.20588303
8.54117775
9.13529396
14.23921585
16.47843170
18.20392036
14.98431396
20.09608078
17.74117851
12.48431396
18.17254829
20.28038979
19.48627663
18.54705811
21.32156944
17.17843056
21.85882187
22.54509544
10.30588627
8.03921604
10.23921680
15.77058601
18.31961060
15.18235397
18.62941170
20.57843018
15.68039417
12.78235245
21.29804230
22.46470642
16.83137321
21.27450943
21.64313316
18.89804077
22.58627129
16.79215622
8.83137226
8.28039169
12.87255001
17.14509773
17.50196266
15.85098076
20.70587921
17.88235664
13.13921738
18.82353210
18.24705887
22.32156754
19.77647018
21.97646713
19.24901962
21.16666985
23.55490112
10.95294285
8.59019566
10.05294037
15.91176701
17.89215660
14.52156925
20.28039360
20.06666946
15.37843227
12.88038921
19.49020195
20.04902077
19.66078758
20.69804001
23.02157021
19.78235626
22.02745056
18.84314156
10.98235321
7.88823509
13.86470604
16.72352982
16.65490150
18.15294456
20.22352982
17.19215775
13.59412003
16.01764870
17.10195923
21.80980873
21.09607887
19.10392189
19.91960716
21.35098267
23.46274948
15.08627796
11.01176739
9.66470718
18.51568794
17.38823318
14.89019775
21.48431778
19.11960602
15.71176338
13.02156830
16.94117928
19.03529739
19.54706192
19.25490379
21.57646751
21.29804039
23.20588112
19.32548904
16.10000038
9.43921566
14.90000057
16.44314003
15.87254715
19.99804115
19.60980606
16.84902000
14.24509907
14.59803963
17.68431282
20.30000114
18.04509926
18.68039513
21.97450638
23.59411812
21.60588455
15.90588188
14.80196285
10.02941227
18.48039436
15.51960754
15.76666737
20.32941628
17.32548904
15.19215488
13.94117451
17.61372566
18.63725471
18.11372566
16.51764870
20.96078491
26.04313660
22.87646866
17.41176987
15.69803905
11.61960697
15.48627567
15.47451019
15.05489826
19.77451324
18.49411583
16.55490303
13.99215794
15.64313698
17.90784454
18.19411850
15.98431492
18.90196037
22.82156944
27.28627586
19.34313965
16.60196114
14.81176376
10.72156906
19.55294228
13.53725529
15.83921623
18.13725471
16.53529358
14.72156715
13.94509697
18.09019852
18.15490341
16.62156868
17.44117928
19.07647324
26.44313812
22.08430672
19.21764755
16.98823357
11.77647114
15.28039360
15.28039169
13.43921947
17.18824005
17.47254753
15.45490074
12.73725319
18.49411774
16.28823853
17.74117470
15.77843094
17.51176453
21.65686417
28.10980415
19.49608231
19.38823700
13.66078472
10.84313583
18.41764832
11.39019871
14.88823605
18.68039131
16.18431091
13.54117680
11.03137398
21.65294075
18.02548981
16.47451210
17.11764908
18.09411812
24.90392113
26.05686188
19.41568947
16.56862831
11.14117718
15.49607849
12.51960945
12.83137035
17.72744942
17.32548904
14.75489902
11.16470814
20.07451057
16.55686378
18.25490189
16.25294113
17.78431129
21.18431854
26.71764946
25.91960716
19.11568451
12.00588131
11.34509850
15.73725700
11.61176395
14.70392418
18.95882034
15.50588226
13.22156811
10.03529453
23.74706268
17.58823586
16.37646866
18.19803810
17.73921394
20.52157211
31.07451248
23.03726196
15.66470718
10.31568813
15.20000076
11.82548904
13.39608288
18.11960793
18.21960831
14.81176472
11.01764679
19.16862869
18.02745056
17.30588531
17.16862869
17.25686455
20.24117661
23.18627548
30.02745438
18.02352905
11.53921795
10.94509697
14.73529243
12.47059059
16.79804039
20.95489883
16.47647095
12.95882225
9.44117641
24.55686378
16.35490417
17.71568680
17.25294113
17.86666870
18.70980263
28.96274757
23.22156906
14.93137550
9.94313908
14.07646942
11.95098209
14.39019680
19.21176338
19.41961098
14.99803925
10.12156963
18.40392303
19.98431396
16.65686417
17.36470985
17.26274490
18.81961060
19.20588303
30.55882645
16.31176186
12.39607906
12.14509773
15.73333454
11.55490303
18.09019852
21.22156906
15.34705830
12.37451172
9.06078434
26.62549400
16.73333359
16.55490303
15.76274681
18.48627853
17.60980606
25.61960793
22.91960907
13.99803925
10.35686398
20.39411926
11.84117889
15.51960945
19.60196304
18.01764297
13.78431225
10.30784321
18.60980225
25.03332901
17.77843094
15.47058868
17.91764641
17.86862564
17.79999924
26.23529816
15.77843380
11.28431606
15.82548904
16.94117737
12.19999695
18.92745209
19.09019661
13.97843075
12.26863003
10.22745323
29.60000229
20.77255249
17.43725395
14.40000153
18.42156982
18.41568756
21.80980301
19.35490036
13.11568737
11.40392113
21.01764870
12.56470585
16.03333473
19.29999733
15.00980473
13.81176662
10.59803963
19.29803848
27.22745132
18.20195961
16.48235512
17.16078377
17.68823624
18.89411926
20.95882225
15.45686245
11.40784550
18.98627853
16.54313660
14.01568413
19.96078682
16.32156944
13.65293980
12.44705868
10.07058811
28.94314003
22.40392494
16.72549057
14.92941093
18.39216042
18.16471100
21.78823662
17.42353249
13.02156925
16.29804039
20.22744751
13.28627300
18.10588455
18.47843361
14.34705830
12.93529129
11.09215641
19.11372757
26.53333282
17.91960907
15.35686398
16.60980415
18.30196381
20.50784492
19.35686493
16.43725777
14.16274834
23.16666603
16.22941017
16.70392227
19.50784111
15.70588112
13.72548962
12.04901886
10.81372452
25.34902000
23.35490417
15.85686302
16.69411850
18.95686150
17.91764832
20.96666718
17.22352982
15.25882435
21.14901924
21.74314117
15.82157135
19.43529510
17.27058792
14.11568832
13.78627205
10.71372604
18.65294075
25.91372871
18.85882568
17.35490417
17.51960564
19.84117508
20.63137436
19.14705467
15.29804039
19.24706268
26.10000038
15.66274643
18.37255287
19.24510002
15.88235474
13.77450848
11.90392303
11.64902020
24.55294037
24.05490303
17.90784454
19.17647552
19.25882530
19.97254944
22.40784073
16.08431244
17.06078339
22.83333206
22.63922119
15.99804115
19.46470451
18.86862946
14.69803715
13.85490513
10.35882378
17.97254944
27.88039207
20.86666870
19.90784454
16.21960831
23.56863022
20.89608002
20.63529587
14.92352867
20.74117661
26.19804001
15.10784531
18.29607964
20.94705772
16.53529358
14.53725433
12.47450924
13.67058849
24.64314079
25.93725967
20.52352905
17.80196190
18.36274529
24.17451096
23.41176605
17.40980339
19.53529549
23.77058983
20.92745209
17.00196075
18.89019585
21.31960297
14.69019508
14.68039322
12.29019547
17.58039093
29.48039246
25.25489998
20.42156982
16.47254944
24.98039627
21.33333397
21.61568642
16.89608002
23.65882874
23.44705963
16.66470528
17.10980606
21.20980072
18.76862907
14.98823929
13.59999943
14.77254963
23.49607849
29.51764870
23.19215584
18.19803810
18.35882568
25.00588226
22.75685883
18.36862564
20.58235359
23.47646713
18.05490494
16.79804039
19.41764641
21.65489769
15.38431358
15.27843094
14.18039227
16.60588264
28.11372375
27.88823700
19.94902039
17.30392075
23.19216156
23.26470566
20.56862640
17.79215813
23.27843475
20.67059135
18.46471024
17.40588379
22.13725662
19.11568642
16.10588074
14.41372490
15.14901924
21.64706039
30.65098190
22.96862602
19.58039665
18.09215355
24.47059250
23.90588188
17.85098076
19.66078758
22.28235054
20.54118156
18.22156525
21.31960678
20.91373062
18.24509811
15.26666451
14.95098305
17.46666527
24.98627663
29.60195732
19.94705963
17.65882301
21.46274185
24.94705200
21.91764641
16.79411888
22.38823700
20.99411583
19.99608421
21.01568604
21.38823509
19.82745552
17.07843208
14.73137283
14.14509869
20.58235550
28.16666794
24.75686455
20.09803772
17.74313736
25.52353668
26.79019547
18.56078529
18.67451096
21.69999886
21.62156677
20.55294037
21.05098343
19.66666985
20.13333702
16.33725548
13.88431454
19.16274452
22.24509430
29.09019279
21.89215851
18.73921394
21.41372299
29.12352943
25.25882339
17.03726006
21.47059059
21.65293884
21.59019852
21.64706039
20.41372490
20.72548676
20.10000229
14.16470623
13.63137150
22.32548904
25.79215431
26.46078873
21.94705772
18.39019775
26.21372986
30.59019852
21.40588188
17.90587997
21.87059021
22.68038940
21.72548485
21.22548866
19.57647324
21.82352638
18.36470604
13.76666355
20.01372528
19.26078415
28.40784264
22.20392418
20.39803696
21.38235664
29.45490074
27.59019279
20.50980377
20.20392418
21.17647743
23.04901886
21.04117775
18.88039398
20.65882492
20.80784607
16.18823814
13.29215622
22.44118118
22.92548943
26.69019508
21.66274834
19.84117699
25.81764603
30.70392609
23.93333244
19.09804153
20.04902077
22.17254829
22.09608078
20.18235588
19.21568871
22.22745132
19.53725815
14.43921661
19.80392265
17.08235168
25.78039742
24.50000000
22.09803772
21.81960678
28.93136978
29.01176453
22.39608192
19.19411850
19.54706192
23.19999695
19.92745209
20.14117622
22.37254715
21.38235664
17.45882797
12.64706039
24.39020157
17.80784225
28.01960945
22.06078339
21.49803734
25.54901505
30.30391693
25.24509811
20.83529854
18.05882263
22.77451134
20.49607849
19.39215660
21.73333168
25.20588303
19.50196075
15.03137302
20.44901848
19.46470833
19.42548752
26.99215508
22.83921432
22.20980835
29.51765060
28.56077957
22.67058945
19.11372566
20.07451439
22.67842865
18.30588341
19.81961060
27.09412003
20.28431320
17.70392609
12.94901943
25.75882721
16.37647057
22.14509964
25.82156754
21.71764946
25.85293961
30.66471100
23.20196152
21.90392685
19.08431244
23.66078377
19.99215508
19.61176682
23.42353249
24.31176567
17.95490456
15.80980492
19.50000191
21.71568298
15.10196114
26.53725815
23.66470718
21.80980682
27.25097847
28.55294037
21.81568336
19.40980148
22.78823662
21.97646904
19.79215622
20.19019699
25.67843056
18.19607544
17.10000229
12.09999943
27.58627510
16.09608078
16.57058716
28.25882339
21.32940674
22.76078606
27.73921967
22.63137054
22.78235626
21.42548752
22.37843323
18.49803925
20.91764832
22.49215317
18.69607544
17.33137131
14.14509773
19.07254982
23.24313545
15.46666718
21.41764832
25.15098190
21.96470261
23.04705620
25.16666794
20.36274338
22.22941017
22.99803543
17.86862946
19.33529091
19.75882530
20.85881996
16.43529510
15.93137169
11.63333225
29.36275101
17.27450943
15.18039227
25.30195999
23.92156410
21.64117622
21.87450981
21.14901733
22.27058792
24.06274605
19.99999619
16.04313660
20.40587997
19.40000153
16.17254829
17.26470757
13.54117680
19.39999962
25.42549133
16.09607887
17.62549210
26.11568451
24.85489655
22.65882301
20.38823700
20.20392036
24.11960793
23.41568565
16.14117813
18.05686188
19.50588226
17.41764832
15.27254868
16.84705925
11.32745075
28.75882149
19.22745323
17.50391960
21.82549286
24.68823433
26.05293655
21.66666985
18.48627090
21.52548790
25.42156982
19.94314003
14.85097790
20.00784683
17.50000191
15.99803829
16.39999962
14.89803982
19.71764755
25.99411964
18.22353172
17.34706116
22.83333778
26.01569176
26.37647247
19.36274719
17.38627434
23.01568985
26.08235168
14.52353287
17.62156868
19.39999962
16.79608154
15.76470661
17.02745438
10.88431168
28.71372414
21.19999504
17.51960945
18.93529320
23.94901276
27.34117699
23.28431320
16.62353516
19.31764793
25.40980530
18.97843361
14.70784283
20.16470337
19.42353058
16.90588188
16.13137436
14.21372414
19.31372833
27.21567917
19.18823624
15.17647076
21.82745361
24.91764832
27.32548332
19.82744980
16.89215851
20.46078300
22.96078491
15.14705753
17.67646980
21.22548866
17.49019814
17.32157326
16.71960831
10.36274529
29.32744980
24.99411774
16.54509926
17.78627396
23.07058525
24.44902229
26.23332977
17.17647171
17.72352982
19.81372643
20.38823700
15.84901905
20.38431549
19.66470909
17.63529396
15.92549324
13.98627567
17.06470871
29.92549515
21.93333244
14.13137245
20.74509811
22.42353058
26.04509735
22.10588264
16.48039246
17.77843285
20.62156487
18.08431053
18.66274643
20.54706001
17.37059021
17.57647324
15.31568527
8.89607811
27.96274757
27.37254906
16.76666641
15.42941093
23.21372414
22.15097809
25.51568794
18.38431740
17.68823814
17.21176529
21.69020081
17.75489998
21.09999847
18.48627281
18.55882263
16.25294304
11.87254906
15.91960716
29.33921623
22.76862717
15.00392437
19.20980072
21.32353210
23.57254601
23.15686035
17.00784492
17.37647247
19.22157097
21.55490685
20.08823586
20.54117584
17.85098267
17.93921661
15.89411736
7.96470690
24.48627281
28.56666946
18.43137169
15.53921795
20.85098267
20.14509583
24.37058449
19.43725395
17.47843170
16.02353096
22.64902306
21.71568680
21.74902344
17.61176300
18.52941704
16.93921661
10.93333435
15.05882454
26.91176796
24.44313431
15.67843246
18.28039169
19.48235512
21.76274681
24.06862831
17.13921738
17.62549019
17.79999924
23.35293961
21.68039322
18.66666603
17.67451286
16.67254829
14.89019871
7.76078463
22.61176872
26.90195847
20.68038940
17.25490570
18.72549248
20.03725243
23.03725243
20.20784187
18.85098457
16.18431473
20.02941513
22.33529663
19.93725586
17.17843246
17.95686531
16.29804039
10.02157021
14.49607754
26.60392189
24.34117317
16.98235512
18.83333206
18.50000000
19.99215889
20.79412079
17.76078415
19.34902000
17.32353020
21.32156563
20.61176300
16.72352791
18.28039360
16.22745132
13.62941551
7.60980368
22.29607964
25.39411354
22.82745361
17.87843323
16.89804077
16.65490150
18.65882301
17.80196571
20.06470490
17.75294113
20.32353401
21.36863136
16.26078033
17.92745018
16.37647438
14.50588226
10.28627300
13.97058964
24.88431358
24.46862984
19.42156601
18.80980492
15.11372662
15.90392113
17.51960564
17.63529205
19.86470604
17.96470642
21.41372299
17.99804115
16.07843208
16.92745209
14.74705887
11.76862717
7.32352972
21.71764755
25.44902039
25.29999924
18.88431358
15.57058620
14.27254868
15.83529377
15.90784359
19.89411926
18.12353325
19.22352982
19.18235588
13.76274681
16.81176376
15.67843246
12.30980396
9.47843170
13.53137207
24.06274605
26.32157135
25.09803963
18.42549324
12.98431301
14.41568565
14.93725395
15.98431301
22.23725891
16.68823814
19.65490341
15.48823547
14.44313717
17.25490379
13.77451134
12.71764660
7.13529396
21.98235321
26.03921509
27.19020462
20.45882416
15.75882530
14.33529377
14.35098362
13.66274357
19.49607658
19.14117813
19.14510155
18.37450981
13.70000076
16.07647133
16.85098457
15.05882454
9.17451191
13.95882416
22.80195999
25.80392075
24.74705887
17.42745209
13.95098019
14.19804001
13.47843266
13.28823757
21.04509926
17.42156982
19.89804077
16.21568680
14.33333111
17.76078606
16.45294380
13.24509811
7.28823566
21.02352905
24.24901581
23.10784531
20.76274490
15.42549324
13.82745075
13.95294094
12.52745152
14.99411869
18.18431282
19.63725662
17.24901962
17.66666794
14.10000038
17.25489998
17.00588417
8.70980358
13.10980415
20.87842941
25.51961136
21.29216003
17.63333511
13.75098228
14.60784435
12.28823376
10.89019680
16.78627396
17.50980377
18.57647133
18.25686264
13.91568756
15.76862812
17.08235550
11.34705925
7.19803953
19.93725777
23.27254868
23.03725243
19.42549515
15.34117699
14.00784492
13.86470604
11.29411793
10.73725605
16.36078453
18.91372681
16.16274452
16.90784645
12.35686111
15.64706135
14.46666527
8.11568642
12.29411602
18.96274567
25.78235245
21.18431664
17.44705772
14.05686474
14.92549038
12.63529778
9.67647266
11.74705696
18.11961174
17.51372719
16.12941360
11.15098095
14.59607887
15.60980034
10.10980415
7.86274529
18.35098648
19.72744942
24.79215050
19.32156944
15.45882416
14.32744884
14.10980320
10.60588551
9.81372547
14.61176395
18.70000076
16.05294228
12.01568699
12.91372681
14.87843323
13.65490246
9.96470642
12.61568546
16.81764793
23.80980301
23.11176300
16.57254791
14.54902267
15.48039341
11.30980396
9.58235359
11.15293980
16.92745209
17.10980606
15.89607906
10.81764698
15.63333321
14.84705734
10.99999809
9.42353058
17.27647209
16.50000000
28.33528900
19.25490570
15.21960831
15.65882301
14.43529320
10.07058907
9.43137264
12.71764755
19.15098190
18.69608116
10.37254906
14.25686169
14.59999943
12.08823395
11.54901791
13.88039112
15.69608021
21.37254906
26.79019737
16.46078300
14.21961021
16.19019699
12.13333321
9.28823471
10.90000057
14.82941341
23.32744980
12.43921661
10.71568584
14.71568680
13.51960754
11.44509792
10.80784321
17.66471100
14.42941284
26.79803848
21.26078606
15.64902020
15.08431339
14.74509716
9.22352982
10.57058907
10.78039074
20.41568756
17.77254868
8.60784340
13.68039131
14.62941456
11.15686321
11.94705772
14.01568699
16.97843361
16.81372643
25.44902229
18.06862831
15.04901791
17.83921623
10.66274738
9.00784302
11.54313374
12.24705696
20.39215851
9.37058830
10.58431435
15.07254696
13.01176548
11.00980473
12.32549095
16.08235359
16.07843018
20.49608040
19.59019470
17.63137436
15.63333511
16.42941284
8.89607811
10.32353115
10.55490303
15.34509945
11.45294285
9.48235512
13.74313831
14.53529358
10.80392265
10.93137169
13.48823643
18.73333168
15.54313850
19.49019623
17.10000038
17.31764603
17.54509735
11.60980415
8.59411716
11.58823586
9.50196171
12.08235550
10.00196075
10.25098038
14.77450943
11.24902248
10.13333416
11.11960697
16.56078339
17.41176605
16.65490341
17.72353172
16.78431511
15.78039074
15.00784397
9.15294170
10.22352791
10.07059002
9.72156906
9.14313793
10.27450943
12.57059002
11.07254887
9.51372814
10.46078396
13.66078377
18.42548943
14.02353001
17.55686188
15.80588341
15.86470699
15.32745075
11.54902077
8.30196190
11.91961002
9.80784225
9.77450943
9.86666679
9.85882378
11.24117661
8.16862679
10.10980511
10.22549057
17.87451172
16.19215965
13.16862774
16.88823700
14.57059002
15.56862450
14.22941017
8.82941151
10.15882301
10.95882511
10.70392132
9.86078358
8.93529415
10.81372738
8.04117584
8.82941246
10.55490303
13.20588303
17.30392456
13.74313545
14.12548923
14.95686340
13.90196133
15.69411659
11.77647305
8.20980549
11.93137360
9.62941074
10.41176414
8.48627472
9.36862659
8.87647152
7.83529425
9.60196114
9.66470528
17.92353058
15.46470547
13.28431511
13.98431301
14.17647076
14.89215660
14.73529530
9.48039055
9.71568584
10.87058735
10.37647057
9.13725567
8.11176586
8.59411812
7.44902039
9.12157059
9.79019737
13.48039341
16.15097809
13.62745285
13.43333244
14.98823357
14.40588188
15.30588150
12.67254925
7.62549067
12.05293941
9.54117775
10.24313927
8.15294075
8.67647171
7.46666765
8.38431358
10.67058754
8.45294094
17.14705849
15.01176071
13.36666679
14.89608002
14.29215717
14.54117584
14.85097980
9.71568584
8.67254925
11.13529491
9.87450981
9.39607716
7.89019632
8.55098057
7.45686293
11.65686321
8.14117718
12.79411602
16.58823776
13.79607964
12.84901810
14.37647343
14.75490379
15.38235474
12.95294189
7.70196009
10.99019432
9.05294132
10.02549171
8.46862698
8.62352943
8.43921661
10.38627434
9.67058754
7.86078453
16.65686226
15.72941208
12.29411888
13.93333244
14.09215736
16.30000114
15.61764526
9.39999962
8.98627472
10.47843266
9.37451172
8.89607811
8.11764812
9.50392151
7.99215746
12.10588360
6.69411802
14.22549057
17.37647247
13.72941399
11.92549229
13.41960907
16.45882225
16.10391998
12.48039246
8.44705868
10.50980473
9.90000057
8.87450981
8.44705868
8.72156811
9.03529549
10.21176338
9.18431568
11.32156754
16.59215736
15.58627701
13.01960754
11.32941151
14.02548790
18.66862869
14.24509621
10.09019661
8.25686264
11.20980453
9.96078300
9.16666603
7.65882540
9.01372528
8.82157040
10.07842922
6.43333340
16.89411736
16.68431282
14.76274586
10.68235397
12.00784492
16.96274757
19.99019814
10.91176510
8.78823471
10.11176491
10.56078434
9.67254925
7.93921614
8.46274471
8.62549114
9.51568699
7.77058887
13.56078625
16.27843285
14.49999905
12.70980358
10.12745285
12.73333263
21.05490685
16.48039436
10.01568699
8.12352943
11.03921604
10.27646923
8.81176662
6.64901972
8.46862602
10.10195923
8.64313698
9.31764698
15.24705791
15.03725529
14.92548943
10.81372738
10.84706116
16.53529358
21.73136902
11.46078777
8.05882454
9.59411812
10.08039474
10.05097961
6.84117746
7.87058878
9.35882282
10.09019661
7.22745132
16.85098076
13.94509888
14.70392227
12.64117622
10.14313698
11.78039169
19.86078453
18.36666679
8.71764851
7.58235359
9.87058830
10.65098000
8.58823490
6.33137178
7.85097980
10.20196152
8.71372700
12.42941284
13.35490227
15.02353001
15.16274643
11.45686245
9.53137493
15.71960831
20.23921585
12.87059021
8.00588322
9.63137341
9.35882378
9.86666775
6.42352962
7.04313660
8.69215775
9.27843094
6.81176424
18.76078415
13.00588226
16.03529549
12.47255039
10.14117622
10.63529396
18.14118004
18.09215736
9.39803696
8.76470566
8.59019661
9.65293980
8.03725433
6.24901915
7.53137302
9.18235397
7.67450905
15.05294228
12.62941360
16.72157097
14.36666870
11.02549171
9.11568737
14.60588360
18.23333549
13.10588360
7.96666622
7.56470633
9.06666851
10.11372566
6.28823519
6.47254848
7.86470556
9.53333378
8.16862679
18.43725395
14.37843132
16.01764488
12.32549191
9.98039246
9.19411945
18.76666641
15.91372490
9.98627663
7.34901905
8.86078358
9.80784416
7.85686255
6.93333387
6.61568642
10.06863022
7.14117670
18.19215584
12.19803905
16.68431664
12.78235340
11.34705925
9.40980434
14.60196114
18.67254639
12.47843170
8.48039341
8.00588226
9.20588398
9.73921585
6.39607906
6.62352896
7.56078529
11.39999962
11.41960621
15.67647076
12.82156944
15.69804192
12.00980473
11.36274338
9.09411907
19.46470451
16.37842941
10.27451134
8.97451019
8.29019547
8.10196018
8.27254868
7.23333311
6.21176481
12.14509869
7.29803944
19.10588264
11.60980415
14.91176510
13.03921509
11.96274376
10.06862926
13.03333473
21.03725433
12.20980453
8.70784473
8.63333416
8.94117641
7.86470604
6.94705868
6.57254982
10.35490227
10.41568661
15.44509983
12.19607735
13.00784206
14.27843285
12.75489998
9.95686245
8.42745113
17.80784416
17.42156982
10.08431435
7.08431435
8.94705868
8.17058849
7.13921690
6.85882378
6.39019585
13.42549038
10.62352943
17.68038940
11.65490341
15.28823662
13.43725204
10.58235264
8.46470547
11.79411793
18.12549210
13.19411850
7.84509850
7.75882435
8.88431358
7.50588226
5.96274519
6.32549047
11.09607887
11.16078377
17.77647209
13.12156868
13.32744980
15.54117775
12.50000000
9.08823681
8.30980301
15.08627510
16.45293808
10.78627586
6.90196180
8.48823547
8.39019680
6.61176491
6.29411793
7.07843208
12.44313812
14.72745132
16.90784454
11.80784416
14.63725567
14.51764679
10.38627338
8.43725491
10.88431454
16.27646828
13.76862526
8.42941093
7.09999990
8.69804001
7.83137226
6.56274462
6.20392227
10.46470547
12.58431149
18.09804153
15.31568527
13.08627605
15.51568413
12.01568604
9.62156868
8.14509869
13.91568565
15.93333626
10.73137188
6.39215565
8.01960754
9.24902058
7.27647018
6.56666756
7.72156858
11.82156944
18.61568642
16.31961060
12.23921585
15.28039169
13.98039150
12.06078434
8.07058811
10.27450943
15.44901848
13.21960640
7.95294142
6.37058830
8.93137264
8.57058907
7.32156897
5.86666632
11.11960793
13.56862736
18.71960449
15.88823509
13.44705772
15.48627567
11.98627472
9.39608002
7.35294151
13.28627300
15.42745304
9.96274567
6.04117823
6.97843218
9.73529339
7.60784340
7.11372614
8.39215755
11.09019661
20.46078491
15.64313793
12.54705715
14.90784264
13.13921547
10.41176319
8.10980511
9.44117737
15.41764545
12.63137245
7.75490284
6.05686188
8.34509850
8.76666737
7.96470642
6.66078472
10.92745018
15.89019775
16.43333626
14.05686283
13.70980549
13.89411831
11.33137321
9.10784435
8.01568699
11.97058868
15.68431187
8.96666622
6.45294142
7.07058764
9.60980320
7.43921566
7.83725500
8.74117661
10.85097980
20.60588264
14.84117603
11.62352753
13.96862888
13.48039341
9.73725510
7.89411783
9.12156868
14.00000000
12.18823624
7.19215727
6.49215651
8.48823643
8.36862755
7.87843084
7.69607830
10.84902096
18.24313545
15.95294285
10.60980415
14.57842827
13.49803925
11.80196095
8.54117584
7.29411793
10.91960716
14.44117928
8.34902096
6.39411926
7.24509859
9.16470623
8.63529491
7.94705868
10.92744923
13.12352848
19.00392342
11.97450924
11.81176567
13.58823586
13.45097923
8.88627529
6.90784264
8.65686321
13.51568604
12.48235321
7.29411840
6.18431377
8.05686378
9.15686417
9.59215832
8.94705868
12.69411850
19.39608002
14.46470833
10.09999943
13.83137226
12.80392170
11.54117584
7.99019623
6.45294189
10.99215698
14.13333511
9.57843018
5.94901991
6.63333321
8.62941170
12.13333416
8.45686340
12.70588112
16.67058945
17.53137398
10.60391998
14.06078529
13.62941170
13.04117680
8.61568737
6.14313745
9.17451000
12.43333340
10.87647247
7.24509811
5.79215717
7.62745190
10.98431492
10.37058830
10.06470776
14.25686550
20.75098228
12.63921547
13.46470547
14.79607773
13.80980492
10.86862564
6.52941227
6.85490131
10.97843266
11.68627453
7.95098019
6.06274605
6.68627453
8.92352962
10.85097980
10.51372623
12.94509697
18.80588150
15.76470757
11.30196095
16.99803925
15.63529396
12.08235168
7.58431387
5.99803972
8.84705925
13.08823490
9.28823566
6.54313660
6.43137264
8.63921547
8.97255135
11.66470623
12.18627548
14.77058792
19.72549057
11.48823547
16.94313812
15.42156887
14.29411697
10.67646980
6.35490227
7.19019604
11.19215775
12.89999962
8.09804058
6.60196161
6.60980368
10.11176205
10.09411812
12.45882607
13.40392208
19.26863289
13.07843208
13.73137379
18.57254982
16.59215736
12.98627472
8.15686321
5.98823595
8.76862717
14.01176357
11.01960659
6.48235226
6.98235369
8.85097980
8.83137226
11.59215736
13.30784416
15.72156906
14.78627300
12.04705906
19.65686607
16.96078682
14.49608040
13.01372719
6.19607830
6.32941151
12.95882607
13.71960831
7.96470594
6.16862774
6.09215784
10.04509735
9.78627586
11.70196247
12.92745018
15.55098152
12.39607716
15.90196037
18.39215660
17.87255287
13.26862907
9.03333378
5.53529549
8.52156925
13.78039074
11.89607906
6.60392189
5.94705820
7.81960869
9.05490303
9.37647152
11.74901962
14.07255077
10.51960754
14.20784283
17.80196190
17.84117699
16.61372757
11.70392227
6.46078348
6.05294085
10.96078491
14.17255020
8.42156887
5.77450991
5.83333302
9.04509830
8.24509811
9.43529320
11.46470642
12.23921490
13.68823433
15.74705791
15.80392075
17.28235435
14.07646847
9.09804058
5.93333292
8.64509773
11.23333263
11.70196247
7.09019709
5.76470661
7.20588255
8.66470623
7.70392227
10.50980568
11.98235035
11.94902039
14.92156887
13.38823605
18.53333473
19.01568794
10.51764870
6.96274519
6.27058840
9.75097942
12.00980377
9.50000095
6.36666679
5.68431377
9.53137398
7.50000000
10.09019566
10.37255001
11.29803944
14.95294189
13.54509926
16.62157059
17.71372795
17.25293922
10.45294285
5.43921709
9.04901981
9.31372643
10.76078415
8.30588341
5.72745085
7.29411793
9.19803810
8.83725548
10.40000153
11.96470547
13.31568718
16.05686188
13.82745171
19.32353210
19.06470871
12.82745171
8.54510021
6.32352972
8.99019814
9.72549152
8.67843056
7.72156858
4.98823547
10.00784302
9.46274471
9.85882568
11.68431568
10.79215717
15.99411774
14.45098114
18.62352943
18.83921432
17.68039322
11.06470490
6.38823509
7.94509840
8.59804058
8.92549038
7.96470594
6.07647038
6.77058792
11.27647305
11.48823833
10.23921585
11.55294132
15.37255096
16.39019966
15.87254906
19.45098114
17.46666908
13.78038979
10.34509945
6.15686274
8.51372528
7.93725395
7.59411812
7.44509888
5.33333302
10.27254868
14.30980301
10.00588226
12.00784206
13.98039341
16.79607773
14.52745152
18.55686569
19.10196114
17.30784225
10.90392303
8.47843075
7.67843294
8.10588169
7.64901924
7.06078434
5.81568575
6.26862717
15.23333263
11.98823738
10.19607830
11.89411831
17.07450676
15.59608078
17.54705811
19.48627281
18.02940941
13.18235207
10.67058849
5.95294142
8.25490189
7.95294237
7.01764774
6.60588264
5.67058802
11.22941303
14.15490341
10.02548981
12.28431511
14.43333435
17.21372604
14.39215755
17.30195999
18.64117622
16.16078568
10.42549038
8.70784187
7.04509783
7.89215755
7.72352982
6.73725557
5.67254782
6.31960869
15.20392323
11.56274509
13.36470509
12.46666813
16.02548981
15.40392208
19.75489616
15.89804077
17.89803696
12.81176472
8.31960869
6.82549047
8.00980473
8.00588322
6.58823442
5.38431358
6.26470613
10.33333302
13.17451191
13.04117775
14.50980663
14.60588264
17.02353096
16.14706039
15.47451115
19.37843132
16.20980453
8.85294151
7.00588226
7.30588198
8.12941170
6.88039160
5.30784321
6.25686264
6.17058897
12.53137112
12.20392323
16.12745094
12.93921471
15.68431377
13.43921375
19.63725281
14.10784435
19.44117355
12.09411621
6.91960764
7.22941160
8.03725529
7.23137188
6.02745104
5.20588255
5.99215746
7.86862850
10.91568756
13.80196190
12.98627567
14.35490131
14.21764660
17.39411736
12.95490360
17.95098305
17.84705734
8.25490284
6.59607935
7.54117632
8.22941113
6.32156897
5.49803972
5.13725519
5.73921633
9.83529377
11.82549095
13.14509678
11.61372757
15.82157040
12.92745209
17.23332977
12.44902039
19.50784302
13.54117489
6.28235340
6.68431330
7.78627396
7.92156887
6.32745123
4.77450991
5.01960754
7.41176510
10.60980606
12.60980415
11.56862926
12.77843285
14.68431568
18.00980568
12.17451000
17.19215584
19.09019661
8.72156811
5.52941275
6.56862831
8.41960812
6.83725500
6.23921633
5.65490198
5.80784416
8.83333302
11.24117470
11.39019680
10.85686302
16.80588531
15.66862679
16.28431320
10.90784359
21.57450867
15.11176682
5.89019680
5.54313755
7.31960869
8.21176529
7.78431463
5.08039141
5.25882387
6.76078367
9.79607964
10.91372585
11.07451057
14.70000076
14.72352886
18.78235435
12.63529205
16.45097733
20.27451324
9.64117718
5.45686293
6.52549124
8.02941227
5.91176510
8.49411774
4.27058840
6.01960850
7.79607916
9.70392323
11.41960907
11.71568680
14.79999733
18.80784416
17.13725662
10.33921528
21.49019623
17.12941551
6.03921556
5.61764717
7.17255020
7.48823547
7.42549038
6.39019585
5.43725538
6.40196085
8.67058849
9.99215794
11.63137245
14.25686169
14.99804020
17.89412117
13.65098476
15.24117565
21.47255135
10.26862812
5.69607925
7.16078424
7.32156897
5.50588179
7.72352934
5.42745113
6.70784330
6.90784454
8.83333397
11.42745113
12.95097923
12.73921585
18.38823891
17.18235207
10.41960812
18.38823318
16.89803886
6.99019623
5.83137274
7.81176424
6.96862745
5.86470652
7.01960754
6.16666794
6.82745075
7.74509811
10.52745056
12.46078491
12.87843037
17.39411736
16.18823624
14.70196056
11.09215927
20.32941437
11.51960754
5.41372585
7.74705839
8.17843246
6.13529491
6.55882359
5.75294161
7.23725462
6.58431339
8.44705868
12.10391998
13.30196381
16.03529358
18.11568451
18.07843018
10.26078510
16.01960754
15.22353172
7.51960659
6.00784302
7.91960621
7.07058811
5.60196066
6.68235302
6.12549114
6.46274567
6.86078405
11.04902077
14.04313946
13.73921680
18.45686340
17.58039665
14.55882454
10.06862831
16.47058868
12.19215775
5.20588207
6.99215651
7.29019594
5.73333454
5.53137255
5.86666632
6.67647076
5.96666718
8.48235226
12.79019737
14.11176491
15.82156754
18.23725510
18.75294113
9.46470737
11.42156792
16.06274796
8.68235493
5.73137283
7.54705906
6.98823500
4.86274529
5.88627481
6.08823633
6.67451000
6.14313745
11.30588341
13.23529339
13.08431244
17.64706039
19.95686340
12.70196152
9.62549019
14.39019585
14.48235321
5.69803953
6.38823509
7.66470575
5.90392160
6.11960888
5.15686274
7.40588284
5.84117699
8.51568604
11.92353058
12.21176338
15.09411812
20.55097961
16.91176414
9.41176414
10.19019604
15.82941341
10.25490379
6.09215689
6.62352943
6.97254801
5.01568699
5.93333244
6.70588255
6.83137274
5.90980387
12.13137341
12.52156925
12.78431511
16.74313736
20.10784149
11.39411831
9.85490227
13.77647114
13.46470642
6.99607849
5.92745209
6.63333273
6.00784349
4.97843170
5.81568623
8.72745132
5.36862803
10.08235168
11.50000000
12.45490265
16.07843399
18.85686111
14.63725567
9.19803905
10.07646942
14.11960793
10.85686398
6.05882502
6.67843199
6.99607849
5.23137379
5.44705963
7.87647200
6.66666698
6.20588255
12.63529396
13.07843018
13.54705906
16.54509735
17.59411812
9.86078453
9.82353210
12.77450943
12.07255077
6.95294189
6.77647114
7.35490274
6.33921528
4.50000048
5.42941189
8.35882282
5.48235273
11.27058792
10.37843227
12.16274643
17.17647171
18.41372490
12.28627586
9.84313965
9.61372471
13.62549210
11.09411812
5.84705877
7.36666679
7.71176434
4.79019642
3.73137307
7.45882320
6.76862860
7.38823557
11.26666641
11.75490093
14.06862640
18.21568489
14.87843323
9.60392284
9.64902020
11.50000191
14.88039303
7.37843180
7.65882397
7.47058821
5.32745123
4.68235302
4.63725519
7.89215660
5.98431444
10.16274452
9.58627510
11.70588207
16.33725548
18.06667137
10.56666756
9.26078415
9.34705830
13.95686340
11.62745380
6.69607782
8.19215775
7.05098057
4.40588236
3.97450995
7.47451019
6.26862717
7.68823576
9.75490093
11.57451153
12.95686245
18.74901962
11.34117508
9.64705944
9.15294266
10.39803886
14.51372719
7.82941246
8.47451019
7.33333302
5.51960802
4.82941198
5.14117670
7.00784254
6.57646990
10.06274700
10.38823509
10.52745056
15.02941036
15.87647057
10.24705982
7.96470594
9.61764717
12.96666622
10.76862907
6.77843094
9.90196037
6.63333321
5.00000000
4.75882483
7.39411783
5.96274614
8.77058792
9.85490131
11.75882435
11.36274624
17.42745209
10.61568737
8.59411812
8.97843075
10.25882339
13.00196171
8.80980492
8.68431377
9.42156982
5.05686235
5.07647133
7.92156982
6.32352972
6.83921671
10.84509945
11.08823490
10.00784492
14.77843094
14.37058926
9.50588322
7.64117670
9.36274529
12.83529377
11.04509926
7.89215755
11.50196075
7.01960802
4.94705963
7.40980387
8.80392265
5.82745075
9.92941189
9.75098038
11.25294113
11.56274605
15.86274529
11.00392246
7.21764660
9.14117622
10.15686321
13.03921413
10.08627605
8.45490360
10.17058659
5.74705935
5.65882349
9.68627453
6.98823595
6.86470652
11.10392189
11.08627510
9.90980339
14.78823566
12.92549038
9.23529434
8.12745094
9.59411812
12.36470413
11.47842979
8.03333378
9.54901886
7.65098143
5.02156925
7.52941227
8.42549038
5.90392113
10.59411812
10.18235493
10.50195885
12.89607906
13.71176529
10.69607830
9.04706001
9.81372643
9.02549076
12.49019623
10.00588417
8.03333378
8.85098171
6.70980358
5.84901953
7.71176434
5.72548962
8.96078396
10.60588360
10.63921738
9.76862717
15.27647305
11.52156925
9.45294189
9.70980453
9.54117680
10.10980415
10.19803810
8.30784416
8.94705963
9.33921623
5.60392237
6.22745180
6.09019613
7.16470528
11.44509888
10.27451134
10.23725414
12.27843094
13.61372471
8.54117680
10.02156830
9.06862831
7.69215679
11.99607849
8.77647114
8.31568623
9.18039227
9.72156811
7.26666594
9.25686455
9.22353172
11.11764526
10.31568813
10.95882416
9.45294285
14.12156773
10.51960564
8.32157040
9.61960602
8.28823471
9.59607887
10.23333263
8.23137283
8.91568756
10.93921566
9.87058830
13.61960888
13.75686264
12.74313545
11.02745056
10.99803925
9.39999962
11.65098190
12.47451019
8.17647171
8.46862888
9.29215813
7.85686207
11.49607944
8.64117718
8.34902000
8.41568565
14.40195942
13.94313622
18.88431549
18.35490417
12.69019413
10.06470585
10.70196056
9.94313717
12.52941322
10.11568642
7.60392237
9.23137474
8.81176376
8.67058754
11.04901886
7.86862803
8.31372547
11.41176414
18.15490150
19.78431511
22.17843437
16.22156906
10.81960583
11.18627357
9.43529415
11.06470490
11.48627472
8.15294075
7.81372690
9.47058964
7.75294161
11.40980244
7.85882378
7.39411783
9.99215794
16.12745285
19.53725433
23.67646408
20.77843285
13.00588417
9.90392208
11.61176300
9.33725548
10.45686436
8.85490227
7.69215727
8.70392227
8.66078663
8.19803905
10.82549000
7.59607792
7.80000019
13.69019604
17.61568642
20.80392647
22.96078491
17.12156677
10.26274395
12.12941170
9.16078377
9.54509830
9.20196056
7.78627491
8.07450962
8.99411869
7.81568623
10.80000114
7.65882444
8.36274529
11.79215527
15.55098152
17.24510002
20.20000648
21.89216042
12.23921871
10.31764603
10.29215527
9.31960773
10.01960754
7.60195827
7.97647047
8.00588322
8.43529415
8.04705906
9.73921585
8.31960773
13.54901981
14.84117699
13.21568584
17.47842979
18.48039246
17.15490150
10.40196228
11.10196018
7.98235321
10.08235359
8.91372585
7.54313755
7.02549028
8.68823624
8.48039246
8.95098019
6.91372585
14.36274529
14.18823624
15.06862736
14.71568775
14.06274509
18.40784073
11.21176434
11.12353039
8.89804173
9.59803963
8.72745132
7.93137264
7.23725510
6.37254953
8.68627453
7.86078501
7.84117699
7.31568718
17.95098305
17.55490685
13.10588074
14.54117680
13.08823395
13.37646961
11.05097961
10.43137264
8.35882378
8.89608002
8.27058792
7.60196066
6.23529434
8.52745152
7.67647123
6.96862793
6.45294046
13.25490189
18.69607735
17.14117622
13.39215660
14.16078663
11.56862640
11.17058754
10.48235321
8.62156773
8.90980339
8.32941246
8.22941113
6.88823557
6.64313745
8.58431435
6.79999924
6.00000000
7.67254925
17.04313660
20.43529510
14.62549114
14.56274605
12.26862621
11.26862812
10.06078339
8.85882664
8.69999981
8.22941113
8.66078568
7.59019613
5.74117708
7.94705868
7.42352962
5.75098038
6.04705906
11.81568623
19.07255173
19.12157440
14.12941074
14.07450771
11.44117737
11.31568718
8.82352829
8.37450981
8.78627491
8.51176548
8.57254982
6.00000048
6.83529377
8.07647133
5.64901924
5.13137293
7.56470633
14.97255039
20.65686035
17.12549591
13.37646961
12.73725510
11.81176376
10.22941208
9.39608002
8.60588169
8.05294132
9.00588417
6.61764717
6.05686283
7.87647104
7.03137255
4.96274567
5.37450981
10.20980549
18.74901962
21.37254715
13.31372356
13.34313679
11.74117661
12.11372566
9.75098038
8.24313641
8.27843189
8.11176395
7.75882435
5.74313736
7.23137283
7.74117708
6.00588226
4.74117661
6.84901953
13.90784454
22.19412041
15.29607964
11.12941265
13.04117775
11.77843285
10.45293999
8.99215889
8.65490246
8.16470623
7.97450924
5.83921576
6.18235302
8.17451000
6.30392122
5.27843094
5.07451010
9.74313831
16.78627777
18.63725662
10.46666718
12.55490208
11.86470604
10.51568699
10.10784531
8.47254848
8.90980434
7.32156801
6.16470671
6.62941074
6.66862822
7.53333378
5.60392189
4.10196114
6.54901934
12.84509659
17.27843666
11.17647171
9.47647095
12.83333492
10.19999790
10.48431492
8.91372681
8.84313583
8.81960869
5.80588102
6.40588188
5.93529367
8.84313774
6.08235264
4.82941246
4.88627386
9.71764565
14.37059021
11.69804001
9.21372414
9.80980301
9.97647095
10.59411812
9.62156868
8.41960812
8.85294151
6.61176395
5.42745113
6.75686312
7.16666651
8.13529396
5.23137379
4.16274548
6.50196075
12.85882473
12.71764755
9.83725548
8.88431358
9.06470680
8.83529472
10.58235359
8.73529434
8.55882454
7.31764698
6.12745142
6.24705935
6.19215727
8.80980396
7.00588226
4.17451000
5.04509878
10.03333473
12.96274567
11.03333569
9.04705906
8.76274490
8.49607849
9.58235264
10.85293961
8.63137341
7.50196028
6.11568642
6.17843103
6.84902000
6.64902020
20.55294037
14.91960716
9.35686207
6.46666718
12.58823586
11.88235664
10.32353020
8.18823528
9.08823681
10.35882568
11.35490131
9.47451210
8.20196152
6.31960821
6.22745037
6.40392208
5.35882330
13.20392227
19.69215393
16.69803810
4.69215631
10.27058792
12.72156811
11.78039360
8.54509830
11.09215641
11.33529472
12.37842751
12.01372528
8.46274376
6.82549047
6.42156935
6.18823576
6.35098124
5.72941208
21.40195847
15.07842922
13.14706230
6.60784292
13.37255001
12.79607773
9.57646942
9.76078415
14.63725376
14.68235207
13.21176720
9.45490360
7.43725348
6.03333330
6.42549038
6.40980387
5.15490198
9.78039169
12.58039284
16.37254715
4.16666698
9.98823547
13.46666718
10.38823414
8.25490189
13.86470795
16.14117813
14.56666565
11.56274414
7.69999981
6.54509783
5.17254782
6.00000048
5.94705868
5.68823576
13.81568718
12.02352905
9.82744980
7.20784378
11.73529530
10.79607868
9.27647114
9.51568699
15.65097618
15.46666908
12.93529510
9.43137264
6.59215593
5.11764669
5.71764708
6.38235283
5.10980463
8.76470661
12.69019318
14.31176090
5.84705973
9.06862831
11.30784321
10.16470718
7.68627501
12.08431339
15.10195923
14.03921413
11.30980396
7.13529301
5.96470690
4.72549009
6.53529406
6.04901886
5.54117632
16.86666489
11.99607849
9.77254963
7.84117603
10.38039207
9.57843113
9.66666698
7.47843170
12.39411736
13.87058735
12.51372528
8.65294170
6.90392208
5.04705858
5.86078405
5.50980377
5.58823538
11.72156811
12.67647076
13.26274300
6.18235254
9.32549095
10.08235455
10.00588417
7.83529425
9.85686207
13.09803867
12.50784492
10.63725376
7.21568632
6.37451077
5.08627462
5.48627424
5.29803944
6.20196104
15.27646923
11.37254810
9.12548923
7.59804010
9.62941170
9.35490036
10.28235340
8.02941322
11.64902020
12.99019432
12.45490170
8.02549171
7.31372643
5.60000038
5.23529387
5.45490265
5.64901924
10.46078491
11.40980339
13.81372452
6.34509897
9.18235397
8.73333263
10.19411945
11.16078568
10.44313717
12.44902039
13.09019566
11.00784302
7.26470709
5.83137274
5.57058811
5.57647085
4.86666775
7.00196075
13.77058697
11.69411755
11.48627567
7.83333349
9.22156906
9.48039246
12.01764870
11.35294151
12.64313793
13.40392113
13.49411583
7.14901876
6.70588303
5.01372528
5.54509830
5.53137255
6.05098057
9.09607887
12.16274548
18.42549133
5.62352943
8.56078339
8.90980434
10.67058945
13.93333435
12.21764469
13.20784283
14.25294113
9.72157001
6.87647057
5.40784359
5.14313745
5.90980482
5.17647123
6.72745132
13.52157021
13.93137169
12.85294151
7.42549086
7.96862745
10.95098019
11.96862793
16.26274490
12.64117813
13.92941189
10.58431435
7.16470623
6.24509859
5.17254877
5.37058735
5.38627529
6.16470575
8.37647152
12.60195923
22.71764565
4.58627462
9.03921604
9.29411793
12.15294075
14.14705849
16.98431396
13.01372719
10.24117470
7.49803925
6.59607840
5.10196018
4.91568708
5.28039217
4.58235312
7.28039169
12.91764641
14.57843113
14.11372089
6.66078520
8.69019508
11.39019775
13.63333416
16.68235397
15.30392265
10.61764717
7.63137293
6.93529320
5.53725481
4.60196161
4.98039198
4.78039217
6.56862831
8.15686226
10.93333435
18.44313622
5.82156992
8.71568680
11.11568546
13.41372871
14.43136978
17.83529472
11.41960907
8.33921623
6.83725691
7.04117727
5.15882397
4.74313784
4.73137283
4.61960840
7.86274529
5.30196142
4.42156887
5.74705839
7.57843113
9.62941170
15.67843246
14.69215584
15.01960850
14.38627338
8.63333416
7.65882254
6.69215631
6.30784225
5.32353067
4.88627529
4.52353001
6.41568613
6.55294085
4.58235312
4.08235312
5.15882349
9.97647095
14.33921432
17.49607658
14.69411755
14.36078453
10.32353115
8.04509830
7.23333263
6.87254953
5.58235264
4.79803896
4.77843189
4.30196047
8.20980549
4.92745113
4.26666737
4.25098038
8.20392132
12.31176758
17.38039398
16.09804153
13.22745323
13.53921604
8.75882435
7.50980473
6.95686293
6.38431358
5.40196133
4.73333311
4.55490255
6.52548981
6.44313622
4.74313784
4.02156878
5.56274605
10.30392170
15.42549133
18.10588074
14.59411907
14.10392094
10.00980377
8.91960716
6.63137245
6.32156849
5.49607897
4.85098076
4.78039265
4.42156982
8.16666698
5.19607782
4.10392141
3.91960788
7.84509754
13.88627434
19.93529510
14.30196095
13.65686131
14.12157059
9.94313812
7.55098009
6.13333321
5.28235340
5.05098057
4.43333387
4.31764698
6.32352972
7.10980415
4.89411783
3.46078467
6.03921556
10.20588303
16.49019432
19.08430862
14.24313927
15.26078510
10.93333244
10.22745132
6.74117661
5.80980349
5.26470613
4.11568594
4.40000057
4.08627415
7.94705915
5.21176577
4.47058821
4.26666641
7.72745085
13.29803848
19.70980453
13.11568546
15.23725414
14.56470585
12.19999695
7.78627491
6.29019594
5.52745199
5.34901857
4.32156897
3.93333364
6.05686331
7.66666555
4.67254877
3.87058806
5.50196171
10.97255039
16.40980339
15.56078434
14.27450943
16.29019547
13.64705849
10.23529720
6.76862860
5.89607906
6.11568642
4.32941246
4.52156830
4.58627462
8.64509964
5.40980339
4.72353077
4.49215698
7.91764736
13.57059097
17.50195885
12.45097923
16.69412041
16.99411583
12.95882511
7.50588226
6.38431549
5.98235273
5.62745142
4.17843151
4.00196123
5.99019623
8.97254944
4.83529472
4.02352953
5.69607878
10.77058887
15.47451019
15.10980606
12.86862946
19.52745247
15.41764832
9.31764698
6.73333406
6.11372471
6.70588160
4.39803934
4.26666689
4.63137197
8.36078453
6.25097942
3.35098052
4.66470575
8.30980492
11.86274815
16.83725739
12.62156773
15.25098038
17.65294266
11.95490265
7.19411707
6.43921566
7.06078434
5.41568708
3.89215684
4.44313812
5.43137312
8.40980434
4.37843132
3.87254953
5.43529415
10.67254829
13.90980625
14.86470509
11.54706097
15.90784264
14.01764870
8.60784340
6.66470575
6.37450981
8.02745152
4.02549028
3.80784369
4.80980396
6.54117680
6.44313812
3.76274490
4.32549047
7.69411755
12.29411697
16.18823433
11.68038940
11.13529491
13.80196190
10.68627262
7.39803934
6.33725500
9.01372623
4.86274481
3.83529425
4.61372566
4.74705935
8.32353020
4.22941208
4.01176453
5.37647152
10.33725357
13.74117756
14.50588036
10.61764908
10.97058773
11.93137074
8.53333187
6.84509897
7.30980349
8.09804058
4.15686321
4.29803991
4.67254972
5.85686207
7.32941246
3.76274538
4.39803982
7.16274595
11.86078644
15.83529377
11.52745056
9.97254753
11.17058849
10.17843151
7.88235331
6.33137274
9.38039207
5.52745104
4.04313707
4.37254953
4.97058916
7.37254858
4.77647161
3.62745166
4.63921547
10.04705906
12.92745209
12.90588284
11.08039284
9.58627415
10.84902000
8.96666813
6.59803867
7.48627520
7.61568689
4.39803982
3.85686278
4.58627510
5.22352982
6.25098038
4.07450962
4.07647085
7.19019604
11.26274490
14.25098038
10.44509983
9.83137226
9.82156944
9.88431168
7.84313774
6.38627529
8.68627357
5.46470642
3.62352967
4.37058830
4.93137217
5.70196056
4.68039227
3.88823557
4.93529415
9.78627396
13.22745132
11.77843189
11.27254868
8.74313736
10.36078644
8.38431358
6.46666813
7.70196056
7.28039265
4.50392199
4.02156878
4.71372557
5.07058907
5.09607840
4.47647047
4.50588226
6.96470690
11.41764927
14.43137169
10.12353134
9.98627567
9.50392246
9.59999943
6.88039207
6.43529367
8.35294247
5.76078463
3.62549019
4.40784264
5.08431339
5.43137264
4.96274614
4.24117661
4.70980406
11.02352905
13.00000000
13.13921356
10.06862831
9.36470604
9.29019547
8.46666718
5.98431396
7.55882406
7.79411745
4.30000114
3.87647057
4.69215727
5.51764727
5.38235331
4.46274519
4.19019651
7.69607878
12.20784187
15.71176147
10.87058926
9.60196209
9.86862659
8.61176491
7.44509697
6.53725529
8.91960812
5.62352991
3.95098042
4.04705906
5.00980425
5.79607821
4.85098076
4.08823490
5.46274519
11.61960793
12.11568642
14.27646923
9.43137264
10.84313774
9.33137321
8.93921661
6.38039303
7.67647123
8.33333302
4.26274538
3.30980396
4.66078472
5.65882301
5.66666651
4.73529387
4.85882425
8.37255001
11.93529320
13.47451019
10.85686302
9.58235359
11.40784359
10.09019661
7.44313717
6.19215727
10.44706154
5.22549009
3.61764741
3.98235321
5.82549000
5.77058840
5.31764793
4.94509792
6.05098057
12.07843304
11.86470699
12.83529568
8.93725681
12.01568604
11.19607830
9.67843342
6.28431320
10.20196056
7.84901905
3.74705911
3.74313760
4.52549076
6.19607782
6.20196009
5.69803953
5.05294132
8.81764793
13.99412060
13.00784492
9.15490246
9.77058792
13.73137474
11.84902096
7.03529453
7.48823690
12.04509640
4.76274538
3.81764722
4.31176472
5.88039255
5.84705830
6.10980463
5.23725462
5.23333406
13.91764450
14.17647362
11.99019814
8.20980453
12.99215698
13.09803963
10.05686378
6.83725548
12.49607849
6.85294247
3.56470633
4.19411802
4.78627443
6.09607935
6.46274567
5.49607801
4.58039284
8.23137379
17.25097847
15.39804077
8.90588474
9.81764889
14.25294113
13.17451096
7.48039150
8.94117641
10.71568584
4.44509792
3.70588231
4.56078386
6.63333321
5.91764736
6.50196028
5.03529358
5.67451000
13.21372604
18.26078606
12.59411621
8.07647133
12.45294094
14.44313812
10.16666603
7.02941179
11.89607906
5.97843075
3.67254996
4.56274509
4.82352877
7.34705877
6.87647057
6.23529434
5.09411812
8.99411774
15.29607582
17.64313889
8.93921566
9.50196075
14.29607964
12.90980339
7.57254791
9.34313679
8.58431339
4.25490284
4.10392189
4.64117622
6.84117746
7.15098047
6.89019632
5.45490217
5.22745132
12.49607658
17.29019737
12.76470661
7.80000114
11.52353001
14.59999943
10.31372833
7.08235359
9.74705982
5.87058830
3.43529415
3.99019670
4.85882330
8.08235264
7.02549124
6.89803982
5.12549019
7.34901905
14.07450676
16.20588493
8.62745190
8.45490265
12.91960907
13.95098019
7.82941198
9.61372566
7.26862764
4.31176519
3.74901962
4.20980453
7.16274500
6.94117689
6.94313717
6.24901962
4.83921576
10.51960850
15.59215832
11.15098190
7.75294113
9.48823643
13.71568680
10.21372604
8.80392170
9.33137226
5.34902048
3.74117637
3.79803991
4.22549105
8.93137264
6.36666679
7.16666794
4.99411726
6.30784273
12.44313812
14.93529701
7.82157087
7.39019537
9.83725357
12.10392094
7.80392170
9.92745209
6.99411821
4.38431406
3.54117727
3.78627467
7.64509821
6.81568623
7.31372452
5.58235407
5.18823481
8.96274471
13.70196247
9.92941380
7.69019604
7.93529510
9.25686359
8.24509716
9.02549076
8.97058868
4.94509792
3.26862812
3.71764708
3.50196099
10.09411812
6.95294189
6.87450981
4.92549086
6.49803925
11.60784340
10.73725605
7.65490198
8.37647057
7.69411707
7.89804029
7.75098133
9.77255058
6.09607792
4.06274509
3.06078434
3.14313722
7.54313755
8.65686226
7.84705782
5.68823576
5.49019718
8.63529396
10.27058792
8.80784225
7.83137178
8.72352982
7.49411678
6.97450924
9.05882454
8.12156868
4.67647076
3.37647080
3.28431416
3.32352972
10.78039074
8.37647152
7.21960831
4.92745113
6.35882378
9.51764679
9.27254868
7.39999962
8.88823509
8.57843113
6.69804049
7.75882339
9.48823547
5.82352877
3.80588222
3.35686326
3.18823528
7.36862898
10.60392284
7.90392399
5.65490198
5.94705868
7.62549019
9.15686226
7.77647066
6.46862650
9.45098019
7.65098143
6.94313717
9.26862717
7.69803905
4.51764679
2.98039246
3.36274505
3.90392184
11.03921413
9.80195999
7.02352953
4.97647095
6.42549038
8.68039417
8.43529320
5.90784216
7.81176472
9.13725662
6.38039207
8.60588169
9.35098171
5.63137245
3.53333378
3.10784364
3.51372623
7.13333416
11.50000095
9.06862831
5.61372614
5.95686245
7.54117584
8.93333340
7.12941217
5.72156858
9.14902115
7.74313641
7.65294218
9.80588245
7.46470499
4.82745171
2.86666679
3.57843184
4.09019613
10.03529358
10.92353058
7.11176538
4.77254963
7.24705887
8.10392189
8.69607830
5.97647190
7.32549000
9.10392284
6.94901943
9.25294113
8.92156982
5.72745085
3.67058849
2.93529391
3.80784369
5.31176472
11.46666622
9.09019661
5.53333282
5.62745237
8.44313812
8.61176491
6.91960764
7.09019566
9.16274452
7.53921604
8.26666641
9.23137379
6.51372671
4.62352943
2.44509816
3.55490255
4.32549095
9.00980473
10.19411850
6.71764803
4.29607821
7.85686255
7.71960878
8.41764736
6.76666737
8.39803982
9.37646961
7.52353001
9.15490341
7.59411907
5.25490379
3.05490184
2.86666679
3.77843142
5.58823538
11.00196171
7.55098104
4.77647066
5.27255011
8.25686169
8.19804001
7.03333282
7.74117851
10.50980282
7.50392103
8.86274624
8.54117680
6.46666527
4.25490236
2.65882397
3.39803958
3.26862764
8.30000019
9.48823547
5.64901924
4.24705887
7.44117785
7.50588274
7.78627586
6.76470470
8.44705868
9.44902134
8.32156754
9.26862812
7.58235359
5.16078472
3.34117603
3.37254930
3.14902020
5.79803991
8.99019623
6.66274500
4.28823519
5.84509850
7.41764736
8.12745094
6.81372643
6.75686264
9.52745056
7.77254915
9.79019642
8.39607906
6.26666641
4.54313755
3.03137255
3.33529425
3.79019642
7.22549152
8.61176395
4.73333406
3.97450995
7.00196028
7.53921652
7.70000076
6.48039246
8.08235359
9.00196075
9.59411812
9.67255020
7.26862907
5.17254925
3.54509854
3.05098057
3.41372585
5.53137255
7.14509821
6.23137283
4.15686274
5.93529320
7.21568680
8.40784359
6.27843046
6.83529425
8.91568565
9.41176414
11.21372986
8.06274414
6.03921461
4.42352962
3.25294137
3.11764765
3.11960793
6.29803944
7.17058849
5.26470661
4.20980453
6.97058773
8.05294037
8.03529453
5.52156973
8.22549057
8.58431435
12.33725739
9.51372719
7.29019690
4.77843237
3.86862803
3.43333340
3.19019628
4.31568670
6.38039207
6.22549057
4.07843161
6.37647104
6.86274529
8.90000057
6.43921471
7.82156849
9.85097980
12.83921432
11.80392361
7.66666698
5.52548981
4.20784330
3.76274586
3.15294147
3.25098109
5.29215622
6.47254944
4.70980453
4.33333349
6.82745123
7.31568670
8.46078587
7.87058783
10.69215775
15.27255058
14.35882378
9.07647133
6.61176443
4.63333368
3.61764741
3.33725548
3.16274548
3.96862769
6.10980320
5.38431454
3.70980430
5.98039198
5.81372499
8.15686321
7.75098085
10.17647076
15.30784321
16.65882301
11.62352848
7.43921614
5.14705849
4.14509869
3.27058864
3.48627472
3.19215727
5.11372566
5.74509811
4.66666651
4.25490189
5.85490179
6.06862879
8.46274567
8.82549095
13.96470547
18.81176758
14.36470795
8.63333416
5.59215689
4.63725471
3.65294170
3.45098114
3.30588269
3.95490193
5.37843180
5.42549038
3.95098042
5.14902020
5.38823557
6.80392218
8.46274567
11.48627472
17.76078796
17.43333626
11.70000076
6.82745075
4.91372490
4.09607887
2.90784311
3.52745080
3.80588245
4.67843151
5.24705839
4.83529425
4.17254925
5.56470585
5.79411745
8.09215641
10.74509716
14.76078224
18.87646484
14.52156734
8.36470509
5.28235245
4.86274576
2.88235331
3.24117637
3.34902000
4.34117699
5.28431368
5.11960888
4.52941227
4.96470594
5.75686312
7.02352953
10.61176491
12.90000248
17.06666565
16.46078491
11.26862621
6.34313679
5.02548981
4.16666651
2.87058854
3.58235335
3.37058902
4.93333292
5.63725471
4.91176462
4.71960783
5.00588274
6.45294142
8.11372471
12.11372566
14.53333282
18.04314041
13.68039417
8.29803944
5.03333330
4.63529491
3.36666727
3.62941194
3.30000019
4.49803925
5.71372604
4.61764717
4.59803963
4.65686178
5.34313726
6.66470623
10.25490379
13.15490150
17.70392227
14.94902229
10.29215717
6.06470633
5.07254839
3.77843165
2.96666718
2.99607897
3.38039279
5.32549047
5.17647123
4.41568661
4.47254896
4.80000019
6.38039351
7.38235331
12.28039265
15.31764793
16.12157249
12.52549458
7.47254848
5.15686274
4.59019613
2.64901996
2.94901991
3.29019570
4.67647123
4.74313736
4.67647123
4.40784407
4.65098047
4.95294094
6.95294046
9.82744980
13.49804020
16.13921738
12.94509697
9.27451134
6.21372509
4.92353010
3.53921628
2.95098042
3.24901986
3.20196128
5.51960802
4.65490198
4.60980415
4.39411831
5.04117632
6.05490208
8.28039169
11.96078491
14.36078453
13.18235207
10.92744923
7.46666622
5.17843151
4.05490255
3.18823600
2.92941165
2.94705915
4.50980425
5.13529444
4.56862736
4.09803963
5.25882292
5.22745037
6.48823500
10.51176453
12.69215488
13.82157135
11.39411831
8.82745266
5.67254782
4.75294161
3.49803972
2.88235354
3.36666703
3.05294108
5.15686321
5.05882311
3.99607921
4.17451048
5.37058878
5.89411879
8.86274529
12.15882683
11.67058468
12.48627377
9.89803886
6.58627510
5.11372614
4.14509869
2.74705911
2.84901953
3.22745061
4.34509897
5.28235245
4.48823595
3.38431382
5.00000000
5.68627501
7.34509897
11.03921413
11.21765041
11.43333530
11.19019699
7.78431559
5.40588236
4.42352915
3.75294137
2.55490279
2.70980406
3.42941236
5.25686312
4.75294113
3.49607897
3.93921590
5.12156963
6.78431511
9.21764660
11.75294113
10.13333321
11.16666698
9.44509888
5.95686293
4.82156944
4.38627481
2.95098090
2.48039269
3.07451010
4.56078434
4.76470518
3.65490222
3.53529477
4.11960840
5.66078520
7.40392160
11.70392132
10.45686436
10.26862907
10.74117661
7.70980358
5.15490150
4.93529463
3.65882421
2.26862764
3.01960802
3.41372561
5.06078529
4.35490274
3.31372523
3.65686274
4.48823547
6.20392132
9.39215660
11.04313850
9.79803944
10.06862736
10.60000134
6.27843046
4.75098181
3.95490217
2.97647142
3.12352920
3.10980415
4.33137274
4.95098066
3.36274552
3.61372566
4.05490255
5.10196114
6.96274519
10.64902115
9.05097961
9.53333569
10.31176567
8.69019699
4.93137217
4.07451010
3.69803929
2.86666727
3.73333359
2.96274519
5.23725510
4.11568594
3.41372657
3.79019666
3.90000010
5.58627462
8.43137360
9.07843304
8.86078453
9.10392380
9.65490150
6.40980387
4.12548971
3.27843189
3.19607854
2.83333349
3.19215703
4.04509783
4.57843161
3.96274567
3.69411826
3.49019647
4.28823566
5.88627577
7.82941246
8.63921642
8.85097980
8.83529472
8.01568604
5.40392303
3.58039236
3.10980392
2.79215693
3.12941170
3.13333392
4.86078358
4.19803953
3.94509864
3.42549038
3.39607882
4.83921576
6.29019594
7.72156906
8.66666698
8.70588112
8.50784302
6.30980396
4.28627443
2.92745113
3.31568694
3.08235312
3.05490208
3.98431420
4.47451067
4.09803963
3.41960812
3.68823576
4.21960831
5.34705925
6.73333454
7.89803934
8.77647018
8.70196247
7.19607925
5.37451077
3.35098124
2.99019623
2.97058868
2.86274529
2.72156858
4.86470556
4.19215679
4.04901981
3.45882368
3.66862798
4.76666737
5.93725491
7.17451000
7.83921576
8.63725376
7.78039265
6.35490227
4.39019632
2.60784316
2.87843180
2.74509811
2.78431344
4.13333321
3.96470642
4.27843094
3.41372585
3.71764684
3.76666665
5.28235340
5.93529320
7.18431425
8.35490322
7.83137178
7.28235292
4.93333292
3.72156882
2.55490184
2.89607882
2.76274514
3.07450962
4.49411821
4.09999990
4.07254982
3.15294218
3.87254858
4.53529358
4.98627472
6.89999914
7.43921661
8.14901924
7.47254944
5.74117613
4.41176605
3.25098133
2.54509807
2.76862764
2.94705892
4.22549057
4.04509830
4.01372576
3.26862764
3.56274557
3.97254920
4.78039265
5.85490179
6.79019547
8.45098019
7.77254915
6.63529539
4.57450962
3.86862731
2.96274567
2.46666694
2.83921599
3.25882363
4.57647085
3.97843218
3.71960878
3.02352977
3.44902015
4.60784340
5.00392151
6.28627396
7.42745161
8.37058926
7.86666679
5.32353020
4.01960850
3.18039298
2.83333349
2.48627448
3.13921595
3.76666641
4.38431454
4.00980425
3.25294113
3.22745132
3.83333397
4.41372490
5.87843227
6.07254887
8.19411755
8.47647095
7.71764755
4.34705925
3.71960878
2.80000043
2.64313745
2.22745132
3.50784373
4.51372576
4.07843161
3.93725538
2.89215708
2.80392194
4.26470613
4.93921566
5.89803839
6.50196075
8.57647038
9.67843056
5.46470594
3.97058821
3.25686240
3.00784326
2.17647099
2.60784340
3.73921609
4.81960821
3.40000057
3.24705887
2.71568608
3.46274519
4.28431368
5.53529453
5.79411840
7.98235273
9.31764889
8.17451000
4.32745171
4.10000038
3.05882382
2.61960816
2.40588284
2.92156839
4.35098124
4.46274614
3.34901953
3.00196099
3.01764703
3.99411750
4.44117689
5.36078501
6.80000067
8.47647190
9.84705830
5.18039274
4.09411812
3.50588274
2.79019618
2.88431454
2.76078463
3.61960816
4.72352934
3.62745094
2.94313741
3.09215689
3.57451034
3.94705915
4.63725519
6.02548981
8.15490246
8.51372623
6.76862812
4.37450981
3.74901986
2.79999995
3.00000000
3.24509859
2.78235340
4.43137264
4.07254934
3.28627491
2.83333325
3.43333364
4.01176548
4.36470652
5.29215717
7.00784397
8.02353001
7.65294170
4.76078510
3.86078453
2.96862769
2.65490222
3.05294156
3.38039231
3.81176519
4.26274490
3.62352943
3.37254953
3.27647090
3.80588198
4.22352982
4.79215765
5.86862755
7.39607811
7.48039246
5.56078434
4.13725519
3.09019613
2.68431425
2.48039222
3.10784340
3.03529453
4.55686283
4.26274443
3.44117713
3.21960831
3.20588279
4.03725529
4.58235312
4.95686293
6.07450914
6.91176367
7.12156868
4.70392275
3.36666679
2.80980396
2.67451024
2.54901958
2.92156863
3.73921585
4.49215651
3.60000038
3.11568713
3.06862760
3.37451005
4.45490217
4.85686350
4.85294151
6.71960831
7.03137302
5.64705944
3.92352986
2.90196085
3.00392199
2.54902005
2.83725572
2.90000010
4.70000029
4.52941227
3.10392189
3.01960826
3.32549024
3.77254868
4.71960783
4.64902020
5.26470566
7.07647038
6.16862774
4.40000010
3.16862822
2.96078444
2.84313798
2.62549067
3.00196075
3.85490203
4.51960802
3.44901967
2.80392146
2.92352962
3.59411812
4.13137293
4.47254848
4.42941236
6.52941227
6.78235245
5.03921604
3.21568656
3.14313769
2.94313765
2.81372571
2.66862750
2.84313726
4.99411869
3.83921599
3.04509807
2.47450972
2.72745109
3.80196095
4.30196142
4.07647133
4.98431444
6.63725424
5.88627481
3.93725562
3.26274467
3.02549052
2.87254882
2.45294166
3.32941151
4.25098038
4.30000019
3.56470609
2.50000024
2.75294161
2.99215698
3.69803905
4.18235350
4.48823547
6.05490208
5.80588198
5.06274509
3.83725524
2.93921590
2.55882359
2.57450986
2.86862803
3.32353020
