20.59215927
22.09608078
22.13333893
21.31960487
22.03333282
21.45686340
21.67843246
24.03137207
21.50588036
22.48039246
22.11960602
22.02941132
22.36861992
22.73725891
18.83529282
22.29019547
20.57450676
21.28431129
20.78235245
19.87451553
19.40588188
20.93529892
20.91568375
20.93921661
18.77451324
20.80391884
20.94509697
22.35293961
19.69411850
19.63921356
19.81176567
18.68039322
19.03725433
18.17646980
14.22745132
17.36274338
17.57254791
17.99608421
15.58627510
16.93137169
19.49019432
22.45490837
20.17646599
17.89019585
19.67647552
18.06470490
18.62156868
18.26470375
14.65293980
14.78038979
15.64705944
16.18823814
15.76078415
15.06078529
18.42157173
20.66274643
20.34509468
16.88627625
19.71568489
18.26078415
17.64509964
15.71764851
15.83725166
13.82352924
16.43333435
14.24117565
14.79411793
14.29019642
17.17450905
18.27254868
20.41176605
19.11960602
16.01372528
18.19999695
18.57451057
16.42156792
14.94313908
14.70784283
15.85294247
15.41960812
15.27843189
15.12352848
16.41568756
17.76666832
18.37451172
17.17842865
16.79019737
19.35097885
20.06666756
19.24509811
14.82156754
14.98039436
16.53137207
17.65098000
15.68431377
15.98235226
17.22157097
19.02352715
19.05686378
17.44313622
18.56666946
19.82941055
19.39999962
21.58431244
19.42745209
14.81568623
16.54706001
20.47254372
17.44313812
17.01372910
18.11764908
22.21960449
22.86863327
18.77059555
18.60588264
18.94902039
20.73529816
21.31568718
22.02745438
18.73333549
19.32548904
23.08627319
20.95098114
20.60980606
18.21961021
22.91568947
26.44902420
21.90196037
18.48235512
19.29215622
17.44313812
18.58627319
21.29216003
22.28823662
22.00392342
22.91372490
25.49411583
24.62745094
22.90784264
21.65098381
28.99019814
23.30784607
19.63333511
18.66078949
15.55490398
19.17255211
18.95293999
20.19999886
23.70784378
22.13921165
24.55097389
24.92549324
28.15294266
20.76470757
23.38823700
25.23334122
21.46470642
16.09019852
17.20196533
20.27058983
16.41960907
16.67646980
19.66274643
21.56078339
19.06078911
22.19215775
23.98823166
21.80980301
16.19215584
19.07450867
18.10000038
15.70392132
16.50196075
18.83333397
16.78823662
15.04117298
16.05294228
19.65294266
18.71961021
13.84117603
16.93725586
18.49215508
14.80980492
12.42548943
13.39607906
15.72156811
15.06666756
17.76470757
20.25098038
13.56078529
13.74314022
14.23921394
18.53725624
11.84313965
14.66078472
12.45098114
16.24117470
12.22745037
12.37843418
13.13137341
14.25490093
21.38627815
18.33137321
16.45097923
12.77647209
12.43529224
15.63333225
12.26470566
12.97843170
13.28039360
11.36470604
17.52157021
11.66274357
12.17058945
13.01372623
20.95097923
19.07843208
21.37059021
11.41960812
10.75882244
11.07843304
15.65294170
9.21960831
17.00588417
10.43137455
15.30784225
12.26078510
11.70392227
12.03725719
16.73921585
24.18039322
14.86078548
18.09215736
11.37254810
10.30588245
16.14117813
9.19411659
15.26470375
11.91372585
9.52353096
14.54901981
11.04706001
11.97647095
12.69019699
24.52352715
15.39411736
19.98431587
11.58039284
11.22941399
12.87843323
12.46666813
12.83333397
15.10000134
8.81764793
11.74902058
11.34117413
12.07843018
13.38039303
19.57647133
18.84902000
13.20392227
18.64706421
11.08039284
10.98431396
16.13725281
8.74901962
17.61765099
12.11176395
13.77255058
13.22941113
10.88235569
15.57059002
16.77843285
17.82157135
13.06470490
18.61176491
12.85098076
10.51960754
14.95294285
12.98823357
17.76666451
14.63333416
11.91764736
24.50784111
11.55686188
15.69019508
13.65882111
18.14117813
13.58823395
13.86666775
17.07647324
10.89019775
12.79019737
17.58627701
17.62745285
14.51372433
14.81568623
24.73725319
19.60195923
14.18431664
15.78431416
16.80392265
11.50784206
13.70588493
17.13333130
12.42549038
10.58823681
15.36078453
18.85686111
15.87059116
16.67451096
21.34117699
22.96471024
13.50392246
15.17058754
14.82548904
13.64901924
13.00588322
15.45490360
15.48431587
10.89999866
13.03529453
15.13921642
18.13529396
12.10392284
20.35881996
17.53725433
17.83725166
15.67451096
11.09411907
15.84901714
11.11568642
12.94509888
16.86274719
13.59411812
11.74901867
11.70784187
17.55686378
11.55098057
15.82353020
16.79804039
15.07255077
17.25098038
10.34902191
14.26078606
11.69019699
12.34705830
14.24902058
14.62941170
12.14705849
11.59803772
13.46274567
12.07647228
11.24117756
17.67059135
9.37843132
18.55490494
12.06274509
10.21176529
13.66666794
12.46666718
12.82549000
13.67058945
14.90980339
11.69215584
10.65490150
12.04509735
11.49019814
11.49019718
9.87058830
13.64902020
13.05882168
9.41372490
12.21568680
13.27646923
13.05882263
12.98823452
13.43921757
15.27255154
10.90196037
12.50000095
10.10000038
9.27647114
10.30784416
8.62352943
14.65490246
9.40588284
10.63921642
13.14313793
13.04117393
13.08235550
12.26078510
19.07647133
14.41960716
9.85098076
11.25490093
10.81372833
8.22745228
9.05294132
10.98235226
11.94901943
10.23333549
12.26666832
13.78627491
13.27058697
12.49804115
14.67059135
21.49216080
10.66078186
11.10392189
11.61960697
8.81568718
9.96274757
9.20980453
13.23137474
9.92941189
10.15882301
13.60980415
13.40588188
12.88235378
12.07058811
21.19019699
14.46666527
9.15686226
10.84901810
10.92941380
9.19215679
9.44313717
11.03921700
12.43529510
10.38235378
11.64509773
13.51372433
13.22941113
12.01372528
17.60391998
16.05490303
8.87843227
10.37843323
11.75882339
9.56470680
9.84509850
9.93921566
13.39215755
11.35882473
10.19804001
13.60000038
11.99411774
12.58431435
12.42941284
18.55686188
10.06078339
9.50392151
10.95686245
11.46862698
10.06078434
9.84313583
10.65686226
14.02549267
10.02941227
11.82352734
12.39999962
12.80000019
11.74509907
17.42156982
10.26666546
8.47451115
10.81176662
12.11960793
10.02745152
11.46078396
10.26862812
12.94902039
10.63725567
10.27451038
13.12156963
12.80392170
13.18627548
11.43921471
15.44901943
9.05882454
9.61568642
10.69019604
10.89215660
11.61176586
10.50392246
10.40588284
13.23921680
9.66078663
11.81960773
12.59411621
15.65294075
11.55490112
16.42156792
9.45686340
8.36862659
10.90392113
10.66078377
10.64902210
11.55882454
9.70784378
12.26078606
10.57059097
10.28235531
13.57451153
12.86470509
14.85882187
11.72157001
14.18627167
9.04706001
9.05294228
10.56274891
10.40196037
11.29411793
9.31372547
10.56666660
12.81176472
9.69019794
12.50392151
11.66666603
15.31960678
13.23529243
15.46470547
9.51764679
7.46078444
10.20195961
11.64313698
10.16666508
10.53529358
9.91764736
12.72745323
10.42745209
10.54117775
12.14705849
12.72549152
15.88431454
11.53921700
14.03529453
8.24509811
8.66666698
11.37059021
11.39607811
11.40392113
9.83529568
11.81568432
12.79215622
9.77843094
12.48627663
10.71568775
14.80392456
14.56666756
15.27647114
10.33333397
12.69411755
12.01960850
12.21960831
10.30392170
11.89608002
10.19999981
12.54901981
13.94509792
11.17647171
12.65686131
13.71372700
15.41764736
12.76274776
14.81568718
10.59215641
22.61568642
12.32941341
9.83137417
12.96470737
9.67255020
11.50392056
17.94705772
11.34705925
16.27450943
12.26274586
14.99411774
14.13333416
15.13725376
10.72549057
23.15490150
14.50980473
10.56666565
10.47058773
14.67058659
10.69607925
12.95294189
18.22156334
14.29019642
15.53725624
14.43137169
14.50000095
12.14705944
14.25882626
16.29019737
19.86666679
9.97450924
10.62745094
13.47058773
14.18235493
11.28627396
17.96666718
12.90196037
16.82353020
13.05490112
14.60784435
12.88039207
15.57843304
11.14313698
19.01372910
12.96666718
10.39608002
11.48627377
16.04509735
11.80784225
12.17843246
18.13333321
15.23921585
14.80196095
13.14705849
13.35882187
12.15490150
14.93725204
13.25686359
16.02548981
9.62156963
10.70784378
15.82549191
12.88823700
11.04117775
17.30392075
14.63921833
15.13725471
12.01960754
14.10000038
11.96470547
15.22156906
11.50392151
11.42941093
16.24705696
10.26470661
12.21960926
15.55490208
11.85490227
11.59803963
19.78039169
13.76666737
12.69019699
13.33529186
12.73529339
12.13529205
15.12941265
11.59411812
17.21764755
10.65098190
10.23137474
15.94509792
10.93921471
10.62940979
17.80195999
15.93725681
12.48823643
13.20980167
13.82941151
12.06862640
16.20392036
12.74313641
11.03333187
18.44117928
10.16862583
13.80784512
11.73921680
10.80588055
12.10196209
19.65098381
13.25294209
13.23725510
13.45882511
13.03333282
12.02352905
18.71568680
11.63725376
17.14117622
12.17647171
13.03725624
13.87843323
10.42941189
10.65294075
16.58431244
14.42352772
11.61960793
15.65294361
13.52940845
11.87843037
17.75490189
15.77646828
9.58039188
18.62352753
10.21372795
21.48431396
10.54509830
10.60588074
12.99019718
14.13725471
12.07647038
14.17843246
14.19019699
12.62156963
11.77843094
22.10000229
9.91176605
15.13725376
13.25490189
20.21960831
14.41961193
11.36470699
11.46862793
13.49804020
10.89804077
11.40784264
15.79803944
13.84902000
11.72353172
16.51176643
12.52940941
10.53333378
17.24509811
15.34705925
19.84117699
11.71568680
10.77647114
12.34117699
11.31960773
10.59999943
13.38823509
15.17254925
12.94313622
11.51764584
12.98039150
10.87058830
14.28039360
16.05294418
19.91372299
13.42941093
11.79607582
11.44901848
13.10980225
10.27647209
10.99019718
16.71176529
13.83725548
12.22353077
11.08627319
10.54902077
11.96078110
16.44509888
21.01568604
13.95686436
12.31960964
11.27254963
12.86274433
11.60196209
10.97647095
13.18039322
16.50784492
13.05490112
11.49803638
10.74509811
12.13333416
12.98039246
19.62549210
16.07843018
13.24313736
11.24313736
12.59411812
12.96666527
10.99019623
11.68823624
15.74509907
14.07254982
12.31960964
11.39999962
11.07058716
12.48431110
15.57647133
18.36862564
13.58235168
10.85097980
12.46470642
13.14509869
11.58627605
11.17254925
12.82352829
16.91765022
12.86862755
11.73137283
10.71372509
13.67254925
12.03333473
18.48627281
13.21372509
11.39607716
12.26666832
13.65293980
13.14117718
10.94509697
11.35686302
15.38627434
14.52941036
11.85098171
10.81372452
12.23529434
13.78039169
15.93725777
16.08823776
11.75294018
10.58039188
14.63137245
12.98823643
12.49215698
10.86274529
12.76666546
14.99019337
12.67842865
11.63921642
10.31372643
15.21764755
12.60588074
18.86862946
12.25097942
11.00195885
12.66666603
15.17450905
14.51764679
10.96666813
12.86862850
13.96666527
13.57647133
11.65098095
10.72941017
12.13333321
16.00392151
13.58627510
14.62156963
12.55490208
11.01176453
14.46666718
17.54117775
12.74901962
13.21372604
13.51764774
14.45098114
12.40196133
11.68823719
11.13725567
14.23725510
13.67451382
13.31960773
13.11568451
10.96078587
12.84901810
17.27647400
15.17058849
12.01764679
13.38039303
14.40784264
13.43137550
12.15686512
12.53333282
11.66666603
14.63725376
12.18823528
12.89999962
11.78235340
10.99019718
15.14117813
16.40588188
12.48627663
12.95293808
13.86078358
13.80000114
12.52156830
12.61568642
11.03921700
13.26078510
11.95098305
12.82156849
12.97254944
10.96274662
13.18823433
15.41764927
14.82156944
11.74509811
13.53333282
14.38823605
13.03529549
12.78431416
10.77843094
12.28431129
12.40195847
13.56862736
14.64117813
10.70588207
11.68627548
15.46862602
14.19215870
11.44901848
13.03725433
14.78431034
13.86470795
12.98627472
11.16078377
11.89411736
12.81764793
12.67254925
15.41960716
12.65098095
11.13529491
13.79019833
13.20000267
14.09803772
11.40588284
14.09411716
14.73333359
13.03136921
12.43529415
10.92352867
12.66666794
12.74901867
14.32745171
15.50000095
10.86666775
12.61960888
14.43725491
12.78627396
11.81764698
13.12352943
14.30588150
13.76470566
14.41764832
10.77451038
12.21764755
12.78039074
12.14313793
17.47058678
12.06470680
11.58039188
13.92549229
13.67058849
12.66470814
11.74705887
13.22941399
15.30588245
13.76078415
13.18431187
11.06274605
12.23529434
12.28431320
15.40980339
14.03137398
11.66666603
13.30784130
14.03921604
12.63137436
11.98039341
12.87647057
15.01568794
13.93725395
14.12352753
11.02353096
12.69803810
12.87450886
12.12549210
15.27059078
12.26274586
11.88823509
14.01568508
12.88627243
13.18627644
11.40196133
14.16470623
15.42352867
14.21176434
12.63725471
11.27842903
13.30784416
12.54313755
14.05490208
12.89607811
11.13333321
13.55882359
13.34117699
13.43921757
10.92941284
13.65882492
15.70588398
13.81568623
14.24313545
11.55294132
12.97843266
14.48823643
12.71372509
13.10392094
11.50000000
12.18431473
14.13529396
12.76274395
12.90588379
11.52745247
15.27843094
14.95294189
15.33529472
12.71372604
12.35686302
15.02353096
13.59804153
13.53529453
13.10392284
11.71960831
13.69019508
13.03921604
12.99216080
10.50000000
13.97058964
16.78431511
13.29607868
14.89215660
12.10784340
13.82352924
14.49804115
14.24117661
16.15686226
13.05294037
12.17842865
13.92156982
12.68039227
11.90784359
11.11960888
15.50000095
14.06470680
14.63137245
14.60196114
13.18039131
13.66274548
12.99607944
15.34705830
17.40391922
12.59803963
14.40196037
12.69215775
12.28235054
10.63725567
14.40392303
15.46078777
14.52353096
15.39999962
12.30980492
14.03921509
13.74118042
12.46470737
22.11568642
15.03137207
13.33725834
14.09411812
11.95098209
11.34901905
12.83529377
15.97450924
13.90392208
16.80784607
12.74902248
13.67843342
14.03137493
13.38627434
18.80000114
19.63921928
15.20196152
14.91568184
12.53725433
11.98235416
10.28235245
15.40196419
15.95882416
15.54705811
15.59411907
11.89607811
13.84901810
13.92941284
14.04901981
22.78823662
17.79608154
14.20196342
14.73725510
11.22352982
10.49804020
13.21176529
15.82156754
15.00196075
16.71960640
12.35882378
13.42353058
13.73921490
12.68431473
20.80588150
20.35490417
15.29607964
15.43333244
12.60980511
11.00588417
11.06666660
15.61372471
16.12353134
14.75294018
14.11764908
11.86078358
13.84705925
12.94117737
18.01960754
22.97451210
18.82941055
14.61764622
14.11961174
10.89607620
11.14313698
14.14313889
16.89411545
15.29803753
14.67058659
11.41764641
13.12353039
13.37646961
15.50000095
22.58039284
20.27058983
15.62156868
15.35882473
11.73921585
11.03137302
12.70588207
15.98627472
15.81764793
15.21568394
13.16666794
11.88039398
14.17451000
13.13137341
19.87843132
20.42745018
19.38039207
15.56862831
13.41176605
10.37450790
12.44117546
15.53725719
16.72352982
14.99608040
13.84705925
11.60196114
13.81960773
13.49411964
15.67843056
19.95097923
19.21764946
15.85882473
15.27254868
11.72549152
11.52352810
14.45098019
17.20196152
14.80392075
14.30588150
12.68039131
12.10392284
13.84509754
13.48627663
16.47255135
20.02744865
18.82353020
14.75882339
13.21960831
11.26666641
11.87059021
16.52157021
16.88039398
13.88039303
13.08627510
10.63725662
13.44902229
13.89019585
13.62156868
19.99215889
18.99019623
15.13921452
15.11960697
10.99411583
11.26274490
13.62941360
16.45686340
15.30784321
13.92156887
10.81568718
12.00784302
14.21568680
13.99215412
16.75098038
17.87647057
18.69411469
14.88627338
13.08431530
11.30980396
11.54509926
15.06274796
16.92353058
13.67450905
11.87058830
10.90000153
13.32353115
14.51372433
13.04901886
18.83136940
19.65294266
14.94902039
15.65686226
10.96274662
11.09215546
13.67843246
16.77058792
15.23529434
12.47058868
10.43921661
12.13137245
14.52353191
13.65098000
17.50000191
19.03921700
18.91764641
15.16274452
12.95098305
11.42352962
11.42548943
16.60588264
16.59607887
13.95098019
11.18235302
10.44509792
13.41960716
14.76078510
14.68627453
17.37059021
22.56862259
15.46470547
14.79607964
11.02352905
11.61176395
14.64902115
18.00392151
14.50392246
12.58627510
10.56666660
12.32156849
14.02941132
13.70980453
17.62156677
20.61961174
19.34902000
14.29999924
11.91372681
12.27058983
12.64901924
16.64901733
15.93529510
13.60784435
11.04509830
11.36470604
13.67254925
14.60391998
16.46274757
17.37843513
21.54901886
15.25882244
13.08039570
10.97254944
12.32941151
15.84902191
18.46666718
12.72157001
11.86862659
10.61764717
13.24901962
13.35882282
14.40980530
17.19607925
21.98823929
18.39804077
14.33725452
11.24705696
12.73921680
14.26470566
16.32744980
14.53333473
12.71568489
10.93333435
11.81960869
12.58823586
14.00588226
17.04313469
18.82352829
21.34509850
15.60196400
13.36274433
11.14313602
13.14509869
17.21960640
17.45098114
12.39215660
11.66274548
10.48823738
12.30195999
13.46274376
14.80588341
15.59803963
21.89215469
18.46666908
13.97255135
11.31568813
12.84509754
17.27647018
18.34706116
13.40980434
12.77843094
10.33921528
10.77647018
16.95882225
13.11568642
14.97254944
18.31176567
20.40980339
14.77843189
12.68823719
11.33921719
13.90195942
20.59804153
16.20195961
14.16078472
11.07647133
10.04705811
18.10588074
16.71176529
14.86470699
14.32353020
20.36470604
17.88039207
13.13725376
11.92745113
12.56078339
19.29019356
19.67843246
13.75686359
13.30588436
10.45882416
14.27647209
24.20195961
12.69019699
14.60196018
19.42941475
20.06470299
14.53137207
13.25294113
11.67058659
14.23529339
21.48627472
15.41568661
15.50784397
11.35882473
10.43333244
22.93137360
17.18824005
15.55098057
17.39411545
20.16470528
17.68235016
13.51372433
11.09607697
12.12353230
20.78627396
19.03725243
12.85490227
12.24706078
9.73529530
14.77450943
19.99607849
12.74313736
16.92745209
20.40981102
19.99215508
14.06470585
12.45882320
12.27451038
15.72941208
21.55686760
13.85294151
12.42549038
10.56274509
11.01764679
13.47450924
14.57647038
16.00000000
18.69019699
19.03137779
17.44117737
13.32157040
11.83529377
12.82549000
21.05098343
17.69607925
11.35686207
11.18039322
9.57058811
10.47254848
13.59019661
15.03921413
16.26666641
19.14314079
19.41372681
14.28431416
13.51568794
12.84117603
16.57843399
21.01568985
11.46666622
11.20588303
10.38235378
11.12549114
6.78235292
18.96470833
15.38627434
18.11569214
19.67451096
17.85882568
14.23725510
13.44902039
13.17255020
21.63529778
15.70980549
11.13529491
11.15294075
10.22352791
6.68431520
16.19411850
16.74313736
15.20000076
19.41176796
19.20000076
14.98039341
15.62745190
12.88039398
18.23529243
20.06470680
10.34509850
12.62156677
9.77058887
8.67254925
5.31372547
17.79607773
14.80392265
19.77059174
19.69608307
17.74117470
15.35882664
15.21568394
14.69804001
21.08038712
12.97254753
11.50980377
11.56470680
10.25686264
4.25098085
13.27058983
14.22548771
16.49607849
19.49215508
17.59607697
16.44901848
16.73725700
14.96078587
19.14313698
18.14313889
8.75882339
13.99411678
9.91764832
6.70784330
5.98823500
16.17451096
15.55294037
18.50783920
19.09803772
18.14510345
17.50000381
16.84510040
18.34705734
21.27646828
10.44705963
12.62352943
11.09804058
10.30588150
4.57254887
12.38431358
16.91960907
19.63921356
18.84118080
18.27450943
19.36862755
16.89411545
17.98431587
22.08627701
16.42157173
8.91764832
13.29999924
9.57058907
5.93137264
8.16666794
18.42745209
21.69803810
19.29608345
19.23333359
19.98627663
17.03529549
18.39608383
19.80783844
21.12549210
9.09019756
12.68627548
10.50392056
8.34313869
4.99607801
14.30980301
22.14509964
21.82744598
19.04117966
20.03333855
19.26666641
17.02352905
17.57058716
21.96667290
13.21765041
9.69411659
13.04313850
11.08235264
3.44313693
8.44705868
18.99608231
23.22941208
19.74706459
20.43137550
20.47450638
18.40392303
16.83137321
18.46274757
19.71176338
6.83137226
13.66078377
10.58235359
7.31372595
3.75294161
14.22353172
24.07058525
20.77255058
19.00784111
20.70000267
20.38039780
17.23137474
15.71372700
20.47646904
10.58823490
10.42156696
12.48627472
11.88039207
1.85490239
8.53921604
18.23137283
21.77058601
19.77646828
20.68039131
20.81372452
18.19999886
16.47058678
17.14509583
18.04706192
6.59803820
14.09215641
11.34313869
6.49411726
2.70196128
13.61176300
21.62745094
19.57843399
18.53725433
21.20980263
20.32157326
18.32352829
15.49411774
20.46666527
8.78823471
11.05098057
13.40392113
11.27451038
1.66666687
8.17451000
15.31372547
22.14901733
15.87843227
19.26862526
21.60980034
19.37843323
16.62352943
16.46078491
16.15686226
7.24509811
14.47647190
13.24705887
4.23137426
3.82941222
12.30392265
20.07451248
14.93137169
16.84902000
21.30195999
20.44509888
17.67255020
15.20980358
19.10000038
8.17450905
11.89019585
14.03333187
9.51764584
2.48823524
8.45686340
12.88431454
17.93725777
14.70784283
19.11176109
21.42156792
19.24705887
15.60000038
15.68823624
14.26078510
7.92549038
13.73529434
14.72941208
2.36274576
4.60196066
10.93137360
18.08627319
14.66274357
17.45294189
20.89608383
19.59607506
13.97255039
15.28431320
16.73921585
8.09215641
12.10784340
15.67647076
7.60980558
4.11960793
8.97058964
14.86078548
17.07843018
16.18627167
19.26862335
20.83921814
14.76274490
15.06274414
14.79607773
12.52549076
9.96274471
13.55294037
15.92353153
1.80392158
6.22353029
15.01960945
21.22157288
16.46274567
17.16863060
20.47842789
16.85882378
14.43725777
13.59804058
13.71568680
9.68823528
13.04901886
16.30588341
7.02549028
4.51960802
10.58627510
22.46274567
17.90588379
15.67646885
18.48823547
19.49215508
13.32940865
13.76666737
12.94705963
10.44705868
12.07451057
12.36470509
16.70000076
1.14117658
6.84117651
18.33333588
20.90196609
15.16274643
17.33725166
19.88431549
15.12744999
14.90587997
11.35294056
10.70196152
12.13333321
13.12941170
15.77058887
4.42548943
1.90000021
13.23725700
22.47254944
15.72157097
15.92157173
18.14901733
17.95882225
13.96862793
13.15294266
11.58235168
11.46078396
12.45686436
11.33529282
11.62548923
0.64509809
7.08431339
19.04510117
18.40980339
14.66470909
17.35294342
19.64901924
13.41372490
14.53921890
12.63529491
9.49411774
11.94313908
15.29607964
12.19803905
3.43137217
2.41568661
15.11176586
21.28431511
13.71176529
16.82745171
19.04509735
15.43137455
15.67647076
11.52548981
10.51764870
11.95882416
14.15686131
16.00391960
8.70980358
0.82352948
9.00784302
20.18627548
16.32549095
16.19411850
18.09019661
18.14313889
12.81176567
11.70196056
12.71176529
9.29607868
12.66078472
19.63333702
13.31960773
2.80000019
4.29411793
15.84705925
22.61372566
14.00196075
17.41764641
18.51177216
13.57843399
14.73333359
11.01568699
9.64509773
12.48627472
13.99411774
18.19411850
8.92352772
0.69803935
12.20392227
23.33529663
14.86078548
16.70392036
18.67255211
16.19411850
14.70588017
9.86470509
10.34902000
7.75098038
14.09215832
18.10784531
15.78431511
1.81568670
7.45294094
17.04313660
20.43725777
15.79215622
18.20588303
17.86862946
14.28431320
12.52745152
9.73137379
7.58627558
15.32549095
12.87254906
16.52353096
8.64705849
1.37647057
14.27647209
22.16078377
15.30588341
16.84902191
17.19411659
16.06862831
13.88235188
10.20195961
8.29803848
9.65490150
16.43529510
14.46078491
15.86862850
1.29411805
10.57842922
16.81372833
16.95490456
15.86666870
16.46078300
16.97254944
13.92352962
10.97647095
9.66666794
7.33529472
17.09411812
11.87451077
15.73529625
8.73921394
5.21176529
14.13725471
18.10195923
13.90980434
16.65686417
15.29607868
15.94313622
12.53529453
10.25686264
7.63725519
10.17058849
16.68235397
14.48823643
17.12353134
1.09803939
14.64117622
15.26666641
13.40392017
14.89607906
15.13921642
15.47647095
14.09411716
13.44117737
9.10588169
7.12156868
15.25294113
13.18823624
20.33921814
9.32352734
10.21176529
13.65882492
13.17843151
12.12744999
16.53137016
13.65293980
14.47843456
14.41176605
11.21372604
8.85882378
10.24117661
14.48039246
17.67646980
20.00784683
3.80196095
16.34902000
12.37058735
11.08431339
12.57647038
14.55882263
14.73921680
13.15294075
13.60392380
8.56862736
8.65882301
12.26274586
15.49607754
21.70980453
10.85686493
15.49019623
12.08235359
10.44901943
10.71176624
13.16862869
14.76862717
12.39999771
12.93137169
11.05490208
9.34509754
11.16470623
14.56666946
17.67646980
18.94509888
12.80195999
14.70392227
10.92156982
11.30980301
9.93725586
14.87254810
12.03725624
11.44117641
13.40784264
10.60784245
9.74706078
12.79607773
14.04313660
19.05293846
16.87254906
20.86862564
11.23137283
10.63333321
9.40000057
13.19215965
13.42156601
10.24117851
11.76274490
13.34902096
9.63921642
12.81176567
15.86078358
16.53725624
19.25882149
22.28235245
13.58627510
11.14313602
8.62156868
9.80392170
14.64901924
11.09999943
9.77647114
13.01568508
11.22549057
10.12156963
15.65686226
15.89019775
18.90000153
24.15490341
19.83725548
12.22941208
8.33921528
7.89411879
12.61568642
12.53725529
9.27647209
11.16470718
13.97843361
9.84901905
13.60000229
18.17255020
15.36078739
24.31568909
25.21961021
13.56078339
10.75098228
7.20588112
8.88823414
13.43137264
10.45686245
10.02941227
14.00392056
11.66470718
10.26666451
17.11372566
17.40587997
20.36666870
27.92745399
17.16078377
12.25097942
8.54509830
8.41568947
10.60588360
11.91764641
9.25490284
11.93137264
12.96078587
11.73333263
15.34902000
20.24117851
14.01176453
28.96862793
22.23137474
11.94509792
9.80000019
8.97058773
8.67843246
11.57254887
10.27450943
10.76078510
13.01764679
12.88039017
13.51176548
20.41176605
15.78823853
22.72157097
27.24118042
15.07058716
8.92941189
9.89607620
7.65686321
10.55686378
12.25490189
11.40392113
11.77843094
13.35294151
12.46862507
16.46862602
20.37450981
17.00980568
27.39999962
20.83332825
9.03333282
9.93529606
9.15098095
9.37058735
12.26470566
14.69999981
12.21372414
12.13921833
11.58039188
14.33333302
19.68627357
17.55490303
23.32744980
24.83529472
11.58627319
8.43725395
11.81176472
9.82353115
11.36274624
15.71764946
13.67254829
13.08039188
11.02353287
11.28823662
14.99215698
22.05490112
19.73333168
23.12549019
17.56078529
7.89411688
12.54509830
12.44314003
12.12941265
14.41960716
16.12941360
15.15490341
10.02353001
10.03725719
12.85882187
20.25883102
20.31372452
20.39411736
22.18235016
9.73529434
9.80000019
14.25490284
14.09803772
11.63333321
16.99412155
14.51568604
12.69019699
9.09607887
11.05686283
17.06274796
21.10000038
19.14313889
23.16078568
14.87451172
7.56862688
13.26666546
11.62156963
11.08235455
16.08235550
14.61764717
14.54117775
9.38431454
9.11176395
13.15490150
21.74312973
19.72352791
21.82941437
20.72352982
7.99215508
9.82745075
9.24901867
12.07450867
14.78823471
15.90000153
13.14705849
12.92156982
8.27451038
11.88627338
19.44117737
20.30196190
19.10784721
23.76470375
12.47843075
7.82744980
9.39411736
9.69804001
11.20784283
16.35882378
14.87843323
13.58823395
9.97450733
9.69804001
16.34901810
21.33333206
18.45294189
24.11960793
18.52941132
6.59999990
8.12549019
6.84117699
10.67451096
13.32549000
16.75490189
11.67647266
13.23529339
13.10784435
14.47451115
20.85882378
17.47843170
21.52157211
23.42548752
9.28431511
7.56666708
6.07647085
9.02548981
11.23921585
14.17058945
12.85882378
12.55294228
13.58823586
16.74509811
18.06863022
20.15490341
19.31764984
26.58235168
15.56078529
7.79803991
7.62745094
6.63921547
9.89019680
11.75294113
14.27647114
11.09607983
13.63921452
16.67843246
16.14706039
20.38039207
17.22745132
24.40000534
22.95294189
8.43137264
11.95098114
6.35294247
8.11568642
11.06470776
14.45490265
11.07843113
10.54706001
14.38235283
15.15490055
16.82549286
19.27450562
20.91176796
25.17451477
13.34705925
15.80588341
8.63333225
6.59411716
9.64313602
14.46470737
11.50588226
11.71764851
12.24509716
12.66274548
15.30196285
19.00196075
18.96862793
24.75685883
22.04706001
10.75490189
17.09216118
7.06470680
7.87451029
13.40980434
13.65882301
10.32353210
10.84313774
13.24117661
14.24117470
14.02549171
20.59607506
22.33725357
23.77059746
13.82744884
17.13921547
10.44313812
7.15686369
10.24313736
14.70784283
9.25490284
11.97451019
12.64509678
12.30392170
13.65490341
17.76862526
21.56470299
24.33921432
21.18627357
11.18823433
13.97843170
7.39019632
8.47451019
12.48235321
10.59411907
11.19804001
12.08627510
13.09411907
14.96078300
13.35686302
20.21568489
23.30980492
24.99019241
13.56274700
11.11764717
10.06862736
7.09803915
11.47059059
11.15098000
10.64509964
10.87254715
12.85294437
13.29019642
14.59803963
18.10392380
20.70000267
25.88823318
19.81372452
9.80392170
11.55686283
7.73137331
9.09215736
12.83137512
8.97255039
11.07843208
11.36274529
14.27451134
15.50588322
15.54313850
19.30980682
24.93333435
24.88823128
11.61372375
9.40000153
11.40588284
8.75882244
13.39607906
9.24902248
9.54706097
11.44313812
13.33921623
14.85490227
17.79411697
19.55294418
21.34117889
25.54313660
18.58038712
9.47255135
12.01372528
9.01960850
12.67647076
11.12941074
9.58431435
10.49215698
13.34117794
18.79803658
16.38431358
18.59607887
20.06862831
25.96274376
22.46274757
11.35686302
9.88823605
11.88823509
11.35686302
14.14117718
11.24313736
10.34509850
11.02549076
17.25490189
13.76274681
18.84705925
19.56274605
23.96862793
26.92941284
12.59411812
9.77450943
11.76862717
11.61372471
17.87059021
14.22157097
10.94902134
10.82745171
12.75882435
11.40196228
15.26470757
20.39215851
20.91960907
28.41372490
17.98627472
8.37058830
10.82744980
12.34509945
19.15686035
19.07058716
13.17058659
10.82941246
10.75882530
8.96078396
12.45097923
17.99411583
20.65686226
26.73725510
23.69019699
9.82941151
10.10392189
11.14509964
18.07058716
21.72549248
15.29019547
12.13333130
10.31372643
9.86470509
11.16274452
14.96470737
19.92745209
23.86470604
28.10391998
14.20588207
8.05490112
10.88431454
15.94117832
22.59215546
17.49019432
13.42352867
9.81960678
10.64117718
8.81568813
15.43137169
17.05098152
22.10980225
27.32156754
19.59411430
8.59999847
9.70784569
15.35882378
19.85686493
21.29804420
14.30392170
11.73725700
9.47646999
8.88431454
11.85098076
16.80392075
20.48235703
24.33921432
24.06078529
12.31960773
7.63725567
12.82549095
18.21961021
20.46274757
15.12549019
13.52549076
9.15882397
10.52352810
8.83137226
15.50784492
19.51176643
22.40784073
24.85294724
16.58235359
7.26274490
10.80588341
18.11764717
16.89803696
15.77647114
14.39215660
10.12745285
10.62352848
7.97843170
12.09411621
18.64705849
22.86666679
22.11372375
20.36863136
9.79215813
9.20588207
17.41372490
14.83725548
13.53333187
14.15294075
11.93725491
10.08039093
9.38235188
8.27646923
17.29216003
21.98627663
22.91764259
21.09215736
13.83529472
6.84705925
15.01176262
17.89803886
10.44509792
11.26470852
13.39215755
10.02352715
12.15490055
6.70000029
13.26862717
20.77843475
24.86078262
22.23137474
18.06470871
7.69215679
11.55294132
19.68824005
8.91372490
9.53137398
11.61764812
11.57647228
13.34313869
8.88431358
8.32941246
19.23921585
21.73921585
23.91961098
22.14901733
13.01568699
7.94901943
16.41568756
11.40784454
9.50588322
9.78823662
11.05882359
12.22156906
12.13725471
6.81960821
14.07843399
19.87451172
20.35686493
23.88626862
18.04313850
7.85882425
13.32353020
13.89607906
8.25490284
9.37058830
10.94902134
10.04509830
12.07843208
8.75490284
8.21372604
18.06078720
15.06078625
19.61960793
20.14901543
10.54313755
11.81372547
15.44509888
8.81176567
8.92941284
9.22156906
9.66470623
9.55686474
11.71176529
6.80000067
12.10196209
14.62156773
12.61960793
19.25882339
14.16078377
9.92549038
16.40784454
11.31372643
8.04117680
8.95686245
10.27451134
7.97254944
10.60784340
8.57255077
8.10784435
11.65686226
11.30000019
14.70392227
15.79607677
9.33921623
17.43921852
14.12548923
9.70980453
9.85294342
10.90000153
8.13137245
7.49215651
11.31372547
6.90196037
9.41568756
10.27059078
11.12549019
15.79019451
13.75490379
13.67058849
16.81568718
11.83333302
12.64706039
14.53137302
9.51764679
7.29607773
10.74509907
8.34901905
7.57255030
8.73137283
9.31568623
13.09215736
16.06470490
12.39215660
19.41568565
12.52549076
9.67647076
22.81176376
10.85294342
9.85490227
8.77450943
11.40588379
6.01960897
7.98431396
8.61372566
11.10784435
14.60980320
15.47843361
17.33529282
13.45097923
11.81960964
22.64313507
16.60196304
11.04705906
8.79999924
11.37646866
8.18235302
6.83333302
8.13725567
9.38431454
12.83137131
17.52941513
15.80000114
16.08235359
15.03137302
15.19019699
20.53333282
12.17450905
10.94509792
9.67450905
10.72549057
5.87254810
7.29803848
8.23921680
11.09803867
15.65686226
16.72353363
18.19019508
16.11568642
11.35098171
18.43137169
12.72352982
11.46862793
8.43529510
11.82549000
7.74509907
6.56862688
7.65882349
8.68235207
14.21372604
18.41960907
19.35686302
13.92745018
13.92745209
13.72744942
11.44313717
11.06274700
8.78627300
11.42353058
9.47450829
5.51764727
7.33137226
8.06862736
11.08039379
18.73921967
19.07451057
14.31764698
16.85294342
9.39999962
11.03333473
10.60196209
10.22941399
9.40784168
10.71960831
6.41960955
6.36862850
7.59215689
9.36274624
14.60980415
17.75686264
18.49020195
16.29019737
10.72352886
11.19411659
11.22744942
11.01960754
9.86666584
10.44313812
7.91764832
5.27254915
7.54509735
8.88039303
11.55882454
15.78823566
21.75098038
13.74117851
13.25490189
10.39215469
13.22352886
11.45686340
12.11176395
12.26862717
9.55686188
5.74117708
6.35490274
8.51764679
9.04705906
14.63725567
21.81764603
13.17255116
15.17254925
12.57646942
11.28823662
14.39412022
11.29216003
15.59019375
10.09019852
6.66078377
5.36274529
7.94117689
7.85294151
12.34705925
18.94117737
18.40980530
14.45098114
14.07843208
10.60980320
12.42352962
10.49803829
15.23921585
11.90980244
8.47255039
4.62549019
5.56274509
8.37451077
9.49607944
17.13725471
22.40000153
12.81764793
14.65490341
11.93725491
10.21176529
9.01176548
11.33529377
11.35882092
9.30392170
5.41960812
4.63921547
7.86862850
6.93137312
15.94902039
23.77842712
11.91764832
15.23725510
13.06862736
11.63725471
9.16862965
8.10196018
9.05490208
8.27254868
6.94901943
3.48627472
5.59607887
8.18431377
10.78039360
24.40979958
14.95490265
13.68823433
14.92549038
12.32941341
14.93137360
7.89019632
7.27843142
7.43529510
7.63333321
3.71960783
4.47058868
7.66470575
7.40588236
20.83333588
19.32157135
12.76666641
14.91568565
14.85686398
17.72745132
10.43333435
6.05098104
6.75294113
7.75490189
4.31372547
3.58823586
6.08431387
6.82549095
12.66470718
22.72941399
14.00000000
13.04705715
13.37255001
15.17254925
17.38431740
6.67254972
6.10784340
7.08627510
5.18627453
2.86078501
5.37647057
6.43725586
8.05882359
22.37843132
13.76470566
13.31960869
13.27058697
14.37843132
12.15098095
9.23921394
5.88627386
5.96666622
7.84313726
2.98431420
5.18823528
6.88823557
6.19215775
15.69215775
17.31960678
13.31372547
13.25489902
12.60784245
8.32745075
11.87646866
6.78627491
6.12156820
8.08823395
5.09019661
3.94313765
7.06078434
6.38431263
8.61764717
18.37255096
14.68823528
12.22352982
13.73529243
8.97058868
10.63921452
7.97647095
6.19803905
7.51960850
6.87647152
3.40392208
6.78823471
7.79607821
7.23333359
15.25882530
15.75882530
13.55097961
16.39999771
9.16078472
7.82352972
10.37058735
7.36470509
6.53725624
8.22941113
4.15686226
5.55882359
8.53725529
7.13137436
15.57843113
14.28823566
16.25490379
12.50000000
14.01372719
5.32352972
11.62352848
10.89608002
7.66666746
9.24117661
5.29803896
3.98235345
9.57451057
8.76274586
15.29411983
15.84117699
14.45294189
10.66078568
14.24706078
7.19411755
10.78039265
20.23529816
14.20980263
8.72941399
7.84902000
3.97843170
8.22745132
12.00588322
11.86470509
19.42353058
12.55686378
11.90980434
14.28039169
8.59803963
10.76078224
25.17450905
22.41960907
13.23725510
9.66274548
4.89215755
6.89019680
12.20000076
14.31764793
18.93529320
15.85490131
13.72352886
12.00784397
10.27450943
12.52548981
24.60783768
28.08039284
20.62353134
11.04117680
8.52549076
5.94509792
9.34313774
17.43725777
16.52156830
14.73333168
19.70000458
11.13333321
11.36078548
10.93725586
25.18627930
30.09215927
24.51960945
15.16862774
12.81960869
4.90980387
9.25882244
13.37254906
20.27450562
13.64313889
15.45098114
17.86274338
11.45686436
9.42352962
21.22941208
29.00588036
25.40784454
19.60392189
14.03921509
8.23333263
8.28627396
12.63529396
17.84509659
15.51568508
9.38039303
21.69608116
13.07843113
9.14509869
14.08823681
27.29411697
23.54902077
21.21372986
15.89412022
11.64510059
5.74313736
11.35490131
14.02353001
18.20392227
12.29999924
13.28039169
14.32156944
11.86666679
9.79999924
23.03725433
20.00784492
18.31568527
17.39215851
13.24117565
7.02549028
9.10980415
14.00392151
15.67058945
15.33333302
9.53725338
12.42745304
14.00784302
8.76862621
17.07451057
17.51176834
14.01568794
14.71176624
14.58431339
10.34706020
6.56274605
11.07843113
16.04901886
17.43725586
11.78431511
10.35098076
14.30195999
9.45294189
12.91960812
16.19607925
14.07254982
13.24705887
13.84117699
12.51568604
6.21764660
8.87843227
14.60588264
17.79607964
12.46470547
10.94705963
12.38235378
13.25882339
13.25882530
15.85294151
12.78823471
12.76274204
12.79411697
11.88627625
8.48431492
7.64901972
10.51960754
16.55490303
14.63725662
11.09607601
11.05686188
16.54117775
11.16470718
15.70980453
12.33529758
12.30980396
11.55098248
10.19607830
10.14901829
6.37254953
10.13137341
13.33529377
13.14509964
9.61372566
13.80392265
16.60196114
10.84705925
15.72549152
13.31961060
11.89019680
10.68235302
9.49215698
9.20980358
6.97451067
9.39215660
10.42941284
11.14509678
11.05490017
10.79804039
15.61764717
15.48039150
13.91568756
14.38039303
11.72941399
11.89019489
9.78627396
8.55882263
8.08235359
6.70588207
10.77254772
10.69607830
11.67451096
8.77254963
12.08627415
17.94510078
12.17254925
15.37059116
12.23725605
12.76470661
11.06078339
8.29411888
8.14901924
5.89803982
9.29803944
11.97451305
9.83529472
13.49608040
10.22156906
16.21568489
11.42941093
16.12156868
13.31176472
11.08823395
12.57843304
9.19607830
7.81176424
6.74509907
5.85097980
11.59411907
9.50980473
14.09411907
11.92745113
12.38431263
14.41961002
14.71568489
13.84117413
10.41961002
12.56862831
9.98823547
8.50000191
6.74313736
4.87647104
8.38235378
11.07058716
10.15882397
15.79608059
11.16078568
15.67647076
11.80980587
15.00391960
10.68431377
10.96470547
11.26470566
8.63333416
6.91764879
5.40980387
5.11960840
11.75294113
8.42745113
13.28039360
10.54705811
14.91764832
10.59215641
16.35686493
11.21372509
9.70980453
11.07647038
9.01568699
8.02156925
5.55686235
4.70000124
7.35098124
12.75294209
7.21764708
9.98823452
11.53333378
12.99803925
14.87647152
12.81176376
10.08235264
9.95098209
9.76274681
7.90588284
5.89019680
4.96274519
5.11960840
11.93333435
9.06078529
7.27843094
8.82156849
13.08431339
14.89019585
12.87450695
11.99019432
8.88039207
10.03137398
7.88039160
7.10588217
4.89019632
4.73137283
6.56274557
12.94901752
7.65686321
6.69019651
12.79803753
13.26666832
15.09019852
12.23725510
9.76078320
8.69803810
8.19215775
8.62549019
5.61372566
4.58627462
5.50196075
12.92156792
9.36862850
6.28823519
9.21176434
14.76862812
14.64313793
11.01176643
11.30392170
7.88039303
9.04706001
9.70392132
6.62941122
4.78235292
5.46470594
5.76666641
13.33137226
10.28431129
7.11176443
11.56274414
14.74117756
11.72744942
11.90000248
8.21176434
9.59999943
10.96274757
9.28431511
5.04705858
4.64509869
5.62352991
11.26666641
10.56470585
9.95294189
7.64117670
12.50392056
13.76274776
11.08431149
9.81960869
8.30392075
15.25098133
9.65294170
5.20588207
4.40000010
5.22156858
5.25686312
9.75098038
13.96666622
11.84313774
7.88823462
13.31176376
10.83725452
12.49215603
7.51568556
13.63921642
10.21960735
7.08431339
3.99411821
3.92156887
4.66862726
8.83921623
9.79411793
14.30784225
8.94902039
9.54901981
12.50588131
12.12745094
9.13921547
9.96274471
13.52352810
7.39607811
4.17058849
3.45490265
4.48235273
5.49411774
8.38823605
12.20588398
12.07058907
8.51960659
12.19999790
10.81568718
10.29411888
7.11176538
12.29019642
8.21568680
5.04509830
3.17254901
4.17254925
4.56078482
7.91372585
9.61764717
11.93333340
10.97646904
10.85490227
11.48431587
11.15686035
6.94117546
8.45882607
8.75294113
5.82745123
3.56862760
3.25686312
4.05882406
5.69411802
9.73529339
11.84313869
13.19411850
10.33921528
14.18039322
10.34706020
7.98235369
6.80196142
8.93333340
7.42156792
4.27450991
2.99019623
3.33137274
4.81176472
9.81960869
11.88627434
11.56470585
11.33725548
13.82352829
10.83529472
10.14117622
7.41960812
7.90980387
8.02156925
5.56862783
3.68431377
3.10000014
3.85686255
7.10980415
12.17451096
12.00784397
12.64117527
10.43725586
14.10980415
10.69411850
8.71372700
6.55098104
8.80784321
6.64313793
3.90784311
3.38431430
3.49607921
5.51960850
9.97843075
10.74117661
13.50392246
11.60784340
14.15098190
10.10000134
10.07843208
7.38235378
7.82549095
8.15294170
4.39607811
3.21176481
3.50392222
3.55294156
7.44313669
11.56666851
12.37843323
10.49803925
14.56862831
10.59607792
9.66470337
10.05490017
7.06470633
9.29607868
5.66470718
3.35098076
2.97647047
3.20000029
6.40784359
11.01961040
8.96078491
10.12941170
13.80196190
11.45686436
10.07058907
12.02548981
7.31568527
8.57843113
8.39411736
4.15686321
2.75490236
2.78627443
4.09019613
9.34705830
9.77843094
8.06666565
11.40000153
12.30588150
9.86666870
11.88235283
10.61372566
7.58235216
10.49803925
6.31764650
3.13725543
3.23725510
3.95882297
6.18235397
10.32745171
8.03529358
9.74313641
13.83921432
10.03725529
11.95686531
12.73333263
7.26078367
11.57843208
8.92549038
3.89803958
4.20784330
2.81176496
5.55294132
8.78235340
10.64509773
8.93529510
14.24901867
11.32352924
11.39215946
12.64705849
10.39999962
7.56274605
12.39999962
7.40980387
3.05490232
3.08235312
5.93333244
5.15490246
13.03725433
9.02745152
14.37647152
13.77058792
10.71568775
11.50784302
11.36470509
7.39803934
13.00980473
9.28823662
3.98039317
3.50784326
2.83921599
6.93529463
8.04117680
11.84313393
12.02549076
18.33137512
9.74901962
11.67254829
10.90980339
9.70392036
9.06666756
11.81764698
7.04902029
3.41764712
1.97058856
6.88823509
6.38823605
9.22941303
9.69803905
18.60000038
11.31568623
10.71960831
9.85490322
11.78627396
7.96274519
10.96078491
8.84313774
3.51568604
3.00784349
3.78823543
7.74313736
7.59999895
8.52156830
14.42549229
13.53137112
9.11176491
9.79803944
12.62352943
9.30980396
9.51764870
9.55098057
5.47843218
3.49215746
1.90980458
8.13333321
7.48235464
10.35293961
13.49803925
13.09411812
8.49215794
8.39803982
10.36666775
13.08431721
8.00588226
9.11372757
7.72352934
2.62745142
2.77058840
4.46470594
9.40588284
10.12549019
16.76862335
14.32941341
8.69999886
7.82352924
8.53529453
16.39019775
8.02941227
8.09803867
8.37450981
4.10196161
2.87843180
2.08627462
8.57254982
8.77058792
16.80784225
16.54313660
10.03529453
7.90196180
7.61568689
15.04313850
12.62744808
7.23725510
8.30392265
5.23921680
2.59019637
2.17843175
4.53333330
8.36666584
13.12549305
17.61176491
11.58627415
8.31568623
8.38627529
12.70195961
18.30392265
6.41372681
6.87058926
6.86470556
2.92352939
2.19019604
2.46862769
6.76078463
10.22941017
15.03333473
13.75686264
11.07254791
8.59804058
9.82941151
22.59215927
8.01372623
6.28039169
6.65098047
3.70392203
1.69215679
1.81372571
4.89607811
8.76470757
10.74705887
15.20392323
11.80392170
10.58431339
8.51764774
21.37450981
14.63921547
4.52156878
6.79803944
5.16274548
1.49411774
1.83921587
2.64705920
7.79215765
9.09215546
12.53333473
14.44705963
10.65489960
8.76274490
17.47646904
20.36862755
5.57450962
6.25098038
6.28235245
2.90784383
1.50000000
1.37058818
4.93137264
10.20196056
8.62941265
15.27843094
10.62352943
9.37058735
13.00784302
22.80784416
9.24705791
5.41764736
6.58823633
4.04705906
1.67451024
1.70980406
2.85686278
9.10784340
10.03921700
12.00000000
10.50392056
10.32352829
9.26666737
21.43921089
13.57843208
5.24313831
6.15098095
4.95882368
3.08039236
1.07843137
1.56470621
5.96862698
11.57450867
9.02353096
10.35490036
8.77843189
8.13725376
18.78823853
14.26274776
7.28627491
5.09019613
5.71176481
3.61764741
1.63333356
1.32941198
4.22745132
8.41568756
10.90000057
8.48431301
7.29215622
8.96862793
15.63137436
14.36470413
10.13529396
3.76078439
5.23725557
4.77843189
2.62549043
0.68431377
2.58823538
7.06078434
10.40000153
9.40392399
6.84509802
9.17058754
11.26274490
17.52352715
10.99215794
5.83921623
3.76078439
5.54705906
3.52549028
1.54313791
1.10196078
6.01568699
7.66274500
10.29411888
7.44509792
8.02157021
8.16078472
19.47451210
11.46470737
8.76862717
3.16274548
4.61568594
5.60980272
2.34509850
1.15098059
3.53921556
6.43137217
8.73921585
7.14313841
8.23333359
7.66274595
16.42549324
11.96862507
10.97058773
4.26274538
4.38627529
6.16078520
4.13529396
1.28039229
2.21960807
5.81960821
6.19803953
8.16470718
7.16078472
7.84117746
11.33921432
16.34313774
10.71960831
7.49999952
3.34705901
6.17254925
6.20196104
1.26078451
1.51764715
4.28431368
5.92745113
7.46078396
7.21176481
8.61764812
8.11960888
19.70588493
10.10000229
10.20588303
3.59411836
5.06470585
6.08039284
3.44313717
0.96470612
2.87451005
5.76666689
6.92352867
8.16274548
8.06078625
8.14902020
18.73725319
11.34706020
10.46862698
6.01764631
3.47254968
6.35882330
5.20196009
0.99607861
1.60196078
4.46862841
6.15294170
10.08823395
8.92745018
8.30588341
12.97058964
16.35098076
9.26862907
8.97843266
2.98235369
5.01176500
5.78039169
3.32549047
0.45686275
3.55882382
5.72156858
9.54117680
10.54705906
8.23333263
8.38039303
19.07450676
9.35686398
8.95686245
5.03529549
3.43529415
6.07450962
5.18823481
0.93725526
1.97843158
4.57647085
7.33529377
11.51176453
9.10196114
7.40980387
16.73725510
10.91764641
8.74901962
7.48431349
2.55686283
4.63725471
6.93921566
2.74313784
0.85882354
3.97058821
6.52353048
9.65490150
9.99215698
7.67451048
10.95882320
15.37647057
9.08627510
8.62352848
3.92353058
3.14117670
6.00784397
5.63333368
0.80588257
2.30000019
7.81960869
7.59804010
10.26862907
7.76078463
8.83333302
15.59804058
10.25489998
8.96274471
6.66078424
2.86666679
4.71764660
7.36666775
1.51372600
0.91176474
4.86470652
9.64902020
8.86078548
8.23921585
6.63725567
14.35686302
11.87255001
9.84117603
9.18627548
3.53333378
4.05686235
5.90195990
4.24901962
0.54117662
2.74509835
8.25490189
8.71960831
8.68431568
6.17843103
9.92156887
14.37451077
11.04902077
8.97843075
5.91176558
3.26470542
5.42353010
4.88235235
1.05294156
1.50784326
5.36470604
9.55882549
8.33725452
7.12352943
7.21176481
15.50000191
11.06078625
9.01568604
8.27647018
3.25098014
3.91176486
5.72549152
2.31764746
0.41764706
3.28431392
7.86862707
8.05294132
7.50588179
6.35882378
14.03529358
12.62745094
9.79607677
8.49607849
5.14705896
2.61764717
5.33529425
3.10392189
0.66862774
1.38235307
6.07647085
7.62156916
6.71568584
6.67843103
8.76666737
16.55686378
10.97254944
8.69804001
7.45882416
2.31176472
3.16078424
5.16274595
1.35686314
0.39019608
2.90784311
8.04509926
6.48235321
6.51960850
5.90980387
17.08431244
12.10000038
8.67254925
8.30000019
4.20392132
2.28039217
4.37647057
2.91568661
0.49411765
1.50980401
5.65490294
7.24509716
6.03137350
5.83725452
11.28823662
15.93529510
9.37843323
7.78039122
6.69804049
1.74509823
3.55686331
3.67254901
0.89803952
0.35490197
3.60588264
6.18431425
6.32745171
5.95294094
6.28039217
17.07647133
10.42744827
7.69411850
8.16078377
3.13725519
2.49019647
3.76078415
1.96470630
0.14313726
1.37058830
4.51960754
5.90196133
6.39999914
5.46078491
12.67647171
13.41372585
8.08627319
7.43921518
6.24117708
1.84902012
3.77843165
2.53137279
0.51372552
0.41764706
3.69215751
4.59411812
6.82353067
6.44313765
8.80196095
14.55882454
9.00196075
7.40196133
7.22549105
2.53921628
3.12745142
3.17843175
1.79215717
0.16470589
2.19019604
4.93333340
5.79607868
7.10784340
6.78627443
14.04901886
10.60588074
7.72549152
6.94313717
4.30392170
1.87647080
3.96666670
2.77843189
0.18039216
0.64705884
3.87058854
4.74313736
6.97843122
6.84313774
11.66470623
12.04901981
8.16078377
6.91176367
5.95490217
1.80784333
3.87647080
4.14313793
1.09607875
0.18039216
2.10196066
3.62352943
5.48235273
7.38627434
8.27058887
13.88039112
9.32353020
7.14509773
7.01372528
3.14705944
2.85882330
4.03137302
3.42353034
0.36470589
0.62156868
3.00784326
4.23333359
6.43333387
6.72352934
12.30980587
10.96078396
8.98627472
6.35490274
5.32549047
1.78431404
3.54902005
3.86862779
1.24509871
0.35882354
2.43725491
3.61764741
5.43137264
5.90588284
9.37647152
12.27843094
9.97451115
6.81176519
6.43725443
2.65686321
2.52941203
4.00588226
2.15294123
0.15882353
0.90784317
3.74705887
4.22156858
5.28039265
7.53333378
11.54706001
10.43137264
8.57843113
6.51764727
4.77843189
1.62941206
3.48823524
3.25686359
0.56666678
0.31960785
2.86862755
3.75098014
5.26078463
6.61960793
9.73725510
11.03333282
9.44705868
6.77058792
5.41568613
2.06470609
2.93333387
3.81960773
1.48627508
0.10784314
1.61176479
3.81372571
4.18627453
5.94509792
8.80392170
10.18627453
10.10196018
8.19999981
6.41372585
3.45686316
2.19803953
3.97843146
2.55490279
0.48627451
0.77843142
2.90588212
3.83529401
5.16078472
7.08431339
10.06862640
10.02745247
9.30980396
6.84901857
5.10784340
2.01764750
3.54901981
3.78823495
0.68039238
0.20784314
2.00784349
3.79019570
3.99607897
5.45490313
10.12745094
9.71764755
9.63921452
7.17058897
5.37451029
3.10000038
1.91568649
4.27647066
1.66470635
0.31176472
0.91372555
2.70000005
4.27254915
4.68823528
8.87647152
9.66274548
9.76078606
7.54117632
5.39803886
4.54117632
1.45490205
2.09411788
3.34902000
0.48431373
0.29411766
2.23529434
3.74705911
5.39803886
6.45294142
11.33137321
9.40980434
8.25490189
6.03529310
4.90980434
2.11372542
1.07843149
3.05686307
1.36862755
0.26470590
1.02745104
2.75490236
5.73921585
6.36862707
12.32352734
8.67255116
9.38234997
6.60588264
5.06470490
3.74705935
0.89215696
1.74509835
2.59215736
0.87647092
0.31176472
2.29607844
4.15490150
6.77450991
10.87843037
10.01568699
9.24705791
7.07451057
5.40784311
4.35686302
1.78431404
1.15882385
2.25686288
2.25882316
0.23921569
1.15294135
2.81176472
5.55294132
7.92745066
13.79804039
7.90196180
7.97058725
5.53529406
4.87647057
2.89215732
1.13725531
1.57450998
3.14313793
0.59411770
0.38627452
2.03725505
3.70980430
6.61960793
12.43529606
9.27451134
8.65882397
6.50392151
4.80784321
4.02156925
1.42352962
1.22156882
3.07254934
1.87647069
0.10392157
0.87450987
2.68823576
5.35294199
10.26862717
11.72745037
7.81960821
6.97843170
5.31764746
4.63921642
2.51372600
1.34117651
1.98235321
3.43921542
0.23529412
0.66078436
1.60588253
4.08235312
7.63725567
11.56666851
7.71960831
8.17843056
5.70196104
4.66666651
4.22352934
0.94509834
2.02352977
3.41372561
1.24509835
0.13137256
1.66274536
3.11960816
6.25686216
10.71176529
8.43921661
7.39607811
6.92941284
4.84509802
4.85294151
1.92352962
1.31960797
1.94705927
2.49411798
0.29019609
1.15882361
2.19803953
4.83725500
10.11372662
9.94901943
6.45686245
7.73921490
5.28235388
4.50980425
3.90588236
0.90980399
1.02352941
1.98039246
0.84705919
0.31568629
1.78431404
4.14509773
8.50588322
10.49215698
6.92745161
7.41176558
6.85686207
5.20784378
4.56274509
1.28431416
0.89215708
2.12156868
1.44117689
0.15294118
1.22549033
3.07843113
6.74117613
10.69411755
7.72156906
6.25294161
7.84705973
6.50980425
4.50980425
3.17254925
1.00392175
1.84705901
1.93725514
0.59607857
0.47450981
2.09019637
4.87058783
10.56666660
8.55098057
5.90392303
7.07451105
7.76274490
4.72549057
4.44117689
1.54902005
0.97647077
1.88039243
1.72156894
0.17254902
1.29411781
3.84509802
8.34117794
9.74313831
6.77450991
6.19803905
8.08431339
5.52549028
4.22156858
2.92941165
1.07843149
1.56470621
2.16470575
0.41764706
0.47647059
2.81176496
6.27647066
11.23725510
7.26862717
5.58431387
7.00588226
7.31764793
3.94117665
3.99607873
1.56274533
1.54117692
1.73725510
1.15294158
0.20392157
1.88235295
4.90196085
9.45686245
9.79019833
5.95294046
5.98235226
7.75294161
4.83529377
3.82549047
2.29411769
1.73529434
1.87843156
1.17451000
0.34705883
0.77843142
3.65098047
7.50784302
11.04509926
6.63137197
5.14509773
6.99019623
6.87058783
3.86078405
3.27843189
1.70980430
1.43921578
1.29607880
0.67058849
0.19019608
2.77843165
5.17254925
9.66470718
7.81764603
5.30392075
6.29999971
7.18627405
4.07450962
3.83921623
2.30980444
1.20392191
2.06078458
0.70784324
0.28823531
1.05686283
4.26274538
7.68823576
7.81372547
5.87058878
5.55490255
6.88823557
4.64117718
3.72156930
3.17058849
1.40196109
1.60980392
1.15490234
0.50980395
0.12745099
3.16470599
5.83333302
7.58823586
6.29019594
5.12745094
7.05490160
5.29803944
3.69803929
3.67843151
1.47647119
1.29607868
1.26078463
0.84901989
0.18039216
1.61568630
4.47254896
7.85882235
6.30000067
5.12549067
6.12549067
6.44705963
4.14313745
3.35882354
2.59607863
0.79803950
1.63921571
0.80000013
0.25882354
0.38627452
3.98627424
7.12745142
6.89607811
5.02745152
4.69607878
7.81372643
4.96078396
2.94117665
3.50196123
1.16862762
1.02156878
0.80000019
0.66666692
0.30196080
2.68431401
5.74117661
7.23333311
5.45294142
4.64117622
6.65490294
6.76078463
3.61960793
3.32745123
1.93921590
0.55490202
1.26078475
0.80784321
0.27254903
1.12549019
4.26862764
7.99411964
5.82745075
4.72745132
4.95294142
7.71960878
4.84313679
2.91960764
2.98039222
0.79215705
0.95098054
0.85098052
0.42941177
0.13725491
3.14509821
7.70784283
6.22156858
5.00000048
4.26274538
6.73921585
5.89999914
3.43921590
3.56666660
1.10588276
0.87451005
1.01176500
0.73921597
0.10392157
1.46862745
6.33725500
7.42353058
5.06274509
4.13333368
5.16470623
6.47058773
4.92352915
3.01960802
2.51568699
0.53921574
0.74313736
0.86862767
0.14509805
0.16862746
4.23529482
8.68431377
5.17843151
4.50000048
4.22745132
6.41176462
5.27450943
3.00000024
3.23921657
0.83333373
0.72549033
0.65882361
0.47254902
0.13725491
1.62549031
7.62549067
5.98235512
5.08431435
4.07058907
5.45098019
5.11568594
3.67254901
2.93921614
2.14705896
0.36666667
1.22549033
0.37450981
0.22745098
0.30588236
4.87451029
7.48627424
4.64705896
4.32941151
4.43725491
5.67254877
3.98039269
2.49607849
3.48235321
0.46862745
0.63529420
0.79019630
0.26470590
0.11960784
2.52549005
7.72549009
4.85294008
4.39607811
4.07451057
5.17843056
4.87254906
2.76666689
3.22941208
2.06470680
0.35882354
0.73725498
0.36862746
0.15490197
0.67450988
5.89607906
6.22745037
4.25098038
4.19019604
4.82745028
5.40196085
3.49019670
3.17647076
3.10000014
0.68627471
0.28823531
0.74705893
0.13921569
0.15686275
3.10392189
6.81176424
4.23921585
3.71372581
4.61372566
5.24313688
4.76666737
3.24313688
3.49607873
1.33333373
0.49411765
0.24901961
0.26862746
0.18235295
0.90784323
5.71568584
4.78823566
3.46274495
4.03921556
4.92156935
5.28039169
3.51176500
3.51960778
2.54117680
0.50588238
0.44117647
0.32941177
0.25098041
0.17647059
3.17450976
5.36862755
3.70000005
3.17843127
4.78235340
4.93333340
4.54705954
3.39803958
3.14901996
0.89019644
0.69411790
0.65882367
0.37647060
0.23137255
1.12352955
4.49999952
3.95686269
3.45882416
4.46470642
4.59607840
4.73529387
3.76666689
3.38431430
2.22941160
0.72549039
0.37058824
0.76470608
0.24117647
0.13333334
2.86274552
4.56274509
3.46274519
3.68627453
4.76470566
4.90000105
4.00196075
3.07843113
3.34705901
1.17843175
0.40980393
0.59803933
0.15294118
0.14509805
1.49411774
4.34509850
3.86274600
3.19803929
4.73137236
4.58627462
4.04705906
3.56862736
3.10588264
2.04902005
0.68627477
0.55294120
0.25686276
0.11764706
0.63725495
3.04509807
4.32156944
3.69019628
3.92745090
4.28431368
4.49411821
4.29411793
2.78039265
2.16470623
1.36666691
0.21372549
0.67451006
0.16862746
0.11568628
1.84117663
3.80980420
3.82156849
3.35882378
4.26666689
4.32156944
4.60980463
4.04313755
2.26862788
1.36666691
0.46666667
0.66078442
0.38039216
0.15882353
0.88627458
2.75098062
3.47451043
3.53333378
4.37254906
4.05098009
4.26862764
5.30980492
1.93921578
1.73921597
0.50196081
0.50000000
0.76666677
0.17058824
0.16274510
1.93137300
3.31764746
3.39803934
3.95098162
4.33921576
3.95686316
5.03529453
2.68627524
2.47843170
0.28823531
0.40784314
0.90000015
0.25098041
0.20000000
0.89411777
2.76274514
3.05882406
3.60784340
4.15490246
3.59215665
4.05098057
4.33529425
1.87843168
1.83725524
0.32745099
0.79803926
0.54901969
0.14313726
0.27843139
1.79215705
3.28823519
3.32941175
3.48823500
3.90784335
3.64509845
4.43921614
2.38235331
2.54313779
0.36862746
0.33921570
1.06470609
0.21764706
0.16078432
1.06666684
2.50000048
2.95882368
3.50392151
4.25882292
3.08823562
3.92352939
3.48431373
1.92549026
1.43725502
0.26470590
0.77254909
0.70196086
0.09411765
0.53137255
1.94901991
2.95098066
3.34313798
3.87450981
3.00980449
3.82156920
4.18235302
2.07058859
1.97254920
0.25294119
0.34901962
1.10784352
0.09019608
0.12549020
1.36666679
2.95686293
3.10392141
3.52156830
3.21960831
3.36862755
4.16470623
3.03137302
2.04705930
1.12549055
0.32352942
0.78431386
0.41960785
0.17254902
0.64313728
2.20392203
3.04117656
3.38039303
2.94705892
3.05882382
3.74901986
3.63333321
1.96862769
1.64117658
0.37843138
0.22352941
0.79803938
0.22156863
0.14313726
1.68235326
2.85098004
3.22352934
3.38431382
2.86470628
3.04705882
3.91960788
2.44705939
1.95490241
0.64117646
0.27843139
0.66666687
0.22745098
0.14313726
0.84117657
2.27843189
3.04901981
3.56274486
3.01568675
2.81960797
3.52156878
3.02549028
2.00196099
1.34902012
0.58431387
0.36470589
0.54509813
0.24313726
0.20196079
1.70000017
2.69607878
3.18235278
3.36274505
2.53529477
3.22549057
3.23921585
2.04117680
2.03529406
0.57450986
0.19607843
0.55882353
0.40000001
0.24509804
1.01176476
2.20784330
3.01764727
2.86862779
3.06470585
3.05098128
3.38627481
2.43137288
2.23137283
0.84901989
0.27647060
0.44705883
0.56078446
0.27058825
0.36078432
1.90392184
2.52941179
2.90784335
2.80392170
2.93137288
3.27647090
3.37451029
1.98627448
1.52156889
0.31176472
0.29803923
0.77647078
0.22156863
0.25686276
1.13725495
2.12352967
2.76862788
2.51568651
2.95294118
3.04117680
3.72352958
2.43725491
1.78039253
0.69215703
0.17647059
0.54117650
0.58235312
0.14313726
0.43333334
1.51568675
2.68235326
2.82156873
2.75294137
2.73921561
3.45686293
3.53921604
1.74117672
1.17647088
0.36470589
0.33333334
0.74117661
0.14705883
0.14705883
0.81960797
2.14901996
2.57058883
2.58823562
2.92352962
3.04117656
3.78039169
2.51568627
1.19019663
0.88431400
0.16862746
0.54117650
0.45882353
0.19803922
0.34117648
1.17647064
2.56274486
2.72941184
2.75098085
2.67843175
3.79411769
3.87058854
1.18627453
0.93137282
0.20980392
0.48039216
0.56078440
0.18627451
0.23921569
0.91764706
1.80588245
2.60196090
2.39215708
2.38235307
3.40980387
3.74705935
2.32549095
1.09019625
0.61176479
0.16078432
0.52156872
0.50392157
0.20980392
0.53529418
1.31568635
1.86078429
2.78039241
2.29411793
2.54509807
3.46862793
2.99215746
0.85686296
1.18823552
0.40000001
0.27647060
0.57058829
0.22549020
0.27647060
1.14117670
1.38823581
2.79803896
1.97451019
2.16666675
3.00980425
3.13921595
1.49019635
1.09411788
0.55686283
0.27058825
0.63137269
0.21568628
0.27450982
0.46274510
1.41568661
2.02745128
2.59999990
2.20588255
2.44117689
3.04313779
2.60392189
1.01568651
0.62745112
0.28627452
0.69019616
0.34509805
0.31568629
0.17450981
0.93921584
1.40980399
2.58823586
1.95098054
2.61960793
2.97450972
2.79019618
1.53333366
0.85686302
0.29411766
0.27450982
0.72941184
0.33333334
0.22745098
0.49411765
1.09411800
1.94705927
2.03725505
2.32156897
2.73921561
3.00784349
1.97058868
1.16666698
0.36666667
0.16666667
0.71176475
0.58823544
0.13529412
0.30980393
0.88235307
1.40196121
2.50784326
2.04117680
2.36470628
2.92549014
1.98235321
1.80980396
0.65686291
0.19607843
0.36666667
0.82352954
0.39019608
0.10196079
0.76862764
1.25686300
2.44509792
2.00000024
2.04705906
2.79019618
2.11176515
2.18823552
1.01568651
0.39215687
0.13137256
0.86666679
0.68039238
0.19411765
0.53529412
1.19019616
1.95686293
2.48823547
1.84705901
2.48823547
2.60000038
2.03725553
1.22549081
0.73137265
0.12549020
0.44705883
0.77254927
0.55490208
0.12352941
0.81568629
1.37450993
2.64509869
2.07647085
1.62745130
3.22156906
2.38431406
1.86666703
0.88235307
0.23137255
0.13529412
0.75686294
0.53333336
0.20980392
0.36470589
0.81568646
2.07451010
2.36470652
1.36862767
2.31568694
2.61372590
2.63529468
0.85294139
0.61372560
0.12549020
0.27058825
0.50000000
0.27058825
0.22549020
0.66862756
1.11372554
2.19803953
1.27254939
1.54313755
2.40980387
2.91176510
1.08627462
0.81176484
0.12745099
0.13725491
0.28627452
0.23725490
0.13137256
0.47450981
0.68627471
1.97647059
1.93921590
1.29215705
1.94117653
2.30784345
2.00588250
0.66274518
0.31568629
0.15490197
0.20784314
0.21960784
0.16470589
0.26666668
0.57450980
1.23333359
2.05490208
1.67058861
1.42352962
2.43725538
2.19411778
0.78627479
0.74313742
0.12549020
0.13725491
0.30784315
0.20196079
0.21568628
0.44117647
0.75686294
2.11764717
1.65686321
1.48823559
1.99411786
2.10588264
1.75294149
0.82745117
0.38627452
0.12549020
0.38431373
0.31764707
0.19607843
0.22745098
0.85882366
1.81764734
1.70196092
1.18039238
1.37647080
2.26470590
1.97058845
1.22549057
0.81764722
0.12549020
0.10980392
0.73333353
0.25098041
0.22352941
0.59607852
1.54705906
1.64509845
1.39803946
0.94117659
1.61372578
2.23529458
1.42156899
1.19411778
0.25882354
0.14509805
0.36470589
0.52352953
0.16078432
0.25294119
1.04509819
1.65490222
1.63921607
0.92549044
1.36666691
2.00392199
1.71176493
1.18627477
0.46862745
0.13333334
0.20392157
0.70196092
0.33725491
0.25294119
0.44705883
1.53137267
1.52941167
1.20000041
1.01372576
1.89215720
2.15686321
1.03921604
0.86274523
0.12549020
0.13725491
1.26666677
0.51568627
0.22745098
0.25098041
0.88235301
1.55686307
1.58235323
1.06862760
1.48627472
2.12549043
1.83137250
0.78235298
0.38039216
0.13725491
1.12156868
1.40980434
0.26274511
0.28823531
0.36666667
1.27058852
1.87058842
1.63137281
1.32941210
1.69607854
2.26078439
0.59411770
0.93921602
0.14313726
0.17058824
2.21764731
0.59607852
0.24313726
0.40980393
0.94705898
1.37647092
1.67058861
1.62941206
1.36078453
1.65098071
1.19803965
1.00784338
0.61176485
0.16470589
1.18431389
1.35490239
0.35098040
0.21176471
0.63725495
1.06274521
1.45686316
1.28823531
1.17647076
1.49411798
1.58823550
0.84117663
1.15490198
0.12549020
0.26078433
1.77451003
0.54901969
0.23333333
0.41568628
0.49215686
1.13333333
1.11764729
1.21960807
1.73725510
1.69215703
0.93921596
1.31960809
0.17843138
0.18431373
0.60980397
0.86666703
0.27058825
0.17254902
0.27254903
0.70980406
1.19019616
1.28431392
2.00196123
1.42549062
1.31372583
0.68039227
0.77843159
0.12745099
0.16470589
0.40588236
0.18235295
0.29215688
0.20980392
0.33529413
1.17647099
1.33529413
1.72352970
1.77843142
1.42352974
0.56862760
0.77254909
0.18235295
0.13921569
0.22156863
0.10196079
0.26470590
0.26078433
0.36274511
0.82156873
1.51960814
1.45882392
1.98039246
1.74313748
1.18431389
0.22549020
0.63921589
0.14117648
0.14313726
0.17647059
0.19803922
0.27254903
0.39803922
0.51176471
1.38039243
1.02745128
1.60196114
1.77254927
2.16862774
0.27647060
0.63333338
0.17058824
0.13725491
0.16078432
0.34313726
0.22352941
0.35490197
0.52745110
0.76078445
0.96470624
1.32941198
1.42156887
1.65490222
1.05686307
0.42156863
0.43725491
0.12549020
0.13333334
0.56470597
0.13137256
0.26862746
0.42352942
0.56470591
1.04117680
0.99215710
1.46666694
1.33529437
1.77843165
0.33921570
0.49607843
0.11568628
0.13529412
0.82941186
0.26078433
0.13921569
0.25098041
0.59803933
0.86470616
1.36470604
1.28235292
1.24705923
1.50000012
0.55490202
0.32352942
0.34901962
0.12549020
1.15882361
0.73137295
0.21764706
0.19215687
0.50000000
0.77843153
0.99411774
0.70196092
1.47058856
0.97450984
0.93333375
0.36274511
0.37450981
0.13137256
0.42549020
2.15098023
0.21568628
0.18823530
0.38823530
0.56470591
0.94313753
0.59215689
0.94313753
1.08235335
1.09411788
0.68823540
0.28431374
0.17058824
0.12549020
2.63137269
0.17254902
0.21372549
0.31372550
0.51176471
1.26862764
0.70980412
0.85098076
1.25686312
1.23921597
0.98039240
0.50196081
0.13333334
0.12549020
1.35686278
0.87843162
0.23137255
0.18431373
0.35686275
0.80000001
1.08235323
0.82745111
0.82156873
1.36666679
1.30588269
0.55294132
0.41960785
0.11960784
0.13529412
1.11764741
0.15490197
0.30980393
0.27647060
0.22549020
0.82745117
0.44705883
0.98823553
1.12549043
1.46470606
1.05490220
0.56274521
0.14117648
0.12549020
0.37254903
0.43529412
0.26078433
0.31960785
0.41764706
0.44901961
0.70784330
0.90000015
0.92156875
1.48627472
1.11960804
0.75294137
0.17254902
0.12549020
0.12745099
0.38823530
0.18823530
0.29019609
0.59019613
0.18823530
0.91960806
0.81372559
1.07843161
1.23333335
0.90392172
0.71372563
0.33333334
0.10980392
0.12549020
0.16078432
0.45294118
0.25686276
0.24509804
0.39607844
0.63921577
0.88235325
0.91176504
0.65490216
1.12549055
0.65490216
0.29607844
0.12549020
0.12549020
0.12549020
1.19607866
0.26862746
0.27843139
0.30000001
0.29019609
1.09215701
0.70196098
0.96078449
0.57450986
0.88235331
0.21568628
0.17254902
0.17254902
0.12549020
1.19411767
0.78431398
0.14901961
0.44901961
0.21960784
0.74901980
1.02156889
0.63529420
0.62156868
1.02352977
0.60392165
0.18627451
0.10980392
0.12549020
0.74313730
1.69411814
0.16078432
0.36078432
0.37058824
0.42745098
1.22941184
0.65686291
0.28823531
0.98431391
0.90392172
0.28039217
0.10196079
0.13529412
0.15294118
2.30588245
0.63137269
0.08431373
0.48431373
0.39607844
0.76274520
0.74705887
0.12745099
0.47058824
1.02745128
0.50392157
0.15882353
0.15294118
0.12549020
1.05294120
1.46862793
0.16274510
0.24509804
0.37647060
0.43921569
0.73725516
0.48039216
0.23921569
0.64117652
0.65098053
0.21372549
0.24901961
0.13137256
0.20196079
1.54313743
0.35294119
0.09215686
0.45686275
0.36274511
0.61372560
0.81764722
0.33529413
0.41372550
0.59411770
0.31176472
0.33725491
0.29019609
0.12352941
0.93137270
0.52745104
0.13921569
0.36862746
0.27254903
0.47254902
0.74313736
0.64313745
0.38627452
0.53921568
0.50784314
0.23333333
0.41372550
0.11764706
0.15098040
0.61764729
0.16470589
0.16666667
0.29411766
0.37450981
0.57450980
0.71960795
0.41176471
0.48039216
0.64117658
0.15882353
0.28823531
0.21568628
0.12549020
0.32745099
0.11764706
0.11568628
0.25098041
0.23137255
0.66274518
0.58235300
0.41764706
0.26862746
0.71176475
0.20980392
0.24901961
0.28235295
0.11960784
0.10784314
0.20392157
0.19607843
0.24705882
0.31764707
0.50392157
0.46666667
0.34901962
0.24313726
0.39019608
0.42745098
0.15686275
0.25490198
0.11764706
0.12745099
0.18431373
0.07254902
0.11960784
0.36666667
0.55686277
0.42549020
0.25490198
0.29803923
0.18823530
0.59215695
0.22352941
0.17843138
0.14313726
0.12549020
0.15686275
0.13921569
0.11568628
0.19019608
0.31764707
0.50980395
0.25686276
0.50000000
0.22156863
0.46666667
0.39411765
0.13137256
0.12352941
0.11764706
0.12352941
0.40000001
0.24117647
0.15098040
0.14705883
0.30784315
0.36666667
0.49607843
0.34705883
0.38431373
0.50000000
0.15098040
0.21176471
0.12549020
0.12549020
0.47058824
1.53333378
0.13333334
0.17450981
0.27450982
0.30196080
0.35294119
0.34313726
0.20980392
0.47647059
0.28823531
0.14117648
0.28039217
0.12352941
0.17058824
3.91568661
0.20000000
0.13333334
0.19019608
0.26078433
0.38823530
0.35490197
0.24901961
0.40392157
0.26862746
0.12352941
0.27058825
0.11764706
0.12549020
3.94705892
1.63137329
0.11568628
0.11176471
0.22941177
0.33725491
0.29215688
0.29215688
0.25490198
0.36862746
0.19215687
0.24705882
0.12549020
0.12549020
1.25686288
3.95294189
0.34509805
0.18431373
0.15490197
0.20784314
0.26666668
0.29411766
0.25294119
0.16470589
0.21372549
0.13137256
0.27058825
0.11764706
0.12549020
4.00784302
0.43529412
0.39803922
0.17843138
0.43333334
0.13333334
0.18627451
0.23921569
0.13529412
0.22745098
0.19803922
0.26274511
0.12549020
0.12549020
1.32745111
1.35882378
0.52549034
0.27058825
0.33725491
0.25490198
0.42941177
0.21176471
0.30784315
0.14313726
0.31176472
0.16862746
0.23921569
0.12549020
0.11960784
0.69411790
0.46666667
0.30588236
0.16666667
0.24901961
0.44313726
0.58235306
0.23333333
0.17450981
0.24705882
0.33921570
0.19215687
0.12549020
0.12549020
0.10588235
0.38823530
0.27450982
0.15686275
0.12549020
0.44117647
0.37254903
0.32745099
0.13529412
0.23137255
0.46078432
0.13725491
0.15294118
0.12549020
0.13921569
0.25294119
0.31568629
0.11960784
0.15686275
0.14313726
0.43921569
0.41568628
0.10196079
0.12156863
0.48431373
0.11568628
0.12941177
0.12549020
0.12549020
0.13725491
0.53137255
0.17450981
0.15098040
0.11372549
0.14705883
0.58039218
0.20980392
0.17647059
0.26078433
0.18431373
0.09803922
0.12352941
0.12549020
0.12941177
0.59607852
0.40980393
0.13137256
0.11568628
0.09803922
0.51960784
0.29803923
0.18039216
0.22549020
0.16274510
0.12549020
0.12549020
0.12549020
0.12549020
0.29215688
0.54901975
0.13137256
0.12549020
0.11764706
0.15294118
0.53137261
0.25490198
0.25098041
0.23725490
0.15490197
0.13921569
0.12549020
0.12549020
0.12352941
0.85490221
0.13137256
0.12549020
0.12549020
0.12549020
0.40784314
0.15686275
0.17254902
0.16862746
0.10196079
0.15294118
0.12549020
0.12549020
0.12549020
0.79607856
0.17254902
0.12549020
0.12549020
0.12549020
0.18431373
0.17058824
0.19607843
0.11960784
0.12549020
0.09019608
0.14509805
0.12549020
0.12549020
0.16666667
0.38627452
0.11372549
0.12549020
0.12549020
0.12549020
0.09019608
0.09411765
0.23529412
0.10588235
0.15686275
0.12549020
0.12549020
0.12549020
0.12549020
0.12549020
0.11764706
0.12549020
0.12549020
0.12549020
0.10980392
0.14313726
0.22352941
0.16274510
0.16078432
0.17843138
0.13529412
0.12549020
0.12549020
0.10000000
0.11176471
0.12156863
0.09411765
