23.58627510
19.73725891
17.02352905
15.81372738
15.53529453
14.36862850
13.60000324
14.07647324
14.96862411
15.20196629
15.79215717
15.16470528
15.06862736
18.75097656
19.65882492
15.91373062
18.59412193
20.11569214
23.48039055
27.56274796
24.69411850
22.09019852
20.44902039
23.30196190
20.92549133
20.10000610
21.44705963
22.06078148
21.65294075
22.59215927
23.07647133
23.92941284
26.37843895
24.26078224
21.36667252
25.09019470
26.06666946
24.37646866
25.73529434
23.34118271
21.68039322
21.61372757
23.84510040
20.89999771
20.14313889
23.09608078
21.90391922
22.65685844
22.84314346
24.43529892
25.34509277
27.32549095
22.48431206
21.98823547
24.26666641
24.50392151
21.28431511
21.81961250
21.53725052
18.61764526
21.57450867
23.07254791
19.88431168
19.55293846
23.88627625
21.02548981
23.76470566
22.06666756
23.51372528
23.94705963
25.71764374
19.84902382
21.26470566
22.96274757
21.30588341
18.80784225
20.26273918
19.09999657
18.03921890
22.16862488
20.40196228
18.97646904
19.09215546
19.28431320
19.54706001
20.40784454
18.99020004
20.47647285
20.29803658
20.94117546
17.96078682
19.44510460
19.02549553
18.63725471
18.27451324
19.40980911
16.65490341
16.51960754
19.30000305
16.07451057
16.24117661
17.42157173
14.28627396
16.42549133
16.64510155
15.52157211
14.71176338
16.44117737
16.67843437
16.40980339
15.99411964
16.30980110
16.52353096
18.17843437
16.86470795
15.60588455
14.70980072
15.46666527
15.14509869
14.41568470
14.49215603
12.59215736
14.39411831
14.33529377
13.62156868
12.86274433
13.86862850
15.28235435
14.86862755
14.62941170
14.64313698
15.95490360
16.95882416
15.64705753
14.58235550
14.40784454
13.93725586
15.57647038
13.90196133
14.10195923
13.37843227
12.72941208
13.27058887
12.38235283
13.17058468
11.86078453
14.08823586
14.26078033
13.64705849
14.34509850
16.07647324
15.84313965
15.44509888
14.83921242
14.25293922
14.32156944
15.33921623
13.74313831
15.17843151
13.68039131
12.98431587
13.61176682
12.45686340
13.10392284
12.02156734
13.46274471
13.88235092
13.34706020
14.70980358
16.04706001
14.70588398
15.44705963
15.45293999
14.68235207
14.08235359
14.08627224
13.25294018
15.94705772
14.10980606
12.98235130
13.35686111
13.11372662
13.55882740
13.26274681
12.70392323
13.46470547
13.64313602
15.35882378
16.13137436
14.91960716
15.19999981
15.32156754
13.69999886
13.83333397
13.23529625
13.43921661
16.54510117
14.74705982
13.26470375
13.72156811
13.63137817
13.67843056
14.13921356
12.58039093
13.74117470
14.50196457
15.41764641
16.55098343
15.38235474
13.94705963
16.13921547
13.86862659
13.67254925
13.80980587
14.92745018
17.08235359
15.81568813
15.51176548
14.57843113
14.64117622
14.53529263
14.49019814
12.44509888
13.19411850
15.51960659
17.02548981
17.68431091
15.14902115
13.32352924
15.51764774
13.47450924
15.73137379
15.31372547
17.32941437
16.17450905
15.88235188
17.33136940
16.12745285
16.59411621
14.76274395
13.70196056
12.28038883
12.99803638
17.38627434
17.79019737
20.31568909
15.99411869
14.28431320
15.28627205
15.18823624
17.04901886
16.54313850
17.81960678
13.39999962
17.53333092
16.53529549
18.92941284
19.83333588
13.86274719
13.11764622
12.69215870
14.05490398
19.94509506
18.29412079
21.59019089
20.50000191
15.85686493
16.34117508
15.75686455
17.17843437
16.28235245
17.35882378
13.13333416
19.90587997
15.24313641
21.70980453
19.31176758
15.23333549
14.37646961
13.59607887
15.69607735
20.15098572
19.64706039
21.47843361
24.73529243
18.34313965
19.75882721
16.86862946
19.85882378
19.40392113
19.95097923
20.73529625
21.95097542
20.44706154
23.25686455
19.57058716
18.99216080
17.78235435
14.08823490
19.94314003
20.06666565
22.52353096
20.97255325
26.48823357
21.20980644
21.19411659
17.29607773
23.11960602
26.41176414
25.53333664
27.19804001
24.32156754
25.61960793
21.56863213
21.06274605
22.06274414
18.86078453
18.73921204
22.94706535
19.62549019
22.96274567
20.86666870
27.39020157
23.61764908
20.42941856
17.84705925
25.45294189
27.09607697
27.94901276
26.66667557
25.27450943
23.52157021
19.21372795
21.83921432
22.30980682
20.85490417
22.34705925
23.11373138
19.88823700
21.36274338
19.38039017
26.32941055
24.38627625
19.40784645
19.19019699
24.14117813
24.53137016
28.43136787
26.47843552
25.66862869
19.46666718
17.17255020
21.17843246
22.23921585
22.25097847
22.74313354
22.87842751
18.29803848
17.39608192
15.30784225
22.89607430
24.32353210
20.55294228
18.45490074
18.97451019
23.79019737
29.93530083
29.70783997
27.01372337
17.79019547
12.95882607
19.88039207
22.54510117
22.41960716
23.21568680
21.21568298
16.74510002
13.22745323
13.05882454
18.77255058
24.28431511
21.90196037
16.80784607
16.03725624
25.80980682
28.67842484
28.13725853
27.38431358
16.92745018
10.91372681
16.08823776
20.09020233
21.83922195
21.66470528
17.84313583
13.87647152
11.18039322
13.17647076
15.27843285
23.28823662
20.12745476
17.48039055
17.38823700
23.47058868
23.10980415
22.53137970
25.90000534
16.34509850
8.79804039
13.20588303
15.34705925
20.07254791
18.11568642
13.94509697
12.94706154
11.64117622
13.65294075
14.46470642
22.09216118
17.56666756
18.83136940
20.81176376
18.23136902
18.40000153
17.46274567
22.64509583
17.11764908
8.75294113
11.18823624
12.10784340
18.15882492
14.99803829
10.64902020
12.98627472
15.22156811
13.37254906
15.50588226
17.53725243
16.70980453
20.37058640
20.82353210
14.29607773
15.62745190
14.73529911
21.58626938
18.52548790
8.05882454
9.63921738
11.27647114
15.77058983
12.09804153
9.87451077
14.58039188
20.42745399
13.65490150
15.59607983
17.10784340
17.76862717
24.79804230
15.04705906
13.04510021
17.62156868
10.28823566
20.36470413
19.29019737
7.63921547
9.31372738
10.69019508
13.63529587
10.04509544
10.68823624
16.31372261
21.74901962
14.66078472
13.64901829
19.70980644
20.46470451
24.26666451
10.15293980
12.37451077
16.11568642
8.49411869
21.14509773
18.82353210
7.50392246
10.03137302
10.60784435
13.76862717
9.54705811
11.61568832
16.96666718
23.11764336
16.47843361
12.28823471
20.70784950
23.34313965
18.95294189
9.58431530
13.26470470
13.30195999
9.15294075
21.93333435
17.91568565
7.49803877
10.42156792
11.20784378
12.95686340
9.34313679
12.23137474
17.03137207
21.56666374
13.21176529
12.90784359
20.30392456
23.89607620
14.96666622
11.11764812
14.62745094
9.51764488
10.42745304
22.04901886
17.60000038
8.20196152
9.78627682
12.65686321
11.44509792
10.14313793
12.91176414
14.70980644
16.48431587
10.52941227
14.22549057
21.41569138
21.45098114
12.82941341
10.25294113
13.29019547
9.38627625
10.57254791
19.49803734
20.92941093
10.90392017
9.56862926
12.54509735
10.55490494
9.74313736
12.41960907
12.11372471
11.92941093
10.16274452
16.08039284
20.68235397
19.70000267
12.94313908
9.42353058
14.50000095
9.10588455
11.19803905
17.03333664
24.47843170
13.48431492
9.25294113
11.50196075
11.65686321
10.03333473
12.30392075
11.26470470
9.23529434
9.67646980
16.73333549
17.35294342
19.91568565
17.01372528
8.88627529
12.73333168
9.18039227
10.35294247
19.65489960
26.58627701
14.60195923
10.00392342
11.38627338
12.48039246
10.69803810
12.27647018
10.65490150
9.56274414
10.45489883
15.27647305
14.30980682
20.23921585
18.09411430
9.30392265
12.42548943
10.41568661
9.51960850
21.95685768
26.26078987
12.72941017
10.31568909
12.33137321
12.39999962
11.32353020
11.90392113
11.86078358
10.38431549
12.99411964
12.69607830
12.37450981
20.94314003
18.12941551
13.98627472
10.08235168
12.57058907
9.38627529
19.26078415
23.70196152
11.03921795
10.62941360
13.31372356
13.27451038
10.94705868
12.10588455
13.32744980
12.16078568
14.73333549
11.64117718
12.44117641
21.03921890
18.52353096
16.80195999
9.91176510
12.80392265
10.45490265
16.04117775
20.13333511
10.07842827
11.06666756
13.25882244
14.64313602
11.13921833
12.36274624
14.88431454
16.51960945
14.12157154
11.30392265
13.43529415
19.72352982
19.93137741
16.67843056
9.88823509
12.47255230
10.58235359
13.43725395
16.24313736
9.50196075
12.37647057
10.75882626
16.31568909
11.30980206
11.61960697
14.93725204
20.47451401
11.20392036
11.53137112
14.07254982
18.02745438
20.88235474
15.47647190
9.91176605
11.59999943
9.75294209
11.89607906
14.54313564
9.02745152
12.40196133
9.14313889
18.02352905
10.52745056
10.63921452
15.17254925
20.65686226
10.23137379
11.91176414
13.43333340
15.06862831
20.36470604
13.16078472
9.74510002
10.49607849
9.10980511
10.89999962
14.34901905
9.43333244
10.75686359
8.86274719
19.25882530
11.21372700
11.33529282
17.72745323
18.61568642
9.82745266
11.42941093
12.46666718
14.13725662
20.02941132
13.74901772
9.45882416
9.34313774
9.08823586
11.40392113
13.56470490
9.62156963
8.86862564
10.28235435
19.28038979
12.56862831
11.04509735
19.06862640
14.71764565
9.16274738
11.36078358
11.68627548
13.02549076
20.60392189
10.55294037
8.65098190
9.19411755
8.88823605
11.38431454
13.04509926
8.57058907
8.57254791
13.58431530
17.88626862
12.13137245
12.36470604
17.73137474
12.78823662
8.66666698
11.35882568
10.84901905
13.11764526
20.24509430
8.96274662
8.77843189
9.14902115
9.54901981
10.58431435
13.71176624
7.53529453
8.77843094
15.67647266
17.56078720
10.85294056
17.01960754
16.42745209
9.40784264
8.72352886
10.26863003
11.03137493
12.34902096
15.47646999
9.36078548
9.07843113
9.37647057
9.50000095
8.98039246
13.27451134
8.35098171
8.84509850
17.45882416
16.63136864
12.51960754
18.78038788
15.21960831
8.15686226
9.56078625
9.10588074
11.51960754
17.43725395
17.14705849
10.28627014
9.35686398
8.95490360
9.63333321
8.72352982
14.22548962
9.41764641
8.25098038
17.61372757
16.97646904
19.20392418
15.16862679
15.53921700
8.78823471
11.97842979
8.69411850
11.76274586
20.56274223
17.11176682
8.81764603
10.62353039
8.49411869
9.33529472
9.96078491
15.65882206
9.21960831
7.81372547
19.91372681
17.22549057
22.18235397
10.84705925
14.71960831
10.29803848
11.46862984
8.94509792
11.95686245
21.23921394
17.30588531
8.13529491
10.62941265
8.74509907
8.67451000
11.32745266
14.85686302
8.89019680
8.26274586
21.59804153
21.19803810
18.52353477
9.86274433
14.57058716
12.69999981
8.73333359
9.67451000
11.99019432
16.45293999
16.69215584
8.66862774
8.67843246
8.61568546
8.49411774
12.59803963
13.00980282
8.65686321
8.56078529
23.68235207
21.94902039
12.50980568
10.06078434
13.60196018
10.86470699
8.81764603
10.49019527
12.99215508
18.04901886
17.14510155
8.73725414
8.41568661
8.34902000
8.99215698
14.30588341
10.62744808
8.95294189
9.51568794
24.12549210
19.05098343
9.79803753
11.25098133
12.08235741
9.24705887
9.38627720
11.84509754
14.78235340
17.57059097
17.39803886
8.66470623
8.82549191
8.23137379
9.34509945
15.71176434
9.00784588
8.46078491
11.01568794
23.62548637
14.44509888
9.66666794
13.69999981
9.28235245
8.97843075
9.71176624
14.35490417
15.61176491
17.40000153
18.28627586
9.51568604
8.94901943
8.79019642
11.66078472
14.42353249
9.64706135
7.90196180
12.73333454
20.68235397
10.69215775
10.33921623
13.88431549
8.40196133
8.62549114
10.32941341
15.64313602
15.70392227
18.37843513
20.07647324
12.88431358
8.59803963
8.53333378
12.77647114
11.76470375
9.99804020
8.73529339
14.22941303
15.30980587
11.52156830
11.98039246
10.90784359
8.43529415
8.80588341
11.65882397
16.01960754
15.80980587
17.88823318
22.67450714
14.86078358
7.77058840
7.92549038
11.66470528
10.96666908
10.66274452
9.36666775
13.95294285
10.90980530
12.50196075
13.53725529
18.32941055
9.71372604
8.20784283
13.10784435
15.48823738
15.50196075
15.18431664
23.39215660
13.17843437
8.00196075
8.28039360
10.28627682
10.16666794
10.85882378
9.56862640
12.81764603
10.78235245
12.49411964
16.56078529
14.51960754
10.16862869
7.41372538
14.82549286
14.69803905
14.95294571
12.77451038
22.06078529
10.67843151
9.81764603
8.80392170
9.76470852
9.95882320
10.62745094
10.94509983
13.06862926
10.42156887
13.36470604
19.69607735
10.45882511
9.83333397
7.56078386
16.20784378
14.21372604
13.21568584
12.14509773
20.12744904
9.01176453
11.75490093
9.70980263
9.58235168
9.77058887
9.59607792
12.35882568
12.73529339
11.26274681
13.45490074
14.61764717
8.10588264
8.41960907
9.72549152
15.08823776
12.27451038
12.40392113
13.23333263
17.98627472
8.50588322
13.88823318
9.38235474
9.61568642
9.34706020
10.05882454
12.71960735
12.43529701
11.84705830
12.87451172
12.76274586
9.12352943
7.01960802
12.21960831
15.08039379
9.96274376
10.42352962
14.30588436
16.95294571
9.86470604
11.84901810
10.42941093
9.59411716
8.71568584
10.71960926
13.14902020
12.82941341
12.22549152
12.86470604
9.99803925
9.76274586
7.88039255
12.73529148
14.21176434
8.54901981
8.18039227
14.95882225
16.89019585
10.09019852
10.45294094
10.89999866
9.47843170
8.46274567
12.53333473
12.69804192
12.42352962
14.69019508
12.19412041
8.42549133
10.05294037
9.89999866
13.82745171
12.57058716
8.26862812
6.59607792
16.22352982
16.45882225
9.76470566
9.74902153
10.38823700
9.63725662
9.78235245
12.62549114
12.25294209
12.52745056
16.90980339
12.35097980
7.39411783
9.98823547
11.76078415
14.97058868
11.39607906
7.96274519
6.83921528
17.43333435
15.01960945
10.67646980
9.01764679
10.29019737
9.22549152
9.91176510
12.46470642
11.73137188
13.63529301
16.86470604
12.68039131
6.67647076
10.86470604
13.34706020
15.17058849
9.38627338
7.43921614
7.20392132
18.30784225
13.68627357
12.93137169
9.87450981
9.82941246
9.01568604
9.60588360
13.73725319
11.47255135
15.38627434
16.62157059
12.91176319
7.22941160
10.92941189
13.70392036
14.83333302
8.10000038
6.73137236
8.55490208
19.83529472
14.48235130
11.70392323
10.26078510
10.94901943
9.10784340
9.58823681
14.18235397
12.87058830
14.73725700
17.97451019
11.21568584
7.04705954
11.55882263
14.49019432
14.49804020
6.75098085
6.80392265
9.82353020
19.60784531
15.26274490
9.39019680
10.49804115
11.77842999
9.34117603
10.53529263
14.83529472
12.60392094
13.80392265
16.24705887
7.68235207
8.04901981
13.87254906
14.43529320
12.97450829
7.06470633
6.89804077
11.75294209
19.42156982
13.90784264
9.66862774
11.42353058
11.15882587
9.36666870
10.61568737
14.22941017
11.97058678
13.04705811
13.40588188
7.00588226
8.74705887
15.78823566
14.23529434
11.34705734
7.98823500
6.12352991
13.37647057
19.87842941
13.46666908
12.12940979
12.50588226
10.43725491
9.53333282
11.26078415
11.96470547
12.45882416
11.79803944
11.10588264
7.05098009
8.77647018
16.87255096
14.10000038
10.60980701
7.13921547
6.40980339
15.62353325
20.24509621
14.22156906
11.48235130
13.50588417
10.20000076
9.40196323
11.80195999
12.09215736
12.98431492
11.00195885
10.69411755
6.84117603
9.31372547
16.32352829
14.68039227
8.76666641
6.91960812
8.10588264
15.39607906
19.34902191
12.36862564
11.32745361
13.07450962
10.21764755
10.19999981
12.41568661
12.13333416
12.79215527
10.65686512
10.68235493
7.22941208
10.81176472
15.10392189
14.08627605
6.88431406
6.51568651
9.36078453
14.22745037
18.27647018
9.67843151
11.57058907
12.90588093
10.23137188
11.41568756
12.23921680
12.52353001
12.87647152
11.53137207
9.19411850
7.35882330
12.31176567
14.13137436
12.88235378
6.89803982
6.34901953
10.00392151
13.89607811
15.52549076
9.07058907
12.10392189
12.42745209
10.15490246
11.48235226
12.43921661
13.21176624
13.01568604
13.35294247
7.95882368
7.23921680
13.49411869
11.93333435
13.20196056
7.80392122
5.78235340
11.00980568
12.83725452
14.09803867
10.35686302
12.96470547
11.59411716
10.90392399
12.11176682
12.05686092
12.93529701
15.79216003
12.28039169
7.51176500
7.32549047
11.81764793
11.50588417
13.16274834
7.54509735
6.40196180
12.32745171
12.22745323
13.48823547
12.95490265
12.98431492
11.10392094
11.09607983
12.58235455
12.39804077
12.90588188
16.94313622
10.25490284
6.88235426
8.55686283
8.96862602
12.68823624
11.37843037
7.03529453
8.38431358
12.37058830
12.28431511
13.23529625
13.47646904
13.20980263
12.18039227
11.58235264
12.21960735
12.79412079
13.07647228
15.39608097
7.85490131
6.53529453
10.07450962
6.62941122
13.93921375
9.31764698
5.92353010
10.46078396
11.33529377
13.44509792
11.94313717
12.88627529
13.36470604
11.96274376
12.35686302
12.08235455
13.14509773
12.76862621
12.58627319
6.49215651
6.43725538
9.25490189
6.79215717
15.25882435
7.82352972
5.45490217
11.29215622
10.30980396
14.20588207
11.41764832
12.00980377
11.80000114
11.29803848
12.14509964
12.02548981
13.39215946
13.06274891
9.87450886
6.33333302
6.31568670
8.55098057
8.04509830
14.88627625
7.73921633
6.79804039
10.92941093
9.47058868
15.03725433
11.83921719
11.53333473
11.35294151
10.80392170
12.49215698
12.62745094
13.07058716
12.67842960
7.99999952
6.79411697
6.27058840
7.59411812
7.78235340
13.36274624
8.51176453
7.07647038
10.88823700
10.78627396
15.41372681
10.74509621
12.65294075
12.18823433
11.00588322
12.68235493
13.01960754
13.80000210
12.53529358
6.84902000
7.64901972
6.92941236
6.27451038
7.60784245
13.10196018
8.89607716
8.08039188
10.69607830
10.69803905
15.14705944
11.00196075
14.10196114
12.78235435
11.00392246
12.08235359
13.66862774
13.06274414
11.87255096
6.46666670
8.53921604
6.81960917
5.01372623
6.47843170
12.93921757
7.63725471
9.11960888
10.49019718
10.06470680
15.25882149
12.80980301
13.67843246
14.15490246
10.90588188
11.80196285
13.89215755
13.50588322
11.57451248
6.56274557
7.90588140
6.26078415
4.52745104
6.86470652
12.90588284
7.10392189
8.49803925
10.25882530
10.40392113
16.17255020
14.71960926
11.72156906
15.32941628
11.38823414
11.38823700
14.96862888
15.08235264
10.62745190
6.88823557
6.97254896
5.33725548
4.96274614
8.61372662
12.37647057
6.99215698
8.52941132
9.62548923
10.91372490
17.19020081
15.16078377
11.38431454
15.10392284
13.19019699
12.76666832
14.70196152
15.96274662
8.03137207
8.91372681
6.14901924
4.98627472
4.97843170
9.85882378
11.21764755
6.69411802
8.36470604
9.14313698
12.01960850
16.27843094
15.13137245
11.15098000
15.72745132
14.99215603
13.86862946
14.23921585
14.19607925
7.06666565
9.74705887
5.07843161
5.95882368
5.06470537
10.24117756
10.72352982
6.52549028
7.94901991
8.52941227
12.72549057
15.16274357
16.04509735
12.01960754
16.99803925
16.17843246
13.43137169
14.43333435
12.92745209
6.56078529
9.26862907
4.97254801
5.98627472
5.93333387
9.63137245
10.12352943
6.38431311
7.28627443
7.96078396
13.10392284
17.29607773
13.69608021
14.68823528
17.36078453
16.13725281
12.84509945
14.47255039
11.77058983
5.97058868
8.53529358
6.11960793
4.89215755
6.40000057
9.08823490
8.50392246
6.49411821
6.79411793
8.14705849
13.35686493
19.95490074
12.55686378
17.50980759
16.92156982
15.97450924
13.44901943
15.20784283
11.14509773
7.37843132
8.09215641
6.13333368
3.77254939
7.13529396
8.56078434
7.62745190
6.73137188
6.90392113
8.96470642
14.97843170
22.08823395
12.09215546
18.16078377
17.23725700
14.87450886
15.39607811
16.57254982
9.41960812
10.25686359
6.88235235
4.24705887
4.10784340
7.95098114
6.00196171
7.72353029
6.59803867
7.58039284
10.50196075
18.70588493
23.10391617
13.94901848
18.54706192
15.30196190
14.16862583
16.58823586
18.06862640
8.58039188
11.57450962
6.17058897
3.25294113
4.57843208
7.96470594
3.99411821
9.37450981
6.42941189
8.89607811
10.97843361
20.91764450
20.18627739
16.36470795
17.66666794
13.97646809
15.08823872
17.62745285
18.36470795
8.73333263
13.55686188
4.45686245
2.96274519
5.08431387
6.94117689
2.99411798
10.69999886
6.83921528
10.37059021
10.18627548
22.51372719
16.93137169
15.69215775
16.03333282
15.09608078
15.71960735
18.02941132
16.69412041
9.71372700
14.33725452
3.18627477
2.73333406
5.42353010
6.78627491
3.44509816
10.02941132
7.29215765
11.16862869
10.61568642
23.88823318
13.88235378
14.25686169
15.59412003
13.85294151
16.98039436
18.62941170
14.25294113
12.43725586
12.71764660
3.20000005
2.94901967
5.71568537
7.69607973
2.95686316
9.05490017
9.50784302
10.42549133
12.09411907
22.27647018
11.77843189
13.62157059
15.53333378
14.14509773
19.10196304
16.95098114
13.38823605
13.14901924
10.50980282
4.11960793
2.77058864
7.02745056
6.19411850
2.15490222
9.91764832
10.44705963
10.11372566
13.00588417
19.24313927
11.84706020
14.77254772
13.82352924
15.09607983
21.70588303
15.33333302
10.84510040
12.69607830
8.81372547
4.29803896
3.10000062
7.97451019
4.66862774
2.30000019
10.10980606
10.33725548
9.20196056
13.95098305
16.94509888
12.32941055
15.68823338
12.10196114
14.59019470
22.27450752
15.26078606
8.21764755
12.49215698
7.26862621
3.67254925
3.77254915
8.15490150
3.74902058
3.30392146
9.87058926
10.33137226
8.08823586
15.83725739
15.87255192
12.59411812
16.85882378
11.19999886
13.93529415
20.51764488
12.89803886
7.18235302
12.93725395
6.50196123
2.96078444
4.40588284
8.20196056
4.07843113
4.50392151
9.96470642
10.06274509
7.33921576
16.75490379
15.63529396
12.57451057
17.50196075
10.99019623
16.16078568
18.99803925
10.19411945
7.72549057
13.17058945
4.63725519
3.37058830
4.81764698
8.20980453
4.80980396
5.19411802
10.77843285
9.23921680
9.41176414
16.21176529
15.54117680
14.19411850
16.63137436
10.90196419
17.88235474
19.51961136
7.60784292
9.05098152
11.21764755
4.25098085
3.32745123
5.23529482
7.43725491
5.21372557
4.73921585
14.26862526
8.04509830
11.88627625
16.48039246
13.36274529
15.62157249
15.52745056
11.16470623
20.19019318
18.67647171
6.61372614
9.72548962
9.53137302
3.59411788
2.49607873
6.63333368
6.26470566
5.39019632
4.39803886
15.26862621
7.20588303
13.95882416
17.55294228
12.01764870
17.57647133
13.82941055
11.90784359
22.40588188
17.84902000
6.80000019
8.86078548
7.48431492
3.58627486
3.18431425
6.52745104
5.61372614
5.11960793
5.34705973
13.01961040
8.45882225
15.80588436
18.47450829
12.78039360
16.52353096
12.57058716
13.71960831
24.11568069
17.58823586
6.43529415
9.18431568
6.10980368
3.93921542
3.99411750
6.29607821
5.03137302
5.60196066
5.06862831
12.17647266
9.57843208
17.56666756
17.64902306
14.51764870
13.89607811
13.01176453
15.76078415
24.78235626
18.76862907
7.70784283
10.34902000
5.83333302
3.06666684
4.99411774
5.84313774
4.78235340
6.60196018
5.74313688
11.99804020
9.86274529
20.02156448
15.78235245
15.04117584
13.10784340
12.95294380
17.66862679
26.38039398
16.96862602
8.94901943
11.22745132
4.15686321
1.91372585
5.92941189
5.44901848
4.81960773
6.26862717
7.12353039
11.85098171
9.82352924
20.78235054
13.79019547
15.40588188
12.84705925
12.61372471
19.31764793
27.14313889
14.97843361
9.59999943
12.43137455
2.64509821
1.67647076
6.96078396
3.83725548
5.73333406
5.71960783
8.19607830
10.77843285
12.23333359
19.09019279
13.06666565
14.38235569
12.28627491
12.19019508
21.58431625
26.78627205
17.02353096
12.34706116
11.12157059
2.10196137
2.17450976
6.06470633
2.87254977
6.62156820
5.38627481
8.79803848
10.45294380
13.01176643
18.45882225
12.36666679
13.48627472
11.73725605
12.13725662
23.18038940
25.99607468
21.83921814
13.41568756
9.52156830
2.11568642
2.63921595
5.88627434
3.19215727
7.03921556
5.60980320
10.10000038
11.12744904
14.93137264
16.68627357
11.44901943
14.95490265
11.45882607
13.25490379
23.73725510
25.42548943
24.84510231
13.03137016
8.53921509
1.98627460
3.72745109
6.01568699
3.63137293
7.23137236
5.68039179
11.26862717
12.07646751
16.78235245
15.15882492
12.08823490
15.29019547
13.09607887
14.90392303
24.40980530
24.70783997
23.55882263
12.60392189
6.86470652
2.36078429
4.65294123
4.95294189
4.21372557
6.77058792
6.49803925
10.95490265
11.84313774
18.30980492
14.73137379
14.51764679
15.00392056
12.69019604
15.99804115
24.80392075
23.22549057
20.34902191
12.73333454
5.17451000
2.58235335
4.95490170
2.81568646
4.84509850
5.60392189
8.10588264
10.25293922
14.40196037
19.62157059
13.93921757
16.72549057
13.65490246
11.20588303
18.37254715
23.70784569
19.75098419
18.83137512
13.46862793
3.64509821
1.63529420
3.92156887
2.35098076
4.85294104
5.04313707
8.66274357
10.59215736
15.71372509
19.33921814
13.40392113
16.99608040
12.51960659
12.09215736
20.47647285
22.02941132
18.22156715
17.93137360
12.56274414
2.88235331
2.27451015
3.71568656
2.43529415
5.37843180
4.57843161
10.57451153
10.40980339
23.85098076
17.96078300
12.48235321
18.04313660
13.54509926
16.52745056
21.63333511
20.98235321
18.11372375
17.96862602
11.37843132
2.71568656
3.35686278
4.84117603
2.62352967
5.85490227
5.13137341
10.53333282
12.28235435
23.74705887
17.08627701
13.43333244
18.72941208
17.91372871
21.10784531
22.42940712
17.87450600
16.75294304
18.13725662
10.60588074
2.55294132
4.27058840
5.06274414
3.55294108
6.24117565
7.22549009
8.43921566
14.19215679
24.08431053
17.50980377
16.41568756
18.94706345
22.63921547
22.27843475
22.19019699
17.08235168
16.28039169
17.06666565
8.71372700
2.11960793
5.76274586
4.64313841
4.79607821
5.42549038
8.65490150
7.84313679
13.53137016
21.03529358
17.22156906
17.26078606
20.65294266
24.50980759
23.94313812
20.30196571
17.81372643
15.89999866
15.33333397
7.19411755
2.07451010
5.54313803
3.68431377
5.49019623
5.00392103
9.96470642
8.21568584
14.64509869
22.32353210
16.68823814
17.10392380
22.35294151
24.76274872
26.53725624
19.42549515
18.12156868
14.60784626
14.36862755
5.03921604
2.85098052
5.30784321
3.91960812
7.49803925
5.04117680
10.18431473
9.70588207
16.37450981
22.01764870
15.09803772
18.30588150
22.18627357
23.67647552
28.88431549
17.73725319
17.53137398
14.41568756
13.04705811
2.98235321
3.39411807
5.84901953
3.61372590
8.83921623
5.82745171
9.61764812
10.12941170
18.28235435
20.95882034
14.73921871
18.50784492
21.43921852
23.04117775
28.15883255
17.30588341
17.60000038
14.71960640
11.23921585
2.17058873
3.96470642
4.91568613
3.41372585
8.27647018
6.58235312
9.96078491
9.51176453
19.26667023
19.90784645
15.46470737
17.25490379
21.60000038
21.66470718
25.96862411
17.81764984
18.02157021
14.65294170
7.28235340
2.23725510
4.86862755
3.47647119
3.50588226
7.35490274
7.50392294
10.45882320
9.69803905
17.80196381
19.23725891
15.48823738
15.94509697
21.77843285
21.06470490
23.53333282
17.72353363
18.65490532
13.19215584
5.68823433
1.93725526
4.18039274
2.46274543
4.43921566
6.67058802
9.08235264
10.04705715
12.56274414
17.76470566
16.26862717
14.63725662
16.85098267
22.12549019
21.27450943
21.49607849
17.94706154
19.34705734
10.77647209
5.89999914
1.77450991
4.37647057
2.14313745
6.64117670
6.26470613
9.79411983
9.44117641
12.73921585
18.75686073
13.55294132
13.56666660
18.64509964
20.20000267
21.90391731
20.50000572
18.25686264
18.56863403
9.60588360
4.99411821
2.55686283
4.90000010
2.55294132
9.20784378
6.12352991
10.17647076
8.56470490
11.20588303
19.67843437
12.15882397
13.06666851
18.99020004
17.94509506
21.98039055
20.01568604
18.11960983
17.52353096
9.04313755
4.03529453
3.78431368
4.35686302
2.79019642
10.33333397
5.73529530
11.71764851
8.11568737
13.10000038
19.07255173
10.26274490
13.85098267
18.79607964
16.74705887
21.82744980
19.46274567
17.66078568
16.54705811
7.09019661
3.72352982
5.34902000
3.97647071
3.20784378
9.74901867
6.58431387
11.28823757
9.10196114
17.50980377
15.29019547
10.13333321
14.25882244
16.82549095
16.58039284
20.11764908
19.15098190
18.80392075
14.51372433
6.59804010
2.65294123
6.24901962
3.95098090
4.53725481
8.19215679
8.88627529
8.96862888
10.53529644
22.03137207
11.45490360
11.02156830
13.94705868
15.20784187
16.57254982
19.12157249
18.96470261
19.46078110
13.29607773
5.90392113
2.01372576
5.77843142
3.39019656
6.57647133
6.71764755
10.39607811
8.51568604
14.00588226
21.37058830
10.89019871
10.18235207
16.60392189
14.55097961
16.98431206
18.39019585
17.46470642
19.25882339
12.31764603
4.78039122
2.20980406
5.76078510
2.78431344
8.85686398
5.92549038
11.21176434
8.28039169
19.17254829
22.54313660
7.15294170
9.47451019
18.89019966
14.61764717
17.81176376
18.34902000
16.62549019
18.82156944
11.09216118
4.17254877
2.89411783
5.58431339
2.67647076
9.73529339
6.29803944
12.14117813
9.64705944
22.25686264
19.72352791
7.22549009
11.94313812
18.99803734
14.80196190
19.38235474
17.43137360
17.56274605
18.82548904
9.28235435
4.19215775
3.95490193
4.63137197
4.42156887
8.14313793
7.70196104
12.24313736
12.33725643
22.49019814
17.59019661
8.38627243
16.36666679
17.25490189
17.24509811
21.28431320
16.78235435
18.12353134
17.47254944
9.62549210
3.12745118
5.09607887
2.99411726
7.48039198
6.56862736
8.25882339
12.12941456
16.40784454
20.06863213
16.60196304
6.42941236
20.35490227
17.65098190
21.57254982
21.60392570
16.29019547
18.96666718
16.50392342
8.99608040
2.77254915
5.42352962
2.59607863
10.60980606
5.20196104
9.63725471
11.19019699
18.29804039
19.13137245
14.09804058
7.92156839
25.25882339
17.66666794
23.68627548
20.47647095
16.19019699
20.13137245
15.29803944
7.46666622
3.55098057
5.75294161
3.67843151
11.09607792
4.98235369
10.59411907
10.93137360
17.95489883
18.32745171
14.42549038
11.60980320
25.49215508
18.14313889
24.12549210
19.36078644
15.42352962
21.03333092
13.62549019
5.57058764
4.73333406
5.92941284
6.75882292
9.70196056
5.70588207
11.26863003
13.07451057
14.87647152
20.19215393
14.19216061
15.86470699
25.10000229
19.44117737
24.39019203
17.47843170
15.88235092
20.77254677
11.38823605
4.34313774
4.98627424
5.16862822
9.20784378
7.97647095
6.93333387
11.85882568
14.06470776
14.50196075
20.67451096
14.38431454
17.59411621
24.08823395
20.86862755
23.14902115
14.63529587
17.07451057
19.89608002
9.49803925
4.07450962
5.21960735
5.26666641
10.14706135
6.98235273
8.82941151
10.89215851
13.82157040
17.55097961
19.45490646
15.50195885
17.76274490
24.85686111
21.83529472
20.21372986
13.13725471
16.87255096
18.68627548
8.71960735
4.25686312
6.05294180
6.01176453
9.99411774
5.85490322
10.27647209
11.09607792
12.88823605
21.01372719
18.21960640
15.37843132
17.33529091
26.45490265
23.49803352
16.38235474
12.08235264
16.73921394
18.40196228
8.03921604
3.82549095
7.90980434
6.66274452
8.94509792
6.38823557
12.16274452
13.80392170
12.42941380
22.23725319
15.07059002
13.85294056
18.68627357
26.92745018
23.79607391
13.69019318
11.83333302
18.00588417
17.39804268
6.49215746
4.83529472
8.51568604
7.22745037
7.87254906
8.41568565
11.67450905
15.73333454
14.27646828
19.53530121
12.40980530
12.57255077
18.87842941
24.22941399
22.83921623
11.94901943
12.32156849
18.30784416
16.73137093
6.29607821
5.45294094
9.25098228
8.25882435
5.87451029
11.05686283
10.57255077
15.86274624
18.79804230
15.61764812
10.85490227
12.90392113
19.86078644
22.99804115
19.61176491
11.01372623
12.03529453
18.54706001
15.74901867
6.83921528
5.66078377
8.71960735
8.25686359
5.56078434
10.69607925
13.31568623
13.74117661
21.67255020
12.58627319
11.26078606
14.02157021
20.09607887
23.14901352
16.30392265
10.86470699
11.86274433
18.85686493
14.43725395
7.22156906
6.67254925
8.87451077
7.36470604
8.27058887
8.41568565
16.56470680
14.56078243
19.51176071
11.98627567
12.09411621
17.21176720
19.56862831
23.09607887
13.96666622
10.83333492
12.17059040
17.77843475
14.14313602
7.54313850
9.81960964
8.61176491
6.93137312
9.59411812
6.78431416
17.12941170
17.38823700
17.41960716
12.13921833
12.48823452
20.39412117
20.14901733
24.52156830
11.90980434
11.40000057
12.31568623
16.24117851
14.13921452
7.81568527
10.37646961
8.96862793
6.07254982
9.00588226
8.40784359
14.88627625
21.34510040
15.70392132
13.48823547
15.86862659
22.33137321
22.26862335
25.83137321
10.64313984
11.36862755
11.87058830
15.49804115
12.77647209
7.93333387
12.72745323
8.84117603
4.75882339
7.10980415
12.75686455
14.44705963
21.43921852
13.67255116
17.31372643
18.61765099
22.59412384
24.68431664
25.12745285
10.06078529
11.82156944
11.74901772
15.22745419
11.21764660
9.42156887
11.54117584
7.55294085
3.78039217
5.49019575
16.69804001
16.57843208
18.33725357
14.34902096
17.49019623
20.58038902
23.30784607
26.69019318
23.15490532
9.27843094
11.23529434
11.93725586
14.81372547
10.82941246
9.94509697
11.13333321
5.74313784
3.19411778
7.06274509
17.35490227
18.69803810
14.80196190
17.72941399
16.86274719
19.30980873
22.16470718
26.66274452
21.01960754
8.86274624
10.69019508
11.68627644
15.53725624
10.47254944
11.42156696
10.95882416
4.38823557
3.26666665
11.22745037
14.73921680
17.91960526
15.20392227
19.69608116
14.70784378
19.53725243
18.89019775
24.94117546
19.41176605
9.07255077
10.82156658
11.28235340
15.67646980
11.99803829
13.18235588
10.10980606
3.70000052
5.10980368
15.00784302
15.25294113
14.91372585
16.54117775
21.29215622
12.74313641
20.55097961
16.46862793
24.13137817
17.85490417
9.69019508
12.18823528
10.77451134
15.09411812
14.13333416
14.23529530
8.14509773
4.87254953
7.63333368
15.27254963
15.94706249
13.90980244
20.49411964
18.03921509
13.40196228
20.11960983
14.41960812
23.64313889
16.24706078
11.59607887
12.38235283
9.86666584
14.71176720
16.43529510
13.68823719
4.69411802
7.23921490
13.39608002
12.94706059
16.80980492
15.37842941
22.14117813
12.81176472
14.79607773
18.83333397
14.58627510
24.14901924
15.45294094
13.72549057
12.66078472
9.31568623
13.91372490
16.95490074
10.82352924
3.61372614
11.52352905
16.56666756
12.45098019
16.50588036
16.26274681
22.28627586
10.68823528
17.04705620
16.46274567
15.21764660
22.80196381
15.80000019
14.89607811
12.09215641
9.94705772
13.49215603
22.64509773
8.55686283
7.52352905
15.18823528
17.39411736
13.86862850
15.58039188
17.15098000
21.82549667
10.80000019
19.03725052
16.15882301
15.21764755
22.07646942
15.94313717
14.42940998
12.14509964
12.20000076
12.60784340
21.44313431
6.93137217
13.86666584
15.27451038
15.56470490
14.91176605
14.89411640
21.07843208
18.14117813
11.40588188
20.16862869
18.88431549
14.34117603
21.07647324
16.16274452
14.85882378
13.18627453
14.14509678
11.97451019
21.17254639
7.55490208
16.00000381
14.92941189
14.14901829
15.41372585
14.00196171
25.19412041
14.55294418
13.31960869
21.05294037
20.66274452
13.28431320
19.50000000
17.20784378
15.86862564
15.05097866
14.07450962
10.76470757
13.66666698
9.13333416
15.31960773
14.79411697
13.39019775
15.39019394
14.89803886
25.87843132
13.22156906
14.82941246
22.29411697
21.79411888
12.43333244
18.35686302
17.38824081
18.44117546
15.83921432
12.80784512
13.04117680
12.45294189
11.78431416
15.12745094
13.41764545
13.04706001
14.91372490
19.48627663
21.24509811
13.27450943
15.54117775
22.08431244
21.37843323
13.37451077
16.59019661
18.01764870
20.55294228
15.45098114
11.82941437
15.10392189
12.95882416
14.93529510
14.69215202
13.27451038
13.19215679
13.68235111
24.44117737
17.24313736
12.92156792
17.31960678
19.52353096
22.87058640
13.81764603
14.69019604
19.80000305
19.74902153
14.55294228
12.66666794
17.62353134
14.39803791
16.81176758
13.62156963
13.83529663
13.75686264
13.61960793
24.81372261
16.05686378
12.45882511
18.87451553
17.49804115
23.82549286
12.84510040
14.02745152
21.53921318
19.23530006
12.84901905
15.54313850
17.87843323
15.67843246
16.96078873
13.56862736
13.84902000
15.23529625
19.37843132
20.10980225
15.86274338
11.97647190
20.75294495
16.74313736
25.27254677
10.86863041
12.47058773
22.20980453
18.86470795
11.71372414
18.23529434
17.16274452
16.17254829
16.72156715
12.53725529
14.54901981
16.87451172
24.26666451
14.94313622
16.12745094
13.08431435
21.21372604
17.76862907
26.41568947
10.36470604
12.03921700
21.48627281
18.86470413
11.40980434
18.38627434
16.70392227
16.77255058
14.39607716
12.90195942
16.27451134
19.05686569
21.89019394
13.77842999
15.82941246
13.67843151
20.14509964
19.78235245
25.78235435
10.53529453
11.48039246
17.26274872
16.41372681
11.54117775
16.82941246
16.21764755
17.97646904
11.16078758
14.04706001
17.54706001
21.65490150
17.29607964
15.71764755
12.94117546
15.43137360
19.11764526
20.43137550
25.14902115
11.40588474
10.42352962
14.47450924
15.25686169
12.55490017
14.37059021
16.05490303
14.85294151
13.35686398
14.33921432
18.49019814
21.12940598
14.67842960
16.55294228
10.65882301
16.45686340
17.57254791
20.66078186
24.98822784
12.15882397
9.08039188
12.99019527
15.70196342
14.22548866
13.09216022
15.69607925
11.13137245
16.45098114
16.60000038
18.73333359
17.76274872
13.36862850
17.83529282
9.21372795
18.55294418
16.37451363
20.66862869
23.53137398
12.78235722
8.89608002
13.31568623
16.12745285
14.09607697
13.27254581
15.32156849
11.38039112
17.18823624
17.98627472
18.01568794
14.28235340
15.95882225
14.48823833
10.91176510
18.42745209
16.33529472
21.06863022
22.19411469
15.66078854
9.51764679
14.87254906
15.98235416
13.42156982
13.97254848
15.60196114
15.04117966
15.39411545
18.79607773
16.02353096
13.44902039
18.26470757
11.00784397
13.96862793
20.22549438
17.64705658
20.79019737
21.74705696
18.05294418
10.42941189
14.79804134
15.91372776
15.69607925
12.89803791
18.71372795
17.77450943
16.24313927
17.66862869
14.94117737
13.82549191
17.53529167
11.79215622
17.22941780
22.40196419
20.40392494
18.69216156
21.25098038
19.03333855
12.41372681
15.62941456
16.88627243
18.73529434
14.27450943
21.15098381
16.05686760
19.19019699
14.07254982
13.57843590
14.84313583
16.21960640
12.82156944
19.17843056
23.98039055
21.69019508
17.44313622
20.90588379
19.33333588
13.80588436
16.38431740
16.70392036
19.98431015
17.02745247
20.72941017
14.66862488
20.18039513
12.37450886
13.45686150
18.74902153
13.69608116
12.47451019
20.17451096
25.28823853
22.34705734
16.02549171
19.79411697
21.28627014
14.57451248
15.09215641
17.43529510
20.26470757
18.35686493
18.34706116
15.06078434
18.66078758
13.45489979
12.82548904
20.76078796
15.08823776
13.69803905
20.73725510
25.59216118
24.18824005
16.33921432
19.71372604
20.86274529
14.52352905
13.92157078
18.67451096
19.03921318
17.05686188
16.40784264
18.32548904
14.53921700
13.90588474
14.62744904
19.70000267
15.48431587
14.60392189
21.42157364
24.92352676
27.27254868
15.93333435
19.81960678
20.05294228
14.66863060
12.50392246
19.08823395
18.39215851
16.44705963
16.88431358
20.36078644
11.18235207
13.82352924
17.70196152
18.33921623
13.95490456
15.94705963
21.04901505
25.40392113
25.87255096
16.27647209
20.79607964
19.12941360
14.52745152
10.64509964
19.48627663
19.65294456
16.55882072
18.39019775
18.30588341
12.05294037
12.85686207
20.44705582
16.71372604
13.29215431
16.99411774
20.90980721
25.24117279
24.26470757
16.98431206
22.21176529
18.84706116
14.12352943
9.38431263
20.93921661
19.01960945
16.60391998
18.48235321
15.49215508
13.64313889
12.92745399
21.11373138
16.01568985
11.66078568
18.93137360
20.71372223
25.29215240
22.99803734
16.98823357
23.06078339
18.64509773
13.05293941
9.45882320
19.17255402
19.23137474
17.09803963
19.90392113
13.64509964
13.49411869
16.12352943
19.73137283
14.13725185
10.96470356
20.29804611
20.00392151
24.71960831
22.25490570
17.29411888
21.53137207
18.11960411
11.68431377
8.49215794
17.05294037
19.55098534
19.45098114
18.62940788
13.57451057
13.63725471
17.29411888
18.97647095
11.71176720
11.75294209
19.99608040
19.06666946
23.76471138
21.70392609
16.63725471
19.12745476
15.51764774
11.52745152
8.66078377
16.76862526
20.34313965
20.72548866
16.38039398
13.46666527
12.41568756
19.34118080
16.76666641
9.40196133
13.35686302
19.51176453
18.20196152
23.23725891
20.38235855
15.50784492
15.91568470
12.35097980
12.19411850
9.41372681
16.58823395
22.60000229
20.57647133
14.42353058
13.07647038
13.51176453
18.72941589
14.07254696
7.07843161
15.97647095
18.22549057
17.57450867
22.40196037
19.21176529
15.81176567
13.79215908
9.59411621
12.95294094
10.72745037
16.65097809
22.32940865
17.96862602
12.75882339
12.05686188
13.87254906
18.02548981
10.51372528
6.03921604
18.70000076
16.92353249
16.97646904
20.63333702
19.00392151
15.88235474
12.96862984
8.51960945
13.10000134
12.70392132
16.98039246
17.03529549
16.01372719
12.66078186
10.87451077
14.67058754
16.47451019
8.12352943
5.77843285
21.39019394
15.97451019
15.96078300
20.75097847
18.23137665
14.53333282
11.25098038
8.37843227
13.33529663
14.47451115
15.95097923
13.29411697
15.01764679
12.98431301
10.33725452
16.62549019
13.18039036
6.63921547
9.19411755
19.81960678
14.96078491
15.68823433
20.18823433
17.10195923
13.12744999
11.07254982
8.06470490
12.12353134
14.06274700
15.18627548
14.54705906
14.40588284
12.50392056
11.58627415
16.35294342
10.42549229
5.91372633
13.43529224
18.29019737
14.48235321
15.24902153
18.24509811
15.08039284
10.74902248
10.44705868
7.68431425
10.45882702
11.86470604
14.23333168
15.01568985
15.20196056
11.38627720
12.50980186
14.94117928
8.27647305
5.46666718
15.59999943
17.31765175
14.05882359
15.62941265
15.60784435
13.55490208
9.81764603
10.14117622
7.74705935
9.98627758
11.56666660
13.67255020
15.97254562
16.02548981
10.59411812
14.54117393
12.52353096
6.90980434
5.02156782
18.73921204
16.31961060
13.72157097
15.71176815
13.16862679
11.91372299
8.57843208
9.41176414
7.86078405
8.91960907
11.29411888
12.38038921
16.59608078
15.42352962
10.75882244
15.14313889
9.69803810
6.13725471
4.86274576
21.77647400
15.24313736
14.17646980
15.35294342
12.95686340
10.77254868
7.66274452
8.13529491
7.80392265
7.65294218
10.69215775
12.87255001
16.85686111
14.06666851
12.07843208
13.30392075
8.38431454
5.59803915
7.41372585
21.12157059
14.76274586
14.52157116
14.64705753
13.67451096
10.76078415
6.99215746
5.80784225
8.42156982
7.26862764
10.99019527
14.04313660
17.75882149
12.19999981
12.41176319
10.93333340
8.52353001
5.01176500
9.56078434
19.54117584
14.19215965
14.70784187
12.40588379
16.86470795
10.50980282
5.71960688
5.46862745
8.33529472
8.07450962
10.58039188
15.74902153
18.15490341
10.32353020
12.85882378
9.57843304
8.07843113
4.99215698
10.60196114
18.58431435
13.69803715
13.77254868
10.86862564
18.99215698
11.70392132
4.79803944
6.18431425
8.10980415
7.89215660
10.18039417
17.07255173
17.05097961
9.40588379
11.68823433
8.83921432
7.16470623
4.73725557
12.79019833
17.59804153
13.32352924
11.85686493
10.29019833
19.53333473
12.62156868
4.78235292
5.93921614
8.85882282
8.38823414
9.71176434
16.50000191
14.74510002
9.92352962
10.27843094
8.40784359
6.25490284
4.02941227
16.39411926
17.79019928
13.07450867
10.66862774
10.59411716
18.74901962
12.75294113
3.91176510
5.56078434
10.10588169
7.56470633
8.84902096
13.02745056
13.49215794
9.92156982
8.94313717
7.68627453
5.90392113
5.84705877
18.27647209
16.92745399
11.94705772
10.95490265
11.36666775
17.82353020
10.67254925
4.51568651
5.37058783
10.14509773
6.64705896
8.62352943
15.11568737
10.60196018
10.06470585
8.39411831
7.19215631
6.07451057
8.29411793
17.96470833
15.90588188
12.10588169
10.36274433
11.18235493
15.91764736
7.97058964
5.35882330
5.55490255
10.07254887
5.82941103
8.31176472
19.42156792
8.71568680
10.09411716
8.02549076
7.40980434
5.64117670
11.47451019
17.03529549
15.51568794
12.03333378
9.70000076
11.41960812
14.34902287
6.03921604
5.50392246
6.49411869
9.69019508
4.94705868
13.05882359
16.74706078
8.92549133
9.58627415
7.69215775
7.89411736
5.60392237
13.98039246
16.84313965
15.19607830
11.74705791
9.05686378
10.77451038
12.92548943
5.66666651
4.69411802
7.39804029
15.19019699
7.92548943
18.99803925
12.39411736
9.10392189
7.77450800
6.34705830
9.02353001
7.53921509
14.42549229
16.72352982
14.77451134
11.03921700
8.59607887
9.92549133
12.45882607
5.41176510
4.58039284
8.82745075
18.09215736
11.74314022
20.13529778
10.00392246
9.40980339
6.53725529
5.70588207
10.72941303
10.75490379
13.29019642
17.31961060
13.02156830
9.51764679
10.22745323
11.05097961
11.52940941
4.60980368
4.74705839
11.29803944
18.97647285
16.27646828
16.60784340
8.84509850
8.70392036
5.72549009
7.87255001
11.14509773
12.92353058
12.72941113
18.42745018
11.67647266
9.89608097
10.99999905
12.05098152
8.59019756
5.20588255
5.10196161
12.78039169
17.89803696
19.57647133
13.07647228
8.73333454
7.91960812
5.29607916
12.84117603
9.00980377
13.33529282
12.36078358
17.98039246
11.97451019
11.12744904
11.49215698
11.02745152
6.92156887
5.49411821
5.75490236
12.98039436
20.07646751
19.22745132
11.41568756
8.97450924
6.10000134
5.69019508
16.87647057
11.05882263
12.00588608
12.79019642
15.34705734
12.14706039
11.59411621
10.99411583
9.80392265
5.64313793
5.27843094
6.36078310
14.35098076
21.57646751
15.49215889
10.52548981
8.42745113
4.76862764
6.86078453
17.68823433
12.50392151
11.30195904
13.01960945
15.19411659
12.75294113
12.90196228
10.74705887
8.90980339
4.46274519
5.81176472
6.78039265
14.57646751
19.64509964
10.96274757
8.95098114
8.26470661
4.21176481
11.95098114
15.10784531
11.98235321
12.51372433
13.48235321
17.30392265
13.57254982
14.57254982
10.36078548
8.99019718
4.00392199
6.61568594
5.74117613
14.26274586
13.67647266
9.47058773
7.98823595
7.35097980
4.40196133
16.30980492
13.48235321
11.78823471
12.77058887
13.54902077
18.93725586
15.68627739
15.92549038
10.05490303
9.51568604
3.93921590
6.49411869
4.94117689
9.33137321
9.42549229
9.06274509
7.85882473
5.77843142
6.00588226
18.58823586
14.41568661
11.07058907
12.21176529
13.34901714
17.70980453
16.28235245
14.63529396
9.58431435
10.15882492
4.19803953
6.90196180
4.97647095
8.67843056
8.12156773
9.34705925
8.03921604
4.85882378
8.61568642
17.78038979
14.11568642
12.26078415
11.39411545
12.84705925
16.40392113
13.43921757
15.33333397
9.44902039
9.12548828
6.61764717
5.93921518
5.22549009
10.39215755
7.93921661
8.96078396
8.18039227
4.36666679
14.68431473
13.76862812
12.30588245
12.72549152
11.70784378
13.10588169
16.00391960
10.63137341
16.39999771
8.92941284
8.34313583
8.64313698
5.30196095
5.27647066
10.29215717
8.80588341
7.52941179
8.40784264
4.92156839
17.21960449
13.11372662
10.99803925
14.46862888
11.97647095
13.65293980
13.92353439
8.91176414
15.71176338
8.94705963
6.86666775
11.07058907
5.95686150
6.16078424
9.73921585
8.50392246
7.56274414
7.72941160
6.48235369
17.00392342
13.23137283
9.55294132
15.38627434
12.19803905
13.64902020
12.60588074
8.67058849
13.70784187
8.03725433
5.57450962
11.04509926
6.29607821
7.84117699
9.53137207
7.13725567
8.99411678
5.46274519
8.26470661
16.37450981
11.75294209
10.80392075
13.79019737
12.56274414
12.59019661
10.38627434
9.42353058
11.72745228
7.50784349
4.13137245
11.04313755
5.03137255
7.97647047
9.12941170
7.93333340
9.29411697
4.36470699
12.52745152
13.51764679
10.00392151
12.53921700
12.80000019
12.47255039
12.02156734
8.82745171
10.01176548
9.80000019
6.78431368
3.55098057
10.28627586
6.43333387
6.71764708
8.37450981
8.23529434
8.96078491
4.22745132
15.12549019
11.03725338
9.00784492
14.08039284
12.89215755
12.88627434
11.42745113
8.62353039
10.02156830
8.93333435
5.98823452
3.81960821
8.85098076
7.18039227
6.07254934
7.98431444
8.97451019
7.95098019
5.27058792
14.39607811
10.20784187
8.27843189
15.74313831
12.47843361
13.53137302
11.19215679
9.11372566
9.98823547
7.89804029
6.21176434
4.24313736
7.32941151
6.36470652
5.96274567
8.64313698
10.70392323
5.57843256
6.69215631
14.29607964
9.35490036
7.55686283
17.62548828
11.47646999
13.52156830
10.29411793
9.49999809
9.33529568
7.59411860
5.52156878
4.63333321
6.02745104
6.39607859
5.91568518
9.79215813
9.65098000
3.83725572
9.72352982
12.88235474
8.71764851
8.47058868
17.11764717
11.38627625
12.75098133
10.15294075
9.79215717
8.95097923
6.19607830
4.75294113
4.91372585
5.79411745
5.61764765
5.85098076
9.98431301
8.50980473
2.93333340
11.39411736
11.21568680
8.33725548
9.63529301
18.59412003
11.77647114
10.98235226
10.49608040
9.75098228
8.56078529
4.95882416
4.18823576
5.13333368
5.93725443
4.47647047
6.64705849
9.30392361
6.77647066
3.32745099
13.28627682
9.79803944
6.23529434
12.30196095
18.17255020
11.31568623
10.94509888
10.63921547
9.64902115
7.48431396
3.83137298
4.89803982
5.53333378
5.76470566
4.97843122
7.08823490
9.20980453
5.52549124
4.12549067
13.93725586
7.78627539
4.96666718
14.92745209
16.57843208
10.36274624
11.01764679
9.59215736
10.06666565
6.04313755
4.05882359
5.94901943
6.62352896
5.59803915
5.37254953
8.42745209
8.34705830
4.34509850
6.12549067
13.12744999
6.41568613
4.45294094
17.65098000
15.14313698
9.65686321
11.21764851
9.42745113
10.19607830
6.37450981
5.21176529
5.22549105
7.32353020
5.10784340
6.03725529
7.95490217
8.21568584
3.68627477
8.26862717
11.58431625
5.76862717
4.92352962
20.03333282
14.36078358
9.60980415
11.91764736
9.23529530
9.77843094
7.24117661
5.52352905
4.84313726
6.99607849
4.53529453
5.95882368
8.00588226
8.08235264
3.45686340
10.56078529
9.49607849
4.88627481
6.74705887
19.88823700
14.53333378
9.87254906
12.20000076
8.39215851
8.74117661
8.33529472
5.24901962
5.65882397
6.08039284
4.37450933
7.36078501
8.45882511
6.80392170
3.87451005
12.50392246
7.27058935
4.54509878
9.05882359
18.48823738
14.70588398
11.19019699
11.56666565
8.89215851
7.70588303
9.39999866
5.93333340
5.20784330
6.37843180
4.53529453
9.71960831
8.37843132
4.95294142
5.60980368
11.94509602
6.34705925
3.87254882
10.33529472
19.35097885
15.98627472
11.13333321
10.29999924
9.39215469
8.96078300
11.04902172
8.15097904
6.29803991
6.23333311
6.15686274
10.21568584
7.75686359
3.90000010
8.98431492
10.10000134
5.39803982
3.09019685
11.95098114
19.48823547
14.16666698
9.92941093
9.85882282
9.51372623
9.93137264
11.92745399
13.30588245
7.81372547
5.16470671
8.25490189
8.77451134
8.36470604
2.91568685
12.16470528
8.71568680
4.29215670
3.60000014
12.89803791
18.13333511
11.40980339
7.87843180
10.00784206
11.45490170
7.96078444
13.45294285
18.13137245
8.15490246
5.52745152
9.27450943
8.55294037
6.99803877
1.67647099
13.62352848
6.73725557
3.54705930
6.54509878
12.57843208
16.85293961
10.58235550
7.91372585
10.90195942
11.59804058
7.55294132
15.87843132
17.96863174
8.94313717
6.84509802
10.62549019
9.05882359
5.04313755
2.18627501
12.78039265
6.14901972
3.21372557
8.83333397
12.88823509
15.97451305
10.41960907
8.95882511
11.47451115
12.29999924
9.05294132
16.08431625
16.43137360
9.28431416
8.49215794
10.36862755
9.45294094
4.16862822
4.93921614
10.44705963
5.84902048
2.71960831
10.83921528
12.89607716
15.04901791
10.10392380
9.48627472
11.36666679
13.50392056
10.88627529
14.82156754
15.17843246
9.42352867
11.19215679
9.98823547
9.58431339
2.94313717
7.00196171
9.28431416
5.25294209
2.36274552
13.51176453
13.18823624
12.33921623
10.82745266
10.24901867
11.65490246
14.59411526
10.49411774
12.66666794
17.76470566
11.60000038
18.11372757
9.00195885
8.41372490
2.30196095
8.92941189
7.62549067
4.93137217
2.77843213
16.30392456
12.97451019
10.91372585
10.39019489
10.66862869
11.75097847
14.00196266
9.86666775
11.18627548
18.53137207
15.80000019
18.73529816
9.73921680
7.07647038
1.93333352
9.93725586
6.90784407
4.47843218
5.37647152
16.12156868
12.87647057
11.01176357
10.78039265
10.19804001
10.64509869
13.74509907
7.11372614
10.49411774
19.08235168
18.53921318
16.71961021
9.62549114
7.62745142
2.38039255
10.47450924
7.50196028
3.39411783
7.73529482
16.14902115
12.56666470
11.78039169
10.76470566
10.15294170
11.17843056
12.69019604
5.91960859
11.21764755
17.76666641
22.16862679
13.16078758
11.59803867
5.03333330
3.87647104
9.00980473
7.14117670
2.56666708
10.65294361
15.35686398
12.72156906
12.24313736
10.61568642
11.25490475
11.73725510
11.41764736
5.22549057
11.65294170
16.22549248
23.48823166
11.56862736
11.05490208
2.76666689
5.79999971
6.47254896
6.37254906
2.58431411
13.03725338
13.95882416
12.95490074
11.80195999
10.29803848
11.88235283
11.32745266
9.26666737
4.32156897
11.85882473
16.71568680
20.95490074
10.60392189
9.06470585
2.28039265
5.93137169
5.70392179
5.70196199
2.62941194
14.84509754
13.31372547
12.74705982
11.11960793
9.59607792
11.88823414
9.50196075
9.30196095
3.73333335
11.50196075
18.03921890
16.57647133
11.81176662
7.31372595
2.06666708
5.86666632
6.03921556
4.14705896
3.54313755
14.69999981
13.64117622
11.41960716
10.93921757
9.64117718
11.33725643
7.72352982
10.95882416
4.74313736
12.00980473
20.91764641
12.04705811
13.92941380
3.64313793
2.63725519
5.50588179
6.54705906
2.94509864
4.42156887
14.27646923
13.42353153
10.28823757
10.24313641
10.31568623
9.43725491
7.93921566
14.64705849
7.46078491
12.80000019
24.94118118
7.82941198
13.76666641
2.11764717
2.85098052
6.02549028
7.01960802
2.49411774
6.03921700
14.81568813
13.11960888
10.11372566
9.47646904
11.04901981
8.01960850
8.22549057
17.99411583
9.80392075
16.69215584
20.81176376
9.32549191
11.10588264
2.10000038
4.20784330
5.99607849
6.73333406
2.75686288
7.90000010
15.67451096
13.97647285
9.49607754
9.02745152
10.09411812
7.69411850
8.95490265
18.87843132
18.33333588
19.62156868
14.75098133
13.19215775
6.41960907
2.09607863
4.34313822
8.12156868
5.25686312
1.75882339
9.92745113
16.64509773
13.18627739
9.01568794
8.73725510
9.35294247
7.07254982
9.15686321
18.60196495
21.54902077
19.11960983
13.03529263
14.53333473
4.17254972
1.65098071
3.81960845
9.68823624
3.72745085
2.94901991
11.05294132
17.31764793
12.11764622
8.10784435
10.32941246
7.61176491
6.26470661
9.76274586
16.79215813
20.70000458
17.63725471
16.14902115
11.48235416
2.77058840
1.41176498
4.18431425
8.98627472
3.49215722
4.94117641
11.77058792
16.60588455
10.72549248
8.09019566
10.68039227
7.85490227
5.75882339
8.82156944
14.14509773
19.32352829
15.69019604
17.41372681
7.39607763
1.34313738
1.66470611
5.55882359
8.00196075
2.84313774
6.63529444
11.53333187
15.10392189
10.49803734
8.47843266
8.54117584
9.44117832
4.68431425
7.12941217
12.51176453
18.58823395
12.40000057
15.67451191
3.18627453
1.50980401
2.37058878
6.80392122
6.73333359
2.47843170
8.06666660
12.52745247
14.29607868
9.73921585
8.26666737
7.58431387
9.34509754
4.57843208
7.75294065
11.85686302
17.28823471
12.20392323
11.03725338
4.18235302
1.94705904
3.04313755
7.36666727
5.29803944
2.27254915
10.95882320
13.51176548
13.57647324
9.22156811
7.51764679
8.68431377
8.54705906
5.24509859
7.63529444
14.31764793
12.44313812
12.40196037
8.05490208
4.68627548
1.81568658
3.28039241
7.22548962
3.93921566
2.99803972
13.52352905
13.54901886
12.94509983
8.37647057
7.16274595
10.16862774
9.14509773
5.07450962
8.77058887
15.69215679
8.38235283
12.85490227
6.17254877
2.97254920
1.96666694
3.09215713
6.22941208
2.82352972
5.60588264
13.96862602
13.70000076
12.13137150
7.42941189
7.87058830
10.76666832
10.44705963
5.85098028
13.29607868
13.49804020
10.05686283
9.73921585
5.04313755
1.82941210
1.63333368
4.02941179
4.76862812
1.92941225
8.03921604
15.02941132
14.63137341
11.17058945
7.35490227
10.52744865
9.68823624
10.26078510
7.67451048
16.79411697
9.91764641
11.97254658
6.53725481
3.20392203
1.67451024
1.41764700
4.82156944
4.02745152
1.78627491
11.36470604
15.30196095
15.31960964
9.98431396
7.49804020
12.59215736
7.54902029
9.82157040
9.18627357
15.63137341
8.52156830
11.60980225
3.59803963
3.48431396
1.29411817
1.92941201
4.74509859
3.52352953
2.49803925
13.14706039
14.13921452
14.14706039
8.51176357
8.19215584
10.62745190
7.46274471
9.70196152
10.64705849
12.13725567
8.75490284
9.33529568
3.39803934
3.60196090
1.46078479
2.75490189
4.65490246
3.38431406
2.96862769
14.84705925
12.28039265
11.57843018
8.16274548
8.66862869
6.97254992
8.36274529
10.46862793
9.96666622
10.50784397
10.19804001
5.78235388
4.76666641
4.09999990
1.41764724
3.67254901
5.06274557
3.56078410
4.33333397
16.29216003
10.98627281
10.07058716
8.53137207
7.92548943
5.06274462
9.46470547
11.64509964
6.65098095
9.55294228
10.52548981
4.21764708
6.25294161
3.46862817
0.72549051
3.16274500
4.81568670
3.62745094
6.96078444
15.32941151
10.44901752
9.56862736
8.33921623
5.90392208
5.40392208
9.62941074
10.61176300
4.67254877
9.50588131
8.09019566
3.85098076
8.00784302
2.05294108
0.64313745
2.29607868
4.17254925
4.13137293
9.44705868
14.04705906
10.58823490
9.05686474
8.82941246
5.18235254
6.40980434
9.31764603
8.42156982
5.90392256
9.13529301
6.83137274
4.86078405
8.00980377
1.65882373
1.17450988
2.07451034
4.16274548
4.10784292
11.09411716
13.31568718
10.49215698
8.37254906
8.48039150
5.62941170
6.65098047
9.15882397
7.30196047
7.91568661
9.64313793
5.58431387
6.99607897
6.21568632
1.41176486
1.69411790
2.57451010
4.25098085
4.28235245
12.33725548
12.19019699
9.30391979
8.27647114
7.70196056
5.85490322
7.26274490
9.67647076
6.63725519
11.03725338
8.71176434
4.36078453
9.14313889
4.09019661
1.01372576
1.90588272
2.78235316
4.69803953
5.11176443
13.35686111
10.93921661
7.79607868
9.05294132
6.39019537
5.91372538
7.76862717
9.32352924
8.44902039
9.19215775
7.05294085
5.08627510
9.69999981
3.35294127
1.30392170
1.83529437
3.40588212
4.51372623
7.20392227
13.55686665
9.89999962
7.15294123
9.18823528
6.06862736
5.60980415
7.52941132
11.03333282
8.91372490
7.77843237
5.58627510
7.87058830
8.66666794
2.97254992
1.02745116
2.00784326
3.29215789
4.25098085
9.49411678
12.25293922
9.40588188
7.40392065
8.45098114
7.02941084
5.70784235
8.43333340
11.68235397
6.75294161
9.21372509
4.68627501
9.23529530
8.75294113
2.04313755
0.88235307
1.92941225
3.58039236
4.28627491
11.38235283
11.59019661
9.03137398
8.40784359
7.96078444
7.33921623
6.18039227
9.44509888
10.91372681
5.80392122
10.51176453
5.97451019
10.51764679
7.87255001
1.75686336
0.99215710
2.50980401
4.01568699
4.28235340
13.94509888
11.28627491
8.25686359
9.33137321
6.95882368
7.19803953
5.72156858
10.17450905
9.40195942
9.48235416
9.86078262
7.72549152
12.52549171
5.71764708
1.48823559
0.92941189
3.20392156
4.24117708
4.98823500
16.16863060
10.65097809
7.99411821
9.38627529
6.08823490
5.92745066
5.67843151
11.10196018
8.09411812
15.03137398
8.77647209
9.36862755
14.44705963
4.25882435
0.69803941
1.40196085
3.42941165
3.68235373
7.25882387
17.16862679
9.74117661
7.99019670
8.74313736
6.23529482
4.28235292
5.76470709
11.98235416
9.74705791
18.42353058
9.41176510
12.00588226
12.90980625
3.14705873
0.78431392
1.72549033
3.55098081
4.14313698
9.98823452
17.26274872
9.04509735
8.05686283
6.96862888
6.92549038
2.34313774
5.41372538
12.81372738
17.44705772
16.77255249
9.73333359
14.39999962
10.45686436
2.94705892
0.55294120
2.14117670
4.24509811
4.28235292
13.30196095
17.10195923
8.10980320
8.68627453
6.40392113
6.13137245
1.91176498
5.01372576
13.31372547
23.63725662
13.03333569
8.71176434
15.63333416
8.55490208
1.88627458
1.16862762
2.14509845
4.24509859
4.26470613
15.59019756
15.72548962
7.82745123
8.40784264
5.99804020
4.58627510
2.88627481
5.40196180
14.86862469
22.42941284
10.37647247
9.53921604
14.01960850
5.77254915
1.28039241
1.56078434
2.63921571
4.46862745
4.01372576
16.48627663
14.26862812
7.90392113
7.61764669
5.62549019
4.06862783
3.18039250
6.08627462
16.77647018
15.50000095
10.22745037
11.94509888
11.18627357
3.24313736
1.37058854
1.13333356
3.38627434
4.62941217
6.26274538
14.39019680
13.00000000
8.38823509
7.56274414
5.68823433
3.59411764
2.80784369
6.35490227
16.37842941
10.61176395
10.35490227
12.85294056
8.93333244
2.76470590
1.81764746
1.27647078
4.30784273
4.43333340
8.49607944
13.35097885
11.78823471
8.73921680
7.07647085
4.92156935
3.54117656
2.84117723
6.12549067
15.33725739
6.64509916
10.78039265
12.14902020
8.02156830
2.53921604
2.56862760
1.79215705
4.91568565
4.20000029
10.89411926
13.36666679
12.55098152
8.97843266
6.30392122
4.57254934
3.28235316
3.27058840
6.46078444
11.45490170
6.07843161
12.37058830
10.49607849
6.45294189
2.01764703
2.51176500
2.94902015
4.96862745
3.82549071
12.57843208
12.92941284
12.33921623
8.78823566
5.68823528
4.53725529
3.03137255
4.12549019
7.60784292
9.72745228
7.43725491
12.58039188
9.71568489
4.10000038
2.52941179
1.98627484
4.10784340
5.10392237
3.75294137
14.12745094
12.12744999
11.91764641
7.87647104
5.17058706
4.50196075
3.40588260
5.99803972
7.87451077
9.42156982
8.79019642
12.20784378
8.71372604
3.31372571
2.32156897
2.03137279
5.04117727
4.97647095
4.60000038
14.90587997
11.20392227
11.17254829
6.49804115
4.99019623
4.86078453
3.40000010
6.85294056
5.93529463
8.64313698
9.98431396
11.48823452
9.16274643
2.89607882
3.05294156
2.47647095
5.71764803
4.51764727
7.05882359
14.20784283
10.28627491
10.05686474
5.90980387
4.78039217
3.86666703
3.61176515
6.65294123
4.47647047
8.33137321
10.80195999
11.46862698
8.26078320
3.23529434
3.21372557
3.87647104
5.45294094
4.40588331
9.07058716
13.43529415
10.31568527
9.51176643
5.34901953
3.95686340
3.73333359
4.47451019
6.79411745
5.36274529
8.05294228
11.04117489
12.72352886
6.94313812
3.40784359
2.98039222
4.66666746
5.45097971
4.07843208
10.80784321
12.64901924
10.98235226
7.92353010
5.21372557
3.55294132
3.99803972
6.09019613
7.16470575
6.89019728
8.95686340
11.87058926
13.20588303
6.22549057
3.04313731
3.20000005
5.35098124
4.74509811
4.29607916
12.18431377
10.96862793
11.90784550
7.26862669
5.21764660
3.47254920
4.00980377
7.56470537
7.04117584
8.61960697
11.51568699
11.22941208
13.54705906
5.55882406
2.59607863
3.94117641
5.28823471
4.68235302
4.09803963
13.06666756
9.99411774
11.28823662
8.28627491
5.39411783
3.54117680
3.78431368
7.77058983
7.96274567
10.29411983
13.01176453
12.47058868
12.21176529
4.75882435
2.56078458
4.70784283
6.24509811
4.61568689
5.52156925
13.10980225
9.95882416
9.39804268
8.97254944
4.76274586
3.68431425
3.40196133
7.46078444
9.02156830
11.64117718
11.82352924
14.21960926
10.19607925
4.18235350
3.10196114
6.63333273
6.75882292
4.88431358
6.70588255
13.59019470
9.51764774
7.71372414
9.84509850
3.64313745
3.70980382
3.41764736
7.18627453
9.60784435
11.04313660
10.43137264
12.46078682
9.19019794
5.22549057
4.54117680
10.28823471
6.13921595
4.30980492
7.40588284
13.45294285
9.69019604
6.88823509
9.00000095
3.46862769
4.11372566
4.19999981
7.16274500
10.13725758
11.81764793
9.65293980
12.41568375
8.72548962
6.56470585
7.38431406
11.45882511
5.99019718
4.04705906
9.16470623
12.56666851
9.69804192
6.64117575
7.39411736
4.48039246
3.44313717
5.83529377
7.39607859
10.76470757
13.46862602
10.45490265
12.20195961
8.08823586
7.25294256
10.95098019
11.36666679
5.72941113
3.00784302
11.65490150
12.00195885
9.25686359
7.00196028
6.19804049
4.64705896
2.54901958
7.18627501
8.04117680
10.21960831
14.22352982
10.99411678
12.71764946
7.36666584
7.33725548
14.22549057
10.35098267
4.41960812
3.36274505
12.68627548
10.88431263
8.44313622
8.30196095
4.31568718
3.62549043
2.53333330
8.34509850
8.62157059
9.81960773
12.84509754
10.73333359
12.25686646
7.76274538
8.74117565
14.88823605
7.89019489
3.90196013
5.23333359
12.58627319
10.46862888
7.69803858
8.38431454
3.18431449
3.34509850
3.90588260
8.78431416
7.97646999
9.90000057
11.01568604
10.83529377
12.11764908
8.48823547
11.26274681
15.22157001
6.72549105
3.46862721
6.74901962
12.42941189
9.70980263
7.47843170
7.91372585
3.11764741
4.33921576
5.09804010
9.67647171
6.13333321
9.81764603
9.66862869
11.11568642
10.90784454
10.76078606
16.66078568
14.82352734
5.08627462
3.35882425
8.07254982
12.33529282
8.90392113
7.84117508
6.61372566
3.90784335
3.80196118
6.96666718
8.63921642
5.23921633
10.24902153
8.96666908
11.51176643
9.83529377
12.61764812
21.63137054
12.26470757
4.21372557
2.89215708
10.04509830
11.42941284
8.62941170
7.59803963
5.38823557
3.97254896
3.06274486
8.66470623
7.39215755
4.64117622
11.12353039
8.24901962
11.14705849
8.80980396
15.22352982
25.75293541
8.54117680
3.45098066
3.47254944
12.26666737
10.73921776
8.41960812
6.55294228
4.21568680
3.52745152
3.73333359
8.20784378
7.23529482
4.69411802
10.30980492
9.27843285
10.38823605
8.22941113
20.83921242
23.45686722
5.73921537
3.20784354
5.24313736
12.86470699
9.86470699
8.05490208
5.99803829
3.41176534
2.95686269
5.44705915
6.79411745
5.88627386
5.45686293
10.13529491
11.40980530
8.62941265
8.85490322
27.01568604
19.10196114
4.39607859
2.90000057
7.03333378
12.68039227
9.76078415
8.01568508
5.30000114
3.13921595
2.45294118
7.05294132
5.74705982
4.65882444
6.12941170
9.72941113
12.21372509
7.33137178
13.19215775
27.65098763
12.96274376
3.93137264
2.38823533
9.27058792
12.23725319
9.77450752
7.49608040
4.78235435
2.98235297
2.15882325
8.40392113
4.87058830
5.07450962
6.77647066
8.59019661
11.77058792
6.80392122
19.24117851
24.00392151
7.97647047
3.87451005
2.63529396
11.67646980
12.47451019
9.65097904
7.54705954
4.06470585
3.47647071
2.46470594
9.49607944
4.36470509
5.50784302
7.87451029
8.04509735
10.08039284
8.19803905
23.28823280
20.56862640
4.80980349
3.51568675
3.11764741
13.58823586
12.19019699
8.79803944
6.90196037
3.80000019
4.56862688
2.67058873
8.69019699
4.45686293
5.87451029
8.16862679
9.11960697
7.33921480
12.10784435
23.92549133
15.11568737
4.13921595
3.28431392
5.24117661
13.14117908
10.93725491
7.86078548
5.74901915
3.70784307
6.43333387
3.33137250
6.19999981
5.53137112
7.24901915
7.57058764
9.20392227
8.18823624
16.60980415
20.90392303
9.92745304
4.44901943
3.04705930
6.94117689
13.37058735
9.64509773
8.02549171
5.01176500
3.71764779
7.35882425
3.85686278
5.17647076
7.50392103
7.48431396
6.69607878
9.85490227
10.35686398
19.49215889
16.66666794
7.50784302
4.05882359
3.13725543
8.68431473
13.61568737
8.82941151
8.31764793
4.13137293
5.31764746
7.43921566
4.49411821
4.90980434
8.41568756
7.17843151
6.44509840
11.03529549
10.77843285
21.17646980
12.45490170
5.97450924
3.60196137
3.01568675
10.59607887
14.09215736
8.41568661
7.85098076
3.89019656
7.81960869
6.06666708
4.81568670
5.26274538
7.29019594
7.39803982
7.31568670
10.98627567
13.48431396
17.73137283
10.94117737
4.70392227
3.26666665
2.37843156
12.78039265
14.69215679
8.35098076
7.59019661
4.17843151
10.92549038
4.65098095
4.91960812
5.41372585
7.39607859
7.38235378
7.47843122
9.66274643
16.81960678
12.72157001
8.69019794
3.97254872
3.20588231
3.29215717
13.90000153
14.35490322
8.34902000
7.08431339
4.50784349
11.69607925
4.58235264
4.72941160
6.32352924
8.38235378
7.43333387
6.85097933
9.24705887
17.68039513
10.44509983
7.05098104
3.64509869
3.18431377
5.16470623
14.52941036
12.67255020
8.52941227
6.83333349
4.30196047
12.86863041
4.34902000
4.52745199
7.70588160
8.76666641
6.81372595
5.96274471
9.45490074
18.49803543
8.56862831
6.36078548
3.51568604
2.45098090
7.20980358
15.50000000
10.63725662
8.79215717
5.77254820
6.38823557
9.88823414
4.64117670
4.84509897
7.39999914
7.94901896
6.25098085
6.22549057
12.32156944
15.97843266
7.87843180
5.83137321
3.54901958
2.45098066
9.18431473
14.53921700
9.10392094
7.94313765
3.35882354
9.18823624
6.35686255
5.49803972
5.70588255
7.43529463
7.81568670
6.46666622
7.66862774
15.28823566
12.84313774
7.87647104
4.71960783
3.44117689
2.52352977
11.84902000
11.78039551
8.41372585
6.99804020
3.47254896
10.18039322
4.46470594
7.09607887
5.30392122
9.69607925
8.15882301
7.04117632
9.34313679
16.14902115
10.50392151
7.59803867
3.79411769
3.72745109
3.27647066
13.59215736
9.57058620
8.62156963
6.18627453
4.53725481
9.47647095
5.06470633
7.04705858
6.11568642
11.06862736
7.80588293
7.20980406
10.32353020
16.42744827
9.28627396
6.91176462
3.65294147
3.59019613
4.99215698
13.04705906
9.64901924
8.73137283
5.18039227
5.50196123
8.69803905
5.91960764
6.15294170
7.16666651
10.07647133
7.32941198
7.82156849
11.89411926
14.80784416
7.97058773
6.37647057
3.60392189
3.29607868
7.27058887
12.82549095
10.74117756
8.42352962
3.77647114
6.11764717
7.96078444
7.30588341
6.63529396
7.01764679
8.46470642
7.88039255
7.92353010
14.31764889
11.83333492
7.32352972
5.27254915
3.87647057
3.48235321
9.52941322
11.93725586
11.93921471
8.58235264
2.92745113
7.39019728
7.92156839
8.01176453
7.46274519
6.81568623
8.36078358
7.92156792
9.39019775
14.75294113
9.77255058
6.95294189
4.86666727
4.24117613
3.78235316
11.29019642
10.71568489
12.07058811
8.44901943
4.66862822
9.39215565
7.39411879
7.26078415
7.46470690
6.82941198
8.66470718
9.40980434
10.65490341
14.55098248
8.53725529
6.42352915
4.71960831
4.01764727
3.92941189
12.39804173
10.42156696
11.91372776
7.32352972
6.40196085
9.69607830
6.18823528
6.70784330
7.56666756
6.75490236
8.76274586
13.23921490
12.18627548
12.26470852
7.54509878
6.32156944
4.44117641
3.94509888
5.39803934
11.11960697
10.50196171
10.20588303
5.79803848
7.48235369
9.39215660
5.49803877
5.85490274
7.19215584
7.58235407
10.16078472
14.08627224
14.30392075
10.22744942
6.60196114
5.67254829
4.25490236
4.42156887
6.85882425
10.65686226
10.40196228
8.35490131
5.31568718
8.37843132
8.57843113
5.89215708
5.88039207
6.53333378
7.94117641
11.34902000
11.76470852
15.72745037
9.63137245
6.20196104
4.73529387
3.88431406
4.29411793
8.50196171
10.84706116
9.99804020
7.65686178
5.39019585
8.33333397
7.82352972
7.18627548
6.72352982
6.91568613
7.74705839
11.28823662
11.36862755
15.82549095
9.18823528
5.35686255
4.50392151
3.58039260
3.11372590
10.04117680
12.01372623
9.59803867
6.83725500
5.55882406
7.32352924
7.84313774
8.69215775
7.06666613
8.30588245
8.38235283
10.79999924
13.33921623
13.35882378
8.31568623
4.85686302
4.62941170
3.25686407
3.56274533
12.28235340
12.96078491
9.55686283
5.79803944
5.36274481
7.59215641
7.87058830
8.73921585
6.25882387
8.40392208
9.48431301
10.91372585
15.05294037
10.73921776
6.58627415
5.06862688
4.41176510
3.30588198
5.09411812
13.04705715
13.57450962
9.25882339
4.94705915
5.65490294
8.73529530
7.16078472
7.78235340
6.91176510
8.32352924
11.79019547
11.46470356
16.15490341
8.05490208
6.61372566
5.48235369
4.05686331
3.20588303
7.27450943
13.34313774
13.69411850
8.59215736
3.86078453
5.85882330
8.82352924
6.79411793
6.17451000
10.47647095
7.68627453
14.24117756
12.66078568
15.10588169
7.52352858
7.59804010
5.27843237
3.35294127
3.24901938
8.43921566
14.45686340
13.21764755
7.41372585
3.95882392
6.38823509
7.62745142
7.71764755
6.25686264
11.19999886
10.27843285
12.82549191
13.78627682
13.87058735
8.29803944
7.57254982
4.21372557
3.43529463
3.39803934
9.69215488
15.99411774
12.86666679
6.70392227
4.11176443
6.47058821
6.47254944
8.18823624
7.52549028
9.17843056
13.71176624
10.93725491
15.51960850
12.53137302
8.27254963
7.52353001
3.68431377
4.68431377
3.19803953
11.37647247
17.53137589
11.91176414
6.21176529
4.50196123
7.31568623
5.73333406
8.29607964
9.36470604
7.69215727
14.56666660
10.68039036
17.40588188
11.01372433
7.85490227
6.40196085
4.60196066
4.51960802
4.30000019
12.98039341
17.86667061
10.62941074
5.34705877
4.61568594
7.54509830
6.68235397
8.72352982
11.76078510
7.37647104
13.34313679
11.06274509
18.91764832
9.71764946
6.78039169
5.22941256
4.70980358
4.32156897
6.50000000
13.14902020
16.95882607
10.15098095
4.60980368
5.12745142
6.50392151
9.16666698
8.66862965
11.36862850
7.66862774
12.11960793
15.40196037
16.95490265
9.12156963
5.74117708
4.93137312
4.60784340
3.94705915
8.56666660
13.66470718
15.17254829
10.18823528
4.26078510
6.33921576
5.75098085
10.94705868
8.41960907
9.11176300
7.94117689
11.86862755
20.24117470
13.75098228
7.94117689
5.32352924
4.78235340
4.68823528
3.72156882
10.81960678
13.55882263
13.36470604
8.67843151
4.31764746
7.27647114
5.58627415
11.40196133
8.93333244
7.08039188
9.84705734
12.59607792
21.73922157
10.30000114
6.90196085
4.93529463
4.66078424
4.50588274
3.63137245
13.77843094
13.01764774
11.97451115
6.95882320
5.93529463
7.99999905
5.24901962
10.97059155
8.83529282
6.20980406
11.55490303
14.44901943
19.45490074
8.63725471
5.97647047
4.93333340
4.14313745
4.19215727
3.39215708
15.98627663
12.37254810
11.64117622
6.04902029
8.69999981
6.50784254
5.82156897
11.03137398
8.39803982
6.15882587
12.26666737
16.09803772
15.74902058
8.59215641
5.65686226
4.59411764
4.20588255
3.51372552
4.83137321
16.81960487
13.10196304
10.75686550
5.25294209
9.59019756
5.24509811
7.87843180
11.54901791
8.13529301
6.95882368
12.54313660
16.88235474
12.99019718
8.08627415
6.33529377
4.51960754
3.85490155
2.90588236
6.79999971
16.64901733
13.91764736
9.81764793
5.06274462
9.81176472
5.05490208
10.09215736
11.46078587
7.86862659
8.14313698
13.02745247
17.51764679
11.25882530
7.11176443
6.49019623
4.31372595
3.60392237
2.98627424
8.54117680
15.58823681
14.01372528
9.13137341
5.34117651
9.21372509
5.08823586
12.92353058
10.58627605
7.69411707
9.34313774
13.92745113
18.18039131
9.61372566
6.76078415
6.14705849
4.45098114
3.44705915
3.21176481
10.53725529
14.19411659
14.22941017
7.90392160
7.22549009
7.71960783
5.95294142
13.87451077
9.30195999
7.11176491
10.57646942
16.00000000
15.63921642
8.24117661
6.57254934
5.22352934
4.85686302
3.83333302
3.21764731
11.60980225
14.30196095
13.37058830
7.18235254
8.31568718
6.63137293
6.90392113
13.39411736
7.74901915
7.34509802
11.88431549
16.99215889
14.07647228
7.02941084
6.11176395
5.71176529
4.34509897
3.74313784
4.44901991
11.58431244
13.66666508
12.48235321
7.09019613
7.72745037
5.82353067
7.69803905
11.62745094
6.94902039
8.59999943
12.84117699
17.04901695
12.11764622
8.43921566
5.77254868
6.34117699
3.50392222
3.42745113
6.44313765
12.41960907
13.47646999
11.40588379
6.71372509
6.90392113
4.62745047
8.29411793
9.55490112
7.47254896
9.48431492
13.28431225
15.37254906
10.01568699
9.42941093
5.42941236
6.15490198
3.03725529
3.83725476
8.68431473
13.56666851
12.69607925
11.06666756
5.99607897
6.19803953
3.53137255
8.27254868
8.72156811
8.66274452
10.35294151
13.45294094
12.87254810
9.93137264
8.75098038
5.46666718
6.11372614
3.30392194
3.54509759
10.54313564
14.46078587
11.91372490
10.67842960
5.72941208
5.14313793
3.18431401
9.65882206
7.85098076
9.27451229
11.75882339
13.19607925
12.42156792
10.52549171
7.17254925
6.24705887
5.22941208
3.73333383
3.07647133
11.66274643
13.34509754
10.32156849
9.32941437
5.37450933
3.99215674
3.50588226
10.80196095
7.92156792
10.09411716
12.60588360
12.56274605
12.52353096
10.61568642
6.06078434
6.52549028
4.15882349
3.75882387
3.37254953
12.23333549
12.02941227
10.02745056
7.56274652
5.25490284
3.46470571
4.64117670
11.11960793
7.93921614
11.21176529
12.99019814
11.23137188
12.00000095
9.97255135
5.32353020
6.85686350
3.45098019
3.67647099
5.20980453
12.80784416
11.20196056
9.92941380
5.92156887
4.69999981
3.14705920
6.23529434
10.68039036
9.40196133
12.25490093
12.60196114
11.25686169
11.96470547
8.95490265
4.47254896
6.55294132
3.43137288
4.02745104
7.12745094
13.33529472
10.45097923
9.46274376
5.15294123
4.03529406
3.32156849
7.80392122
10.58627319
11.58039284
12.48823547
12.62353039
10.80784416
11.24313736
7.87646961
3.98039222
5.90000010
3.78431416
3.74902010
9.08627415
13.10196209
10.43725395
9.20588303
4.58823538
3.79803944
4.17450953
8.37843132
10.30784512
12.80392265
12.79019642
11.39215565
10.15294266
10.38823509
7.15490246
4.54313755
5.25490236
3.16862774
3.58627462
10.97646999
12.44509983
10.77254963
7.51568699
4.31568623
2.94901991
5.16862774
8.68431377
10.49999809
12.82549095
11.93529510
10.30980587
9.98627281
10.56470680
6.04117632
5.65490198
3.95882392
3.34705877
3.64313769
12.66274452
12.40588188
10.98235416
6.41960812
4.17843103
3.29019690
6.58431482
9.18235302
10.60196209
11.49215698
11.06666660
10.72941303
9.90588188
11.17647457
4.34313822
5.67647076
3.63137245
3.04705930
5.21960831
12.87451077
11.87450981
10.87451077
6.00196171
3.99019670
3.60980415
7.12745190
9.50784397
10.25686550
10.80980587
9.99804020
10.71372414
10.37647152
9.47843170
3.60784388
5.72156858
3.15490198
3.45686316
6.74705982
12.37647247
11.30196095
10.41372585
5.14509869
3.81764722
3.52745080
7.55294132
9.32745171
10.88039207
10.68235397
10.29999924
10.24117756
11.42548943
7.04705811
3.87647104
5.02941179
2.99411845
3.81764722
8.23333359
12.23333359
11.30000114
9.59607887
4.50000048
3.71176505
3.60980392
7.79019642
8.99215698
11.04313755
10.67843056
10.82745171
9.86078262
10.82941151
6.53725529
4.56078482
3.93725491
2.96666670
3.94901991
10.00980473
12.34313869
11.89019585
8.47451115
4.49019623
2.99411750
4.19803905
8.32156849
8.52941322
10.94313526
10.15686226
10.42156696
10.15882397
10.45294094
5.42548943
4.09019613
3.67254949
3.12352943
3.78627467
12.42352962
13.06078434
11.98823643
7.20784235
4.12941217
2.72156906
5.25097990
8.66666698
8.71960735
10.16274738
9.69411755
10.79607868
10.85097980
9.34509945
4.46078444
4.11568594
3.13529515
3.30392194
5.20392179
14.41568661
12.52941036
11.65098190
6.10784292
4.08431435
2.77254915
5.64705944
9.23725414
8.59019756
9.54705715
9.80588245
11.17058849
10.86862755
8.38235283
3.90196133
4.34705925
2.82745171
3.64117670
6.25882435
15.99803925
12.15882301
10.99411774
5.57843161
3.69607925
3.19411778
7.33137321
8.82745361
8.51764679
9.18823719
11.32549095
10.70980358
10.43921661
8.30980396
4.01568651
3.85490203
2.69607925
3.98235273
8.31960773
16.51568794
13.64706135
9.86666775
4.93137264
3.31568646
3.41764712
8.21176434
8.83921623
8.02549171
8.80196190
12.43921566
10.44117546
10.79019833
7.45686293
3.96470571
3.38627410
2.99803925
4.05686235
10.95098114
16.61568642
13.17646980
9.62745190
4.57451010
3.19215703
4.91960859
8.17450905
8.84706020
7.94901848
8.88823605
11.50392246
11.43333626
10.30000114
5.94313717
3.97843194
3.56274557
3.05490208
3.75490236
12.64117622
15.93137264
13.01960659
8.52353001
5.23725414
3.32549047
5.93137264
8.76470566
8.96470547
8.01372623
9.20588303
10.62941265
10.77058792
9.62745190
4.95294189
4.08039188
3.06274533
3.60980415
4.20588255
13.59803772
15.52549171
13.59803963
6.57058859
5.41764736
3.53529501
7.27254868
9.92940998
9.29411602
7.63137150
9.59803963
10.14705849
9.50588226
9.16470718
4.23333406
3.97647071
2.70588303
3.66078448
6.17254925
12.72941113
15.09803867
12.88823700
5.26666689
5.17647028
3.64901996
9.28627300
10.42549038
8.70980453
6.52157068
8.74313736
10.41764832
9.22156811
7.79411840
4.30588198
3.92941236
2.78431463
3.07647133
8.14509773
12.10588455
13.63921547
11.35882378
5.32156897
4.99607897
4.63137245
10.02549171
9.45098209
7.74705887
6.84117746
8.86470413
10.81960869
8.87058926
6.19607830
4.35882378
3.82549024
2.62549043
2.93725514
9.99215794
11.30588245
12.02941322
9.98235512
5.40588188
4.34117746
6.56470585
9.01176453
7.97058821
7.03529501
8.51568604
9.36078262
10.28235245
8.46666527
5.13137197
4.58039141
3.59411860
3.26470613
3.60196114
11.31176376
10.33921623
11.34509754
8.52156734
5.27058887
4.05490208
7.63529444
7.95097971
7.21176529
6.12941313
8.90980434
8.65686321
9.24509811
8.17254925
4.87058830
4.51960802
3.55098104
3.67058897
3.76274610
12.03529644
10.20000076
10.42353153
6.83137274
4.22745085
4.13725471
8.65294170
7.96666718
6.95882416
6.04313755
9.03137398
8.23333359
8.50196075
6.99607849
5.25882387
3.91960764
3.33529401
3.63529420
4.88627529
11.67255020
10.93333530
9.51372433
5.97254848
3.83529401
4.62941170
10.24313927
8.58823586
6.80980158
6.81372547
8.85882473
8.42549133
8.49215698
6.33921623
5.22352839
3.50000024
3.54509830
3.70392132
6.33725452
12.07451057
10.66274452
9.66470432
5.29803991
3.73529410
5.86666679
10.71372604
8.35490131
6.38823509
7.25882244
7.87843037
8.43333435
8.69215775
6.20588255
4.28235340
3.50196028
3.63137245
3.53137231
8.50196075
12.49804115
10.52549076
10.10980225
4.95490170
4.01176548
6.40000057
9.57647324
8.49019527
5.98431396
7.75490379
7.42156839
9.03137398
7.50392246
6.01568651
3.37843204
3.34705925
3.52549052
3.84705877
12.15490341
13.01961040
10.27647209
10.26470566
4.35294151
4.52745104
7.07058811
8.56470680
8.26274586
5.92745113
7.81176615
7.27843046
8.62941170
6.46470594
5.48627377
3.63137269
3.32156897
3.27451062
3.38823533
16.28039169
13.14313793
10.36078358
10.12745190
3.28039241
4.81372547
7.60784435
7.79607916
7.54509878
5.92745066
7.70784235
7.60588312
8.49607754
5.97451067
3.99607897
3.59019637
3.21568656
3.49019647
5.85294151
17.20196342
12.65685940
12.15294075
10.10196114
3.41568661
4.42352915
8.12156963
7.58235264
7.52941036
6.20000029
7.73529291
8.37254906
7.32941103
5.70980358
3.86274529
3.19215727
3.18431449
3.78823543
8.55490303
16.27843285
12.80392361
12.84902096
9.36666584
3.61568642
4.55686331
8.18431377
8.42353058
7.58039284
6.11960840
7.96078396
8.62549114
6.53529453
5.40784311
4.02745104
2.81372547
3.24313712
3.84313774
10.38235378
15.31372547
12.95686436
12.75882530
7.46470547
3.62352943
4.80588293
8.05882359
8.35686398
7.38235188
6.24117613
7.46862698
8.27058792
6.40784359
4.94901991
3.97058821
2.88823557
3.29607892
4.03529501
11.50980282
14.34117603
12.19607830
11.74509716
5.62941217
3.68431401
5.35490227
7.80196095
7.86078453
6.93725395
6.44705868
7.83137321
8.15686321
6.27451038
4.94509840
3.52352929
2.74902010
3.80392170
3.39803958
12.98627377
12.80196190
11.96078587
10.25686455
5.10980368
3.64117646
6.00000000
7.40195990
7.69607925
6.77254915
6.54705906
8.10588264
8.50588322
6.55098057
4.71960688
3.54509854
3.28431439
3.79804015
4.31372595
13.82941151
12.04509926
10.45294189
8.61568737
3.94705915
4.42548990
6.18627453
7.04901981
6.93725538
6.54313755
7.38627529
8.51960850
8.28431416
7.04705763
4.52156925
3.49019647
3.30784345
3.73137259
6.39607906
13.83725929
11.40784550
9.76078701
7.23333359
3.50000000
4.89607859
6.48431444
6.11372566
6.15294075
6.67254925
8.01176357
9.01176548
8.14705944
6.11176443
4.67058849
3.78235340
3.03529406
3.54509830
9.17058754
13.84510136
11.17450905
8.89803791
6.41568613
3.82352948
4.89607811
6.68823528
5.67647028
5.01960754
6.77058887
8.00000095
9.30784321
7.65294123
5.40392208
4.95686293
3.65098047
3.20196128
3.38039231
11.87647057
13.40588284
11.05686283
8.74313736
5.24313784
4.01372528
5.26666737
6.46862650
5.51176500
4.92352915
7.12352848
7.70392084
9.10196209
6.99999952
4.94705820
4.74509907
3.07647085
3.04902029
3.22745061
14.26862812
13.59803867
10.58039474
8.64901924
4.60980463
4.17254877
5.41764688
5.80784464
5.56078386
5.48039198
6.94705820
8.60000134
8.43921566
6.54901886
4.23921585
4.52549028
3.06862783
3.29019618
3.45686316
17.05882454
12.83529472
10.40588188
8.85490417
4.61764717
4.15294123
5.30000067
5.77254963
5.36666632
5.32549047
7.14117670
9.65490150
7.71764708
6.01372623
4.04313707
4.20392179
3.65294218
3.53921556
6.95294142
17.09607887
12.75882435
10.08039379
8.82156658
4.57058859
4.37254953
5.64117479
6.01568604
5.22745132
5.54509830
7.45098066
9.89019680
7.36666679
4.79607916
4.20196152
4.34313679
3.47058773
3.57058859
10.41568565
16.69215775
12.50980568
9.63921642
8.10392094
3.99019647
5.16666651
5.10392237
6.05686235
4.89803934
6.18039274
9.15686226
9.38823700
6.86078405
4.49999952
3.87647128
4.24509811
3.00588250
3.55098128
13.36666679
15.99411869
11.75294304
9.54313946
6.62549067
3.31568694
5.71960783
4.97451019
6.48431301
5.09019661
6.46862745
10.93725586
8.45098019
5.87647057
4.87451029
3.93137288
3.96470642
3.48823547
3.63137269
16.18823433
15.00980186
11.82941151
9.44901943
5.48627472
3.32156897
6.02941132
5.14509964
6.29803991
5.35294056
7.77058840
11.32745075
7.78039265
5.40195990
5.54117680
4.08431387
4.25098133
3.80588269
3.54509854
18.10980797
13.84706020
11.54117584
8.70000076
4.75097990
3.57843161
5.78039169
5.05882311
6.19804001
5.37843180
8.46274567
11.38039303
7.39019585
5.16666651
5.91372490
4.03137302
4.15490198
3.45686269
5.37058830
17.80784035
13.09607887
11.38823700
7.54313707
4.55490160
3.11960816
5.79803944
5.18823576
6.56078482
5.47451019
8.70588207
11.17646980
6.75882196
4.99019623
5.10784388
3.98039198
3.76666689
3.36470628
8.74117565
16.40196228
13.33529377
10.96470928
6.87647104
4.22156858
3.45098066
5.69607973
5.35294056
6.33725500
6.65098143
10.27451038
9.98627472
6.23725605
4.72941208
4.40392256
4.18039179
3.56470609
3.28431392
11.70588207
16.21764755
13.10392094
10.52156925
6.24117613
4.12548971
4.21176481
5.31176615
5.54509830
5.84117603
7.49215555
11.39215660
8.53333569
5.81568670
4.40588236
3.85098052
4.39411783
3.43333340
3.39215732
14.51764870
16.48235321
13.20784187
9.25294113
5.47254944
3.95686316
4.40784264
5.51372576
5.29803944
5.96470499
7.52352953
10.49019432
8.22549248
4.59215689
4.18627501
4.00196123
4.46078444
3.42941260
4.09607840
17.00392151
16.52745247
12.90588379
7.71176434
4.92156839
3.57451010
4.49607849
4.98627472
5.62549067
6.03921509
8.52353096
9.74313641
7.72352982
4.32549095
4.38627481
4.30392218
3.99411798
3.53725529
4.86470652
18.54314041
16.23529625
12.25294018
6.71960735
4.26862764
3.52352905
4.76470709
5.22941303
5.29411793
5.69215631
9.61176491
9.79411793
6.91960764
4.51176453
4.65294123
4.48039198
3.43921590
3.54117656
7.10588217
18.23529816
15.37843037
10.71176529
6.47843170
3.37254930
3.74902010
4.95490170
4.61568594
5.14902020
6.56274509
9.13529491
9.56862736
6.37843132
4.83725500
4.71764755
4.41568613
3.38823509
3.57451034
9.31764698
17.46078682
14.34706116
9.63137341
5.75098038
2.96274543
3.90588331
5.20000029
4.62549114
5.93921566
7.69411850
8.37450981
8.94313812
5.78235245
5.17451096
4.55098057
3.98627400
3.32156897
3.46862745
11.12941170
16.83529282
12.93137455
9.23137093
4.91568708
3.14117694
4.31372547
5.09215689
5.97647047
6.15294266
7.72156858
8.22941208
8.14901924
4.75490189
5.33529377
4.34117603
3.67058873
3.27058864
3.70980430
13.29019642
16.39019966
11.60196400
8.11568546
4.36666632
3.36862755
4.54117680
4.86078453
7.43725586
5.92549038
7.63725519
8.65294266
7.37058735
4.75490189
5.28627491
3.88039207
3.86862755
3.60784340
4.09999990
15.36666489
15.83529663
11.24706078
7.26470518
3.95098042
3.86470628
4.64705801
4.77647018
8.73529434
5.94117689
7.84902000
8.58823586
6.36666822
5.06666756
5.40784359
3.99607873
3.68823528
3.92745066
6.12941170
15.96470833
15.65490150
11.73921490
6.01372623
3.97843122
3.69607902
4.85294247
5.00392199
10.44705868
5.37843227
8.21960735
8.20588398
6.14509821
5.05882263
5.70000029
3.88039207
3.76274467
3.55098057
8.57647133
16.28823662
15.17254925
11.13137341
5.76274538
3.97843122
4.27843189
5.57647228
5.45882320
10.61960888
6.01960707
8.53137302
7.02941275
6.02549028
5.36862659
5.96274471
3.87058854
3.55294132
3.72549105
10.72745132
16.89999771
14.11176300
10.73137093
5.29411793
3.91372538
5.45294142
6.33333254
6.22745085
8.83333206
6.94705868
8.51372433
6.58235216
5.00392246
6.09607935
5.78627539
3.92549038
3.79803944
3.92156887
12.96470547
16.79411888
13.15490341
10.38235092
4.99019527
3.86470628
6.50784302
6.66862726
7.26862717
6.20588207
7.32745123
8.42745018
6.12941217
4.60392189
6.61372614
4.93137312
3.79215693
3.84901977
3.67647099
14.10000038
14.91176510
12.66470528
9.12549019
4.66666794
4.36078453
7.25882292
7.02941227
7.35294104
5.19019556
8.20196056
7.08627462
5.73333311
4.98039246
6.12941265
4.55098009
4.04313707
4.01176453
4.86470652
13.43725300
12.52744961
12.66666508
7.71568727
4.52548981
5.05294085
7.59803963
7.06470680
6.17450905
6.13529444
8.04706001
5.92549038
5.72549105
5.00980377
5.96078491
4.57843208
4.44313765
3.57254934
6.68039274
12.83333111
12.46862602
12.07647228
6.42548895
4.70392179
5.00588322
7.72745132
6.08431387
5.21372509
5.87843037
7.21764803
5.74705935
5.94117689
5.10980320
6.40980387
4.44901991
4.13333321
3.30784273
7.87450981
13.32353020
13.29607773
11.40588188
5.96862745
4.87843180
4.75490284
6.76470566
5.49019623
4.64705896
6.00588226
6.75097990
5.91568708
6.23529482
6.38627481
5.50784540
4.67451000
3.99803948
3.23725486
9.04901981
13.99019527
12.94117546
9.84706116
5.45097971
4.85098076
5.08235359
5.52549076
4.78039360
4.54509783
5.54117632
6.24705839
5.78627586
6.29411840
6.64313698
4.69803905
4.83921576
3.86862731
3.89215684
10.89804077
14.44902039
12.62156868
7.92353010
5.45294046
4.33725500
5.15294075
5.02745152
4.58039236
4.75294065
5.39411736
5.51960659
5.87843227
5.94117641
6.29803848
4.30980492
4.91176414
3.84509850
4.55294180
12.34509850
14.93921566
11.77451038
7.10196114
5.39607859
3.85490274
5.30000019
4.84705973
5.01372528
4.90000057
5.48039246
5.17647028
5.64509869
5.57647038
5.98823547
4.46274614
4.79411840
3.66078448
2.94902015
