25.08823776
28.92744637
23.78627968
24.62352562
25.67842865
25.99019623
27.30392075
27.24314117
27.16274834
25.08431053
26.30784607
26.44313431
25.89607620
25.58235359
23.83137131
26.12940979
24.98823357
19.26862907
28.95097923
26.79999924
22.68039322
24.91764450
26.23529816
26.62941360
26.82744980
27.12745094
26.70588684
25.11960983
26.56274796
24.78627396
23.87058449
23.61961174
24.73529434
25.03529358
24.02548981
19.32156563
26.59607697
23.49607468
23.84901237
24.22353363
27.88627815
25.68626976
25.36275101
27.04314041
25.12548637
26.28824234
24.13332558
19.65098190
21.03137589
23.41765022
25.23529053
22.01175880
18.31960869
24.02941132
24.78627777
22.17843246
24.62549210
25.41176796
25.77254677
21.36667061
23.37255096
25.46665955
25.16469955
25.65489960
18.46274567
16.79607964
20.72352982
24.42352295
23.38039017
20.43725586
16.77450943
24.76862717
23.32940674
22.68038750
23.44902229
25.41176033
20.89607811
17.99020004
20.28627396
24.13921738
24.54313469
21.59412003
15.87451267
16.76274681
21.41568375
24.61372185
20.00980568
18.97647095
18.52156830
21.79215622
23.97843170
23.44509888
20.32744980
23.00588417
17.33137131
15.38039207
18.65490341
23.60783958
21.43137360
17.25686264
15.68039513
17.52352524
20.67254829
22.65294266
18.14117813
14.86274338
22.13333511
22.24705887
24.05294418
22.88039398
18.64706039
17.90588570
15.75098133
15.42156792
18.95293999
21.68823433
17.08235168
15.82941246
16.21176720
17.61568642
19.73529434
19.70000267
18.88627625
18.06078148
20.17843437
24.23529243
23.58235359
19.27647209
17.60980415
15.50980759
15.70000172
15.34509754
21.03725815
17.43137360
16.02745247
16.16666985
16.14901924
17.06470680
18.14902306
17.41764832
18.18235207
20.20195961
19.34705925
24.83137131
23.37843323
16.51764870
16.29215813
15.39607906
15.42941093
15.97451019
20.88039017
16.30588341
16.30588531
16.11764908
16.13333130
16.69803810
16.78431129
17.98431778
18.38627434
18.55489922
22.16470718
23.19999695
21.23921776
15.95490074
15.35490227
15.81960869
14.88431168
18.72352791
18.02157021
15.92157173
15.89412022
16.64117622
16.40196037
16.81372452
17.35294151
16.66274643
18.81568909
17.48627663
23.03137207
22.55686378
17.10000229
15.15097809
15.71960640
15.57646942
14.06078339
20.02940941
16.02549362
15.39215851
16.11764717
16.67450714
17.26274681
17.16470146
18.05098152
11.86274338
17.55294037
18.75294304
22.21176529
21.08627510
15.49411774
14.37646961
15.65490150
15.29215527
15.60392475
18.75882339
15.27647018
15.17255211
16.78627205
16.01960754
17.34902191
17.98039246
17.41372490
12.15686321
15.96666622
20.30784607
21.40196037
18.64313889
15.26666737
14.57647133
14.95490456
14.80195999
17.97451019
15.67059040
15.15294075
16.23725700
16.11568642
16.41765213
17.71764755
17.64313507
17.36274529
15.32353020
17.24705887
21.47843552
20.27058983
15.49019623
14.51372623
14.56862736
14.40000057
13.84705734
16.87647057
15.25882626
15.45882511
16.34705925
15.22548962
17.05489922
18.05489922
17.68039322
17.47647095
15.92744827
19.09020042
20.31372643
18.80980492
15.06666660
14.70000172
13.67843246
14.16471004
15.41176510
15.20980740
15.36078548
15.85294342
15.89019585
16.61176491
17.19019890
17.59019661
17.95490074
16.76078606
16.81372643
19.99608040
18.47647285
15.36470604
15.23725510
14.71176529
14.51764870
14.15097809
15.77647305
15.16470814
15.35490036
15.83921623
15.98823833
16.65294075
17.55686569
17.66078758
17.77059174
15.40196419
18.89019775
19.58038712
16.45294189
15.10000134
14.82549095
14.57058716
14.80784321
14.35882568
15.26274204
15.27647018
16.75686455
15.96274567
15.93529224
16.59215736
17.56666756
18.90588379
15.97450924
15.49019432
18.99608040
17.93333435
14.92941475
15.03529072
14.82745075
14.87450886
14.02156925
15.67647076
14.70588493
15.35293961
17.48823738
16.14313889
15.95097733
17.02352905
18.14706039
18.03921509
15.45882034
17.23921776
18.37058830
15.94706249
13.31960583
15.02941132
14.81568527
15.05490303
14.91764832
14.51176739
14.47254944
16.30392265
17.92548752
15.52549076
16.55294037
17.46470642
18.47059059
16.49019432
14.47843075
17.28627586
16.40588188
14.89608002
14.06274509
15.23333454
14.81372547
14.60588169
15.77254868
14.43137074
14.80196190
17.13921928
16.60392570
15.76078510
17.26470375
17.67842865
18.18235588
14.39411926
15.30195808
16.36862946
15.51176262
13.44313622
14.89411926
15.36862564
14.85882378
14.96078491
15.28039742
15.10000134
15.71764851
17.76078606
15.74117851
16.55098152
17.30195999
18.84706116
16.03137207
13.39999866
16.10588264
14.81176567
14.45294285
13.44509888
14.56274796
15.34509850
14.39803791
14.88038921
14.69019699
15.43921757
16.91372681
17.52352905
16.07058716
16.97843170
17.08823586
18.33921432
13.16666985
14.23529625
15.10195827
14.57843208
13.34509850
13.44117641
14.17058754
15.08431530
14.58823299
13.74509525
13.94902039
16.14902115
17.51764679
16.69019318
16.06078529
16.77451134
16.95097923
15.38627529
12.87451172
14.31764603
14.53921700
12.99215412
12.69019699
13.25882435
14.95490360
14.63921356
14.07843113
13.03333187
14.52941322
16.24705887
16.57451057
16.24706078
16.25882339
16.68823624
16.47255135
13.07842922
13.22353077
14.26666737
13.50392246
11.08431339
12.75490475
13.37843132
14.69215775
15.71960640
14.79607677
12.45882225
15.54117680
16.00980186
15.75098038
15.71765041
16.50784492
16.74117851
15.04313755
12.38039398
13.59607792
13.81176758
11.65294361
10.62352848
12.98823738
14.13921356
14.11764812
15.93136978
13.65882206
13.81764793
15.55097866
15.41961002
14.81176567
16.35098076
16.35098076
15.53137589
13.43529510
12.69215584
14.12156963
12.55294323
10.46274567
11.56274605
12.59608078
13.52157021
15.32156944
14.90980434
13.69215679
14.70196152
15.28431511
15.10980320
16.15490341
16.12745476
15.22352982
15.26666641
11.01372528
14.04313374
12.83529472
11.10588360
10.41568565
11.81176567
13.38431358
14.19607830
15.68431568
14.26862812
13.26862812
16.09019470
15.14705944
16.33529472
16.82549095
15.39803791
14.88039398
13.79019833
11.72353077
13.28039360
11.45686150
10.14901829
10.15098000
12.78627300
13.84902096
15.42156887
15.46470642
13.21960735
14.28431606
16.20392036
15.53333187
16.98627472
15.97255230
14.60784340
15.68039131
11.92744923
12.87843132
12.54705715
10.16470814
9.65098190
11.22156811
13.65098095
14.24313545
15.97646999
14.56666660
13.28235245
14.84705830
15.16078377
16.64509964
16.66470528
14.18627548
14.94509792
15.05294132
11.00588417
12.51568699
11.44902039
9.90588379
9.66274452
12.39803886
14.17843151
14.90784264
16.33921623
13.64117336
13.44509983
14.07058907
14.64313984
18.23529816
15.31568813
14.79607868
15.75882339
13.48823547
11.51568508
11.95882511
10.29019642
9.43137455
10.24902058
13.47843075
14.40784359
15.35882378
15.50980377
13.28235054
12.70980358
13.06470585
15.85294342
16.22745132
14.21960735
16.01764870
17.82744980
10.04509926
11.79215717
10.50392342
8.81764698
8.91176605
11.60196209
13.80784225
14.70196342
13.53725529
12.85686111
13.42352962
11.93137264
14.09411812
16.70000267
13.90392208
15.23137283
17.13333321
15.27647305
10.30000114
11.45098114
9.20784378
8.46470547
9.01372433
12.46078587
13.55294323
12.85294151
10.43529320
12.07647133
13.79804230
12.62353039
14.99607849
15.08823490
14.22744942
16.28823471
20.12156677
11.12941456
11.36862946
10.78823757
8.53921604
8.27058697
10.28823566
13.08627510
13.61568451
10.68039322
9.86470795
13.21960735
12.70980644
14.17843151
15.44705868
14.01568508
16.04705811
18.10588264
17.38039589
10.13725471
11.40784550
9.25098133
8.86862755
8.83137226
11.98235416
12.78627586
12.29803944
8.73529434
10.55686283
12.67058754
11.80784416
14.16274452
14.50784111
16.37451172
16.10392380
19.94509888
11.59804153
10.67058754
10.54313850
8.36862659
7.85097933
9.75882435
12.10392094
11.99019718
9.68627644
8.10392380
9.53725529
11.91176605
12.38039303
13.79803848
15.40784073
16.15686226
18.16470718
16.78627586
10.12549114
11.19804001
9.03333378
7.85882235
8.04509830
10.80000114
10.91372681
10.34509659
8.50000191
8.12353134
9.81960773
10.90000057
11.99608040
14.54509735
16.58431435
15.74902153
18.70588303
12.44509792
10.20588303
10.10588360
7.97450876
7.36862755
8.68431282
9.89411926
10.64313793
9.30588245
8.28431320
7.83921623
9.38235283
11.05686092
14.52548981
14.88823700
16.63725662
15.70588207
16.66862869
10.43333244
10.54902077
9.15882206
6.23529387
7.60784340
9.39019680
10.07843304
10.40980339
9.09607697
7.38431406
8.05882359
10.25294304
11.66862679
16.65686417
17.73333549
15.10000229
15.81764603
13.48431206
10.35686398
10.58823586
6.95098066
6.37450933
7.84705877
9.53529549
10.70784378
9.81960964
8.77647114
6.50980473
7.53137255
10.27843189
14.73333359
18.45686531
16.59019661
14.95686436
15.06274319
11.68038940
11.11372566
8.40980434
6.31372547
6.47843218
7.75686264
9.93529510
9.87058926
9.24313736
7.20392179
6.69803905
7.82156944
11.85686207
17.99216080
17.92745399
15.61568928
14.31176281
14.74509525
10.61960697
10.59215736
6.95098066
6.05686235
6.74313736
7.94313669
9.95490265
10.09607887
7.96470642
5.92548990
7.06078291
9.75882530
15.00784111
18.84313774
15.90392113
14.69607830
15.27451038
13.03725624
11.16470718
8.80000019
6.43333387
5.89019537
7.05882359
8.43921661
9.63529396
9.81960678
7.59019661
5.82745171
9.84509850
11.94117737
16.06274605
17.15686417
15.12157059
15.05098152
15.95685959
11.59607792
10.50980473
7.40392208
6.24117661
6.36078453
7.61176395
8.88627434
10.15490150
10.91568756
7.89411688
8.54509735
13.04706001
14.31372643
16.50392151
15.39216042
15.00196171
15.36666489
15.76470375
10.60980606
9.66470432
6.43725443
5.89803934
7.68039227
8.88823509
11.35294056
10.69411850
13.53529263
10.27254772
12.76862717
15.37647057
16.67058945
16.12549210
15.32941341
14.97450924
15.83333302
13.21176624
10.39412022
8.70588112
6.13725424
6.01764727
8.07843113
11.51176548
13.34902096
14.45882416
12.99803925
13.33529282
15.82549095
16.49999809
16.92941284
16.00784302
15.08235168
15.29607487
15.76078510
10.55294228
10.47646904
7.21176434
5.55294085
7.33921623
8.75686359
15.32745171
14.42548847
14.42941093
12.85490322
13.54705811
16.63921547
16.69215775
16.14706230
16.32156754
15.78627205
15.60000229
13.71764755
10.51568508
9.62157154
6.26470613
5.31176519
7.92352915
11.55293846
16.47255135
14.76862431
12.93921566
13.14117622
14.50980473
15.49804306
15.70392227
16.63529396
16.54706192
16.04510117
16.10980606
10.73333549
10.41764832
7.54313707
5.26862764
6.64509821
8.84902000
14.12548923
15.64902115
13.39019680
13.13725471
12.64509869
14.49607658
15.63333130
14.99999905
16.36666870
16.81960869
15.52156734
14.93725586
10.29999924
9.37450981
5.82549000
5.08823538
8.73725510
10.49999809
14.13921642
15.07254791
12.59607983
12.35293961
12.52549171
13.89999962
14.84509754
15.27450848
16.05686378
16.32745171
16.79803658
13.00784302
9.80392170
7.85882330
5.14902020
5.53137255
9.23529625
11.74313641
14.96862984
13.30784321
12.88235378
12.67646980
11.80392075
15.20392227
14.75490570
15.07843018
16.28823853
15.85686302
17.00980377
10.44705772
9.67059135
6.56274462
4.97254944
7.59019613
10.17254925
12.76078510
13.56078529
12.82549286
11.71960640
14.18235493
12.88431358
14.04705811
15.17843342
16.05294228
16.28823662
16.78039360
13.58235550
10.76274681
9.54117680
5.40196133
5.02941227
9.54313660
11.33529663
13.98627663
12.84706020
12.69608116
12.35098076
13.57058811
12.47254753
13.98823547
17.14313889
15.88627434
17.02156830
17.56666756
10.97058868
10.26666641
7.35098028
5.00000000
6.46274471
10.12352943
12.41372585
14.23529434
12.47843170
12.40588474
12.61960983
12.55294132
11.80000210
15.83137321
18.06862640
16.78431702
18.23529243
13.85490322
11.29608154
9.80392265
5.40000010
4.68235350
8.43725491
10.18627357
14.10784435
13.61176395
12.83137417
11.37450886
13.37254906
11.46274567
12.43921566
18.48823929
16.07843208
16.92353058
17.97646904
11.12941170
11.58431530
7.61372614
4.68039227
5.61764765
8.71960640
11.69019699
16.07647324
12.10196114
12.79411793
11.83921432
13.15098000
10.79803944
15.18039227
18.70392036
15.49019718
17.63921738
15.88627529
10.65294170
10.93725300
5.56666660
4.50980473
7.23725462
9.45882416
16.94902229
14.18823433
12.69019508
11.31372547
12.87450981
12.86862755
10.81372547
19.73137093
16.67647171
15.59804153
16.84510040
13.31568432
11.95490360
9.38431454
4.75294161
4.90784359
8.77058792
11.20980453
18.42745209
12.48235321
13.43333244
12.21176720
13.27843285
11.37254810
14.87843132
18.77450943
15.50980377
16.06666756
17.95686150
11.72156906
11.10000038
6.52549124
4.13137245
6.19803810
8.75098038
15.72549152
14.82744884
13.08431244
12.47058868
12.16666889
13.49215889
10.09803963
18.53529739
16.35686111
15.22549248
16.71961021
15.82548904
12.00784397
7.77843189
5.00784349
3.79411769
7.47843170
10.77647018
17.50784302
12.63529301
13.19607925
11.26862907
11.99607944
12.54313660
12.95686150
17.81176949
15.01568508
15.70196152
18.71960831
12.27450943
10.55490017
6.07451010
4.30392170
4.55294132
8.64706039
14.62548923
13.32156944
13.28235149
12.94117641
11.04509735
12.79411697
11.89607811
14.70195961
17.10784531
14.97451019
16.70784569
18.48039246
10.88627529
9.32941151
4.05294180
3.71568656
6.54313707
10.02156734
15.77647114
10.83921719
14.19607925
11.65686321
11.48823643
13.74705982
11.85097980
14.23921490
17.85882378
15.66078377
18.13333511
15.53333282
11.45490360
6.65882397
3.20980430
4.09411812
7.80588198
13.73137093
12.12941360
11.28431416
14.62549210
11.41568661
12.42549133
14.30588341
11.40392303
15.96862793
16.37254524
16.25098038
21.91960907
9.97058868
11.14705753
3.51960802
2.80784369
5.57254839
9.80392170
15.50784206
8.60196114
12.92940998
13.51960850
10.90196037
14.07059097
12.91372395
12.39999962
17.85097885
14.62941170
18.03725624
18.89999962
9.69607735
9.31568718
2.46274519
3.60588264
6.14705801
12.54705811
12.27059078
8.62156868
13.45098019
11.89999866
12.31568718
14.57255173
11.55294132
15.74705696
15.92549038
15.45294476
22.03332901
13.13333416
10.75882339
5.38039255
2.74901962
4.70392179
7.67058754
14.32549191
8.11176395
7.72549057
15.18039131
10.85686398
14.20588112
13.83333302
12.82745361
17.99215698
14.61764526
18.75686073
21.85097694
9.97451210
9.92352867
3.13921571
3.15686321
5.82352924
10.33333397
12.97451115
5.95294094
10.91764832
12.65294075
11.08235264
14.14509678
12.67647171
15.77254963
17.46863174
15.77843285
23.44705963
15.96862793
9.85490227
7.81764746
2.23921585
4.26274490
7.40980434
13.09607983
8.97647190
5.43137217
12.84313679
11.00195980
11.83333492
14.74706078
12.82744980
18.40588379
15.85294151
19.75686073
22.36666870
11.90784264
10.76078606
4.78823519
3.05882406
5.55098057
8.87254906
12.98627472
6.50588226
6.80784273
14.15294170
10.43725395
13.71568680
13.58823490
15.09411526
18.70588493
16.68039322
22.61176682
17.66078377
10.60196114
9.54117680
2.93921542
3.98627472
7.17647123
12.59215736
9.55882263
5.39607906
10.06666660
12.55097961
11.02353191
15.31372452
13.35294151
18.05294037
18.10391998
20.81764603
20.89608192
12.76666641
10.47058868
6.93921566
2.00588274
6.04509783
8.53137302
12.30000305
8.02352905
5.93137264
12.20392418
11.54509830
12.93137169
15.30391979
15.08823490
19.89803886
19.00588226
22.00392342
16.99215698
11.20980549
10.58823490
4.07058764
2.66274548
7.16078424
11.25686359
9.14313793
6.98039341
8.16470528
13.42745209
11.48627663
14.75882530
14.93137455
17.32353210
18.48234940
20.97451019
21.03725433
14.25490379
10.48039150
8.99411678
2.25686288
3.92549038
7.90392113
10.74902153
9.11568451
7.18235397
10.49019623
12.96078396
12.92548847
16.20392036
14.25490570
18.07254982
18.70000267
22.51176834
18.53921509
12.41568756
11.32549286
5.38627434
1.74901998
6.28823519
9.27843189
9.00588226
10.28627586
8.47647190
12.17843246
12.31960869
14.05686378
16.30000114
14.88823509
19.58234978
19.40392303
23.71764946
15.07843208
12.00588226
10.22548962
2.90392208
3.22745109
7.82941198
9.27058887
8.72156811
11.01372433
8.50980473
14.28039455
12.03725529
15.91372776
14.51568699
16.72353172
20.70980453
22.94509888
20.97450829
14.03921700
10.70196152
7.20980453
1.96470594
5.36078548
8.73333454
8.10196114
10.06078434
9.51372719
10.47058773
14.12744904
13.20392036
16.29999924
13.37647247
20.22549057
21.47450829
25.76078224
15.69999981
12.82549000
10.31372452
4.23725510
2.38235283
7.37254858
10.46666718
7.50588322
10.62745094
9.40784359
13.17254829
12.54510021
14.63921642
16.26470757
16.10980225
22.00392151
23.50392342
23.15686035
13.65098000
11.79804134
8.08235264
2.31568694
5.06862736
8.16666698
9.49411488
9.24509811
10.47058964
9.57450962
13.83921528
12.32352829
16.66470528
14.74117470
19.72157288
22.86079025
26.01372337
17.80392265
13.11960793
10.40196323
5.63333511
2.03921604
6.75294209
10.32745075
8.27842999
10.04509735
9.53529549
9.74509907
14.41960907
13.49215889
18.20980072
14.84313965
21.81372833
23.07451439
25.71568298
12.87058830
12.63137245
9.56274509
3.89215684
4.33529472
6.31960773
10.84902096
9.45490265
10.52941227
9.70588207
11.65490341
15.03529358
15.96470833
16.21568680
18.74901962
21.94902229
25.13921738
19.88823318
13.09215641
11.28627396
6.78235388
2.69019651
5.54705858
9.04509735
8.35294247
10.98823643
9.92941093
9.02941132
14.58431244
14.44117737
18.70000648
16.10000038
20.33137703
20.48038864
25.39999771
14.17646980
13.50392342
10.48627472
5.14902020
3.08627486
6.00980330
10.73529530
10.17450905
9.08627319
11.27255058
9.05097961
17.11960793
16.03529549
18.83921242
17.61960793
17.85098457
23.40392303
21.39215660
12.42549133
12.54313850
9.28039455
3.10392165
5.06470585
8.79019547
9.12352848
10.37451077
10.09803963
10.80391979
11.98823547
16.74313927
19.33136940
16.95098114
17.92941093
18.49019623
25.19020271
16.39411736
12.96274757
11.86862659
6.21568680
2.69411802
6.43529367
10.61960697
9.32548904
9.91960907
11.40000057
10.17254925
14.40980530
17.23921776
20.29608154
18.21568680
16.12157059
23.33529282
22.30588150
11.63725376
14.55882454
10.18039322
3.95098066
4.99019623
8.71176434
8.67647171
10.12941170
10.23725510
12.57450962
9.05686378
17.63137436
18.55882072
19.86470985
17.78038979
18.47647285
24.68039513
19.91764641
11.26274586
11.94901848
8.38431454
3.50000024
6.00784397
9.29804134
9.08823395
10.58627319
10.50980377
11.21764660
10.76470757
18.17451096
20.13921738
21.19804001
14.51176834
22.70980263
23.04705620
13.75686455
13.53333282
9.88235474
6.33333254
4.39215708
7.16470575
9.10000038
8.81568718
10.10784531
11.37254810
8.83725357
14.44313812
18.57058716
21.37059021
18.00588226
17.41568756
20.88627243
20.33529091
10.68431282
13.80392075
10.02941322
4.18823528
5.73333311
8.06274605
8.32352829
9.36274529
9.58627605
10.30392265
8.23529434
17.39803886
19.07451057
21.62941170
14.64706039
17.66274452
16.25294113
17.86274719
10.94509792
11.32157135
9.60980415
4.56470633
6.77451038
7.93921518
8.73333359
9.64509773
9.46470547
8.26078415
10.66274548
19.00588036
19.33725548
17.62549019
14.80588341
14.57450962
16.82549286
12.15098000
13.90392494
9.05686378
8.94117641
5.57647038
7.89607906
8.09019566
8.24117565
9.46862888
8.75882339
8.13137245
13.92156792
19.37843704
19.83333588
11.71176529
14.88823509
13.81568527
17.31568718
9.92156792
12.63921738
10.30392075
5.13529444
6.35294199
7.89607859
8.94313908
8.22745132
8.88039112
8.22548962
8.95686245
17.15686607
18.61372757
17.41176224
11.00392246
15.42744923
12.73725605
14.53725433
11.66666985
9.94902134
8.69804096
5.64117670
7.48823643
7.01764679
8.71176434
8.59411907
8.29215622
8.10196209
10.48039341
18.93725967
19.41176796
11.77254677
12.69608021
13.83921528
14.61764622
10.26078320
14.25882339
6.76078320
7.15882349
6.16666651
8.37843227
8.05686283
7.89019632
8.44313717
7.28235245
8.85686398
13.98039055
18.62548828
18.37450790
8.65882301
13.77058887
12.79411983
14.90980530
11.34902096
11.22353077
6.16470623
6.10784340
7.19215631
7.52941132
8.50196171
7.76274490
7.15098000
6.89215708
10.44313717
15.78627491
18.36274719
14.01176548
10.56862640
12.95490074
11.52353001
11.69215679
14.15294170
7.76862812
6.44117737
5.59607792
7.63725567
7.64313698
9.38627434
7.71764803
5.97058916
8.61176395
11.70392227
17.65490150
18.64313698
7.69019604
11.43529320
11.90196133
14.48627567
8.66078472
13.13921261
5.58627319
6.69215775
5.87058926
6.82941198
10.42941284
8.57451248
6.49019670
5.13137293
11.78039265
14.32745171
17.23921585
14.54117966
8.34509754
12.45097923
10.31764698
12.25294590
12.21764565
9.46078587
4.98823595
6.22549105
7.03725576
6.47254896
11.69215775
7.55686331
5.48431396
6.93137264
12.65098095
17.76666641
17.34313774
8.47647095
9.70980453
11.47058964
12.05882359
8.88039303
13.73333168
6.05882406
5.62745237
5.66274452
7.16274595
9.42353058
9.69411945
6.67647028
5.60000038
10.63921642
13.15882301
19.30195999
13.64902020
7.34313679
12.82745075
9.94313908
13.00980186
10.18627262
11.23137093
4.69607830
6.86666679
7.02156830
6.98431444
10.29411793
8.61764812
6.75098181
6.07647085
12.25294018
16.38627434
18.81372833
9.51960850
10.18235302
11.84313774
10.41568756
11.27254963
12.90195847
7.64509678
4.71372557
7.32745171
7.40000105
10.33529282
9.57058907
7.51372576
7.73137331
7.27254868
13.07647133
18.67255020
15.16470718
8.28823566
13.04509926
10.50588226
12.67843151
10.87254906
12.10784245
6.43725491
5.08823586
7.46078539
8.23529339
11.83529472
9.02156925
7.29411793
6.45490217
9.61960888
14.20588493
19.11176300
10.50392151
8.92156887
11.97254848
10.31568527
13.73921776
11.06274509
9.26470757
4.91764593
7.23529577
6.86862659
12.35882378
9.07059002
7.78627491
7.74313736
6.15490246
10.85490227
16.61372566
15.22352982
8.23725510
10.14705849
10.51960850
11.09411812
11.64901924
12.75294113
7.46078444
3.69215703
7.59215736
8.34705830
13.22744942
8.62549114
7.25490236
8.00196075
6.56078482
13.27843285
16.97254753
11.44901752
8.19803905
10.92157078
8.09411812
12.95686340
11.47647095
11.77058983
4.80196095
6.73921633
7.78823566
9.41568661
11.46274567
7.54509783
8.16470528
5.89019632
11.08235168
15.70784569
15.65686226
9.14313698
9.73921585
11.12745094
8.54117775
11.86274433
11.93921471
8.28627491
3.72745156
8.94705868
7.59803963
12.65882587
8.62745094
7.50000000
7.88039207
5.16862726
14.39019585
16.99803925
12.16078377
8.70392132
11.60588455
8.96666908
10.10000038
11.85490227
9.84706116
6.79803991
4.83529472
7.77843189
8.68823528
11.28039074
7.52353001
7.87058926
5.78823566
9.69804001
14.31372547
16.49803925
9.43137550
10.14313793
12.27254963
8.02156925
13.80980301
8.69999981
8.37254906
5.36666632
7.71568727
6.57058764
9.60392094
9.28431511
7.08823538
7.52549171
4.65686274
12.43725777
15.99019814
13.18431282
7.03921652
12.30392265
11.64510059
9.05097866
12.39019871
8.67254925
6.97843266
4.30000019
8.25686264
8.56470490
9.58431339
7.51764727
7.42352962
6.92549038
5.26666689
13.49607658
15.75882244
10.55098057
7.04509783
13.28235149
8.88431358
12.66862679
9.03921604
8.29607868
6.29215717
5.79803991
6.75490141
9.25294209
9.33921623
6.27647305
8.48039246
4.11960745
9.03921700
15.23529339
13.57647038
7.53333378
8.55490303
13.28431606
8.81960678
12.30392265
7.50784302
7.22352934
4.49803877
6.83725452
6.42156887
10.43529510
8.68431377
6.35294151
8.54509640
5.08235312
10.96078396
14.61372662
11.42156792
7.20392084
11.77058792
9.83529472
11.79215622
10.84117508
7.38627577
6.03333330
4.66666746
5.66078424
8.47647095
9.25098133
7.27058887
9.69999981
6.03529406
7.61960840
13.68431377
13.97058964
10.24510002
7.85098028
13.02941227
10.02156830
14.01568985
7.92941189
6.78823519
5.70196152
5.60392141
3.70980430
8.90588188
9.43137360
7.86274481
11.44902039
5.89019585
11.97255039
15.36078358
11.98823738
8.19804001
10.47254848
10.53921604
11.70980453
12.74509907
7.79607868
5.74509859
5.29411793
5.49607849
6.05686283
8.23725510
9.63333225
12.72352982
8.62156963
7.92352867
14.10392380
14.90392208
11.42941093
7.45686340
11.80000019
10.30588150
12.54313850
13.10588455
6.71568680
5.43529367
5.06078482
4.72352934
7.17451000
10.35098076
11.08235264
13.25490189
4.83725548
14.49215794
15.73137188
13.43333244
9.23333359
8.75686264
11.90588284
10.17647076
14.42156792
10.75686359
6.04509830
4.80784273
4.41372538
4.75686216
9.66470528
11.88627434
14.07450962
9.54117584
6.52549076
15.33137226
16.33333397
12.92941284
7.75490189
9.23137188
11.08823586
9.95686436
15.40980625
9.05490208
5.49215698
5.01764822
4.69803905
6.74313688
11.50196266
12.72549057
13.54509926
7.29411888
11.24117756
15.17843151
15.08627319
10.35098076
7.34509659
10.55097961
10.12941074
12.42745209
12.90980434
7.61176395
5.49803925
4.58823586
4.96666670
10.14509773
12.73137283
13.08627510
10.78823757
7.41372442
12.78431320
17.63137245
14.17058754
7.94901896
8.51960850
9.33137321
11.80000019
12.65882301
12.45490170
5.32941198
6.22352982
4.04705954
7.26862812
11.13137245
13.09019470
14.55490303
9.64313793
8.25097942
13.76470470
15.96274471
12.16666603
7.34902000
8.38039303
9.85098171
9.99019814
11.47058678
11.06862736
6.10196066
6.31372499
5.35098028
9.74313641
11.55686378
12.71764851
13.25490379
9.13529778
9.23333359
16.68431473
13.74117661
8.20588303
8.16078281
8.03137302
12.18431282
10.12549210
10.20980453
8.43529510
6.80000067
6.85686350
7.16078472
11.22941208
13.40588284
14.63529491
10.62941074
8.67843151
11.41568661
14.36274719
12.51960754
7.65490246
8.86274433
10.03333378
11.23921490
9.14313698
11.25882435
5.84901953
7.54509878
7.13529491
8.58235264
12.01960945
11.37843132
15.47843361
10.96862984
8.17451000
14.57254791
11.50392246
9.89412212
9.30588341
8.73333359
12.97254944
9.50196075
7.50000048
9.14117813
6.13921547
8.47451019
6.86470604
9.12156773
13.46862793
13.30195904
12.08823586
9.75686169
10.67647171
11.27842903
11.55294132
7.99215794
8.36862850
11.58431530
13.24902058
7.79803944
7.06078386
6.99215794
6.86666775
7.86862755
8.06078434
10.65490246
9.27254868
13.05097961
10.68627453
9.44509983
12.90588093
7.93921471
10.02744961
8.43921661
10.01960754
13.81960869
9.65293980
7.23333406
7.24509811
5.84705877
8.69215584
6.39999962
7.61764812
10.30195999
9.63529491
11.46274471
10.24705887
9.71568394
10.31960964
8.07451153
7.80588245
8.29215717
12.24901867
14.79803848
6.84902000
6.71960735
6.72548962
5.99215794
9.46862698
5.84705877
7.68627548
10.10196018
11.14706230
9.69804192
8.80196190
9.60196114
8.10980511
7.60980415
8.07058907
10.85294151
15.08431339
10.30980301
7.21764803
5.50588274
5.74117661
8.51176548
6.05490160
7.31960917
7.60588169
11.18039036
10.96470642
10.25686264
7.91372585
7.90588140
7.68823576
8.36666775
8.73333359
13.27843189
15.55490112
7.20784283
6.76470661
5.23137283
5.79215670
9.70588207
4.83529425
7.88235283
11.04705906
11.29411888
10.24313831
8.72745132
7.81372499
8.36470604
7.58235312
9.12549114
10.09411812
16.68431473
12.89411545
6.01568604
4.96666574
5.56666660
6.99607801
7.30784369
6.65686274
7.89803886
12.90588188
10.01960754
9.97254848
8.17058849
9.60392094
8.89215755
8.70392227
8.60588264
12.78627396
16.82548904
8.81372356
6.16078424
4.19607878
6.51568747
8.01960754
4.37647104
8.12549019
11.14313698
9.79803753
11.47254944
10.38235188
8.86862850
8.74313831
8.73725700
9.80392075
9.19019699
15.68823433
13.35490227
6.73137283
4.94705963
4.68235350
6.41960859
6.51764822
5.73529434
9.39607811
14.55686378
10.10588360
9.44117737
7.77254868
10.27254963
9.44117737
9.68235302
8.83137226
11.12941360
15.29803848
9.88039303
6.40588331
3.75882363
6.00588131
6.34902000
4.88823557
8.78627396
8.88431358
13.35098171
11.26470661
8.57647038
8.20980453
9.11960888
9.40588379
10.49803829
9.05686378
12.22745132
13.28235435
7.50392199
6.01960754
3.26862788
7.26666641
4.47647047
5.92745113
9.47843170
11.35098171
10.70588207
10.91372490
8.00588226
8.24313736
9.19019604
10.28431511
8.99019623
9.35686302
13.34705925
11.51568699
5.99607897
4.46274567
4.51372528
6.47058916
4.74705887
8.10980415
6.15882349
13.28627491
11.29215813
9.04901981
6.42549086
10.46666813
8.26078415
11.01764679
8.10392189
9.05686283
13.15097904
8.07254982
6.28431320
3.29019666
6.84117651
5.53333330
6.00588274
7.92156839
7.25882292
10.50588226
11.61764622
8.87255096
6.77647066
11.24117756
8.74509621
10.66078377
7.91372776
10.85490417
12.08235359
5.71372652
4.67843246
2.94313765
8.67254925
4.28431416
6.18235254
6.97647190
9.58823490
11.67058754
8.99607944
7.09215689
10.52549171
10.18431473
10.74902058
8.40588284
8.10392094
13.12549019
9.30000019
5.70196056
2.68431377
4.56274509
8.14509773
4.07254887
6.79411840
6.23137331
11.48431396
10.72745323
8.78235245
6.78823566
12.45882320
10.10000038
11.51372337
7.67646980
10.26274490
12.75882339
5.26666641
5.60980320
2.10196114
8.06862640
5.97254848
4.65882301
7.14509964
8.15098000
10.57451057
9.38823414
8.20195961
9.20980453
13.19803905
10.51764774
10.03725624
7.77058792
13.05882549
9.79411793
4.83921623
4.11176491
3.19215727
9.42745209
3.89215684
6.10196114
8.16274738
10.46470833
10.46862888
8.80980396
7.56078434
13.60392380
10.04313564
12.16862774
7.96078444
9.33725643
12.57450962
6.67647362
5.57647085
2.46470642
5.39019632
8.91568565
3.78431392
8.71764755
8.52941227
10.79215908
10.46666527
9.27647018
8.64902020
14.36862850
10.75686169
10.70980549
7.26862717
12.06274509
10.38039207
4.39607811
5.44509792
2.37058854
8.82353115
6.29803944
7.02745104
9.04313755
10.31764889
10.97058773
8.72745132
9.17254829
12.76666546
10.74706078
11.76078606
8.27647018
9.96274567
12.38235188
9.48823738
4.77450943
3.36862826
4.42352915
10.39411736
3.86274529
10.14705849
9.80784416
10.10980511
9.85098171
9.47255135
8.71176434
12.24901962
9.38431454
10.90392113
7.31372643
13.59804153
12.34509945
6.45882511
5.36862803
2.37254953
6.75882387
9.72157001
6.42156839
11.30588245
9.40588284
9.28627491
9.42353058
9.42941189
9.28038979
10.52745247
10.40588379
7.41764688
10.21176529
13.19215584
12.99411583
3.45882368
5.32352972
2.88235283
10.54901981
5.84117699
9.54705906
10.74510002
9.88431358
8.54901886
9.78823566
9.81568718
9.04705811
9.58627701
10.20784378
7.24509907
13.25882435
12.70784473
8.63725471
5.00000000
3.04117703
5.36274576
10.08235168
5.34705830
11.65882301
8.74509811
9.81764889
8.93333340
10.89411736
8.73921585
9.12745190
10.54510021
7.93333292
8.68235302
12.25490189
13.01960754
4.95490313
5.35686255
2.26666689
8.03529549
7.73333359
8.01568604
11.15294170
9.52353096
9.33333302
9.83137417
10.14705753
8.23529434
9.10980320
9.77647018
7.57254887
10.81764793
11.81176567
10.37646866
3.98235297
4.66078377
3.70980382
10.81176472
5.53529406
10.83921528
10.24117756
10.24117661
8.85490227
10.98235226
8.30784321
8.71764851
9.33921623
9.08235455
7.92352915
11.96470737
12.37058830
8.09803963
4.92156887
2.69411802
5.64313650
11.62156963
6.84117699
10.02745056
11.24902058
9.41176605
9.67058659
10.14313793
7.51372480
9.98039436
9.15882397
8.16862869
9.60588455
12.53725433
12.80588150
5.45097971
4.73725462
2.54509807
9.80196190
8.79411697
8.01764774
10.20392323
11.32745171
8.45490360
10.13333416
7.58823538
8.56470585
9.74117565
9.78431416
8.20392132
10.99607849
13.30000114
9.47058868
5.06666660
3.77058816
4.41372585
11.97451210
6.76078320
8.80980587
11.47451019
10.21764660
8.75490379
9.99608040
5.98235273
10.52745152
9.44509888
9.40784359
7.22156811
14.63333321
12.86470699
5.47451019
4.97843218
2.29803920
6.76078510
10.83921528
7.83137274
10.28431511
10.68627357
8.92941093
10.15686417
7.99607897
6.85882425
11.46078396
9.96274567
7.63529444
10.16274643
13.46862793
11.14313793
4.60588217
5.33137274
3.36470604
9.78823566
7.35490179
9.15294170
11.19215775
10.65490150
8.45882320
10.50980473
6.31568766
9.43333340
10.27254868
9.79215622
5.96862698
13.05686092
13.29803848
7.76470661
4.94705868
4.71764803
5.12941170
9.92549038
6.86862803
11.63333416
9.95490265
10.32548904
8.82156944
8.82156944
6.77647066
9.59803963
10.39803791
7.41176414
7.65882349
12.50000191
13.97451115
4.52941227
7.18235350
3.00784326
7.41568661
8.61372375
7.60392189
12.57647324
11.91568565
7.82941198
8.81176472
6.85882330
7.13725519
10.59607983
10.51764965
6.53725433
9.67255020
13.74510002
10.15882301
5.28823519
8.46078491
5.41372585
9.55098057
6.28823471
10.98823547
11.05294037
11.39019585
6.65686274
9.05098248
6.34313726
8.98627567
11.49803925
8.03137398
7.43333435
11.96274567
16.01176453
6.56862736
7.46862841
7.85490227
7.14705849
8.87451077
6.79803991
13.03921509
9.81568623
8.11960697
7.23137331
7.38431406
6.67646933
10.48039246
10.53921509
7.42941141
8.78823757
14.94313717
11.76666737
7.51764727
9.62352943
5.50784397
8.50784302
7.42156839
8.05294132
11.69019890
9.47451019
7.20392084
8.13725567
5.92549133
6.69019604
11.19804001
8.61568737
7.70196009
11.10784245
16.27254868
7.09215641
7.44313860
10.88235283
6.56078529
9.40000057
6.17647171
10.75882339
8.93333530
9.37254906
6.43921614
7.57450914
6.45490170
7.89999962
9.74117756
8.11960888
9.34705925
13.36274719
13.83137131
7.05882311
8.16666794
8.69804096
8.69804001
8.64902020
7.34705830
10.74313736
9.24313736
7.79019690
8.08431530
5.75490189
6.95490122
8.93333435
9.65098095
8.63529301
10.21960831
15.95490265
9.75686359
6.45098066
10.71372604
7.31372595
9.77058887
7.91568613
8.49411678
10.32156754
9.32941246
6.52941132
8.04706001
7.32549047
7.25686264
9.53921604
9.00588322
9.16078472
12.67451191
15.55490398
5.61960793
5.86078453
11.67843151
8.33529472
9.67058945
6.87450933
10.87647247
9.55882359
7.78823519
7.22352934
6.48431492
8.54117680
8.38627529
9.89019585
9.51372910
10.01372528
14.69803810
11.56078339
6.49215746
6.96470642
9.99019718
8.60196018
8.83725643
8.50980377
10.68627548
9.70392227
6.21176529
8.32549095
7.18823481
8.42156887
9.41568661
9.47254944
9.50980377
12.53529549
14.81764698
8.31372452
4.83333397
9.71960926
7.82156944
9.28431416
7.49019718
11.47058868
10.07058716
8.26862812
6.25098038
7.74509859
7.98627472
8.53529549
10.25294399
9.94510078
10.14313793
13.50784302
13.01372528
7.17254829
4.40980387
10.70784378
7.74705887
9.36666775
8.39411831
12.28431416
8.61960602
6.19607925
8.15686321
6.92156982
9.08235455
8.91764641
10.60196018
9.92745113
10.69411945
15.64313793
8.47451019
6.35490131
5.75490189
8.91568756
8.27843189
8.92156696
9.79607868
11.75294209
8.17058754
5.98039246
8.62549019
8.11372662
9.25098228
9.13725567
11.19804096
9.91372681
12.08039093
14.87058926
6.33333349
5.45294094
8.16274548
7.09411716
8.94902134
10.02548981
12.14509964
9.72157001
7.30588293
7.84902000
6.56470585
9.77058792
8.89215755
11.24117756
11.23333168
10.29215813
14.39019775
9.47842979
7.29607773
3.31568694
10.74117756
7.79607821
9.66078472
9.24313831
13.34705925
8.98627472
7.37451077
7.64902020
7.80196095
9.89215565
9.66078377
12.08039093
9.50000095
11.84313774
15.39019394
6.11568594
5.83137321
4.44117689
12.42548943
8.68627357
9.65686417
9.68823433
13.26078892
8.70784378
8.06078434
6.58627462
9.83529282
9.14902020
10.93333435
11.44509792
11.47843361
14.26666641
12.25882149
5.38431358
4.76470661
7.02745056
11.29804039
9.26862812
9.29411697
14.55294228
10.73529243
7.50000000
7.68823576
6.94705820
10.15098095
8.99607754
12.11960888
10.09607792
11.83725452
16.80784416
7.97843170
5.78039265
3.76078367
11.07254982
8.64313793
9.34313679
8.83529377
16.07450867
9.15490246
6.76666641
7.33137274
8.07058907
9.80392265
9.26666737
11.95686531
11.55882454
13.42745018
14.35686111
5.58039236
4.57450962
4.35294151
11.98431301
8.67058849
8.55882454
12.42549324
14.30784416
7.77450991
7.06274509
6.22549009
9.25686264
9.70784378
11.81764889
10.92745209
10.77843094
15.68235207
9.14313507
6.32941151
4.04117632
6.42352915
9.69803905
9.61960793
9.66470623
16.57647324
11.47843075
5.10000086
7.24509859
6.41176414
9.37647152
9.32353210
12.71372795
10.84902096
11.63725567
16.50980377
6.43529415
6.22352934
3.47647071
8.08823681
7.96862793
9.02941227
13.27058792
17.47451401
7.96470499
5.79215717
6.30588245
7.55098057
10.16274452
10.93333149
11.64509869
10.34706116
14.88627625
12.79411793
6.68235254
4.43529415
3.25882387
9.02548981
9.73921585
9.99607944
16.38823509
14.14117718
6.46078444
7.33333349
5.25882339
8.43137169
10.53137207
11.78235245
10.80980492
11.55882454
17.16666603
8.84902000
6.67451000
3.06470633
4.82941151
9.79607868
9.95294285
13.33725452
18.65294266
10.32941246
6.43921614
7.12941217
6.52941132
10.12745094
9.98823547
11.20980549
11.80195904
13.69607925
16.94902420
5.64313841
5.53137255
3.16470575
8.55686188
9.35490131
11.06078529
14.64117718
16.46666527
8.43529510
6.75686169
5.88431358
7.74117756
11.16078377
10.79215527
11.06862736
11.00392246
17.63725662
13.56470490
5.26274586
3.78627515
3.73725486
10.50392151
10.60784340
10.62941265
17.34313774
12.86470509
6.86078405
7.11764669
5.50000000
9.23921585
10.85882378
11.19607735
12.21764755
12.74510002
17.35098267
9.48823452
4.13921595
3.14313769
6.12549019
10.54705811
10.28235340
12.90980434
19.01176453
9.57254887
8.25882435
6.26078415
6.55294132
10.61764717
9.78823662
12.57451344
10.26666737
17.12156868
15.59411812
5.66274548
3.46666694
3.41176510
9.50196171
9.40196228
10.12941265
15.19803810
16.64117813
11.30784225
8.65490246
6.13921595
8.04117680
10.45490265
10.99019623
12.33921432
11.78627491
17.44117928
12.40980434
4.42353010
3.20980382
4.35098076
9.77058792
9.29215717
8.92549038
18.31568909
15.07058525
12.85882378
7.65294170
7.61568737
8.59411812
9.66078377
13.50980473
10.42941093
16.38823509
14.70391655
8.88235283
3.90980458
2.95686340
6.79803944
8.84705925
8.51960754
11.19019699
19.11764908
13.74313927
10.22352791
6.11176538
8.08431435
9.06274605
10.68039036
13.80392075
10.48627663
18.42548752
12.75097942
6.08823633
3.33725524
3.57254934
8.20588207
8.12352848
8.55294132
13.39607716
16.43333244
14.35490417
7.46666670
6.70588255
7.95294189
10.00000000
13.40784359
10.94313908
15.42156792
16.52353096
8.55294228
4.52941179
3.00980425
4.69999981
9.60784435
7.69803905
8.38823605
15.24901962
13.86078358
11.68823528
5.65098143
7.11764669
8.14705849
9.79999924
15.68627357
10.20784283
18.43921280
13.39215565
6.83137226
3.47647047
3.85098100
6.95490217
9.71961021
8.08039284
10.01960850
15.47451019
13.00391960
7.96862745
5.14705849
7.22352982
9.86274529
14.08039284
11.18627739
14.54117584
18.04117584
9.15294075
5.31568623
3.04117703
4.40980387
9.98039055
10.25882435
9.25098133
13.34705925
13.40588093
12.45098114
5.27647114
5.95098019
8.62156963
9.52353001
15.92549324
10.52745056
18.56470680
15.42549133
6.98235226
4.35686302
3.49215674
5.06862688
12.78823662
9.93137264
12.06470490
14.83333302
12.46470547
9.37647247
4.80784369
6.86274529
9.90392113
14.22156906
11.66862774
13.80588245
18.74118042
11.14902020
7.09019709
3.42549014
3.69215727
7.83137274
13.93921661
10.52353096
13.24706078
13.22941208
13.11568546
6.10784245
5.13529587
8.52353001
11.20588303
15.17059040
10.78627682
17.43333435
16.86274910
7.06274557
5.40980482
3.14901948
3.82156873
10.40196228
12.88431263
13.86078453
13.18823624
12.03333187
10.78627300
5.24117613
6.53137207
9.94117641
14.95686245
12.74901962
12.61764812
18.27450943
12.84705925
6.95490217
3.86666703
3.06274509
4.65098047
13.82157040
12.18235302
14.38627434
12.06862926
12.54313850
7.81960917
5.50588179
8.76274586
10.84313774
16.74902344
10.80392075
15.97647285
17.88823318
7.84706068
5.97058868
2.88431454
3.29411793
7.72352934
12.79215622
16.50000000
11.29411507
11.88039207
11.54901886
7.04313803
7.08431339
8.11960793
14.09999943
14.89411831
12.10980511
18.32549095
15.91961098
5.62352943
4.20784378
3.03529453
3.86274505
10.62745190
14.19607830
16.41176414
11.37450886
12.39019585
9.01176643
6.68627453
9.49019623
7.42745161
18.22745132
11.41960907
15.41960812
19.21372604
9.87451077
4.85882378
3.58235288
3.33529496
5.01176453
12.44117737
18.43921661
12.61176491
11.02549171
11.12156773
7.63137245
7.29411745
8.82549000
12.20392036
15.52941418
12.16666698
17.26274681
18.46666908
6.20196152
4.26274538
3.21176481
3.51764703
8.04901981
14.43529510
17.77647018
11.50392151
12.16470528
8.85490227
7.45882320
9.58431530
7.84705925
18.75882339
10.79215717
14.37058926
18.46078491
12.52549076
5.50980473
3.61176491
3.33137274
4.31764746
10.77843094
17.39215469
14.36274338
11.68823624
11.74705505
8.60980415
7.32745218
11.08039284
10.24902058
15.11176491
11.61568737
16.42941284
17.83529663
7.98823500
4.74901962
3.26666713
3.18039203
5.52549028
12.53529358
18.52353096
12.63529396
12.56274700
9.55490208
9.63137341
9.05882359
9.85686207
14.86862755
10.37255001
13.49019718
17.40392303
14.56667042
5.79411745
4.69999933
2.90784359
3.40392208
8.65490150
15.04902077
15.85294247
12.92745304
12.84902096
11.62352943
8.38823605
11.87450981
9.41960812
13.48039436
10.21960926
15.26862907
17.57647324
9.44706059
5.80196047
4.01176500
3.34509802
4.60784340
11.11372566
17.62941551
12.91176605
15.04705811
9.65686321
13.62353134
9.90000153
11.76666641
10.44509792
9.58627510
11.87058926
16.61568642
17.11568451
6.45882368
4.78823519
3.32745147
4.01176500
5.90980387
13.69804001
17.48823547
12.64705849
14.76078606
11.97843170
10.65098000
12.19804001
10.62548828
9.45686245
9.84313679
14.77254963
17.72156906
11.74901867
6.47254896
4.30196095
3.45098042
4.10392189
9.11764812
15.50784397
16.18431473
15.16078663
11.70392036
13.79411888
11.92156887
11.89607716
8.23921490
10.47647095
10.79999924
17.05686569
17.75097847
6.79411840
6.21764708
3.90980434
4.20784330
4.28823614
12.52941132
15.68235302
16.35294151
16.08039284
11.00000000
12.10000038
12.49019623
10.62941360
9.27058792
9.32156849
14.11764717
18.17842865
14.27254772
7.12156820
4.75686216
3.64313722
3.94509864
6.08627462
12.99019623
17.33725548
18.36274529
13.26274490
11.18431568
11.97058868
12.26666546
8.47451019
10.08823204
9.65294170
16.48039436
19.41568756
9.30784321
6.92549038
4.41960764
3.92549014
3.98431444
9.86666679
13.04313755
18.88039398
17.80588341
10.62352848
11.16470528
12.29019642
10.82745266
7.60196066
9.23529434
13.06078434
18.16078568
17.50392342
4.52745104
6.46862745
4.49607944
4.24902010
5.14509821
13.24509907
14.98235512
18.95490074
14.92549133
10.25686264
12.20392132
11.56666565
9.21568680
8.49607849
9.00196171
17.20196152
17.74313736
11.87646961
6.00980425
5.45686197
4.18627453
3.94117713
9.31372643
14.86470604
18.09019661
19.04509735
10.14313793
11.09804153
11.98235321
11.64902020
7.46666765
9.46078587
12.46862793
18.00980568
17.88431740
6.56078386
5.84901905
5.42352962
4.16862679
4.82549000
13.37646961
15.80588341
19.11176682
15.98627377
9.48823547
12.32157135
11.21176434
11.43333435
8.20588207
8.76862717
17.21372414
17.37254715
15.11372662
4.29019594
5.69607925
5.01568651
3.58431387
7.84705925
17.73333359
14.16470814
19.11568642
11.60196114
11.07843018
12.33137226
11.98627472
8.85686398
9.21764755
12.57058716
17.25686264
18.35294342
9.69215775
4.45294094
4.65882397
4.35686255
3.83333302
13.12157059
16.85882378
15.65098190
17.22549248
8.75882435
12.21960831
10.83333302
11.98431587
8.34705830
8.64313793
17.73921394
17.10000229
18.05293846
4.45686340
4.98039246
4.97647047
3.56470561
5.98823643
18.51176453
14.18235302
17.48627663
13.07254887
9.57450962
12.01764965
11.02549362
10.77058983
8.47254848
12.94509888
17.50392151
18.21372795
13.05097961
4.20392227
4.72745132
4.80784273
4.01764774
9.57843208
21.79607773
11.31372547
17.68824005
9.27254963
11.70784187
11.31176567
11.18627357
9.28039074
8.13529491
18.10784340
17.55098152
18.60980225
6.88431406
4.07058859
4.73921585
4.69411802
4.86470556
14.17451286
18.62745667
14.24117565
15.43725491
9.19803810
12.08823586
11.51176453
11.73137379
7.83529377
12.80392075
18.19215965
17.90980721
14.39215851
4.29607868
4.43333387
4.76666689
4.09215736
6.63921547
17.69999886
15.50588226
17.50196266
12.64706230
10.44705963
12.05490112
11.70588303
10.89803982
7.72157001
18.43921661
17.16666794
18.03725433
9.29411697
4.13921642
4.90980482
4.57843208
4.45490265
9.28431320
20.06470490
13.85294247
19.56862450
9.08627415
11.83137321
11.55686378
12.04901981
8.80588150
11.92156792
19.01568222
17.50588036
17.26862907
5.39803886
4.21176529
4.75097990
4.60196114
5.72156906
11.48823547
20.90980148
17.24117661
15.88627052
8.96274567
12.29411888
11.39019680
11.99215698
8.08431339
17.48235130
16.39608002
18.32745171
13.37255096
3.91960788
4.47647047
4.25686312
3.93333340
7.77843189
13.15686417
19.15686607
19.01961327
11.92940903
10.36078358
11.69411755
12.29607773
10.75294209
10.96470642
19.69999695
17.21372604
19.57450676
6.78235292
3.59803939
3.94117641
4.19607878
3.69411826
8.76078415
16.84313583
17.24509811
18.29411888
8.93333435
11.90784359
11.18823528
12.62156868
9.38431168
16.53333282
17.67646980
18.56863213
15.25097942
4.91960812
3.61372519
4.20588303
3.69999981
5.49411774
8.38431358
18.80588531
18.53137207
13.73921680
9.12941170
11.56862640
11.67843151
11.45294189
10.76666737
19.56666565
16.26862717
20.39607620
9.45098209
3.83921599
3.90980458
4.88431454
2.73333335
6.03137302
11.32156944
17.57646942
18.51960564
9.61568737
10.55686283
11.44509983
11.97058678
11.09607601
16.50000000
18.04117775
18.26078224
17.26078796
4.78823614
4.02156925
4.05294132
4.57254839
3.34313750
7.63725471
13.78431511
17.48627663
13.81176567
8.05098152
11.75686550
11.72745132
12.48235226
11.49803925
20.57647133
16.16275024
18.56470871
10.99607849
4.50196171
4.37647057
4.80196047
2.96470618
4.99411821
8.98823452
14.08235264
15.38823700
11.54117775
8.91568661
11.80000019
12.51764965
12.34509754
16.56078529
18.19019890
16.40784454
18.25490379
5.74117756
4.30588245
5.51176500
4.27843142
2.83725548
6.54117584
9.79411888
13.52941132
13.20195961
9.36078453
10.87647152
11.77058697
13.42156887
13.29411793
20.03333664
15.90392399
18.00588608
14.47843075
4.52352905
4.80392218
5.72352934
2.90392184
3.94901967
7.85686255
10.02156830
12.20000267
12.43725395
8.24117661
11.42548943
12.25490284
13.93137360
18.17451286
18.37059021
15.20588303
19.02941132
8.64509773
2.99019599
5.38823557
5.53529453
2.62549043
5.26078367
9.12549019
9.69019794
10.93921566
11.10196209
9.39215755
11.49019718
13.74313831
14.82352829
19.96274376
16.89607620
16.78235245
16.31764984
4.14313745
3.70784330
5.92745066
3.86666679
3.73725510
8.60392189
9.48823547
9.50196171
11.58627510
8.60196114
10.92352676
12.07058907
14.00784111
18.46470451
19.20392036
14.88431454
18.54706001
10.61568546
3.56078434
4.86666632
5.94705915
2.73529434
4.32941198
11.30784416
9.53921795
10.03137302
12.70588207
8.68823433
10.95490265
13.52941322
15.84313965
20.43529129
16.96862984
15.68039227
19.09803772
4.16274500
3.13333368
5.96078300
4.68823576
3.14705920
7.16078377
10.48039341
10.02941322
10.46274471
12.33333778
9.98627377
11.75490093
14.17254543
19.23529053
19.25685883
15.47451210
16.60784340
13.37058926
4.17254925
4.84705925
5.46274567
3.38235331
4.32352877
9.12941074
9.94117641
10.56274700
12.41960812
9.97843266
10.78431416
13.50392246
15.58823395
21.27058601
17.55098152
14.93529510
18.17842865
7.20000029
3.47058845
5.59803915
5.45294094
2.79607868
5.56274509
10.35294151
9.72156811
9.30588341
13.61372566
9.71372604
12.50195885
14.43137264
19.57451248
19.56078720
15.51568508
15.88627625
15.13137150
4.07843208
3.38627458
6.46470690
4.08235264
3.64705873
7.30392122
10.73529339
10.34509754
9.16274643
11.94509792
12.10784149
13.12941170
16.30784416
21.12941360
17.83529854
14.60588360
17.32744980
9.85685921
3.06862760
5.20392227
6.10784245
2.95490265
4.56666756
9.11764908
10.71960831
8.81176567
10.44705963
11.10784245
12.44705677
14.07451153
19.09411812
19.90588570
16.32744789
14.16078663
17.99412155
4.53725481
3.16470647
6.37254906
4.35686350
3.19803953
5.96666718
11.47451019
9.58823776
7.90392113
10.45098209
11.30784416
12.29607868
15.56470776
21.18823051
18.01765060
14.20000076
15.76274490
11.94706345
3.73725510
3.59999990
6.85294056
2.28823566
4.38627434
8.45686340
12.26666641
9.19608021
8.29215717
10.55490208
11.72549152
14.16078568
17.74313927
19.55881882
16.69019699
13.55882359
16.80784225
6.27647066
3.29019618
5.39607859
4.44705915
2.44901991
5.67254877
11.15490055
11.27843285
8.25882435
9.06078434
9.97647095
12.03333473
15.46862984
20.07254982
18.14901733
14.75098133
14.22352886
14.27255058
3.00980377
3.88823557
6.59607840
3.00392175
3.52352953
7.48235321
11.83921814
9.82549095
7.67450953
8.87843227
10.10784340
13.63921547
16.82353020
20.17647171
16.99607849
12.57058907
15.93921852
8.14313793
2.79803967
4.24117661
7.80980253
2.69803929
5.55882311
9.11568642
11.13921452
8.76470661
7.77646923
9.54313946
11.59215736
14.80784416
18.56862640
18.49412155
15.18627262
12.06274605
16.95882225
3.24901962
3.40392184
5.83725500
5.72941208
3.61372566
6.60588264
10.22549057
9.93333530
8.09215641
8.57647038
9.32353115
12.95098114
15.74313545
18.98431778
17.97842979
13.82548904
15.42352867
10.86470795
3.40784383
3.85686278
7.49607897
3.38235307
4.86862755
8.49411869
10.07647228
9.73333263
7.57843208
9.27451038
10.54902077
13.90980434
17.67255020
18.14902115
16.34901810
12.85686302
16.88039207
5.43137264
3.52941203
3.62745166
6.78431463
3.43333411
6.23921633
9.39607811
10.23921490
9.12549210
8.66862869
8.76274490
12.01960754
15.26274586
17.95293999
17.62941170
14.44313622
13.61568832
13.73137283
3.96470571
3.07451034
4.48039293
4.32941246
4.33725500
7.74313831
9.54706001
10.28823471
8.15098000
9.39803791
8.87647152
13.29999828
15.85490322
18.58627892
16.28627777
13.27646732
15.77451134
8.38627529
3.93529415
3.09019637
5.61176491
3.04901958
5.72156906
9.05882454
10.06078625
9.42156792
7.76078606
9.50784397
10.28039360
13.58039665
18.23529625
18.37255287
15.00392246
13.19607830
16.13333702
4.07843161
3.52353024
4.30980349
4.83137321
4.06470633
7.30588245
9.99804020
9.91176414
8.42941284
8.73333359
8.52353001
12.10980701
15.31568718
18.30000114
16.52941322
13.82745075
15.15490246
10.64901829
4.26470566
2.74705911
5.56862783
3.40784335
6.29215670
9.67647076
9.54117680
9.81372261
7.11372471
8.88627625
9.42156982
13.54901886
17.11568832
18.42549133
14.47646904
11.80784130
16.33725739
5.56862736
4.16666651
4.08431339
5.74509811
3.95686293
7.54509783
10.67058754
9.90392113
8.59803963
7.67647123
8.18235302
10.64705944
14.67647076
18.74705887
15.32744980
13.60392284
12.71372700
13.18823624
4.04117680
5.16862679
5.06862831
5.45294189
5.82745171
8.92941380
11.11372566
9.81764793
7.66862726
7.70392084
9.01960754
12.07254791
16.76274490
17.47058868
14.58823395
11.69411945
15.86274529
8.42941189
4.85294104
4.45098066
5.92156792
5.60392141
7.82156849
10.28431416
10.53725433
8.94117737
7.13529348
8.31960773
9.88235378
13.99411774
18.39019394
16.46470833
13.71960735
12.20392036
14.82745171
5.20000029
4.92549038
4.61372519
6.51764727
5.31176615
9.89215660
10.97254753
9.59215641
8.14509678
7.46470642
8.76862812
11.15490341
17.22744942
18.13529587
15.63333130
12.33921623
12.96078396
11.01568890
4.53725481
4.53529501
4.40980434
6.00000095
8.25686264
10.05882454
9.89019489
9.89607811
7.30588198
8.40784359
9.23529434
14.53725624
20.13333511
16.80195999
14.67058754
10.61176300
15.09215546
6.33921576
3.80980420
3.60784364
4.74313736
5.17647123
9.77843094
10.47058773
9.95686245
9.60196304
7.16666698
9.09215641
11.04313660
20.46078300
17.67255020
15.86666584
12.12352943
11.99019814
12.46274757
4.20000029
3.45294142
3.22156906
5.53333378
5.47254896
10.65686131
10.59803772
10.94313717
8.49804020
8.08235264
9.65098095
16.31961060
20.82157135
16.19608116
14.20196152
12.22353077
13.91372490
7.28823519
3.03921628
3.19019604
3.79411745
4.80980396
7.24117661
10.62156963
11.18823528
10.02156925
6.42548943
8.96470642
11.81372643
20.80000496
18.76274681
15.60588169
12.70588493
12.27450943
13.97059059
3.78823543
2.30588293
3.60588336
4.09019613
4.78235292
8.15490341
10.44901848
11.39019585
7.88627481
7.02156925
9.68627548
16.56666756
20.01960945
17.77843094
13.94705772
12.29607868
13.17451191
10.70588207
2.71568632
3.10196066
3.35686302
4.43921614
6.00588274
9.52156830
11.56470776
10.35882378
6.65882444
8.68823719
11.72941208
17.78039169
20.75882149
15.56470585
12.94901657
12.18627453
15.70980453
5.75294113
3.12549043
3.34705925
3.86274505
4.09019613
7.03529358
11.10000134
12.00784397
8.88235474
6.54705906
9.75098133
14.81568718
15.97647285
19.25882721
13.47254944
12.51568604
13.11372662
13.60391998
4.99607897
3.68431425
3.08627486
3.77647114
4.94902039
7.89019632
12.51372528
11.21960926
6.64902020
7.87254953
10.78823566
14.43921661
16.49804115
16.46862793
13.00784397
12.47647095
14.63333321
9.44705963
3.62941217
4.07058859
2.83725524
3.38431382
6.18823528
9.67451000
12.95686340
9.44117928
6.10196066
9.97450924
11.28627586
13.11372471
17.46470451
14.05098057
12.19608021
12.23137474
12.60392189
7.15294123
3.63921595
3.40196133
2.35686278
4.27058840
7.25490189
11.53921509
12.82941341
7.29607868
6.87843180
11.00588131
11.14117813
13.31764698
16.50392532
13.03921890
12.45686245
11.45490170
10.08235359
5.82352972
4.14509869
2.65882373
2.58431411
5.40980339
7.79215670
12.94705963
11.35882568
6.14117670
8.39607811
10.34902191
11.72157001
14.51372623
15.16666698
13.18823338
12.93333244
13.02548981
6.80196095
4.25098133
3.63529444
2.15098071
3.40784311
6.54509687
10.38235378
12.10588360
9.26666546
6.19215679
9.91764641
10.10000038
12.59019852
15.30196190
14.84705734
15.66078281
12.00000191
11.69215870
5.52941275
3.98627472
2.66470647
2.61372590
4.27843094
8.73529339
11.59607887
11.14901829
7.13137341
6.96078396
9.92549324
10.86078453
13.00588512
16.54117775
17.47843170
15.57843113
12.99804020
7.62941122
3.82156920
3.98823547
2.15294147
3.70196128
5.55098057
10.67450905
11.41372681
9.43333244
5.87058878
8.22549057
8.93921661
11.44509888
14.49215698
17.05490112
19.16078568
12.27255058
12.54509640
3.82156873
4.00000048
3.38431430
2.37058830
4.00000000
7.51568651
11.90784264
10.27647018
7.05686235
6.09019613
8.64902020
9.01568699
12.20588112
15.05686378
18.82549477
15.78431702
11.08235455
8.60980320
3.48431349
4.52745104
2.21764708
2.66274524
4.40980434
9.69804001
10.79215717
9.31176662
5.79019499
6.67058754
8.65294170
10.12352848
13.11960697
15.66470432
16.95098305
13.87058926
12.13137341
4.12745142
3.24313760
3.85098124
2.02352977
3.31960797
5.37058830
10.47647095
10.36666870
7.53725386
5.66078377
7.58431339
9.11764717
11.02157021
13.40980434
15.33725357
15.17647076
11.71960545
9.46078205
3.73137283
3.54901934
2.43137336
2.47843146
3.65882492
7.96274471
11.57254982
9.89803791
6.39803934
6.15294218
8.36862850
10.00000095
11.57450962
13.07647038
12.65098190
14.64509678
10.79019642
5.83529377
3.49019623
3.71176505
2.24313784
2.55098033
4.99411774
10.16274643
13.25882626
9.10000134
5.72941160
6.93725491
9.40588188
9.97058773
12.31176376
12.56470490
14.99215508
11.56862640
9.56078434
4.17058849
3.85490155
2.71568704
2.07451010
3.12941217
7.06666708
11.41960716
12.26666737
6.42941236
5.84901953
7.70392084
10.55294323
11.51764774
12.16666508
12.63333321
15.95098114
10.80196095
6.68235493
3.62156868
4.21568632
1.67451000
1.79019666
5.01960754
9.04117775
10.98823643
8.40784359
5.71372461
6.19803858
9.17647171
11.17647266
12.11960793
12.15294075
15.97843075
12.71176815
10.76862717
3.60196137
3.87058854
3.41176462
1.61764729
2.53333378
6.26470518
8.54117775
9.69019699
7.14902020
5.55490208
6.57450962
11.54117775
11.71764755
12.96862888
13.19215488
15.95686245
10.86862564
8.51764679
3.38823605
4.39607859
2.06078458
2.27058816
3.92549038
6.58039236
8.45294189
8.64706039
5.99607849
5.21960878
9.04509830
12.73137188
14.92352962
12.30196190
14.89803886
13.75490379
10.91176414
4.61960793
3.38039231
4.28823566
1.80980408
3.02745152
6.05294132
7.05686188
9.43921757
7.65882349
5.56862783
5.02549028
12.71372414
13.79803944
15.55097771
12.16078568
15.55490112
11.51372337
9.22549057
3.58823562
3.96666694
2.89607906
2.76470613
4.00784302
7.74509764
8.34901905
8.81176567
7.20588207
5.21764803
5.85882425
15.31372643
16.76078415
12.69019604
12.28039169
14.01764679
10.84117699
5.76470709
3.37843132
4.12941217
1.93137300
3.61764693
5.52353001
7.95294189
9.06666851
8.39215851
5.83921623
4.84313822
8.71372604
17.27451324
15.80196190
11.16274548
13.37254810
11.23137379
10.33333397
3.40588284
3.34117651
3.63529420
2.08235288
4.15294123
6.99019670
8.06078434
9.59803867
7.90000105
5.38235331
4.84117699
12.96274567
16.84901810
13.52548981
11.12156963
13.27647114
10.23137188
8.03529358
3.00196147
4.75490284
2.00784349
2.54902005
4.91568613
6.80196047
8.87058830
9.40784264
6.82156849
5.16470623
5.87647152
14.99803925
14.75489712
11.72352886
11.94117641
12.14901924
9.96666718
4.24509907
2.90196109
4.77255011
1.73725522
3.53725481
5.35098076
6.59803963
9.87843323
8.49215889
6.02156830
4.95294189
7.79803801
14.41176414
13.78627491
10.98627663
12.00000000
10.16666698
8.62941265
2.86666703
4.78235388
2.75098038
2.53529429
4.27058887
5.84509850
8.43333340
9.41372681
7.63137197
4.91176319
5.13725471
9.25097942
12.97058964
12.74706078
11.07843113
11.89608002
9.03921700
5.82156944
2.49999976
4.59411812
1.85098076
2.93921614
5.73725462
6.23137236
9.65686226
8.73725605
6.17254877
4.44901991
6.37843084
10.13529396
12.04902077
11.55882454
11.99019623
11.37254906
8.46862698
3.06666732
3.01176524
4.68431330
1.74509823
3.95294189
6.28431320
7.40784359
9.15882492
8.17843151
5.45490265
4.32549095
7.59215689
9.90000057
11.97647095
11.35490131
12.75686264
9.74117661
6.31568670
3.13137293
4.71176481
3.00980377
3.19215727
4.95882368
6.10784197
8.70196056
9.36666584
7.13529396
4.08627462
5.34901953
8.40196133
10.79019547
11.22940922
12.17254829
12.19607735
8.71176529
3.57843184
2.53725505
4.77451038
2.79607844
3.99607873
5.32549095
7.11372519
8.68235397
8.75686359
5.49607897
3.93921566
6.27647114
9.17058849
11.08627319
10.74117565
13.32941246
10.20588303
6.89215708
2.41372538
4.57058859
3.64901972
2.45490217
4.53921604
6.33725500
7.95294189
7.72353029
7.43333340
3.99019694
4.68431377
7.75098085
9.90784168
10.22352982
11.40196228
13.12549114
9.78823471
3.92941165
2.47451019
5.56470585
2.08823609
3.95490170
5.00784254
6.62156820
7.71568584
8.35490322
5.91960764
3.29999995
5.60784292
8.22745037
10.27843285
10.50196171
12.16078568
11.72353268
7.90980482
3.07058883
3.15098095
4.85882330
2.55098033
5.03725576
5.85490274
6.94705915
7.46078396
7.41960812
4.67254877
3.89607859
6.23137236
9.13921642
10.15686226
10.30784416
13.35098076
10.24705887
5.85294151
3.22941160
5.68627501
1.65686285
3.69019651
5.25882435
6.80784369
6.89607811
7.09607983
6.47843122
3.70392132
4.63333416
7.20196104
9.66862869
9.82941246
11.69607925
13.09999847
9.14901924
3.39215684
3.09019637
5.01372671
1.46078455
4.95490217
5.42156792
6.80392170
6.96470404
7.25490141
5.24509811
3.45686293
5.93529463
8.02941132
9.61960697
10.04902077
13.37058926
11.32941437
6.83137369
3.02941179
4.12549019
3.15294123
2.91372561
5.42156839
6.01960897
7.34705830
7.21960783
6.99019670
4.06470633
4.34313774
7.13137245
8.89215755
9.59215832
11.31568718
13.14117813
9.17058945
4.34509802
3.06470633
5.42941141
1.59215724
4.65882397
5.47450924
6.49215651
8.19019604
6.66862822
5.85294104
3.70196080
5.28627491
8.19019699
9.05294037
10.04509830
12.78235245
11.16470623
7.79215765
2.60588288
2.96470594
5.28235245
2.13921571
4.87843180
5.18431425
7.04509878
7.62156820
6.94509697
4.83921671
3.80392241
6.87843180
8.22156811
9.01764679
10.55686092
12.90392208
8.91372585
5.16078472
2.90980411
4.43529415
2.82941151
3.23921609
4.68431330
5.93137217
7.21372652
7.39803839
6.83725452
4.09607887
4.45490265
7.92549086
8.70588493
8.97843266
11.53137112
11.71960831
8.12941170
2.80392194
2.50392222
5.18039179
1.11372578
4.73725462
5.05882359
6.25490284
7.15098047
7.36862755
5.80588341
4.20000029
5.67647076
8.26666737
8.92549133
9.95098019
12.14313602
9.34117508
6.45686388
2.84313750
2.81372595
4.48039293
2.40392137
4.88039303
5.60980368
7.08235312
6.66078472
6.88431358
4.74705839
4.38235283
7.22745132
8.54313946
8.86078453
10.83137321
11.67843246
8.07058811
4.61372614
2.40784359
4.15490198
2.70392156
4.08627462
4.74117565
6.38039160
6.99411774
7.30000067
5.94705868
3.59607863
4.78235292
7.19803953
8.80784321
9.49215794
10.88039303
10.70195961
6.79607821
2.83921623
2.49411774
4.29999971
2.27451015
5.01372576
5.49411726
6.61960697
8.20196152
7.21176481
3.92745137
3.99999976
5.77058744
7.91372538
8.79019737
10.14901924
11.20196247
8.75686264
4.90784311
2.29019642
3.64509845
2.96274519
3.28039217
5.08039284
6.25098133
7.20588160
9.04901981
6.44705915
2.95490217
4.37843132
6.56666613
8.35097885
8.60588169
10.62353039
11.01176548
7.54902029
2.84509802
2.21764731
3.75490212
2.88627481
4.59411764
5.35490227
6.08235264
7.75882387
8.45098114
4.84509897
2.87058854
4.79803944
7.64902020
8.39607811
9.22353077
11.17451000
9.26862717
5.95490217
2.72156882
2.75686312
2.98431373
3.05294132
4.76078463
5.77451038
6.24705887
8.42156982
7.33921480
3.40784311
3.41960835
6.13137245
7.90196133
8.28235340
10.10980511
11.48823452
7.38823557
4.11176538
2.38235331
3.02745128
2.48039269
3.78627491
5.35490274
5.81764650
6.49019718
8.43529606
5.53333330
2.99607873
4.47843170
6.70980453
8.90196037
8.36862850
11.04706192
9.91176414
5.85686398
2.84509826
2.71372628
2.92745090
2.59215689
4.30588293
6.11176443
6.07450914
7.61960793
7.11568689
3.73725533
2.87451029
5.98235273
8.22941208
8.27254963
9.13137245
11.37843323
8.45097923
4.55098104
2.84705925
3.49607849
2.13333392
3.16274524
4.78039312
5.88235331
7.35098028
8.73137283
5.35882282
2.98627472
4.20784378
6.64902020
8.42745113
8.31372547
10.18823624
10.71764565
7.17254829
3.41960788
2.95490217
3.40000057
2.31176496
4.17647076
5.20980453
6.08823538
8.63333416
7.62941170
4.27058840
3.27450991
4.95490122
8.09215736
8.25098133
8.51764679
11.85882378
8.10000038
6.03137255
2.92352962
3.13333297
2.82745147
2.65098047
4.28823519
5.41568613
7.23725414
8.07843113
6.27058792
3.27647066
4.14902020
5.91568661
8.15686417
7.84313679
10.19607925
11.14706135
7.39804077
4.31764746
2.84117675
3.79607868
2.54313755
3.40196133
4.28627443
5.77451086
8.05294228
6.31176376
5.11568642
2.91764736
4.58431339
6.98431301
8.16862869
8.47843170
11.49412060
9.59019756
6.46862745
3.43921566
2.48235345
3.65294123
2.87254906
3.78627467
4.87450981
6.65294218
7.39607811
6.13921499
3.96666646
3.22941208
5.48823547
7.69607925
7.93529415
9.98431301
11.29607964
7.37647200
5.25490284
2.54313731
3.27254891
1.91372597
3.66274571
4.11176491
5.68627405
8.22745132
6.57058859
5.12745142
2.93333387
4.36666679
6.52745008
7.48823547
8.06862640
10.43529510
9.48039436
7.05294085
3.41764688
2.23137283
3.18627501
1.90588260
3.93137240
5.42941236
6.47843122
7.54509783
5.88823557
3.78823543
2.99607921
5.45294237
6.93333340
7.39803839
9.14313602
10.37451172
7.62352848
6.04117680
2.95098066
2.17843151
2.06470633
2.84901977
3.78627491
6.17254877
7.89411926
6.19411707
5.40392256
2.83137298
4.16078424
6.09215736
6.85490179
8.19019508
9.19803905
10.12745285
7.67451191
3.93921566
2.62549043
2.67451000
1.59607863
3.45686269
5.59803915
6.11960745
8.44705772
6.63137293
4.16862726
2.86666679
5.25882387
6.44313669
6.90588140
8.86274624
10.52941227
8.31764698
6.57058954
3.10196114
2.83921623
2.91764784
1.98431385
4.55294180
6.78235245
6.72352886
7.68823528
6.72353029
3.19607902
3.51568627
6.20196056
6.61960793
7.05882263
9.09215832
10.62745380
7.31176424
4.33529472
3.44509792
3.42549062
1.87843156
2.91372538
5.36666727
5.92156792
8.05686283
7.05294085
4.96862793
2.79803991
4.88431358
6.68431330
7.17647076
7.33333445
10.02745056
8.96470833
6.81176519
2.80980396
3.21568680
3.22549033
2.11764717
3.07254887
5.41372633
5.67647076
7.44117594
6.31960773
3.96862769
3.06078482
6.23333406
7.23529291
6.97843218
8.07843018
10.48235321
7.70588255
5.14509916
3.35490227
3.17451024
2.68627524
2.72745132
3.92549038
5.32156944
6.35294104
6.49411821
5.36862707
3.05098009
3.69803953
7.18039179
7.17058849
7.31960773
9.13725567
9.31372643
7.64705896
2.97450995
4.13333368
2.45686293
2.62549067
3.22941184
4.25098085
5.21960735
6.72745132
6.23137236
3.94117689
2.66862798
5.21960878
7.13529444
7.26274490
7.75686169
9.30784416
8.63137150
6.29215717
3.17254901
3.75882339
2.58823562
2.17647099
3.58823514
4.57843208
5.13137150
6.58627415
5.60392141
3.35490227
3.51568651
6.11764717
7.02745152
7.19411755
9.25098038
9.14705944
8.32156944
4.70196009
3.27647114
3.37254930
2.24117637
2.44313765
3.52156878
4.70784378
6.22744989
5.97843122
4.61960793
2.78431416
4.08039236
6.46470594
6.84901905
7.91568708
10.50980663
8.83921528
7.99803877
3.16666698
3.19215751
2.60980415
2.19607854
2.91176510
3.90196085
5.33921576
6.29607868
6.31960773
3.68235302
2.94901991
5.36274576
6.41372442
6.53529358
10.90588188
9.92353058
9.29804039
5.32548952
2.70980382
2.76666665
2.31568670
2.67647052
3.26078463
4.89803982
6.05098057
6.92549038
5.66470718
2.98039222
3.76470661
5.99607849
5.72941113
10.24117756
11.84509945
9.82156944
8.39804077
3.03921604
3.01372576
2.73529458
2.21960783
3.39019632
3.79803991
5.37843180
6.33333349
7.09411764
4.20588303
2.42156911
4.76862717
6.07843065
8.63725471
14.36274529
12.26666737
9.08431435
6.15098095
2.48039222
2.85882401
2.95490193
2.30196095
3.63333344
4.87450981
5.69019651
6.87058783
6.20392227
3.29803967
3.02156878
5.56470585
8.30000114
14.61764622
15.81372643
11.77843189
7.84705925
3.67254925
2.60980415
2.78627491
2.26666689
2.71372604
3.54509854
5.71372557
6.25490189
8.24901962
4.75882387
2.54705930
4.06666708
7.56274509
14.14117813
16.80000114
15.96666622
8.99411964
6.32352972
2.97451043
2.44901967
2.28431439
1.92549038
3.18431449
4.09411812
5.58039284
7.15294170
6.84313679
3.91764712
2.89607882
5.45098066
12.70784378
16.03333282
17.02548790
14.25490189
7.22156858
4.59607887
2.42156935
2.39803958
2.38039255
2.45294142
3.43137288
4.75294161
5.91764641
7.88235283
4.90196085
3.15294194
3.43333340
7.74509859
16.76470566
16.81960678
16.57058907
10.95294285
6.90784311
2.98627496
2.38039231
2.57058859
2.42156911
2.58235335
3.80980372
5.04901981
7.10392141
7.29411697
3.87058878
2.49215722
4.93921661
12.87058926
17.24313354
15.87059212
14.87451172
8.00784397
5.29215717
2.38627458
2.38627481
2.70980406
1.99411786
3.20392251
4.61568689
5.47450924
7.40392208
5.80196190
3.13921618
2.89019632
7.16862726
15.71568775
18.10000229
14.61568546
11.94510078
7.65882397
3.54117656
2.49411821
2.19411802
2.53137255
2.07647085
3.91372585
5.40196085
6.23529530
8.05294132
4.07254887
2.63333344
4.00588274
11.36666679
17.85686302
15.50196266
14.42940903
9.44313622
7.00196075
2.88823509
2.50588274
1.86274517
2.33725476
3.10196090
4.68431425
5.59215736
6.65294123
7.30980444
3.81960797
2.54901958
6.09411812
14.29215813
17.49804306
13.74313545
13.21372509
8.61960888
5.32549143
2.89411783
2.23725533
1.65098047
2.18431377
3.63529420
5.78235292
5.65098095
7.41568565
6.41568613
2.93333387
3.31568670
9.68431377
16.01372719
14.50980186
14.16274261
11.28431511
8.01372623
3.68431377
2.49607849
1.81764710
1.61176503
2.35882378
4.92941189
6.26666641
6.42353106
7.71372509
4.72352934
2.48235297
5.09019613
12.35097885
15.72941017
12.37450886
13.98823738
9.43333530
7.04313755
2.45686340
2.00392175
1.79215705
2.00980425
3.26666641
5.50392151
6.20980453
6.45686340
6.58235168
3.46470594
2.63137245
7.45490217
14.81372452
13.47647095
11.90784550
12.80196095
7.92941236
5.76862812
2.20392156
1.92352974
2.13137269
2.19215727
4.27843189
5.64117622
6.21960783
6.17058849
4.99411869
2.53137279
3.91960812
11.72941208
14.73529243
11.55098343
13.79411793
10.56666660
7.55686235
3.70196104
1.94901979
1.81568658
1.90392196
4.13137293
5.05490208
5.55294037
7.29411697
6.01372480
3.61764789
2.17058825
7.00784254
13.70392132
14.20392132
12.01176453
13.29411888
8.04901886
6.87843227
2.75490212
1.69215727
1.91176510
3.00196099
4.42745113
5.40784311
5.46078348
9.40784359
5.47450972
2.43921614
2.97254920
10.34902000
14.53725719
12.75294209
13.09215832
10.40392113
7.41764784
5.24902105
2.40392160
1.71372592
2.12156868
3.77647114
4.49215698
5.11568642
7.40980482
8.29411793
3.98431373
2.14117670
4.97254944
12.93137169
14.37843323
12.33725452
13.65098095
8.59803867
7.26470661
3.39215708
2.03921580
1.89411795
2.78627491
4.26470613
4.47058821
5.59803915
7.78039217
5.75294161
2.85686326
2.20196104
8.07451057
14.25882053
14.18823528
12.84509754
11.96078300
7.94705915
6.14117670
2.70392179
1.80196106
2.03137255
3.39607835
4.59019709
5.00196075
5.62548971
6.86666632
4.48039246
2.14117670
3.53137255
11.40588284
14.41176510
13.97843170
13.45097923
9.05098152
8.47647095
4.29607868
2.29607844
2.00196123
2.65490198
3.15882421
5.48431349
5.46470642
6.04117537
6.34509850
3.23529434
2.11764717
5.63333416
12.95882702
14.91176605
13.38823700
12.76666832
8.83725452
7.90784216
3.04117680
1.78823590
2.29607844
3.19607854
3.55686283
6.90784311
5.58039284
6.90000057
5.20392227
2.13725519
2.85686278
8.43333530
13.78235435
14.60587978
13.91176319
10.01960945
9.40392208
5.42548990
2.98627448
1.58823574
2.43333364
2.80392194
5.84901905
5.71372461
6.40392065
6.51372480
3.73137307
2.34902000
4.99215698
11.30000114
13.91372490
13.90784359
13.47450733
9.66274452
8.41960812
3.78627491
2.44901967
1.72156882
2.63529444
3.17058849
6.88039303
5.16862774
6.49215555
5.33921576
3.13921595
2.36666656
7.42156839
11.81176949
13.24117470
14.88039494
11.49019432
9.98039246
6.43137264
2.74901986
1.95294166
2.38823509
2.50980425
4.81176472
5.72156811
5.79607773
6.84901953
4.40392208
2.44901991
3.90784359
9.39607906
11.04509735
13.25882149
14.39607716
9.96274757
8.76470566
5.02941227
2.69019628
2.04117656
2.71960878
2.79411769
5.44509792
5.21764660
6.59019613
6.17058897
3.46862745
2.05882382
6.30784273
9.83725548
10.73137283
12.90980625
12.67058945
10.36862755
6.81372643
3.46470642
2.22941184
2.27254915
2.65098143
3.60588241
5.27254868
5.54705906
6.88039207
5.19607830
2.39803958
3.21764755
7.91372538
9.83333302
10.53921700
12.54313660
10.74117661
8.98235321
6.39803934
2.41764712
1.74509835
2.11568666
2.60588264
4.63137245
5.12353086
6.82156944
6.46274519
4.46274567
2.40392184
5.27843189
8.39019585
10.10980225
10.87058926
12.01568794
9.84509850
7.92745209
5.08235359
2.20000005
1.96470618
2.28823566
2.65098047
6.24313688
5.19019604
7.38627481
5.81960678
2.57254982
2.76078486
7.47058821
8.41960812
10.33137321
11.12745094
11.19411755
9.80196285
7.78823519
3.67450953
1.90784347
2.56078458
2.53921556
4.74313736
6.26666784
5.81568575
5.93725348
4.16078472
1.80196118
4.49607849
8.61764717
9.40392208
10.58627605
10.37058926
9.79803944
7.85490227
8.74313736
2.29607868
2.44902015
2.33725524
2.94901967
6.45490265
5.51372528
6.46078396
5.27058840
2.73333311
2.44902039
6.66470671
9.48039341
8.93921566
10.55294418
10.02352810
9.92156887
8.23921585
5.48039198
2.06078482
2.10980415
2.67254877
3.56470609
6.83725595
5.20588255
7.19215584
4.86862755
2.45098042
3.73333359
8.57058811
9.15098095
8.98823547
9.80588150
10.46666718
9.01960850
8.51568699
3.00784421
1.73137271
2.07254910
2.44509816
5.66078472
5.56470633
6.97254896
7.80196142
3.70196104
2.55490208
5.43333244
10.02549171
8.48823452
8.91372681
9.96078587
9.32745075
6.43137407
8.91960716
2.07451034
1.20588255
2.75686288
3.20588279
6.37058830
5.32156849
9.45294189
5.73921680
2.64509845
3.11568713
7.85098028
10.09215832
8.09804058
8.65490341
8.86470413
9.84705925
5.91568661
5.17255020
1.76666689
1.95098066
2.63529444
4.28039217
6.21176577
6.23529434
8.74509811
4.34117699
2.40784383
4.18823576
9.40392303
9.00784492
8.30784321
8.55490398
8.52941132
7.74117708
6.92745113
3.02352977
1.66078448
2.70980406
3.24705911
5.36470509
5.94117689
8.24901867
6.38039398
3.14509821
2.74705935
5.83137274
9.61372566
7.92353058
8.58039284
7.67843199
10.00588322
4.89803934
6.52941275
1.76666689
1.89411807
3.02941179
3.92352986
6.27843142
5.75490141
8.76666832
4.84509802
2.55098081
3.15490222
7.72549105
8.80000019
8.30392170
8.35294151
7.94117641
8.12156868
5.11372614
3.86470652
2.00196123
2.20784330
3.50196147
4.15294123
6.63137293
7.25882387
7.29215670
3.56862760
2.38431406
4.24901915
8.60588264
8.64705849
8.32352829
8.12352943
9.26470757
4.79607868
6.22745037
2.43529439
1.95490229
2.93725514
3.58039260
5.60392189
6.50980520
8.41372681
5.37451029
2.64705920
2.50196123
5.65882349
9.11764622
8.45490170
7.52941275
8.37254906
8.03529453
4.18039227
5.89019728
2.23921561
2.13137293
3.47843170
3.33921599
6.69019651
6.68823433
7.19999933
3.96862793
2.07843161
3.19019651
7.07058907
8.67254829
8.10196018
7.69215679
8.67058849
5.96470594
6.04902077
3.65294075
1.88039219
2.38235307
3.37647128
4.01568651
6.90980387
6.92549038
5.58627605
2.86862779
2.27058840
4.59607840
7.92941189
8.19019508
7.27843237
8.02156830
7.91568708
4.71960831
5.99607849
2.29019642
1.82352984
3.11764741
3.49607849
5.42941189
6.19411755
6.47843218
4.85294104
1.80196118
2.98235273
5.94901991
8.28235435
7.77255011
6.93333340
8.12156773
6.07058811
5.23333359
4.00784349
1.82941198
1.99803960
3.78627467
3.70980430
6.34509897
6.35490274
5.41372585
3.81960773
1.35490227
3.84313726
6.98627472
7.84509850
7.46666670
6.79019594
7.74117661
5.03137255
5.08823586
2.33921576
1.52745128
2.72941184
3.51372528
4.55882359
5.91568613
5.79411793
5.25686312
2.30392218
2.08627462
4.60196114
7.07254887
7.59019709
7.05294132
7.16666603
6.83137226
4.65490246
3.74313760
1.59607875
2.32352972
3.00392175
3.36666679
5.44901943
5.47254992
6.34509706
4.21764755
1.56274533
2.68431401
5.20392179
7.75882387
7.17647076
6.77843189
7.50000048
4.80196047
4.98823500
2.67647076
1.73333323
2.64509869
3.48627496
3.85882401
5.72352934
5.54313755
6.39215755
2.94901991
1.89607859
3.57843161
6.33333302
8.01568604
6.91372633
7.13725519
7.69215679
3.23137307
4.34705877
2.18627477
2.10196137
2.84117675
3.81568694
4.43921566
5.16666794
6.63725567
5.43725395
2.23529458
2.40980434
4.56274509
6.75294065
7.55882359
7.09019518
7.44901943
6.26666689
3.68627501
3.07647133
1.96470642
2.31960797
3.40588236
3.63921547
5.16666651
4.90196133
7.68235254
3.68627453
2.16078448
2.85098052
5.70588303
7.56470585
7.42941236
7.56078482
7.48039246
4.06274509
4.25098038
2.41764760
2.38823533
2.64313745
3.41960859
4.48235273
5.13725471
5.70196104
6.78235245
2.38235307
2.63921595
3.84901977
6.53137302
7.77646971
7.53137159
6.97254992
6.76666689
3.61568689
3.56274557
2.51764750
2.13137293
3.06666660
3.36666703
5.60588169
5.11176443
7.60196018
4.25490189
2.23921585
2.69215703
5.41764736
7.32745123
7.09215689
7.01372528
6.59411764
5.16666746
4.09803915
2.36274529
2.17843127
1.98627460
3.18823504
3.21372557
6.28431463
5.61568642
7.49607897
3.16666675
2.11960816
3.52156901
5.46666670
7.86862659
6.76274586
6.91764784
6.34705877
3.34509850
4.02941227
2.19803977
1.57254934
1.92941201
3.16274500
4.44705915
5.92352962
7.43921566
5.55098057
2.19607878
2.32156897
4.24117708
6.74705839
7.04313707
6.78823614
6.94705820
5.14509869
3.37647080
3.43529487
1.86862755
1.49607873
2.34705901
3.09803939
5.88823557
5.56666708
7.80000019
4.18823576
1.91372585
3.29215741
4.50392199
8.54509735
6.26862717
7.06862688
6.37058878
4.10392237
4.51764727
2.09411788
1.91960824
1.76470625
2.86274552
4.04509878
5.93725538
6.70000076
6.13333464
3.09607863
2.26274538
3.82745147
5.61568737
8.05098057
6.62744999
7.38627481
5.85294104
3.39803982
4.58235312
2.20392179
2.38039279
2.36666656
3.18823528
5.29803944
5.79411650
7.17843151
4.64901972
1.97254908
2.98235321
4.16274452
8.09607887
6.36470509
6.69803810
6.86666679
4.19607830
4.43921518
2.89803958
2.39607882
2.96274495
2.92745137
4.08823538
5.51176500
5.74509716
5.51764727
3.54117656
2.24901986
3.50980425
4.95490217
8.15294170
6.63921547
6.77254915
5.86862850
3.09215713
4.44509745
2.46470618
2.61960840
2.57254934
3.65294099
4.85490179
5.34509850
6.17843151
4.72156811
2.39215708
2.60980415
3.63921547
7.29607916
6.52549076
6.92352867
6.09411764
4.98431540
3.26666689
3.69019651
2.60980439
2.70000005
2.43921590
3.77450991
5.55490160
6.33137274
5.59803915
3.47843194
1.90980411
2.90980434
4.94509792
7.18823576
6.27058840
6.84313679
5.62745094
3.81176448
3.54117656
2.72352934
2.42745137
2.05490208
3.05098081
4.43333340
7.28823566
6.18627453
5.22941303
2.49607897
2.18235302
3.41568661
6.70784235
6.13725376
6.34705830
6.20588350
5.33333349
2.55098033
3.47254896
2.41960812
2.36078477
2.56078482
3.80196071
6.42941236
7.10588169
5.75490141
3.92745090
2.69411826
2.18431401
4.65294123
6.79411745
6.02352953
6.13137341
6.06078529
4.13333416
2.73725486
2.95098042
2.50196099
2.18039250
3.45686293
4.21176529
7.92352962
6.21960688
4.94705868
3.28627491
2.71176529
2.79019642
5.20196152
6.47450924
6.10980368
5.96078444
6.28627348
2.73725581
2.90980411
2.44313741
2.11372566
2.73333359
3.34901977
5.86470604
8.50980473
6.22745085
4.21764708
2.55490255
2.01960802
4.13137245
6.24509764
5.98627377
6.17451096
6.01764679
4.83725452
2.31176448
2.91372585
2.27254939
2.24313736
3.41372561
3.61764646
7.35686302
8.37646961
5.72157001
3.54705858
2.61568642
2.69019628
5.43725538
6.10980320
5.55294180
6.24901915
5.54902029
3.67647076
2.27254915
2.74117684
2.61764693
2.70196104
3.47647119
4.55882359
8.48823547
7.34705973
5.30196095
2.94117665
2.78431368
3.54313755
6.34509754
6.09411764
5.79411697
5.84901953
5.25098038
2.77647090
2.63725471
2.42941189
2.45098066
2.50196075
3.91568661
5.42353010
9.00392056
7.11568689
5.01960754
2.83725476
2.86666703
5.01960897
6.82156849
5.75882387
5.59803915
6.06274509
4.14705896
3.03529453
2.04902029
2.25098085
2.37450981
3.32352924
3.67450976
6.90980387
8.67647266
7.49803877
4.04117680
2.59607863
3.58431387
6.68627262
6.25686312
5.29804039
5.55098009
6.30392313
3.17450976
3.02156878
1.77647102
1.86274552
2.65490222
3.87254953
4.90980434
7.82156944
9.46274567
5.87450933
3.12745142
2.73921585
4.61568642
7.23137236
5.07058907
5.50980330
5.60392094
4.85882235
3.19803977
2.27647114
1.71960807
2.29607821
3.31960797
3.98627496
5.92745066
8.71961021
8.62745094
4.58823538
2.50980425
2.97058797
5.75882387
6.07058954
5.36274481
5.50784254
5.54705858
3.91372585
2.33921599
1.72156870
2.51176476
2.68823552
3.54117751
4.29803991
6.98627520
9.07450867
7.21568632
3.18039227
2.28627491
3.81176496
6.64117622
5.19019651
5.53725576
5.41372585
5.60196114
2.99215698
1.87647092
1.93725514
2.84313726
3.13921618
3.91372609
4.93529367
7.72941208
9.27451134
5.50392246
2.58823562
2.53529429
4.72941160
5.59215689
5.32352924
5.66666698
5.72548962
4.90784359
2.50784349
1.84705889
2.33921576
2.71568632
3.21176529
3.87647080
6.27058887
9.16078377
7.71568537
3.72745156
2.39803910
3.40196085
5.05686235
4.69607878
5.88627434
5.54313755
6.15097952
3.45882416
2.08823562
2.13333344
2.66078424
2.36666751
3.63725495
4.16470623
7.11764717
9.98431587
6.34313774
2.42941213
2.06666684
4.08431339
4.41960764
5.07647085
6.03137255
5.83725405
6.27451038
2.57254934
1.77647078
2.10588241
2.28039241
2.91960788
3.36666703
5.29803944
8.63725471
8.78039169
4.68039179
1.73333359
2.87254906
4.14509773
4.79215717
5.61764669
5.49607801
5.98823452
6.20784283
2.32156897
1.83921599
2.01176500
2.23333335
3.07451034
3.44705868
5.96470547
9.35294151
7.35490227
2.75882363
2.20392179
3.51764774
4.87647057
4.84509850
5.98039150
5.16470623
6.18627453
4.97451067
2.31176519
1.81176507
2.05686307
2.38235331
3.99411774
3.73921609
6.98627520
8.44901943
5.71960831
2.13529420
2.54902005
3.85490274
5.67058849
4.96274519
5.66666698
5.41372585
7.31764698
3.25686336
1.97058856
1.90000010
2.34705901
3.37058830
4.29803944
4.64117575
7.65098095
7.10588169
3.72941160
2.62745094
2.33529449
4.72549009
5.25294161
5.49999952
6.01568699
5.91960716
7.21372461
1.81960797
2.25294137
2.50980425
3.57450986
4.05882359
3.65882397
5.69803953
7.71568632
6.00784302
2.54117680
2.37451005
2.60196114
5.78431463
4.93921566
6.13921547
5.63921595
6.80784369
4.79019594
2.03529429
2.70588255
2.30196071
4.75882387
4.19215679
3.75490212
6.47843170
7.50784254
4.19215631
2.41176486
1.86274517
4.08235264
5.33137369
5.21960831
6.84902000
6.22745132
6.79999924
2.80980396
2.50000024
2.67647099
3.34313703
4.30784416
3.80980468
4.27451038
7.08039331
5.98627472
2.77843142
2.36862779
2.56078410
4.78431416
5.41568565
7.03137350
6.73333263
5.55686283
6.09607840
2.26274562
2.51764750
2.86274552
3.95686293
3.83921623
3.86274552
4.70000076
6.89019728
4.16862726
2.71176505
2.47058845
3.40784311
5.47646999
6.35490179
7.95490217
5.78627539
4.47058821
4.48039293
2.45098066
2.57843137
2.71764731
4.18823576
3.88823557
3.83725500
5.78431320
5.24902010
2.87254906
2.77450991
2.40784335
4.41960716
6.04313707
8.13529396
6.17058754
5.45882368
4.18039227
2.70784378
2.46470594
2.50588274
3.06078458
4.01372623
3.77647114
4.39999962
5.76274633
4.30588198
2.45882392
2.67058897
3.51764727
4.98039150
6.65686274
7.90196133
5.69411802
4.00000048
3.65098047
2.13921571
2.48823547
2.54117680
3.72745132
3.71568656
3.94117689
4.64313745
4.85097980
3.38627458
2.26274538
3.31372571
3.90980387
5.22156858
7.15686178
6.62157011
5.63725471
3.34902000
2.64117646
2.34313726
2.57647085
3.15686321
3.30196047
3.38627481
3.80980420
4.63529396
4.19607830
2.58823538
2.30000019
3.80784345
4.01568699
5.77058840
6.71372604
5.98039150
5.11372662
2.93921542
1.89215732
2.63333368
2.69215751
3.12549090
3.56666732
3.39803982
4.08235359
4.65294170
3.70784354
2.12549043
3.29411769
3.99411798
4.37254906
6.63333273
6.26666594
5.69999981
3.82941175
2.59607911
1.78627467
2.62941217
2.82156873
3.50196099
3.65686297
3.66078448
4.03333378
4.68627453
3.00784302
2.39411807
3.68235302
4.34705877
5.57843065
6.50196123
6.05098057
5.48823595
2.94705939
2.32156873
1.98235309
2.69411802
3.01372623
3.59607863
3.60980463
3.88431382
4.02156878
4.32352972
2.50196123
2.79215717
3.72549057
5.04509830
6.23137236
6.07843208
5.87058830
4.33921671
2.16862750
2.52941179
2.43137288
2.50784373
3.58235359
3.39215708
3.52745128
4.03333330
4.29215670
3.65882373
2.21372581
3.08039188
4.14117622
4.99411821
6.30392218
5.73921633
5.61960888
3.72941208
2.47450995
2.54705882
2.53725529
3.14509845
3.44901967
3.00000000
3.26470590
4.08039188
4.73725510
2.77058864
1.96078467
3.26666713
4.68627453
5.37647009
5.85882378
5.54313707
4.92352962
3.35882354
2.35490227
2.44901991
2.84509826
4.36666679
3.36862755
2.89607835
3.56666684
4.32745123
3.75882339
1.95294154
2.49215698
4.18823528
4.69215631
5.31960869
5.71176434
5.08823490
4.19411802
2.75098038
2.54117656
2.42549062
3.62745118
4.77254915
2.84313750
3.37843180
3.11568713
4.31960821
2.39215684
2.05686307
2.91960788
4.85294151
4.51764774
5.50392151
5.60000038
5.04705954
3.28627467
2.50784349
2.52156901
2.74509811
5.09803963
4.04313755
2.42352962
3.27647066
3.47843146
3.41764784
1.97058821
2.49411798
3.69215679
4.87843180
4.61372566
5.65686321
4.82745028
4.28823519
2.96862793
2.70196104
2.44901991
3.86470604
5.73333359
2.90784359
2.52353001
3.06470680
3.77254963
2.58235335
2.20980406
2.51568627
4.75098085
4.66862774
5.22745085
5.25294113
4.63725519
3.35686278
2.85490227
2.29215717
2.77451015
4.91176462
4.56274509
2.40392184
2.47647095
3.05882382
3.30392218
1.87254941
2.68431377
3.08039236
4.99215698
4.70588207
5.48039150
4.56274462
4.77254820
2.91176486
2.73529410
2.54705930
3.28235316
4.69607830
3.92353010
2.05294156
2.64117670
3.30784321
2.51960826
2.20000029
2.76666689
3.93529415
4.89803839
5.32352972
5.00000143
4.15686321
3.82156897
2.50588250
2.32352972
2.59803987
3.66274524
5.01960850
3.13333368
2.37647104
2.91372561
3.08431435
2.01764750
2.31176496
2.93725491
4.55882359
4.94117737
5.21372557
4.03137207
4.29019642
3.17254901
2.40784359
1.70980453
2.81372595
4.30980396
4.72352934
3.20000005
2.50784349
2.95294142
2.37254906
1.91568661
2.42745137
3.82156897
4.99411821
5.05490208
5.36078358
4.15882349
3.48431420
2.69803953
1.91568637
1.91764712
3.16666675
4.54117584
4.28235292
2.74705935
2.64313722
2.93333340
1.83725512
1.86666691
2.92352962
4.56274509
4.87843180
5.69019651
4.94705915
4.33921623
2.91568661
2.51764727
2.10588264
2.35098052
3.73529482
4.34902048
4.11372614
2.47058845
2.85882378
2.03725505
1.70196104
2.19411826
3.72156882
4.75882387
5.00392246
5.21960735
4.55098057
4.04313707
3.13137317
2.21176505
1.88235343
2.80588245
3.79215717
4.65686369
3.54509783
2.63137245
2.68627477
1.95294142
2.01176500
2.80000043
3.42941213
5.00392199
5.15294170
4.85294151
4.43529463
3.41372538
2.37843156
2.07450986
2.19803977
3.41176462
3.79411817
4.36666679
2.90000033
2.83529496
2.52549028
2.19019604
2.23137259
3.32549024
4.42745161
3.90196109
5.47058868
4.77058792
4.06666708
3.19019628
2.50392151
2.08627462
2.80392170
3.57647014
4.06274557
3.99411798
2.36470604
2.72941232
2.30000043
2.17843151
2.52352977
3.59215689
4.97450924
4.08627462
5.31568766
4.35294151
3.75686288
2.57647085
2.23725533
2.48235345
2.77647090
4.04117632
4.38431358
3.05097985
2.20588255
2.38627458
2.10784364
2.19411778
3.66666698
4.14705896
4.44117689
4.62549019
4.82941198
4.30392122
3.31960821
2.64313769
2.15294123
2.52549052
3.37647033
4.73137236
4.06470585
2.56078506
2.11568642
2.25294137
2.08823562
2.71568656
3.86274505
4.94901991
4.18039274
4.96862793
4.30980349
3.95098090
2.70588279
2.49803972
2.23725510
2.89019608
4.68235397
4.27254868
3.89215684
2.21764755
2.21372557
2.21176481
1.90588248
3.64509797
3.99607873
5.18431330
4.14901972
4.89411783
4.19019651
3.47254920
2.73333359
2.48431420
2.26666689
3.24117708
5.41176510
3.67843199
3.24509835
2.81960797
2.07647085
2.03921604
2.28627467
3.67451000
4.70392179
4.80392218
4.75686312
4.56862736
4.13137341
2.96666718
2.64313745
2.00392222
2.52549052
4.51960802
3.88627458
3.76666760
2.60980415
2.37254930
1.87254930
2.42549062
2.70196104
3.30196095
5.10980415
4.33921576
4.24902010
4.53333282
3.42352962
2.84705925
2.44117689
2.09803963
2.99215722
4.53137255
3.60000038
3.33529401
2.45686316
1.95882404
2.16666698
2.68235326
3.29411817
3.93529439
5.22549105
4.26666689
3.97058868
4.31764698
3.17058849
2.97058892
2.48627496
2.37254953
4.02353001
4.65882397
3.49019670
2.49607873
2.34117699
2.07451010
2.28235340
3.32745099
3.57255030
4.78039217
5.07451010
4.58235264
3.96862769
4.05882406
3.22352934
2.53137326
2.04313779
3.19803953
4.73137236
4.19411850
3.06078458
1.71372581
2.27843165
2.44313741
2.70980358
3.35882401
3.84509850
5.19411850
4.91960859
4.32941246
4.23725510
3.17451000
3.26274538
2.12745142
2.45686293
4.08823586
4.48823547
3.66862774
2.51568675
2.14901972
2.78235316
2.34117699
2.74705911
3.26666689
4.50000000
5.48431396
4.61764717
4.39803982
3.92941213
3.35294151
2.23725510
2.43725538
3.80392146
3.77647090
4.03529453
3.39019585
2.28431416
2.46274567
2.36666679
2.33529401
2.67451024
3.88235307
4.77843094
5.42549086
4.58235312
3.99803972
3.84901929
2.82745075
1.85882378
2.96274543
3.26470661
3.72156930
3.71568656
2.85294127
2.52352977
2.50784326
2.17647076
2.58039236
3.36666679
4.13921595
5.29411793
5.04117584
4.37647057
4.46470594
3.29999995
2.10784340
2.41176486
3.09607911
3.45294118
3.74705911
3.32156897
2.76862764
2.39019632
1.81176496
2.46470594
3.01176500
3.58235312
4.64509773
5.04117632
4.85294199
4.39607859
4.25686312
2.96666670
2.47843146
2.56274557
3.10784316
3.98039222
3.73725533
3.00196171
2.28235292
2.25294161
1.95098054
2.39215708
3.21372557
3.52745104
5.04509783
4.82156897
4.71568727
4.24901962
3.58823586
2.67254901
2.73725510
2.72352958
3.19607902
4.53529453
3.68431377
2.53333306
2.11764741
2.01372576
2.12745094
2.63725543
3.18627453
4.35686302
4.80588293
4.57843113
4.49803972
3.88235283
3.03921580
2.15098047
2.50588274
3.52549076
3.64117622
4.77647209
3.51176524
2.20392156
2.26666689
2.08823562
2.47058821
3.11176467
3.80000019
4.94117689
4.57647133
4.45490217
4.15686274
3.42549014
2.65882373
2.44901991
2.55882382
3.54705954
4.60588264
4.45686340
2.77254939
2.36274529
1.96274519
2.28431416
2.47254920
3.89607882
4.38823557
4.84509850
4.22353029
4.69804001
3.88823509
3.08039260
2.21764731
2.37451005
3.29607868
3.99607921
5.02548981
4.21960783
2.22549057
1.87254918
2.05882382
2.19607854
3.23333383
3.64901948
4.77843189
4.47058868
4.45686340
3.93529463
3.59803915
2.77451015
2.03529429
2.41960812
3.83529425
5.03333282
4.95294189
3.28235388
2.62745142
2.05882382
2.23333383
2.37254930
3.40784359
3.98627448
4.68431425
3.66470647
4.78627539
3.97451043
3.22941208
2.75098038
2.29411793
2.90980387
4.50392199
5.12941217
4.44313717
2.88039231
2.37254953
1.85686290
2.13137245
3.11960840
3.31960797
4.63921547
4.03921652
4.12941217
4.70784330
3.58235288
3.18039274
2.48235321
2.53725505
3.90784335
4.66666651
4.64902020
3.92156911
2.49999976
2.05294156
1.77451003
2.30000019
3.01176548
3.96274543
4.70980406
3.47450972
4.88627481
3.99215722
3.21176481
2.74117684
2.30392194
2.49215674
5.19215727
4.64902067
4.84509897
2.83921552
2.24313760
2.01372600
2.02745128
2.59019685
3.03333330
4.14117622
4.29803944
4.32745123
4.05882359
3.90980434
3.09803939
2.40588284
2.36470580
3.63333321
5.44901991
4.47058868
4.40196133
2.71372557
2.00196123
2.08235312
2.28627491
2.85490203
3.39411783
4.17843103
3.83921599
4.99215746
4.12745142
3.77058887
3.06862783
2.50980425
2.71568656
4.61372566
4.80980349
4.85098028
3.17254925
2.32941198
1.87647069
2.13921571
2.77647042
3.01176476
4.02352953
4.35490131
4.41176510
4.70980501
3.80392241
3.47843170
2.63921666
2.27450991
2.53333378
5.39803982
4.52941227
4.44117641
2.03921580
2.23725510
2.13725519
2.08627486
3.05098033
3.25490212
4.23725510
4.15882349
4.18823576
4.25294209
4.12156868
2.85882378
2.59803963
2.14705920
3.29607868
5.06862831
4.15098095
3.42156863
2.15294147
2.02352977
2.06470609
2.36078429
2.87451029
3.91176438
4.24117613
3.63725543
4.34313726
3.77843189
3.92352939
2.80392170
2.24313760
2.59215713
4.34705877
4.59411716
4.02941227
2.83529449
1.84901977
2.17058849
1.99411821
2.64313745
3.30980420
4.06470633
4.17451000
4.29215717
3.95098090
4.04901981
3.10196090
2.69607854
2.01372576
3.09019613
4.43333292
4.05490208
3.83725548
2.48431396
2.11764765
2.30588269
1.92352998
2.84705949
3.62156868
4.42352915
4.02745152
4.19215775
4.16274548
3.55490279
2.39019632
2.69215727
2.21176529
3.17647099
4.13137293
4.23921633
3.02549052
2.37058830
2.46862769
2.38823557
2.32549047
3.36666632
4.07058811
4.43921566
4.18431377
4.01176500
4.27255011
3.20980382
2.65490246
2.69607878
2.52745128
3.55686283
4.25686264
3.53725457
3.01372528
2.81960797
2.32156897
2.02549052
2.88627481
3.51372600
4.11568642
4.15686274
4.27450991
4.31176472
3.88235378
2.84313750
2.67450976
2.40196085
3.18235302
4.13137293
4.10000086
3.17647076
2.84509802
3.06666708
1.99215698
2.03725553
2.98235273
3.06470633
4.19019651
4.20588303
3.93725514
3.88627458
3.90588284
2.74117684
2.58235288
2.69019651
3.40980411
4.23921537
3.78627467
2.77843165
3.00588274
2.23333383
2.19607854
2.54509807
3.19019580
3.14509845
4.28823566
4.37647104
3.82549024
3.47647095
3.82745123
2.87058830
2.52745128
2.66274524
4.65098095
3.89607882
3.20784330
2.85098052
2.40980434
2.13725519
2.27843165
2.90392184
3.22941160
4.01176500
4.72156906
4.03137398
3.26862836
4.11568689
3.32941175
2.50392151
2.42156863
3.21960831
4.90980387
3.49411798
2.93921614
2.55098104
1.82745135
2.21176505
2.29411817
3.19607878
3.44509840
4.34509802
4.44117737
3.28235364
4.09803963
3.53333378
2.97450995
2.20392156
2.44117665
3.92352986
4.48431396
3.12941217
2.53725529
2.36078453
1.86470664
2.19411802
2.73529410
3.26274538
3.83921623
4.46862793
4.11176538
3.57647014
4.40784359
3.01960802
2.31176496
2.60784340
2.73333383
4.04117680
4.65098000
3.01372600
2.45098066
2.71176505
1.87450993
2.02352977
2.91960788
3.27058887
4.01568699
4.62549067
4.03529453
3.92352962
3.83725452
2.80392170
2.46078444
2.08235312
3.19607878
4.74509907
4.54509878
2.87451005
2.39607859
2.40980434
2.04313755
2.25490212
3.15098047
4.07058859
4.31372595
4.74313736
3.69215751
3.65490222
3.64117646
2.39411783
2.49607849
2.50980449
3.81372547
5.42745113
3.98627472
2.85882354
2.68823552
2.38431406
1.97254932
2.66666722
3.17058825
4.68039179
4.46078491
4.08235264
3.20784330
3.66078448
3.11960864
2.86078453
2.57843161
3.02156901
4.52352905
6.07450914
3.90588307
2.72352982
2.77451038
2.14313745
2.12745118
2.73333359
3.85098052
4.60196114
4.57451010
3.48235321
3.14901972
3.56078506
2.81568646
3.08627462
2.91176510
3.89411807
5.80980396
5.82156897
3.56274557
2.49803925
2.29215693
2.39215708
2.23921609
3.23921633
4.77647114
4.88823557
3.91176510
3.24705935
3.25294089
3.36274505
3.00980425
2.86862731
2.81764698
4.11764717
6.95882368
4.99411774
3.25098085
2.03921628
2.53529453
2.49607921
2.39019608
3.65882373
5.73529482
4.48627567
3.63333344
3.10980415
3.44901967
2.93333364
2.70588279
2.94313765
2.86666679
5.22745132
7.31960773
3.94705939
2.26470590
2.57254887
2.60784340
2.17254925
2.91372561
5.02941132
5.41372585
4.12745094
3.60980439
3.24117637
3.01568651
2.78235316
2.51372647
2.79019618
3.45294213
6.19019604
6.74901962
3.32941175
2.02549052
2.85098052
2.37254906
2.41176510
3.33333373
6.41372585
4.62156868
4.05098057
3.66274548
3.10588241
2.85882378
2.69607854
2.53921580
2.93725514
4.01176453
6.51960707
5.26862764
2.76078463
2.78039217
2.66862774
1.87843156
2.47843170
4.81176519
5.75882292
4.60000134
4.01372623
3.50588250
2.92548990
3.17254901
2.75490236
2.81372547
3.36274505
5.85490179
6.36274624
4.02156925
3.18039227
2.83333349
2.22745132
2.11764741
2.77843165
5.31568670
4.95882273
4.28235340
3.72745156
3.54705906
3.45686293
2.53137279
2.92352939
2.62352991
4.29803944
6.58627462
5.75490284
3.26274514
2.70784354
2.39019585
2.18235302
2.55882382
3.36666679
5.00784445
4.76470613
3.64117670
3.53921556
3.23921585
3.28431439
2.40784311
2.80000091
3.41372561
4.73529482
7.04901838
4.88627434
2.99215698
1.87058866
1.92549062
2.19215751
2.86470604
3.82156897
5.12745142
4.34705925
3.41568637
3.40784311
3.15098095
2.56274533
2.65882349
2.78627467
4.20000029
6.15882444
6.74705887
3.66078496
2.10588288
1.93137288
1.90588248
2.51176476
2.93333340
4.73333311
5.06470585
3.91568589
3.37058902
3.19804025
3.12941146
2.52941227
2.46862793
3.28823566
4.68627453
6.25882387
5.75098038
2.99607897
1.69607866
2.24313736
2.00588274
2.22352982
3.48235297
4.91568613
4.49215746
3.27058840
3.32156897
3.22941184
3.05882359
2.44705892
2.79607868
3.50392175
5.22156906
6.18823528
4.64117670
2.34901977
2.01372576
2.46078467
1.95098090
2.65882373
4.15882397
4.69019461
3.75686288
3.00980425
3.23137307
3.34117723
2.79999995
2.42352962
2.69215727
3.78039289
6.19803953
6.24313688
3.49803948
1.94901991
2.65294123
2.01568651
2.39803958
3.19607878
4.46274567
4.62156916
2.99803948
3.34313726
3.25882387
2.96274543
2.38235331
2.78823543
3.28039217
4.83333302
6.12549019
5.49803829
2.54117680
1.96666670
2.18039274
2.12941194
2.85490203
3.24117684
4.55294180
3.85098100
3.16862798
3.61960840
3.02745152
2.80588293
2.68823552
2.74313760
3.87058806
4.98627520
6.43137264
3.67451000
2.54901981
2.53921604
1.77058852
2.23725533
3.16862750
4.18235302
4.27843142
3.62156868
3.67254949
3.06470585
3.11960769
2.61372566
2.77843118
3.22352982
3.96078444
5.15294170
5.13921642
2.95098066
2.23333383
2.33333349
2.09019613
2.52549076
3.29411769
4.54117680
4.25490189
3.50588250
3.43137288
2.89607859
3.16862726
2.29607868
2.42156887
3.34117651
4.23921633
5.12352943
3.85490203
2.14901996
1.90980446
2.30784321
2.39411807
3.11176467
3.47647071
4.60196066
3.95294094
3.86862779
1.22941184
