21.80391884
26.09607887
25.65882111
24.60000038
23.05097580
22.79804230
23.96274567
23.99411774
24.43333054
23.29019737
24.73529625
23.76078987
22.14117813
24.45293999
23.60588455
23.88039398
24.72941017
22.03333092
25.39607811
24.48822975
23.90392113
23.60784721
21.94902420
21.83137703
21.76078606
22.42353630
22.09411621
22.08431435
22.26275063
22.11568451
22.55490875
23.28432083
22.75686646
24.06470680
24.07647133
20.52352905
24.09804153
23.25490952
23.38235664
23.11765289
21.73725319
21.09411812
21.49608231
21.41176605
21.68627167
21.05490112
21.70783997
21.80196381
23.02156830
22.11176872
23.03333855
24.44509315
18.52941132
25.25490189
24.34314156
23.26863098
23.05098724
22.94902039
21.39019394
21.58431053
21.53333282
22.07647324
21.22156906
21.17647171
21.42745209
22.37843704
22.63333130
22.84118080
23.74313927
24.64705658
21.12745285
25.98627472
23.60000229
22.63922310
23.18039513
22.15490532
21.05882263
22.06666946
21.69019699
22.53333282
20.33529854
21.49215698
22.04509735
22.91568947
22.30784607
23.13333702
24.58627701
18.85490036
25.80392075
24.53333664
22.94705963
22.65294456
22.04509735
21.49607658
21.28236008
21.90784454
22.07843590
21.11372375
20.31373215
20.75294304
22.19020081
21.83724976
22.82941246
22.55882835
23.74313164
19.12548828
22.66274261
22.63921738
22.38431358
22.17647552
21.05490303
19.47647285
20.72745132
20.56274605
20.67450905
19.86470795
18.82745552
20.53333282
21.13137436
20.59412193
21.49803925
23.31764221
17.29215622
23.49803925
21.38038826
21.36666679
20.92156410
20.67255020
18.98627663
19.36274719
20.59215355
19.46470833
20.00784492
18.91176414
18.09412003
19.96666718
19.64509964
20.83333015
20.07058525
22.04901886
18.86470795
22.57646751
20.46274185
19.36862373
20.36078072
19.61765099
18.74901962
20.35686493
20.25294304
19.14901924
20.65294456
19.06470299
18.66274643
18.54117584
18.64117432
19.15490532
20.61960411
19.15490150
23.76862526
22.46470642
20.35490227
20.13529205
19.30980873
19.11176300
19.50980949
21.51960564
19.21960831
22.27843285
20.52745056
19.34117508
19.83921623
17.64118004
18.43725586
19.08431816
20.80000305
23.04902077
24.45490074
22.05293465
19.75881958
20.00980377
20.83333206
20.55294228
20.68824005
20.76862526
22.10784531
23.53333282
20.59412193
20.10784340
18.60196495
18.70784760
18.14510155
20.70391655
20.27843094
26.79803467
23.49215317
21.42548752
21.36862946
22.78431129
22.52548981
21.42157173
22.14706230
23.39216232
25.57843018
22.49215508
19.82352829
20.19216347
20.84705544
19.86862755
20.30195618
21.29411507
19.06078339
24.53725433
24.45489883
25.30980492
22.21960831
26.84509850
23.30784416
22.85882187
26.56274986
26.47451019
25.57254982
22.22744751
21.04706001
21.59020042
23.10980034
20.47450829
20.88038826
16.06274796
25.06078720
24.81568336
26.32548714
26.18627548
26.25293922
25.39999580
25.20196152
26.96666336
29.55490875
27.66078186
26.19804382
23.89019394
22.21372795
24.65882492
25.22156715
20.76274490
22.27843094
19.99804306
22.33529282
27.60392189
29.29412079
23.93333626
26.48431206
27.04117966
27.55686378
30.40392113
28.88431168
26.72352791
26.76666641
24.67254829
26.73529243
26.07254791
22.07842827
23.58039284
21.89215660
20.27843285
23.92548561
27.36274338
24.35097885
24.98627472
27.15686035
27.55686569
27.85490227
30.85685730
26.20195961
28.92941284
26.45293999
28.87843132
25.66469955
25.01176453
23.32156372
23.23137283
22.34509659
19.32744980
22.34510040
26.02352524
22.60000229
26.43726158
27.94902039
26.38431549
27.49411201
28.81176376
24.56666565
27.95685959
29.08235359
27.84313965
25.40587807
23.37450981
24.66470718
23.41960716
22.99412346
18.25098610
21.41568375
23.04117966
22.68431473
27.85490227
26.45490456
21.30000496
24.05098343
23.30980110
25.23921585
26.39412308
29.06274605
25.47058868
24.10000038
23.55490685
22.65294075
28.89804268
21.25685883
17.89216042
19.08039474
20.10784149
24.62549400
25.79412079
22.25489807
16.96470642
23.66471100
20.07254791
22.39803886
25.89999962
20.93529510
26.03921127
25.33137512
22.55097580
23.23137474
31.27647209
20.88038445
16.36862946
16.35490227
20.13333511
26.82745171
21.16862488
16.96078682
17.21568680
25.37255287
20.02157021
20.19412041
16.91764641
23.51764870
26.11764908
24.25098419
21.59607887
28.51176643
30.38824081
16.90980339
14.06470871
17.10784721
23.05686378
23.39607811
17.08235168
16.94313622
21.72156715
24.40195847
17.70980453
16.65686226
17.62745094
25.26666641
26.52353668
21.30784416
22.80588913
27.33333588
25.85097885
15.32157040
14.68039227
19.94901657
23.28823090
16.12549400
18.27451324
18.64117622
23.02157211
23.24705887
15.12549305
14.88235283
22.41176224
23.91960335
21.60980606
19.09215927
23.96275139
27.54117966
20.12156296
14.73333454
18.04706001
20.13921356
16.92941284
17.35097885
27.45686340
17.55294037
24.75098038
21.34313393
13.00195980
18.20588493
22.06470680
24.52548790
16.55294037
21.82548523
22.55294418
27.14706230
18.08431244
14.40000057
21.79019547
18.06274605
14.54313755
26.50588226
24.27451134
20.18431091
25.47842789
18.13921738
14.54313850
20.88039970
22.06275177
18.32353210
18.45882225
22.40000153
23.53529358
23.88431740
19.98431396
19.58627510
19.34117508
16.21764755
19.98823357
30.56274796
19.89215851
20.36078262
24.76862717
14.56078625
19.56470680
20.56274796
17.33529472
16.29999924
20.91372871
21.22549057
24.75490379
23.58823395
23.13136673
21.47254753
17.52549171
19.91176605
26.96862793
23.85882187
19.35490417
18.62352753
19.96078491
16.86274910
22.97450256
16.41765022
14.43725681
17.93137360
22.77450752
20.40392113
23.45293999
26.94117928
23.50196075
19.23137665
19.75882339
26.03529358
21.02941132
20.37254906
19.37058640
17.78627396
20.59215736
22.20980263
17.14902115
14.52352905
15.79019737
20.64706039
22.34509850
21.16078568
23.57254601
24.87450218
21.01764870
18.05686378
24.58235168
19.29215813
18.96274757
20.98235893
15.93921661
20.55097961
23.79019547
21.55294228
14.65686321
14.21372604
17.99019623
21.52548790
20.01568985
20.49215889
24.03529358
21.27058983
17.20980263
20.55097961
17.26863098
19.39608002
18.41372681
18.47843552
18.78823280
25.32157135
24.28039360
15.35686398
13.58235359
16.20392036
18.38039398
22.61764336
19.03137398
19.41372681
23.05294037
18.37451363
16.07254791
16.66666412
17.38823318
18.15686226
18.82156754
18.29804039
21.29607582
24.70391846
17.98823357
14.45097828
13.91568470
17.02156830
20.92941093
20.11568451
18.10784149
19.33529663
21.65490532
16.33137321
15.17451096
15.47646809
17.97451019
18.61764717
15.28039360
20.31372643
23.09607697
20.46078682
13.94313526
14.00195789
14.69804192
18.81961060
21.33333397
17.72744942
17.20000076
20.00588608
20.25098228
15.71764946
14.60980606
16.83921623
16.36078453
17.98431396
18.06274796
18.24901772
22.34117317
16.46862793
13.59804153
14.02157021
16.90000343
19.12941170
18.99803543
18.60588455
16.85490227
22.11176682
17.66274643
14.55882072
15.51568794
16.58431435
18.03921700
15.35490131
20.22549248
19.44509697
19.40784454
13.50196075
14.86078453
15.15294552
18.23333359
19.04705811
17.38823700
17.99411964
20.33333206
18.87254906
16.09412003
15.54313755
18.18235016
16.08823586
17.27843285
22.62157059
15.63333511
19.16470718
15.17255211
14.23529243
14.02156925
18.11764908
18.46666718
17.87059212
18.39411926
18.00784492
18.10980606
16.55882454
14.95686531
20.19019508
19.11372948
16.74117661
17.87647247
21.38431358
15.71568680
17.18431091
14.92353058
14.02941322
17.20588493
19.22549248
18.69215393
16.74313927
18.10000420
18.71373177
15.46862793
16.57647133
16.76470566
21.39999962
15.60980415
17.09607887
21.82941246
16.00392342
17.16862488
15.04902077
14.36274338
15.87059021
19.46862793
18.78235435
17.03333664
17.49215889
18.73137283
14.49803734
17.70784187
15.46274757
16.71960831
17.88235283
16.71764946
18.97842979
17.72941017
15.57647324
16.69411850
14.78039169
14.61176395
16.93725586
20.01765251
18.01960945
17.22941017
17.07058907
17.07059097
15.12157059
18.37647057
15.18235588
17.12352943
15.53137112
19.08039474
19.67843246
16.03725433
17.23921394
14.86470699
14.16862679
16.78823471
18.58431435
18.64509964
17.76274490
17.15098190
18.18627739
14.82744598
16.81764793
18.09608078
15.00588512
16.03529358
18.24706078
20.09412003
15.92352867
16.87843132
16.17646980
14.43725586
15.32745075
16.95882607
18.76667023
18.26274490
16.27254868
17.48627663
16.35882378
15.07254696
18.62941360
15.62156773
15.08823681
15.99608231
19.11960983
17.67451096
16.06078339
16.51960945
14.52549267
14.52941132
16.35882187
17.85294151
17.75490189
16.72156906
16.41372299
18.41176605
14.79999828
15.67843151
17.66274643
14.54705811
15.93333435
16.14705849
19.48234940
15.53137207
15.57254887
14.85098076
14.12744904
15.07254982
16.56862831
17.35098267
17.79803848
16.73725700
18.79411697
15.12549400
14.35882473
17.10784531
15.20784283
14.90980339
15.95686531
17.92745018
17.19803810
15.71372414
15.33921623
14.74510002
14.47843170
16.18234825
16.92941093
18.16862488
16.68823624
19.19411659
17.50588226
13.90784264
17.33921623
14.65098095
14.81568623
15.85490227
15.25686169
20.92745399
16.15490150
15.74117851
15.24705791
14.92940998
15.46666908
16.26470566
18.55294418
17.89804077
20.15882492
20.01960564
13.75294018
15.58431625
16.95882416
15.10000229
15.36862850
15.75882530
21.53333282
17.74313927
16.40784454
14.57058430
14.54117680
15.52548981
15.30784225
16.54117966
18.98627853
17.01960754
25.55882072
18.16666985
14.99019623
17.13137245
15.15490055
14.64901924
15.68823624
21.38235474
19.36274719
17.50000000
15.77842903
14.81960869
14.38431454
14.24117661
14.68039227
17.46666718
17.93725204
22.20392036
23.35098457
14.69803905
17.32156944
17.00000191
15.10784054
15.04509926
18.76666832
23.29607773
18.20784378
15.56666660
14.78235149
14.84706211
13.94509983
14.53725338
15.64706039
18.19608116
16.83333397
25.00783920
17.02156830
16.12941360
18.34705925
15.36470509
15.41764832
15.52549171
25.24118042
16.67647171
16.28039169
15.90980244
15.32940960
15.50588131
14.18823338
15.03725529
17.37254715
18.41568756
19.46863174
20.83921432
14.38627338
18.65098190
15.94901752
14.75686169
15.27255058
18.97255135
18.70588303
17.17058945
17.21568680
14.90195656
16.85098267
15.13725567
15.15882206
15.15098000
18.17059135
18.78627586
21.13529015
14.54509735
16.11176682
16.64117622
14.77450943
14.70000172
16.15686417
18.51372719
16.39215660
16.76078606
17.33333588
16.50196075
17.17646980
14.65294075
14.96078587
17.69019508
18.92353249
19.07843208
18.00784302
14.64509678
16.24313736
16.67843246
15.30980301
16.49608040
16.30392075
15.37058830
17.02548981
17.84705925
16.43529701
19.00392342
14.88627625
16.13333130
14.93921661
18.84117699
19.06274986
18.94509888
15.38039207
16.01372719
15.38235188
18.99216080
15.73921585
17.97255325
16.66862679
18.02745247
16.39215851
16.94902039
17.22156525
17.36470604
17.85490036
15.75686455
18.10000038
19.06862831
18.81372643
16.60784721
14.83333397
15.25097752
17.73725510
16.64706230
18.93333244
17.54117393
17.65098000
17.24901962
17.11960793
16.95882416
17.24117851
18.57058907
19.14117432
16.45686150
18.94117928
19.50588417
18.37647247
14.71372604
15.95489979
15.21961021
19.15686607
15.42940903
19.97058868
17.43529320
18.43137169
17.93333054
17.64902306
16.47255135
16.94117737
21.15882492
15.67842960
18.62745285
19.18431473
18.75294495
16.36862755
14.72941494
15.52745152
17.66862679
15.16863060
18.04902077
19.44117737
16.24901962
17.17451096
17.00196075
17.65098190
16.43137169
20.14117622
17.25294304
16.57843018
18.89412117
19.41372299
17.85686111
14.79019737
16.03137398
14.85882473
18.26274300
14.91960812
19.47842979
16.37450981
16.10391998
17.12156868
16.80980492
16.86862755
16.19804001
18.39215279
15.84313869
18.93921471
20.64509964
18.65294266
15.87058640
15.00784206
15.64705944
18.28039169
18.60588646
17.60588264
19.62353134
15.30195999
15.93529510
16.82941246
16.85882568
16.08039284
16.84313774
17.27842903
17.33725357
19.70195961
20.57255363
17.02548981
14.67646885
16.38627625
16.25686455
23.93529510
20.25686264
20.51765060
15.77058697
15.42549038
16.00784492
17.03921700
16.72548866
16.07254982
17.20392227
16.24313736
18.34117699
21.20587730
18.79215431
15.72549248
15.86470413
16.24901772
18.25686264
27.21568298
19.94313431
21.24117279
15.60588169
15.56078434
17.51960564
16.76862335
15.94313812
16.51568794
18.20784569
17.19019890
18.46470833
19.85294342
16.67058945
14.80392265
17.30784416
15.90588284
22.84313965
23.45686340
21.37843323
17.29215431
16.67451286
16.47647095
17.81764603
16.96666718
17.26078415
17.30588150
15.97843170
17.95686150
20.06666565
17.19804192
16.15686226
16.09411812
15.97647190
17.73725700
21.86274338
17.30195999
19.85882187
17.51764679
16.74117470
18.50980377
17.22549057
17.27843094
16.40000534
16.82745171
17.20392227
19.75293541
18.42940903
16.44705963
16.11960983
16.79019737
15.91960907
18.22941017
16.45686150
19.14509964
16.70196152
17.10784149
16.54313850
17.95882607
17.53921700
16.97255135
16.72745323
15.43333244
18.85686111
20.93725967
16.32157135
16.12156677
16.06666565
16.08039284
17.15490341
16.51372719
16.31960678
17.54706001
17.02157021
16.20980453
17.11176682
17.54901886
16.53725243
16.54117775
16.91568565
16.50392151
20.91372871
18.70588112
16.64509964
15.55294228
16.89019775
15.90980434
17.32744789
15.58823776
17.63529587
16.01764679
16.19215393
16.39411736
17.62157059
17.41961098
16.62157059
16.92157173
15.64509678
18.66470909
20.63137627
16.56470490
17.07451248
16.21372604
16.44117928
17.02941322
17.44902039
16.82353020
16.38823891
16.84902000
17.08431244
15.92353249
19.44313431
15.85882378
17.61372757
17.33921623
15.54901886
20.05882263
18.38627243
17.14705849
15.87450981
16.62156677
16.65294266
17.45098305
16.76470566
17.76470757
16.76470757
16.05294418
17.23137283
18.07843208
17.32549286
17.03529549
18.54509544
17.03921318
17.23137283
20.41961098
17.36274529
16.64705849
15.84705925
15.95686340
16.14117622
16.98039055
17.99803543
18.09215546
17.17451096
17.01372528
15.72549057
20.15294266
18.53137589
19.56274414
18.06666565
15.32352924
21.05685806
19.81765175
16.77843094
15.36470413
17.50980568
16.35490227
17.16078568
17.64117432
18.71176529
19.03529549
16.16666794
16.27058792
17.94705772
21.43137169
22.34313965
18.06078720
18.48235512
17.95882416
21.55490303
18.88823509
15.91372776
16.33137321
17.11372375
17.06470680
17.16470337
18.06470871
18.49804115
17.20980644
17.96274376
16.75294113
20.85097885
22.18627167
19.64118004
18.46470642
14.38627625
22.06666565
20.77647591
16.87647247
15.49215508
18.18235588
16.31568909
17.50588226
17.24313545
18.76862907
16.79215813
17.40588379
16.65294075
19.15686226
18.27843475
20.49411964
17.31764793
18.36470985
18.28431320
20.12352943
19.16470528
15.98235321
17.02549553
17.21961021
16.54510117
16.90980339
18.39804268
17.55098343
16.96078300
17.81372833
16.53725243
18.37059021
17.98627281
18.50195885
19.99607849
14.49019718
21.95294189
20.08823586
16.73529434
16.05098152
18.82548904
16.09019470
17.23529816
16.83529663
20.36078262
17.07647133
17.74510002
16.27647209
18.12941551
17.18039322
18.73725700
17.31372643
19.43725586
17.74705887
19.74902344
18.51764679
15.81568527
18.11372757
17.01961136
16.91764832
17.47843170
18.38627625
18.44117928
18.28627777
17.45490074
18.26078415
18.88235283
16.69804001
19.67255020
18.34117889
15.55294323
21.62744904
18.79411888
16.88235283
15.64117813
17.87451363
16.16078758
18.06274605
17.49803925
19.74510002
17.60392570
17.82156944
16.59019852
18.90784645
17.76274681
17.50196075
20.34901810
18.61176109
18.49215698
19.73333359
16.87255096
15.71960831
18.23921585
16.27451134
17.24117661
18.71373177
17.75686264
18.16470909
17.51764870
17.76274490
17.89608002
18.52352524
16.63725662
19.57450676
18.66666794
15.40195942
22.14117241
18.74901962
16.67451286
16.20195961
18.01372910
16.43921661
17.45686340
18.34705544
18.18235588
18.20784378
17.65490341
16.47451019
18.86666489
17.79411697
17.98431587
17.99804306
18.84705925
18.11372566
20.61176682
17.13333130
16.27647209
18.51372719
16.43921852
17.17647171
18.48823547
18.34313965
18.41372681
16.65294456
18.52745247
17.91765022
18.59803772
16.41176605
20.29607964
19.16666794
14.75097942
22.15294456
19.51372528
17.19607735
16.84117889
18.93921471
16.00195885
17.87059021
19.69411469
19.21568871
18.00196075
18.26862907
17.38823891
20.16666794
17.96470451
20.06078720
18.07647133
18.39411545
18.19215775
23.95490265
17.41960907
16.89803696
18.08235550
18.45882416
17.07647133
19.34117699
19.64313698
19.44509888
17.87647057
19.42940903
19.33529472
20.44706345
17.61176682
20.19607735
19.82744980
14.38235474
23.10588837
22.49215889
17.82352638
16.65882301
19.15490532
19.84509659
18.35098267
20.97450829
20.19412422
18.35294151
20.37450981
17.96470833
22.12548828
19.29019737
20.75293922
18.20000648
17.77254677
17.42549133
25.85686302
18.15489960
17.32941246
17.94706154
20.74902153
18.76862335
20.76274490
20.24901581
19.27255058
18.61764717
19.20980453
19.23725319
21.68627548
20.33529472
18.08627510
18.63725471
14.73921394
22.34705925
24.94509888
17.64117622
17.05882454
19.45294380
21.15882492
17.73725510
20.34902000
19.67646980
18.55882454
20.08235168
17.63725471
21.26666832
20.25098038
21.39411926
18.86274719
17.09019661
17.04706001
25.54313660
19.75881958
17.27451134
17.89216042
19.26666832
18.56862259
20.94901848
20.15098190
19.45098114
19.73725510
19.25686264
19.69412041
21.47843552
22.97843170
20.72352791
18.05686188
15.41568756
21.81176758
24.83725357
17.11960793
16.83921432
18.34313583
18.68235588
19.85490417
22.18430901
20.66078377
18.57647133
19.85490608
18.05882454
20.72157288
22.24902344
24.17254829
20.41568756
17.46078300
16.17646980
23.35490227
20.20980072
16.92549133
18.12745285
18.36666870
18.46078682
22.88431740
20.25686073
19.21764755
19.25686264
18.64705849
19.64117241
21.13333893
24.02548790
21.07451057
18.24901772
15.34509850
20.25686264
23.05489731
16.81372643
18.30196381
19.40980148
19.63726234
20.02352905
21.98235130
18.40980530
19.16470718
20.46078491
18.59999657
20.55294037
22.71764755
21.26078415
20.53529739
17.38431549
16.57647133
21.47647095
19.04902077
18.78235626
20.05882454
21.10588455
20.15686226
20.95686150
19.54313850
19.04902267
20.07058525
18.16666794
20.29803848
21.25490189
21.81372643
19.10588264
17.72156715
14.72941208
19.78235245
20.74902344
17.60588264
20.17254639
21.16862869
20.73137856
19.75882149
21.69215965
18.36862755
19.11960602
19.85294342
19.27647209
19.83333397
20.76470566
21.68823433
18.35098076
17.24902153
16.69804001
20.21372604
17.72745132
19.48235893
20.61176300
20.19019699
19.14706421
21.09412003
21.52156830
18.52549171
19.96274376
18.70588303
19.60000038
20.45098305
22.22157097
19.73529434
18.63333130
15.24313641
20.61960793
18.32156944
19.49019432
18.59215546
21.04117775
18.86274910
18.80196190
23.05097961
20.01764679
19.03333664
20.10000229
19.63725281
18.53529930
21.91176605
21.25490570
19.22549248
17.30980301
17.00588608
19.79412460
17.42941093
19.60980606
21.01372910
18.98235703
18.59412193
20.80392265
22.05882263
19.16274452
19.31372643
19.81960869
19.40980148
20.58039093
23.22745132
18.65882492
18.07843208
14.28627682
20.78627396
19.91176605
18.83725548
19.61176682
21.50196266
19.07254982
18.78823280
22.25490379
20.17647362
19.77843285
20.53333473
20.40980530
19.87843132
23.19019508
19.95294380
18.02941132
16.69019508
17.39019585
20.03333664
19.22156906
18.67842865
22.87058640
19.19804192
19.21372795
20.39411545
22.54313469
20.37059021
19.52548790
21.24705887
20.83725357
19.73725891
22.37058449
17.66862869
17.89411926
14.80196285
20.44314194
21.97647095
18.11960983
22.04313850
20.92549133
19.22156715
19.34509659
19.87647057
22.79411697
20.54706192
20.81176376
20.00979996
20.50588608
20.09020233
19.93136978
17.44706154
17.76666641
18.30195999
21.30980682
21.45686150
20.22940826
23.04705620
19.47255135
18.57451439
19.90784264
22.72156715
22.11764908
20.00588226
19.55686378
20.15294266
18.93333054
21.11176491
18.11764908
18.18824005
16.40980721
23.38235283
24.12549019
19.03333282
22.54117775
19.25490570
18.77647400
19.79608345
20.86078644
23.87058830
20.61960602
19.13921547
19.58823776
20.30588531
21.13529396
19.44509888
18.09803963
18.17254639
19.62745094
25.90980148
22.53137398
20.04117584
18.84509659
19.31176376
19.35490608
20.61372757
22.43725777
21.90391922
19.65098190
19.92352867
20.45686531
21.39019775
20.78039551
18.95097923
19.08627892
15.78431129
26.73136902
25.02352715
20.86274719
18.00000191
17.99804115
19.44509888
20.54509926
20.85685921
22.86862373
20.72549057
19.90588379
21.54509926
20.44901848
20.63137436
20.66862297
18.30000305
18.64705658
20.46274757
26.93725204
22.52353096
19.43137169
16.19803810
19.24313736
19.80196190
21.33136940
23.13921738
20.93921471
20.62744904
21.35686302
20.19215775
21.66274261
19.38431168
18.90980148
18.85294151
16.29411888
25.95882416
25.83921432
19.95490646
17.28627396
17.33529472
20.21176529
20.51568604
20.88627434
23.94706154
21.79216194
21.31176758
20.06470490
21.06274414
21.77255058
20.19999886
17.64313698
18.71764565
21.22352791
27.31960869
23.51372528
17.76470757
16.57255173
19.64510155
20.11568832
21.55490494
22.09803772
21.94509697
20.80000114
21.59411812
19.98823929
23.92549324
20.35490227
19.90196228
19.02352905
16.97254944
27.17450523
25.89215660
20.37843513
17.90392113
18.15686607
21.03332901
20.68235397
20.97058678
21.33725548
22.71176720
20.92744827
22.34706497
23.62156868
21.03725433
20.54117584
18.39411926
18.68431473
22.32352638
25.55686188
24.36274719
20.32941437
18.11176300
21.03529358
21.65686035
21.42353439
20.44313431
22.50196266
21.39607430
24.21372986
23.86470795
23.05882454
20.17451286
20.43921661
19.64313698
17.39607811
25.47842979
26.48823357
23.53725624
19.85098457
18.42941284
23.49608040
21.23137474
20.89020157
20.54902267
23.08626747
21.02745056
26.89411545
25.19215584
20.02156830
19.64509964
19.14706421
19.13725471
22.68431473
25.45490456
25.37451172
23.10784531
17.90000153
19.40000343
23.27058983
20.50784492
20.75686646
23.04902267
20.95882416
22.11764717
27.12352943
20.21373177
19.93333435
18.58039474
18.89607620
17.73725510
26.74313927
26.17255020
24.73529625
18.47843170
18.21176720
21.62941551
21.40784454
20.99215508
21.56862259
24.37647057
19.72941208
22.22940826
22.34706306
20.61568642
18.93921471
18.11372566
18.49215508
23.51960754
26.27843285
25.70783997
19.93530083
17.72156715
19.68627167
22.56275177
20.79019356
21.27254868
24.31568718
21.32353020
20.11568451
20.07058907
21.13921738
21.63529396
17.31176376
19.07255173
18.20980644
27.26470757
24.73921013
22.70589066
18.98627472
19.12549210
20.68823814
21.74117470
21.00588226
21.59412384
24.53725815
19.82353020
18.82549286
20.83725739
22.75097847
19.12940979
18.43333054
18.82549095
21.85882568
26.21176720
24.78627777
18.59803963
18.19411850
21.06862831
22.11764908
20.61764908
22.39019585
23.04705620
21.99215508
20.10196114
19.57254982
20.80588341
23.35490799
17.98627472
19.49803925
18.12352753
25.51568222
23.61568260
22.55685806
19.38039589
18.95097733
22.52745819
21.76862335
21.32156754
23.04117012
24.12156677
20.71764755
19.65294456
21.09411621
21.69608498
20.73529434
18.26470566
20.41764450
21.86078644
24.13725090
23.51568604
19.94902039
18.13137245
22.83333397
22.10784912
21.34117317
23.83724976
22.16470718
22.32353020
21.44901466
20.81372643
20.65489960
22.41764069
18.39215851
19.89608002
20.09607697
23.99019241
21.20195770
22.94314003
19.89803886
18.69411850
22.85882378
21.32156754
22.43137169
23.00784111
22.46470642
22.35882378
21.32156944
20.78235245
20.70980644
20.91373062
18.46666908
20.13921738
21.28627396
21.16470337
23.14705849
20.38823700
18.11176872
20.60000420
22.11960793
21.96862984
23.84509659
21.11372757
22.72941208
22.78039742
21.22352982
20.34705734
21.14509583
19.29804039
19.86274719
20.02353477
21.31764603
18.42941475
23.56863022
19.01568794
18.33529282
23.66667175
21.22940636
22.90587807
22.95882416
21.13725662
22.56274414
21.17843437
21.58823013
20.16470528
20.45882797
18.93333435
19.81764793
20.42156792
18.87254906
23.70784569
20.47842789
17.88039398
19.77842903
23.06666374
21.59999847
23.58628082
22.18431282
22.07647133
22.00784302
22.22941017
20.32353020
21.48431587
19.24509430
19.94509697
19.63921356
20.91176224
16.70588303
28.25686455
18.17058945
18.50588226
21.93333817
21.86078453
22.77647018
23.84902382
21.41373253
22.66666985
22.12940979
22.54902267
20.31764603
20.95489883
18.52745247
19.25097847
20.75685883
18.55098343
23.39019585
23.56666565
18.15686226
20.27058601
21.90980339
22.03137207
24.24901772
22.26470757
22.23725891
21.60392570
25.33725166
20.36274910
20.03725433
19.68039322
20.46666718
18.72745132
20.96862602
16.58039284
30.13529587
18.00588417
18.67647743
21.56274796
21.17843437
22.56862831
24.19019890
21.57451248
21.85882568
24.27058983
21.50980568
20.21764565
20.47647285
20.38039207
18.95294189
19.54117775
18.17058945
22.87647247
25.04313469
18.39412308
20.01960945
21.93725777
20.98431587
23.14706230
23.34706116
21.91960907
21.41372871
26.05686188
20.30195999
20.81960487
20.64314079
19.74706268
17.41176605
20.08235550
15.68627548
28.10784531
20.32156944
18.62941551
21.63529587
21.03921509
22.39999962
24.32157516
23.75097275
22.03725243
23.98823547
21.48627663
21.05490303
21.62156487
20.21372986
18.81568718
18.85490417
17.58823776
21.15294266
24.28627586
18.00196075
20.58823395
22.07451248
21.83529663
23.26078606
24.60000229
22.91568947
21.68235397
23.73725319
20.11568642
21.83136940
21.17451286
19.74118042
17.97451019
19.33921814
14.18235207
26.81175995
20.38823700
18.33921623
21.50391960
22.01960754
22.77842903
24.56667137
23.08431625
22.40392303
21.89411736
21.33921814
21.29999733
21.57842636
19.65882301
18.47058868
18.36666679
17.40587997
19.12549019
24.85686684
17.75490189
19.57842827
22.79020119
21.60391808
26.46666908
22.91567993
22.44510078
21.89607430
22.77646828
20.43725395
20.62941360
20.37451553
18.74509811
17.61764908
18.86666870
15.71176434
24.94313812
21.54313469
18.31764984
21.67647552
22.55293655
24.45686340
26.40588188
18.96666908
23.25490570
21.52156830
21.22941208
21.08431625
20.98431206
18.99019623
16.78627205
17.25293922
17.70980644
19.10391998
28.05489731
18.73529625
19.97646904
22.25686264
22.37647247
27.39607811
20.72548866
22.02353287
23.14705658
22.59019661
21.04117012
20.37255096
20.78235626
18.22745132
16.10784149
17.70588684
17.25098228
26.18039131
26.04902077
17.19215775
21.97255325
21.80588913
23.17450905
27.02745247
19.43137169
23.07451057
22.52941513
23.66667175
21.16078758
21.23137665
20.75686455
18.54705811
15.50196075
17.09803963
20.88431358
28.95489693
21.93334007
20.02548981
21.62352943
22.20196152
26.49019814
20.52744865
22.06470680
23.05490875
24.02745438
23.09607887
20.53529167
22.75686455
18.85882568
15.87058926
17.49804115
17.99411392
25.66863441
28.54510307
17.15293884
21.43333626
21.61372757
24.15490341
25.38235474
19.31960678
23.32157135
23.71176910
23.92941666
21.21372414
21.94902420
20.51372719
16.72549057
16.09607887
17.50784492
23.20196152
28.12941360
23.27843094
19.71960449
21.61764908
23.64901733
28.08431053
19.97254944
22.09608078
23.57843208
23.48431969
22.51568985
21.36862564
21.45489883
18.76667023
16.11176491
16.27058792
20.39019775
28.62940979
28.63137054
19.89215851
20.93529320
22.30392265
27.52744865
23.55882263
19.02549171
23.21176529
23.73725510
23.22745514
21.27450943
21.05294418
20.25686455
17.09608078
16.10000038
16.47451019
26.89216042
29.52548599
24.82353401
21.37647247
21.84510231
23.19412041
27.32941246
20.08627701
21.39215469
22.86666107
24.28823280
22.23137665
20.55490303
20.96666718
19.86862564
16.55294037
17.10980225
20.29804230
28.71568489
27.87255096
20.60980034
23.05294609
22.40588760
26.89019966
23.38039589
19.85686493
22.18235397
24.76078987
23.29019547
21.83137321
20.51568604
20.84706306
18.72941589
17.69607925
15.97843075
25.41175842
29.23725510
25.20588112
20.03137207
24.19607544
24.54313850
26.60392189
22.00196075
21.41372299
23.94313431
24.15097427
22.75882721
20.12941360
20.57254791
20.35490036
15.94509983
16.33529472
18.56470871
27.79215813
28.31176567
21.32941437
23.59999847
21.68823624
28.61176682
24.05882454
22.72156715
22.83725739
24.29411507
24.34118271
21.51960945
20.12940979
20.48039627
18.97058487
15.25686073
14.65882301
23.03137589
27.40391922
27.27843666
22.37058640
23.05293846
25.11373138
28.91372681
24.20195770
23.64509583
23.95293808
24.18432045
24.35882568
20.90588570
21.19215965
20.31372643
15.68431473
15.22549343
16.30784225
26.83725929
26.38038826
27.32353401
21.96862793
21.29411507
30.62745667
26.74117088
25.16273880
23.88039589
24.36470413
25.11960793
22.71372223
21.35881996
20.45098305
18.48627472
16.40196228
14.22548866
20.71176529
28.06862259
26.81372452
25.15881920
21.99411392
26.92156601
29.36862373
27.36274338
26.92941093
23.16862679
24.12744904
25.21372986
22.14313889
22.73137283
20.78823090
17.67843056
14.94901943
15.92548943
25.76470566
25.79019928
28.18627548
22.63333511
24.57254791
31.23921967
27.34313965
29.80784225
27.16274071
23.57843399
24.25686073
24.10784531
23.99803352
21.66274834
21.28627396
17.17451096
14.98039341
19.50784302
28.09215164
25.69019890
26.79608536
22.73136902
30.09215927
30.69803810
31.16862869
29.73921776
25.50980186
25.26667023
23.75490189
24.27450943
24.76078415
23.80784416
18.14117813
15.67843246
15.85098171
24.89608383
25.53529739
28.10588455
23.26470375
27.09803772
31.36078835
31.84313965
30.99411964
29.52352715
24.79215240
24.25097847
23.97843361
25.51176071
24.22156525
22.40196609
17.36470604
14.47647190
19.52352905
25.83724976
25.93333817
27.86666679
24.19803810
30.13726044
31.48627472
30.26274681
30.28235626
27.05489922
25.57450485
23.24706078
24.98627472
25.85098076
24.79215622
17.64509964
16.35294151
14.09411621
23.73725891
26.40980148
25.46078491
26.80392075
25.91764832
30.67647171
31.59804153
28.35490608
29.59608269
25.70784187
24.27058792
23.49215317
26.53137207
25.73333549
22.84117126
17.65490341
13.89411736
17.97451210
25.42353058
25.23921394
27.61960602
25.69215584
28.77058983
31.68823814
25.80195808
29.06274223
28.74901581
25.12745094
22.75098419
23.71372223
27.83333206
27.05294418
17.01568794
17.83529854
14.80784225
23.25294113
25.00979996
24.96078682
28.37058830
28.93725967
30.41176987
28.21764565
25.22745132
27.64901924
27.02940369
23.82744980
20.87842941
25.93333435
28.55882454
21.82156944
17.63137245
16.46078682
17.88627625
25.97059059
22.84705925
28.27647018
28.56274414
28.63332939
30.04901886
22.30588150
27.99019814
27.55490303
24.88627434
21.69607735
22.60196495
27.58823395
26.92940903
17.54313850
18.34510040
16.30980682
22.24509621
23.07254791
25.42353249
30.27647400
27.66470909
30.19215775
25.64314079
23.94313812
24.93529701
26.99411392
24.09804535
21.76470757
26.13529205
29.32745171
21.90196609
17.26862907
16.29999733
17.02549171
25.77647400
22.20392036
28.69804764
29.47843170
28.04117584
30.12157631
22.01960754
27.06274414
25.59803963
26.77647591
23.80196953
24.46862411
27.09804153
27.51373100
16.78039551
17.05490112
15.73137283
21.29216194
22.77059174
24.64901543
31.29412079
28.04117584
29.24510384
26.52549171
25.78627396
22.71765137
28.82745361
27.01961136
22.88627625
26.26274872
27.59019279
20.49803543
17.34117889
13.75294113
16.32156754
24.66471100
22.20588684
28.50000000
31.10588264
26.44902420
30.96078491
26.19804192
24.10980225
25.01568985
29.29019547
24.61176682
25.25686264
25.74117661
24.60784340
16.74117661
15.16078472
15.44705772
19.65293884
22.68823433
23.14705849
31.48235321
28.35098076
27.32745171
31.22548866
26.77843094
21.22941208
29.13725471
27.96862793
25.08235359
26.95293808
25.60392570
19.11764526
16.91568565
13.16862774
16.79804039
22.00588608
22.89020157
26.75098419
31.64313889
23.97058296
28.95882607
31.15685844
22.82744789
24.04117584
30.27058792
25.33529282
27.69019318
25.13921738
23.56078529
17.31764603
14.57843208
14.04705811
20.41372871
22.52352524
24.54705811
29.20980644
27.49412155
23.57843208
31.03333473
28.35882187
19.89412308
26.58235168
26.49608040
26.00784111
26.89411545
25.65098381
17.72548676
17.30980873
12.36274338
16.32941246
22.05294418
25.12941551
27.81176758
28.75293922
23.00980759
26.08823776
31.17451668
22.78235245
22.46274948
26.67058945
25.41176605
27.10784531
24.48627090
22.42156982
17.28235626
15.29411697
13.08235359
20.41176605
22.99607658
26.98235321
27.36666679
26.34509468
22.20196152
28.72156525
28.66862869
19.11372375
26.86470222
25.84706116
24.72548676
26.75490189
25.71960640
15.62745285
19.60784149
11.65490437
16.92353058
22.45686150
24.13725853
29.82745552
25.76862717
22.77255058
26.29215240
27.69411469
23.56470490
25.59216118
25.79607773
23.80784416
24.82941246
24.80588341
21.72353554
17.46862793
15.96862698
13.51176357
19.82549286
23.46078491
26.37451172
27.49019623
25.74902153
23.55489540
27.49803925
27.27843285
20.03725243
26.40784264
25.36274147
22.87842941
25.81176376
25.98627663
15.19215965
19.54509735
12.37255096
16.48823738
21.85685921
21.06078529
29.82548904
26.94510078
24.57058334
25.54509735
25.59215546
24.59411621
24.47058678
25.54705429
25.96470833
24.38824081
25.48823547
20.02352905
17.43921661
17.55882454
14.13529396
17.15490341
22.57254601
24.98039627
29.37254906
26.61960983
24.20392227
26.96078682
25.87058640
20.82941055
28.09215546
27.69608307
23.56862259
25.71372414
25.19999886
15.70000076
20.12352943
11.75097942
16.39215851
21.83137321
21.67647362
29.20392418
29.20392227
25.10195732
26.31960678
23.48823547
24.64901733
25.24901962
29.51568604
26.50000000
23.70391846
24.82941437
19.25294495
16.32941055
19.14313316
13.79999924
18.53137589
22.71960449
24.73921967
29.84118080
28.40588379
26.10392189
25.73921776
24.33725548
21.30784416
30.24706268
28.58235550
24.40588570
25.24901772
23.89019585
16.72548866
18.80000114
14.21764660
16.66862869
23.65882492
21.20784187
28.15293884
29.47842407
26.46862411
28.27647400
22.23725510
23.78038979
26.26862907
30.14705658
26.26667023
25.71176147
23.88431549
19.95882225
14.84117699
21.50979996
16.29411697
18.81176376
23.53921509
24.75098038
29.33921814
28.14509201
28.32941628
25.67255020
21.56077957
22.50392342
31.11176682
26.97450638
25.91568565
24.68039322
22.84117889
17.21764946
17.54117966
20.35490417
16.99803734
22.33333015
21.93333435
28.21176529
29.94313812
27.13137627
29.90196037
20.99215698
22.21764565
25.97843552
28.57254982
26.69411469
25.80391693
23.20784187
20.43529892
16.76862717
21.37843323
17.65294266
17.53137589
23.24314308
25.71372795
29.87255287
28.86470985
29.23921394
27.50979805
19.39999771
22.74510002
29.60000038
25.99020004
26.29411697
24.49411774
21.80196571
19.98235321
16.33921623
19.65490341
16.22549057
20.45882034
22.91176033
28.65294266
30.42156410
29.21568680
28.95686150
21.88627625
20.59804153
26.33529663
24.67058372
27.09608269
26.55882263
23.57451248
20.82548714
13.99999905
18.79608154
17.34902000
16.04509926
22.81372261
25.48039246
28.00588989
29.90980148
28.72941208
27.71372795
17.99216080
21.60784340
27.21372604
23.30195999
26.23332977
25.84117889
21.62353325
18.70195961
13.48823547
19.70784569
15.30000114
19.80588531
23.22157097
27.39019585
28.55098343
28.93529510
27.21960640
22.98627281
19.69804192
22.95490646
21.62941170
25.90392876
27.03921890
24.92941284
20.38431358
12.51568699
18.74902344
16.48431587
15.77843285
22.17058945
24.12156677
27.07450485
30.17059326
25.07451248
27.47843170
17.98431587
20.08627510
24.17843437
22.76863098
26.27843285
25.96078491
20.10195923
18.01176643
14.98039150
17.43529129
15.73333454
17.59411812
22.53333473
27.55686760
27.01176643
27.90784264
25.92353058
20.73725891
19.67254829
21.55294418
23.18627548
26.54314041
27.51372528
23.11372948
19.34510040
11.94705963
18.37843323
15.38039207
15.65490246
19.77254677
22.93529510
28.66862488
28.84509850
24.02745247
25.43921471
18.21372795
19.80980301
25.74510193
25.63725471
27.39215660
26.60392570
19.94314194
16.79019356
15.65490246
16.47254944
15.64705944
16.14902115
21.60000420
26.39412117
28.78823662
27.64901543
25.57451057
20.78038979
20.29019737
21.04901886
27.11372375
25.74118042
29.75882339
22.75097847
19.34902191
11.85490322
18.52745247
15.49607754
15.59999943
18.42745209
22.42549133
29.05882454
29.80588341
25.53137398
27.64509201
18.65490341
18.95098305
26.62744713
27.08823013
27.80392456
26.43921661
20.58823395
16.10588264
15.88627529
16.41764832
16.40588188
16.19607925
20.45685959
23.40588379
30.49411583
29.41960526
27.04313469
22.50000000
20.74314117
18.89019775
29.98038483
24.95685959
30.27647018
22.77843094
19.97254753
11.86666489
18.42353058
15.62549019
16.24118042
17.79607773
19.83333588
27.31176758
28.01764870
27.55686378
28.54509544
19.67058754
18.32353020
26.48039818
26.53921318
28.32353210
28.19608116
21.67254639
14.37647057
14.24117661
18.30784607
16.83725548
16.22745132
17.58235168
18.88431358
29.04509544
27.95490265
28.23921585
24.94509697
20.51568794
18.20784378
29.43137550
25.16862679
28.79607964
26.06666946
19.87255096
9.89215755
17.68823624
19.68431282
16.46274567
16.49019814
17.89216042
23.76862907
27.24313736
28.41371727
30.63725662
20.96470642
18.48627472
25.46274757
25.30196190
27.30980301
28.96274757
22.54510117
14.68627357
12.91568756
20.94117737
17.47451401
16.17451096
17.14313889
19.13921547
27.12353134
26.58039284
29.49019814
26.88627625
20.94705772
19.23333359
28.25882530
24.73921585
28.72940826
25.99608231
19.72549057
10.17646980
16.38431358
21.77647018
15.01372528
17.40980530
17.50784492
22.76078796
27.62549400
27.22745514
30.27451134
22.82353020
20.05882645
25.74313545
25.67451096
25.75294685
28.15098381
22.40196228
14.69019604
12.40196228
20.63137245
18.25294495
14.96078587
17.19411659
20.63137627
26.41176605
27.37450981
28.11764145
27.47646904
22.75294113
22.35098076
26.16863060
25.98627663
26.94510460
25.10588074
20.49411774
11.02548981
14.90000153
22.89411926
16.34510040
17.27843094
17.12745094
22.02156639
28.60980606
26.81567955
29.19803619
26.71176338
22.60980415
26.03137016
25.45882034
26.91764832
28.28038979
20.09803581
16.73529434
11.56078434
19.23529434
20.95489693
15.12156963
16.73137283
19.45489883
26.18823433
27.94705391
27.41568565
27.88431168
24.17647171
25.37646866
27.06470680
26.33333588
26.83529854
23.05490494
19.97646713
12.35686684
14.25882435
23.62744904
15.91372681
15.87647057
17.18235016
24.31764984
28.15293884
25.60587692
29.62156677
24.99019432
23.76666641
27.49607658
27.08234787
25.15294075
24.73529625
18.99803925
18.09803963
12.37843227
19.06666946
22.16470718
14.63921547
17.30588341
20.03137398
28.55881882
27.67255211
27.74117470
28.60980415
22.16666794
25.59608459
29.02745056
25.21765137
23.70587921
18.42157173
20.65294075
14.19411850
14.97843266
23.50195885
18.79412079
15.84313774
21.56666756
25.68431473
25.99215508
28.66078377
30.19216347
25.51372528
21.02157021
28.61176682
26.26078415
24.97451019
20.05686188
18.26666260
18.50392342
12.91568661
19.10784149
24.16274261
15.63529396
19.22353363
23.60588455
28.74117661
25.83333397
29.24510002
29.11764526
21.29999924
23.61568451
28.55490112
24.14705658
22.43921089
16.23333359
21.75098419
13.39215755
14.57058907
22.01568604
21.80000305
16.19019508
23.62549210
25.78431511
24.31176376
27.96666908
30.61177063
24.12548637
19.75294304
27.37255287
23.36666679
24.38823700
17.08431435
19.65882111
18.95882416
12.12940979
17.92156982
23.92941284
17.23529625
19.37647247
21.12745094
26.58235550
23.85881996
29.41568375
29.45294571
22.09999847
21.39019585
25.37451553
21.51372528
22.25490570
16.96274376
20.41176414
14.20000172
12.76078224
20.84509468
23.09607697
17.30784607
22.03921509
20.74509430
24.64509773
26.23333359
29.57058907
25.67058754
18.93529510
24.94313812
21.89608192
24.04706001
17.03529358
19.23725700
18.62549019
11.56078434
16.67843246
21.43725395
18.70980453
19.76862526
19.96666527
24.50784302
23.62745667
27.39215660
29.00000191
22.11568069
22.44706154
22.36470795
20.15098000
21.64509773
16.74510193
19.74902153
13.47059059
12.64509869
18.78627205
20.98627472
16.88039207
23.03333473
20.55882454
25.85293961
24.75097466
28.61764717
24.75882912
22.89412117
21.13333511
19.90784836
22.16274643
17.26078415
19.35490417
18.52353096
11.93333340
14.62156963
19.17058754
19.09019661
19.65098381
21.76470757
22.59607887
25.19215965
25.68431664
26.93725204
22.32352448
23.61372375
18.93333435
19.35490036
21.14313889
17.67058945
20.41961098
13.98627377
12.74902153
17.61176491
20.75294113
16.67254829
24.12353516
20.92156792
24.92745018
24.32353020
25.59803772
24.28039932
24.60784531
18.10588455
19.38823700
21.72549438
17.09607506
20.58627319
17.16862869
14.95294285
12.61568642
20.95882607
20.00980186
19.25882339
25.81764984
21.96078300
23.60980034
25.10195923
26.55882263
23.09412384
23.27843475
18.52745438
19.40196609
21.93136978
18.82744980
18.43529129
13.35097885
15.77058887
18.30392265
21.72352982
17.44509888
24.34705925
22.69411278
23.56078529
23.78627396
25.90392494
27.70196342
23.87255287
18.29803848
19.21176529
22.47254944
18.83529663
21.90195656
17.28627586
15.29019737
12.32352734
21.66666985
19.68431282
19.20196152
23.04313660
24.08823013
22.98235130
25.76863098
25.93725967
26.38823318
22.19019699
19.86862946
19.73921013
21.48627663
21.46078110
19.49607658
14.11176300
15.68039227
15.70588112
20.45097923
17.19607925
21.72549438
21.81764793
24.53529358
24.45098114
26.53333664
25.90392113
25.22549057
21.28823471
19.63921738
21.30980682
19.82941246
21.91176414
16.79804039
14.73137283
12.95098019
18.82352638
19.01960945
18.51176643
22.34313774
22.88039017
23.61960602
27.35098267
24.30392075
24.83136749
22.73922157
22.28823471
19.47843170
21.45686340
21.20391846
18.85097885
13.88627338
15.08627510
12.92353058
19.40588379
18.25490189
23.49411774
20.73529625
23.58627701
21.72549248
27.34314156
21.74313545
23.75293922
23.50784111
19.97451210
22.02156830
20.43137360
21.75294495
15.36078453
13.67647171
12.92941284
15.21568584
20.58627510
18.68627548
22.14313316
21.36078644
20.50980949
24.71372414
23.37646866
22.42548561
22.81764793
21.81372643
20.29803848
21.41961098
22.91764832
18.07058716
13.41764927
14.60784149
11.80392170
16.98039246
19.74117851
21.26078606
19.05490494
20.80784225
21.52353287
25.57843590
19.73332977
23.32548714
20.93725395
20.21372414
21.83333397
20.89999962
21.74901772
14.97646904
13.71176624
12.57647133
13.11568642
20.20196533
19.13137627
18.76470947
18.69804001
22.22157097
23.21568108
22.88823700
22.74118042
20.36470604
19.15098381
20.30980301
21.33333588
23.59803581
18.14901924
13.28235435
14.20195770
12.48431492
16.29215813
19.39215660
19.32549477
18.23725510
20.53529358
24.44117928
25.14314079
21.74313736
22.73137474
18.87647247
19.38627243
20.88235283
22.11372566
21.85882568
15.18039608
15.29019547
11.99607658
13.32549000
19.59412003
19.13921738
20.76078415
19.65490150
23.31764603
24.23921585
24.51765060
24.02940941
20.42353439
17.20195961
19.85293961
20.74118423
23.85098267
18.52353096
13.58627510
14.69999981
12.77255154
15.48823738
20.00195885
18.56862831
22.56274414
20.43921471
25.25490189
24.88039398
25.90784264
23.21372795
17.91568756
18.28235245
19.91176796
22.64509583
21.98823929
15.10588360
14.88039112
12.22156906
14.10588169
16.41372490
21.21960831
19.59803963
21.81764603
22.63333321
25.31764984
26.31568527
25.46470833
21.17451096
16.77843094
20.21764755
19.82156944
24.55489731
17.11960793
13.73529530
13.59215736
13.33333397
14.61960697
19.81960678
19.43529320
21.81961060
20.07059097
22.64314079
26.40195656
27.30587769
23.57843018
18.44509697
17.74117851
19.95882416
22.61176300
20.44705772
15.91568470
13.44705677
12.81372452
14.54313660
15.92549133
20.88039017
18.94902039
20.72941399
19.70784378
21.31372643
27.50785065
25.89607620
21.11960602
16.99215889
18.98431778
19.67058563
23.75882721
17.58823395
14.91960907
12.44117546
13.89019775
14.80195808
18.44509697
20.33333397
19.66470337
19.81176567
16.63529396
24.10783958
26.74117851
22.81960869
17.99607658
18.12549019
19.05490494
22.82352638
19.34901810
16.71961021
14.45882797
12.92941189
13.96862698
15.47058868
22.08235550
18.84313965
20.70980835
17.05686569
18.15686798
25.56863022
24.69803619
20.30587769
17.85490417
19.30784607
19.37450981
22.67255020
17.46470451
15.17254829
12.08235359
13.98431301
15.26666737
17.47059250
21.91765022
18.88823509
20.41176224
16.13725281
20.84117508
24.34313393
22.58627319
17.76862907
18.78823471
19.63333702
22.78627777
17.17843246
17.00784683
13.70392132
12.82941246
13.58823586
16.26078224
21.96862984
19.87451363
19.17058945
19.26274300
17.36470604
22.35882378
22.41372681
20.31371880
17.72157288
20.15293694
19.52157211
22.12941360
16.44117355
16.45882607
11.93921471
13.49215794
15.98235226
17.24706078
23.53137398
19.51764870
21.19412231
16.03725624
19.52548981
22.49411201
21.31176758
16.86470413
19.76667023
18.38823891
23.55294228
17.30784416
18.24705696
13.19215775
12.27647114
13.25098038
17.35490227
20.71764755
23.35489845
20.03725624
20.64902306
16.68823624
21.51568985
20.66666603
19.98431396
17.53137398
20.35293961
19.62744904
23.00784111
17.31960678
17.41764832
11.59803867
12.40980434
14.52548885
19.31764603
23.87255096
21.38039017
22.42745018
15.89019680
19.18235397
20.57842827
19.08627510
21.50391960
21.10980606
17.94313812
22.20784187
18.34902382
20.01960945
12.92352772
13.72941303
13.21568489
17.52941322
21.53725815
22.67842865
20.12744904
20.61961365
16.02549171
20.09215546
19.14118195
19.17255020
23.67254829
20.82156563
18.84117889
20.85686111
17.89804077
17.10980797
12.00784302
14.07451248
14.31568623
18.42353058
25.60588264
22.07843018
20.48039627
15.65686321
18.02157021
19.13921928
17.03725624
22.48235512
22.90588379
19.01764870
19.51176643
18.90784073
18.66862679
12.62353134
14.93529606
14.07058811
15.58627319
21.48823929
24.22352409
22.96470642
18.32549286
16.24902153
18.50784302
16.90588188
18.74117851
23.67450523
21.02549362
19.18039703
19.67254639
19.67843628
14.41568756
12.10588169
14.45882416
13.56470585
17.67058563
27.40784454
23.58823395
20.98431396
16.41176414
18.63921738
17.88627815
17.49019623
20.62353134
22.32745171
18.23922157
18.00196075
19.32353401
17.59215546
12.08039474
12.63725662
13.84509850
14.72745132
22.44313622
26.80783844
26.03725433
18.96666908
16.52941132
18.92549515
17.83529472
18.79607582
19.79411697
17.77843285
18.11568642
20.64902115
18.03725243
13.99804020
11.60784149
12.60588264
13.37843132
18.04509735
28.74314117
25.74118042
24.26667023
17.30784607
18.70392418
18.40588188
18.13725471
17.43921852
17.12745094
17.98823738
19.23725510
20.63137436
15.46470547
13.18823624
11.11372662
14.29411888
14.85294151
23.80000496
29.55097580
28.04313660
20.32353020
16.75294113
19.52940941
17.33921432
18.42157364
16.19804001
18.21961021
19.36862755
21.97254944
17.23921585
14.27647209
13.30391979
14.02745152
13.41176510
18.03725815
30.09803963
29.33137131
24.67647362
18.10784149
18.90391922
20.09804153
18.72745323
14.70196056
17.08627510
19.99411774
20.39804077
19.79215622
15.69019699
15.24313641
11.18039131
15.22352695
15.50980473
23.69215775
31.53137589
27.04902458
22.06666565
16.55686378
21.61765289
18.37254524
15.75098133
15.25490475
18.78823662
20.14509773
20.68823433
16.12156868
15.02352810
13.57254887
13.44117737
14.13529396
18.36470795
28.59019852
30.46275139
23.23529434
18.00588417
18.78039169
20.37254715
16.58039474
14.82941341
16.15882492
18.54117966
20.17059135
21.52352715
15.71764565
16.18823814
10.92352867
14.99607658
17.08039474
21.87450981
29.66666603
24.29803848
20.63921738
16.85294342
21.75293922
18.30000305
14.55098057
15.68039131
17.12157059
21.21568680
20.76274681
17.69607735
15.32156754
15.58431530
13.35294056
14.54706001
18.08823586
25.60784721
24.76667023
20.12745285
17.80392265
18.30000305
21.09019852
17.50391960
15.12353230
17.52745056
18.49215698
20.81568909
20.50588417
16.40784264
17.49411964
11.81372452
15.00000191
16.71372795
18.57059097
24.49804688
17.80587959
19.43725395
16.59215736
21.57059097
20.32941055
15.38431549
17.42549133
18.21764755
22.39608192
19.88235664
17.56078529
15.50392151
16.88823509
13.40196037
15.07843018
17.40980721
18.72941399
17.60391998
18.03921700
16.39019394
18.09803772
22.80196762
17.78431320
17.95490265
17.37843132
20.55881882
21.55098343
19.51176071
16.61764717
17.40000343
13.70784187
15.72548866
15.74901962
16.19215775
16.58823395
12.31764603
19.14509964
15.94509888
22.50196457
20.72744942
15.76274490
19.05882263
19.69999886
22.61568069
21.08431435
16.75686455
16.12352943
18.02549171
13.65882492
15.22941017
16.73529625
14.34313488
12.40980339
15.87843323
16.55294037
19.12745094
22.94313431
17.94901848
17.35882568
19.78431320
25.31372452
20.49216080
18.10391998
15.96470451
16.42156792
15.95294285
16.59803963
15.12549210
14.86078644
13.69607925
11.39019775
18.14902306
15.27254772
22.66274452
21.14705658
13.92744923
20.99019623
25.40588188
23.10588646
19.09215927
16.19019699
14.85294151
17.90196228
15.40980434
15.90588188
15.13137054
14.03725338
11.85490131
13.82745075
16.53333282
18.46666527
24.25098038
15.18431473
15.41176414
25.51764679
26.57646942
20.67843056
15.25686264
15.05294228
15.67059040
16.85686302
17.48039627
14.67451000
13.33137321
13.07647133
10.15490246
16.85490417
16.95882416
20.33333397
19.48431778
13.78823662
20.73529434
27.05294228
23.45293808
16.81372643
15.11960983
14.16666698
17.91961098
16.35098267
16.14313507
14.23529530
12.67450905
10.88235378
12.00392246
17.32549095
18.36862755
21.12549019
15.22548771
14.05294228
25.30000114
25.73921585
21.27254486
14.89019680
13.74705982
14.93137550
18.40980911
16.24901772
13.82745171
12.89019489
11.97843361
10.19999981
15.83333206
17.18627357
19.31961060
18.54314041
14.38235188
19.00784683
25.92941666
24.22352982
15.20784187
14.32941151
14.01176453
17.06470680
16.61764526
15.36470509
13.00392056
12.29803848
10.97255039
10.76666737
17.12156677
19.06078339
20.44509697
15.65490055
14.84705925
22.08823776
25.65098190
20.82744980
13.37255096
12.89804173
14.48431206
18.73137283
15.31764793
14.20196342
12.64313889
11.60588360
10.11568642
14.94313812
18.90588570
20.54706192
19.06078720
15.73725319
17.54706001
25.10784340
24.28627586
14.10196114
11.79411888
13.20980263
16.45293999
17.92745209
14.92940998
13.38431358
11.60588264
10.89999866
10.18823624
18.01372910
21.30392265
21.72156906
18.20392227
15.28823566
20.64509392
27.17254257
19.10980797
12.96862888
11.28235245
14.04117680
19.70784187
16.24706078
13.99215984
11.70980453
11.02156830
9.54901886
13.61764908
20.10588074
22.16078377
20.86274529
16.82745552
17.95686150
24.61961174
25.34117508
13.46862888
11.45098209
13.18235302
16.36666870
19.75881958
15.59803963
12.79803944
10.48431396
10.72156715
9.46078396
16.44313812
21.92156792
22.33725739
19.24510193
15.60980320
19.52353096
27.90783691
17.73333549
12.76666927
12.06078243
14.91372681
18.76078796
18.91961098
13.46470642
11.69019508
10.98235416
9.18627548
12.29607868
19.39803696
22.10784721
21.56274605
16.26078606
18.54314041
22.22549248
23.59411621
14.39412022
12.96078396
13.30392361
16.55686378
21.27647400
15.98235416
12.31764698
10.66862679
10.29607773
8.59019566
15.16862774
21.31568909
24.13332939
18.61764717
17.19215584
18.47451210
25.36863327
17.61176300
14.50980186
12.56078434
15.79215908
18.50783920
19.69411850
14.22941113
10.60196209
10.05098152
8.50000000
10.77843094
19.47647285
21.50980186
22.75294304
17.67843246
19.69412041
20.12157059
21.26078606
14.88039207
13.16666889
14.10392189
17.19411850
20.60980606
17.17843628
11.52940941
10.35097980
9.04705906
8.24901962
15.01960659
21.00195885
23.87254715
20.49804115
18.85490417
18.79215622
22.22352982
17.94314194
14.70392227
13.20588207
16.94902039
18.00392532
18.96862984
14.53725433
10.32157040
9.70392036
8.24901962
9.84705925
20.74118042
20.53529739
24.87647057
18.04509544
21.80588722
18.97646904
21.07843399
16.20588303
14.89803886
14.65098286
16.95098305
19.15294266
16.12549210
12.08235455
9.87843227
8.68039322
7.39607811
15.14706039
19.50980377
24.38235474
21.51176453
20.03921509
19.06078529
22.10980034
19.07058907
19.01568604
14.54313850
16.85882378
17.84509850
17.01960754
14.25294209
10.04117775
9.27058697
7.85882378
9.57254982
20.54901695
20.15686226
25.24509811
19.67450905
20.23137283
20.48823738
22.16470718
21.62353134
17.13529396
16.24117661
17.01176643
18.07647133
17.15882492
11.86666679
9.39607906
8.85490227
7.31372547
16.52549171
18.40392113
25.20980453
22.51764870
19.80980492
20.68823051
23.02353287
22.24117661
21.75098038
17.13725662
16.96470451
16.62157059
18.45489883
14.97450924
9.84901905
9.24901962
8.31372643
9.12156868
20.05490112
21.44509697
24.74313736
19.89608002
20.48235321
22.75097847
23.04117584
23.27842903
18.31372833
17.18627548
16.94313622
17.85294724
18.10980797
11.84510136
9.29607868
9.14509773
6.93921471
14.49803925
18.88823509
25.93725014
20.45490074
19.38039207
20.58627701
23.20980072
23.57254982
21.33725548
17.34313774
16.00392151
17.93921280
18.33333397
15.58235359
9.97254848
9.05490112
8.03529453
8.36470509
17.86862755
21.74117661
21.90392876
19.79804039
20.35294342
20.68431664
22.04117393
23.58431053
18.53921127
15.70000172
17.13725662
17.69411850
18.29804039
11.45489979
9.33725739
8.85490227
7.15686274
12.38039303
17.65882111
22.66078186
19.88431358
19.81372643
20.98431396
20.39019775
22.02156830
21.46666718
17.53333473
13.11960888
18.29804039
17.94313622
15.50196171
9.23333359
9.00588322
7.94117641
7.43725491
15.73725510
19.32549286
21.48039246
18.92941284
21.83725357
19.19215584
20.42744827
22.60195923
17.02157402
13.87255096
16.48431396
16.68431664
18.04902077
11.24509811
8.86862850
8.49215698
7.79215717
10.90196037
15.81568527
21.31176376
21.17647171
20.04706383
20.14902115
18.53725433
20.98038864
20.12745094
15.66666603
11.93333244
16.39019775
17.33529854
15.57450867
8.79999924
8.36078358
8.57254982
7.40784407
15.92549133
16.25294113
23.32745171
18.91960907
20.64117050
18.65882301
19.23725510
20.88235283
15.11176205
12.62745094
16.70784378
16.72548866
16.92941284
10.97843170
8.27254963
7.87451077
7.38235283
11.12745094
16.00784492
20.95686531
21.88235092
18.18235207
20.17255211
17.61176682
20.27843285
18.47843170
13.81960773
11.60588169
18.21764755
15.85490036
16.21764755
8.72157001
7.72941113
7.70588207
6.83333302
15.10196209
16.62549400
23.82156754
18.75293922
19.03921700
19.66078186
17.82745552
18.86470795
14.51960945
10.70392132
17.36667061
17.01764870
16.97451019
11.78431225
8.79804039
7.52941227
7.00392103
9.83137226
16.36078453
20.16470528
21.96078491
16.99999809
21.59411812
17.91568375
18.13137245
16.39215660
12.54117489
10.36274719
18.68039322
15.16274643
16.39019585
9.13333416
8.41372395
7.07843161
7.19019604
13.25098038
17.04705620
22.84902000
19.38039398
18.72941017
21.27059364
17.33529663
17.87254715
13.95098209
8.83137226
15.46078396
16.39607811
16.40196228
10.78235531
7.98823547
7.73529482
6.29607821
8.82156849
17.41764450
19.23137474
20.59216118
16.44902229
22.53725624
18.02353096
18.43921661
16.60392189
10.50000095
8.97646999
17.28627777
15.28431225
15.92157173
8.16862679
7.57647038
7.00196123
6.33137274
13.66666794
17.18627357
21.30196190
17.88823318
17.61372375
21.00588036
17.46274757
19.90587997
11.61960793
7.56666708
14.49607754
17.30980301
17.54706001
10.76274586
7.65686226
7.62156963
6.70588303
8.60980606
16.72352982
19.81372643
18.91961098
14.59803867
21.59804153
18.03921890
18.55098534
15.90000153
9.15686417
9.62744999
17.82549286
16.28431511
15.74510002
7.85490370
8.40392208
6.61372519
6.77843142
12.49215698
18.74313545
19.92549324
17.08431244
16.91764832
18.70980644
18.30980492
19.65294266
9.87254810
8.13725471
14.20196152
17.60588264
17.71568680
11.62549019
7.30392218
6.80196095
6.89803934
8.28431416
15.96078396
19.35686302
18.31960869
14.37646961
18.93333244
18.05490112
20.40980530
12.74313831
9.32745171
11.28235245
16.73529243
16.55882454
16.34510040
8.35686398
6.94509888
6.47254944
6.74117613
11.21568489
19.24705887
16.54901886
17.02157021
15.69215679
17.43137360
18.50000381
17.67647171
11.01960850
8.24901867
14.71372604
18.07842827
17.08823395
12.21764946
6.96862745
6.47254848
6.54509735
8.00588322
16.07059097
16.92941284
17.89608002
14.06274223
17.25686264
17.22549248
21.00392532
12.20392132
10.20392132
11.60000038
15.79607773
16.16666603
15.69412041
8.60980225
6.51764727
6.88627386
6.40784311
10.02157021
18.40980721
15.97647285
17.08431625
15.11568642
17.82353020
18.92352676
15.42941189
11.90000153
7.74509859
14.86666775
17.40587997
16.02941322
13.40980339
7.05686283
7.07058811
5.97647142
6.81764746
15.37058735
16.06274414
17.97843361
15.58431435
17.15686417
16.96274567
18.10588455
13.11176395
10.34901905
10.81176472
15.70588112
17.27647400
16.50196266
8.86862755
6.76666689
6.28823519
5.02352953
9.24117756
17.40784454
15.99607849
17.47843170
17.49411774
15.97059059
19.46862793
14.58627605
12.29607868
7.79215860
14.26666641
17.66078568
17.60195923
12.75686550
7.09019518
6.14117670
5.04117727
6.56470633
13.45294189
16.10980225
17.98823929
19.13137627
18.40000343
18.32352829
17.55294228
15.84117699
10.07058907
9.21764755
16.42548943
18.46666718
16.14314079
8.35097980
6.91372585
5.85294151
5.36862755
8.35686302
17.65490341
16.38235664
19.20000076
22.07843590
19.37451172
19.95294189
18.10000229
11.85293961
8.25097942
15.82353115
16.97647285
17.13529587
13.05686474
6.75098085
6.25490189
5.56470633
6.37843180
13.44705963
16.25882149
18.65098572
21.48431778
22.82941246
20.85882187
18.53529358
16.98039246
9.47843170
10.20588303
17.51764870
18.16078758
16.85882759
8.50392151
6.46862745
5.77843142
6.15882349
8.66470623
16.28039360
17.02745056
21.33333206
22.91176414
22.41961098
18.87451172
20.84117699
11.10392284
8.13333321
17.49411964
16.23725510
17.76470757
13.82745075
6.63529444
5.64313793
5.95882416
6.67058849
13.38235188
16.39215660
19.75882339
21.89803696
22.54117393
21.98039246
18.99019814
16.58039093
8.17058849
10.61764622
17.46274567
18.80196190
16.57058907
8.33921528
6.05686331
5.90980387
5.83333302
8.30000019
17.22941399
17.36078262
21.66274261
22.50980759
22.32941055
18.12549210
19.99804115
9.25490284
8.15882397
16.22745323
17.08627510
18.15490150
12.59999943
6.16078377
6.29999971
5.47843075
6.30980444
13.58431530
17.41176224
20.89999771
20.90980530
22.35686493
20.39803696
16.57843208
13.26274490
8.57450962
10.18431473
16.40392303
20.93921661
15.40980625
8.05294132
6.99019718
5.88235378
5.41960764
8.66274548
19.50588417
19.18039131
21.44117546
21.80392456
21.95490074
17.51568985
14.74313831
9.09215546
8.59215832
13.89215660
17.85882378
19.17451286
11.59019661
7.65686178
5.59803915
5.40392208
6.68627357
13.77058887
22.22744942
22.84117699
19.24510193
19.22744942
19.52941513
16.37647057
11.89019775
8.61372662
10.14705944
15.72745132
20.61176682
15.63529396
7.67451143
6.48627472
5.41176414
5.44705915
9.59019566
19.57254791
24.74117661
19.29803848
16.12548828
17.32156754
17.21568680
15.21372509
8.92549038
7.80980396
13.79019547
17.15686226
19.70980263
11.50196266
6.88039303
6.05882263
5.35686302
6.30392265
14.70980072
23.71176720
23.13529968
15.15098095
15.00588226
15.82353020
18.59804153
11.17647171
8.73529339
9.71372604
14.88235474
19.39215660
15.75882530
7.51176357
6.89019632
5.34705830
5.77843094
10.73529339
17.69803810
26.47451019
18.19019127
14.42941093
14.72156906
16.42745209
15.22745132
9.80588436
7.23921633
12.83921623
15.87646961
18.78039551
11.47451019
6.71176529
5.91960859
5.61568594
6.43137264
14.82941246
22.68235397
24.10588074
14.06470680
14.30195999
13.32548809
17.42745209
11.26862717
8.99019527
9.57058811
14.52941322
17.65882492
15.59019566
7.28627396
6.33921623
5.39411736
5.83725548
11.43137169
17.20588303
28.15686417
16.86274529
13.42156887
13.38235188
13.64509869
14.73725796
10.34706116
7.37450981
12.31372452
16.15098381
17.61960983
11.96470451
6.40784311
5.65490341
5.55882311
6.94902039
17.26078606
24.71763992
23.00783920
13.97647285
13.98627472
12.32353020
14.41960716
11.28627586
8.76274490
9.57058907
14.80392265
16.90784073
16.06274605
7.20980453
6.38627434
5.07647038
5.06862831
13.82549286
21.36666679
26.17255020
16.29803848
13.93529510
12.60588360
12.73333073
13.61568737
9.91764736
6.83725548
12.20980453
16.82745171
15.83725643
13.00195980
6.61176538
5.78431416
4.92549133
9.06470490
18.98235512
24.31960487
21.75686264
14.84117794
12.44509888
12.04313564
13.57647228
11.23725319
8.82549095
9.57058907
14.66470528
15.81568527
15.88235378
8.44509888
6.11960840
5.31176519
6.24509859
13.75686264
22.71960831
23.83921814
16.69607925
12.91372681
12.73725605
12.45882225
12.54117584
10.12352943
8.51176739
12.09803963
16.08627319
15.33725739
13.50392246
7.01372528
5.23921680
5.13921690
10.91568661
17.43529510
20.69019508
21.06078720
14.61960888
11.91176510
12.07843399
12.78039360
12.47254944
10.34705925
10.44901943
13.44313908
15.31568813
15.60000134
8.87254715
6.13725471
5.29215765
6.90980434
13.62745190
19.24313354
22.31372452
14.17843151
13.39215660
11.24705887
12.05882454
13.39999962
10.52941322
8.63137245
14.86274529
14.11568737
14.42549133
14.40392113
6.00980330
6.11176395
4.89215708
11.11372471
17.34510231
20.38235283
17.88431358
13.89019871
12.07647228
12.14509773
12.01960850
12.18235207
10.92156982
11.84313774
13.06274605
15.11372471
15.11372662
9.86274815
6.14509726
5.18431425
8.16274548
15.77058983
19.68039322
20.08627510
14.93333530
13.83725262
12.09803963
11.80196381
10.95490265
11.94509888
8.87843227
15.36470699
14.28431225
14.17255020
16.66078377
5.87647009
6.33529425
5.03921556
13.64509678
18.67451286
20.56470490
17.29019928
14.05097961
13.64313698
12.09803963
12.46470547
11.34902096
10.76862812
11.76274586
14.72941399
15.20784569
15.21568775
12.91176510
6.47058821
5.76862764
9.90980339
17.06666756
20.26863098
20.47255135
15.67646980
14.07254887
14.86274624
12.84313869
10.60000038
12.42352867
9.04313755
15.09215832
15.47254848
13.76078510
18.67646980
7.71764565
6.10196161
7.56470490
15.82353115
16.39019585
19.64901924
21.32156754
16.18627739
17.72941208
13.70980263
12.02156734
12.58235264
10.83333206
11.28235340
15.54902077
14.74117470
14.46470451
15.50588131
6.47450829
6.83333397
12.62156773
15.77255249
16.00196075
22.55098343
19.19019318
17.10196304
18.29607773
14.14313698
11.86862850
12.58431149
8.71960831
14.50196171
14.64705658
13.89411831
18.03921700
9.19019699
6.95098019
9.10980415
17.22744942
14.39215851
18.92156982
21.40784264
17.45293999
19.33529282
16.86274719
12.60587978
15.00588226
9.88039112
10.72549152
15.31764793
13.77647114
14.35686398
16.31960869
8.02353001
8.03529358
16.23137283
15.73529625
15.97646904
22.80784225
17.37254906
17.40588188
16.73725319
16.39411926
14.89019585
12.77254868
9.60392284
15.02549076
13.33137321
13.75882435
18.50391960
12.26666832
9.95097828
12.95490170
19.42352867
15.28431225
19.27450943
20.42549133
15.45882320
14.55686569
15.74509811
15.33137131
16.93921661
10.45882320
11.13137245
15.30588341
14.08431339
14.61176491
19.00980568
11.96862698
11.55490208
21.10588074
15.93529606
17.93137360
21.54706192
16.45882416
14.16274452
12.15490341
15.05686283
18.38431740
11.77255154
9.86862850
21.56863213
21.23136902
23.03529358
23.97842979
24.20392036
13.41372585
17.91764832
19.75882721
14.52941132
20.21176529
20.53529549
14.19608021
11.85294151
12.29019642
17.83725357
15.09804058
10.04706001
16.04313850
22.11961365
24.07843018
23.75489998
24.49215698
18.92548752
15.00588322
22.08627701
16.30588531
14.80000114
22.29019547
15.94117641
11.96862888
11.13333321
16.36666679
18.08627319
12.30392170
11.53921604
23.26862717
21.98627472
24.08039093
23.81764603
26.37450600
13.16666508
20.56078720
19.02157211
13.76666641
15.45686245
18.54117775
14.38235474
10.83137131
13.95882416
18.03137398
14.52744961
11.66274929
17.24117851
21.28038979
17.57254791
18.29215240
24.84509659
15.38039207
18.69215965
20.32745171
16.16078377
11.37058640
15.56078529
15.48235512
13.31764793
12.64117622
18.96078110
16.40588188
12.24313545
12.53529453
19.50784111
16.85882378
19.84706116
19.52941132
22.50391960
16.77843094
22.02156639
16.02156639
13.81961155
13.09803963
13.59411907
17.46274757
13.25294209
18.72744942
16.71960831
13.46666718
11.80000210
16.92352867
17.95882034
17.04706001
19.53333473
24.60980225
18.37450790
22.86470413
17.81176567
15.40784454
14.29803848
12.89607906
16.39019585
17.16470718
17.11764526
16.27843094
14.26274300
11.57058907
12.14313793
18.80392075
19.56667137
24.04117393
23.55686378
27.21176529
23.06078339
20.34313774
15.88627529
15.95294189
18.44509697
14.62549305
17.78431129
17.80392456
17.68431282
13.68235207
12.43921661
11.98235035
16.30195999
23.53137207
19.16470718
24.13725471
23.56666565
28.98039055
24.96862793
17.29607964
15.25489998
20.69999886
18.35882378
17.89019585
17.88235474
19.07646751
13.06078339
13.95882511
10.62157059
11.93137264
20.54901695
20.77843285
23.21764374
23.29803848
27.23529434
29.03529358
18.60980606
17.14706230
16.31568718
22.44901657
21.50979996
16.18039513
18.22157097
15.21764660
14.03529453
11.97843170
11.10196114
16.01960754
21.59019661
16.87254715
20.89804268
22.55098152
30.57451820
21.69411659
16.72941208
15.82745171
20.76274872
25.40195847
18.49215889
16.06274605
17.82745171
15.42745018
13.08235550
9.84509754
11.89804268
20.34313583
19.70980263
17.69607925
23.55685997
25.12941170
26.02744865
17.91960907
16.40980530
14.64706039
24.87451363
23.68235588
15.08823586
17.00392342
17.53725624
14.53529644
10.86470604
11.17255211
16.12352943
20.66078568
17.99607849
20.62156677
24.33529091
26.64117432
19.76470184
16.47451210
13.99608040
16.55882454
27.00195885
16.44901848
13.62941170
16.30000114
17.28235435
11.40784550
10.62745190
11.81176662
21.64705849
19.94706154
19.43725586
23.32353210
23.58039093
23.69019127
17.98038864
15.16274452
12.86666775
18.98823547
17.87646866
13.34901905
14.03725433
17.19607925
13.01176262
10.28823662
10.64117718
15.08627319
23.11176300
22.21764565
21.90391922
25.11960793
23.57843018
20.10980415
16.51372719
14.74313641
11.05098248
13.30784321
13.12745094
13.19019604
15.50980091
14.88039398
10.83725643
10.56470585
11.48039246
21.52548981
18.62548828
21.83529663
25.60392189
23.45882607
21.40785027
18.94902039
16.65882301
12.02941322
10.51568604
10.85490322
13.13137245
14.53137398
15.22548962
11.67843246
10.64902020
11.79607773
13.96666527
21.75490189
20.41568565
21.66862869
25.88627434
21.12352943
20.84706116
18.57254601
16.00000191
10.52549076
11.25882244
11.74901962
13.24705982
14.46078300
12.91960812
11.26470470
11.55097961
11.60000038
11.18823624
16.76862717
13.64705849
22.02156639
22.98627472
21.04902267
19.73529243
19.56470871
12.20588303
12.14705753
10.72745132
12.68039227
14.05490208
12.92549133
10.70392132
11.23725224
12.03725529
9.90980434
14.84705830
15.75489998
15.97647285
25.55293846
23.18235016
23.40392303
18.82157135
13.04901981
10.66274548
12.63921642
13.35098076
12.91568851
12.91961098
10.73921585
10.50392246
12.20980263
10.57254982
10.25490284
16.44314003
15.16470718
20.02549171
27.50391769
24.87058830
19.74510193
14.12549210
10.84509945
12.94313812
16.15097809
13.65686321
13.17254925
10.61568928
10.64313698
11.39215660
11.03137493
9.51176357
13.69803715
16.28235245
15.77843285
23.71568489
27.66078377
23.53725433
15.63725662
11.32352734
14.11568546
19.10784531
18.20196152
11.29803944
12.04313755
10.12745190
10.63137436
11.00196075
9.63333321
10.86078453
14.19019699
15.33333302
19.01568413
26.92548943
24.77647400
17.12156677
12.81960678
14.37843227
21.83333015
23.02745438
15.65294552
11.15490150
10.35686111
10.46274567
10.33333492
9.65882492
10.13333416
13.03137207
14.59215736
13.83137321
23.94902229
26.68431854
20.64117622
14.64509773
12.94313812
22.17058754
25.46666908
22.77451134
11.70196056
10.70000267
10.40980148
11.08823681
9.73137379
9.73725510
11.18039131
13.47843170
12.91372490
19.38823509
26.03137398
22.68038940
18.02157021
13.15098190
19.63137817
27.15098190
23.67450905
19.19411659
11.59607792
9.69607925
11.31568623
10.31568718
9.10784340
10.65882492
12.87058640
12.82941437
12.55098248
24.44313812
25.56666756
20.84117699
16.12156868
16.44117737
24.17451286
22.47647667
20.75098419
16.79215813
11.02745247
10.12941265
11.62352943
9.67254734
10.24706078
10.18039131
13.27843189
12.03137207
17.12745094
24.97842789
24.25490379
21.41568565
17.65686035
20.00392151
21.56470490
18.93333435
19.42353249
14.55098248
9.50000000
11.13725471
11.09803867
8.88235283
10.17843151
12.15490150
12.45882416
12.65294170
22.58039284
25.23137283
23.59019852
23.58628273
21.14509773
20.28235435
17.48431396
19.29804039
17.61568451
12.70392323
9.59999847
11.31372738
10.06666756
9.41568756
9.19804001
13.30392265
11.70784283
14.63333416
26.03528976
26.13137054
24.60587883
25.91764832
18.82549286
19.66470909
19.54901886
18.04705811
15.61961174
11.03137493
10.34117794
10.54705715
8.20196056
7.73529387
12.31764793
12.12352943
12.87647247
20.75098038
24.86665916
23.95098686
25.95490074
22.87647057
19.61176682
19.83333397
19.01765060
16.09803963
14.38039112
10.24902058
10.66274452
8.51372623
7.92353010
7.72941256
14.13137245
11.09019756
14.34313869
25.03137398
24.55490112
23.83529663
25.72744942
16.85882187
19.73529053
19.27058601
16.99607849
14.10784435
13.27647114
9.76078415
8.78235340
7.76274538
7.00588131
11.80196095
11.88235283
12.64705944
17.60980415
25.96078491
23.53921890
22.86666870
18.34117699
15.55294037
19.66666603
13.98823547
14.96078682
13.67254829
11.30587959
9.10392094
6.79215670
8.44117641
7.25490093
13.36862659
11.69019508
14.58431625
22.33921814
26.20981026
22.30784416
20.21372986
13.12353039
15.75294113
14.93529510
13.58235359
13.25882149
12.45882416
9.47647095
7.66666937
7.57647133
7.68823481
9.59215736
13.58431435
14.04509830
16.17843056
26.67647171
24.29607964
20.69215775
16.54901886
10.35490322
15.46078587
10.73137379
13.96666813
12.96862602
9.83921432
8.85686398
6.40784264
9.43529320
7.52156830
12.45490265
13.91176414
14.70392323
20.72352600
25.88235092
22.44901848
19.36274338
10.93529510
11.51372719
12.34117603
11.23333549
13.69803810
11.43725491
9.16470528
7.84117603
8.61960793
7.67254877
8.17843056
12.89411831
14.77254868
18.19215775
21.40391922
23.80392456
20.39019966
15.13921833
8.25098133
11.97254658
10.25686455
12.22745228
12.45490265
10.31176567
8.04117775
6.79803944
8.99019718
7.53725529
10.14705944
13.55294228
14.85686302
17.79607773
22.06666756
22.37450981
18.01176262
9.35686398
9.07058811
10.72157001
9.18431282
12.66470337
10.99608040
8.75098133
7.23529482
7.80784273
7.28431463
7.68823576
11.40392303
14.90195942
17.07451057
15.70980644
20.54118156
18.75097847
11.13333416
8.53333378
9.72352982
10.11372662
10.23333168
11.50588226
10.57254887
7.61372519
7.15294075
6.63529396
7.83725548
9.60000038
13.83529472
16.23529434
14.00196171
17.60980415
15.29999828
15.33921528
8.89019680
9.99608040
11.51176453
8.97843170
10.04313850
11.20392132
8.52549076
7.14313698
7.08823586
6.58039188
7.79215765
12.82549191
17.42549133
16.08823395
15.50196171
14.97843075
14.09803772
11.13921452
9.94313717
10.42352962
9.92549038
8.42549133
11.02745342
9.96078491
7.23921537
6.85686302
6.68039274
6.46078444
9.14901924
14.57058907
21.75097847
14.66274452
17.63529396
12.68039322
10.01176357
9.56470680
10.34509850
11.04313564
9.09019661
8.74509811
10.46078396
7.85490131
6.39411879
7.43137312
6.96470594
7.69411755
11.94705963
16.52157021
21.74706268
15.99804020
18.22549248
11.40392399
10.32745266
9.55686283
8.73333359
9.30784321
8.57647038
9.75098038
8.23921680
6.67451048
6.76470566
7.86666632
7.37647104
8.59215832
12.76274681
22.48235130
19.75097656
19.26667023
16.40196228
10.43529415
8.92156887
9.30392265
8.75490189
9.10392284
9.19999981
9.02353001
7.19607782
6.99411774
6.13137293
6.90784311
8.85490322
10.44117546
15.83333492
23.11372185
18.25098038
20.56862831
15.21764851
11.61764717
9.75490189
7.85686207
9.68039417
9.17450905
9.54117775
7.42156935
6.84705782
6.30588293
6.73137283
7.71372604
8.46862793
12.03529263
18.80588150
21.53333282
17.46274757
21.57451248
15.27058697
10.62941360
9.20392227
8.92549038
10.30588531
8.89607811
7.96862793
7.16078377
6.62745094
6.05686235
6.60000038
9.54117584
9.77451134
13.70196152
21.08039474
18.18039322
19.80392265
18.68823814
13.92352867
10.30980682
8.69803905
10.61372566
9.66078568
8.77255058
7.24705887
7.16078424
6.12549067
7.61568642
7.07451010
9.73333454
11.70980453
17.92548943
19.84314156
16.10391998
18.69411659
16.37843132
12.05882359
9.58823586
10.41960716
10.81176376
8.75098133
7.95098066
6.92941046
6.98431349
7.11764717
7.24705982
9.41960812
10.41372585
12.65882301
21.99019623
17.34313774
15.89019489
16.95686150
14.34313774
11.87843132
15.03137207
12.87450790
9.30784321
8.58627510
7.52745247
7.70784330
6.73921585
9.41960716
6.02745152
10.63529396
11.38431358
16.68627548
21.55489731
15.62352753
15.94313908
15.12353039
13.46274567
17.64706039
19.45294189
11.21372509
8.31764698
7.91372585
7.39019537
7.44117689
7.76666689
8.18431473
8.95098019
10.04117775
13.01764488
19.95686340
17.38039017
15.27843189
16.38627815
13.85686398
17.75294304
22.99803543
16.53333282
9.21176529
8.34509850
7.44705915
8.26470566
6.72941208
10.44509792
6.10196161
9.81960678
10.39019394
14.62941360
19.80196190
15.58235550
15.65294266
15.67255020
13.97843075
22.54117393
19.81568527
13.38431358
9.20784473
7.46666574
8.58431435
7.52156878
8.28039169
8.32941341
7.73725462
9.78235340
13.08431339
15.82548904
16.88627625
14.64313698
16.36666489
13.62548923
18.06274796
21.48235321
15.91764736
11.22352982
9.38039398
8.89803886
7.98235321
7.64313698
10.08235455
5.64705801
9.32156944
10.75294018
14.95098019
16.15097809
15.93333626
15.49215889
14.00588226
13.31764889
20.46862411
16.69215584
15.36078262
11.28235245
8.16470528
9.95490265
7.19607782
8.80588245
8.05490112
6.60980415
9.41764736
13.20784283
15.40392208
16.57254982
15.78235340
15.07255173
12.67059040
13.37451077
16.40392303
14.68823338
13.63333321
10.46078587
10.14509869
7.67254925
8.20392227
9.31960869
5.90392160
7.42549038
10.79411793
14.78039455
15.45882130
16.12941170
16.37058640
12.96274281
10.66470337
12.15686035
13.20588398
13.34705830
12.74901962
9.45686340
8.85882378
7.80588293
9.10392189
7.37058926
5.94705868
7.89804029
13.32744789
15.68627644
14.80588245
16.16274643
14.85882473
11.48235321
8.10784245
11.57254791
11.92744923
11.72352886
10.25490189
9.37255001
6.84509802
8.54117775
8.02156830
6.34313726
5.82549000
9.95293999
14.80588055
16.25490379
15.26274681
16.07843399
12.96666908
8.86470699
8.57646942
12.52352524
9.97058868
11.10196209
8.78823471
6.94901943
7.63137293
8.81568623
6.69019508
5.43333197
6.92745161
12.77647114
17.23921776
14.36666775
17.20588303
15.18627453
11.37843037
8.53137398
11.49019623
10.98431396
9.18235207
9.65686321
8.00980568
6.15294075
8.31568623
8.01960754
5.35294151
5.51176548
8.91372681
16.68235397
17.17646790
14.52157116
17.26666641
15.68039322
10.52156830
11.21960735
11.95490265
10.28431606
9.60392189
8.46862888
6.10392141
6.89411783
8.88039207
5.77254868
5.45097971
6.50392151
12.48431206
19.65686417
14.74902153
17.34313965
16.40588188
13.24117565
12.47843170
12.31372452
10.88431549
9.46862793
8.69608021
6.83529425
5.86666727
7.87647104
7.90196037
5.52353048
6.08431387
7.88431406
17.85882378
18.07059097
15.73725700
17.20980453
14.89215660
12.16666698
13.50588131
11.90196228
10.28431511
8.99608040
7.25098038
6.02156925
6.29607821
8.69411850
6.60392141
6.38823462
6.63333416
12.16470718
20.47450829
16.77450943
17.26470566
17.35098076
13.94313717
13.41372585
12.56666756
11.69607735
9.59607887
8.13921642
7.09803963
5.64509821
8.10980415
8.02353096
5.33137274
6.68431282
8.70392036
16.82353020
21.73333359
17.16274834
18.31765175
17.32941437
13.25686455
13.60196304
14.29019547
10.87843227
8.76274395
6.96862793
6.09215689
6.41568518
8.14509869
6.21372652
7.72745228
6.60588312
11.96470547
21.46274567
19.77450943
18.47059441
18.53725815
16.14902115
14.04510117
16.24509811
13.46862602
9.61176491
7.77450895
6.14705849
5.52353001
7.89804077
7.86666775
5.50392151
8.67843151
7.33137226
14.57059002
23.92941093
18.97255135
17.17254639
18.41568756
14.11176300
17.82745171
15.79019547
10.64313698
9.11568642
5.68431330
5.84705973
6.35294056
7.96078396
5.67254925
10.00784397
6.70980453
10.05686188
19.44117355
23.90587997
16.95294189
15.68235493
15.93921471
16.07843208
15.37647057
13.47647095
9.49019814
7.65686274
5.42548990
5.65882349
7.13333368
7.74313831
5.65686226
10.91764832
6.54901886
13.84509850
24.29999924
20.63137054
15.46470737
15.58235550
11.01960850
15.44313526
14.30392170
9.80784416
8.65686321
6.48235273
5.80784369
6.45686245
8.37450981
5.06470680
9.33333302
9.20196056
9.51372433
18.40391922
26.23332977
18.35882187
13.16470242
10.84313679
10.63725281
11.37450981
11.03137207
8.99411774
7.23137236
5.99019575
6.16078472
7.19803858
7.96078491
5.66666698
12.91568661
7.09803915
12.24705887
24.77646637
25.39019394
15.93725586
10.95294189
8.25098133
9.25097942
8.69019699
10.27647209
8.15490055
6.46470642
5.32549143
6.50000000
8.90980530
5.16274500
8.13333416
12.57255077
8.92352867
16.42745209
28.43529892
21.83137321
14.45882416
8.47647190
9.85098267
7.57451010
8.58627510
9.65294266
6.84509754
6.41764641
5.89803934
7.52745056
6.75882387
5.38431358
11.59215641
9.14509869
11.09411716
19.57254791
26.31176567
19.95490646
11.96862698
11.97450924
7.64509869
7.54509735
8.69215679
8.21960735
7.74117708
5.60196066
6.62745190
7.91176414
5.98431444
6.43921661
11.25686359
8.83529282
11.81960964
19.37058640
23.24509621
17.93529320
12.96078396
9.46862793
7.14901924
7.60392141
9.57647038
8.01176643
7.99803972
6.09215689
7.18823528
8.07254982
5.64313745
7.36470604
9.09019661
9.55490208
11.45882416
19.50784492
22.97254944
15.72941303
11.96078777
6.84313726
7.65098047
8.85686302
9.69215775
9.04901981
7.49019670
6.60980463
6.83137178
7.69411659
5.21568680
8.15294170
9.26862812
10.80195999
11.28039169
19.90980339
21.28627586
15.16078472
8.58627510
6.99803925
7.77843142
10.20196056
9.78627491
9.47647285
7.27254915
6.49019670
9.57450962
4.93529367
5.67451000
8.87450981
9.77451038
11.56862831
12.57451057
21.99411392
18.18235397
11.96666622
7.17647171
6.97058773
9.72156715
10.01176643
9.52353001
9.10000038
7.75294161
6.80392170
9.13725281
4.89215708
7.12941170
9.03333378
10.47058868
11.42745209
12.57843208
21.45098305
14.75490379
8.56862831
6.59019518
8.91568565
10.85686207
9.65098000
10.02157021
8.39607811
7.87451029
10.48235512
5.66078568
4.86078453
8.75294209
9.39411736
11.06274509
10.57058811
15.63921452
16.81568527
9.93529510
6.47647142
7.71372509
12.01568413
11.04117775
10.04902077
9.30784321
10.02548981
8.40784359
9.66470623
4.85686255
7.32745123
8.69607830
10.10784435
10.92745018
11.43921471
16.40196228
12.22156715
7.67255020
5.94705963
12.27451038
11.74117756
11.66274643
10.04705811
9.30195999
10.44313908
11.39215660
6.36274385
5.05490160
10.25490284
8.82941246
10.42156982
11.00588512
13.88823700
14.67254829
8.54901981
7.94313765
12.38039303
11.75882530
12.63725471
10.94509792
9.44509888
12.79411983
9.92156887
9.87843132
5.00588322
7.81176424
10.20196056
9.89411736
10.75294209
11.58235359
16.72549057
10.57647133
8.52353001
12.81176662
13.13333416
11.48627567
13.63921738
10.28431416
12.41764736
10.57254982
11.18823528
7.50000095
5.29215765
10.47254944
9.43725395
10.79411697
10.46470833
12.50000191
13.80588436
8.55098152
11.21176434
16.22941208
12.25490475
14.14901924
11.62548923
9.81960773
14.15882492
11.62941265
8.32156944
5.71176481
6.66274548
12.22156811
8.64509773
10.11764812
10.82549000
15.16274548
9.74901962
10.56862926
17.17451096
12.94509697
12.92156792
14.14705753
10.16862774
13.55294132
10.65490055
9.40392113
7.57450962
5.29411793
9.56666565
9.98235512
9.18823624
11.08627415
12.43529415
11.86078453
9.66470528
15.59607887
13.37058830
12.84313774
14.89412022
11.34117699
11.01568604
12.41372490
11.22745228
7.16078520
6.30196047
6.09607840
12.07842922
9.49607754
9.50588131
11.56078339
12.78235149
9.06274509
13.07451057
13.74509907
12.61176300
13.60588264
13.46274567
10.81176662
12.47647190
10.88627434
8.07843208
7.61176443
5.75686216
8.40980339
13.51176453
9.98039341
11.07647133
11.67843246
9.17647171
10.13137245
13.52549362
11.81960583
13.72548962
14.81764698
10.86470699
11.67647076
11.50588131
10.29019451
6.87058783
7.35294199
5.62352896
12.99411774
13.39215755
10.25098133
12.09412003
9.73137188
8.70588303
11.58235550
10.71176624
13.21568680
15.21176338
13.70588303
11.02548981
11.99607754
11.75882339
7.31960821
7.94901991
6.67843246
7.69999981
15.84706306
12.58235550
11.38823605
11.09803963
8.68235397
8.91176510
12.00392151
11.25686455
15.67647266
15.90392113
11.56470585
12.56666565
11.85293961
9.74117565
7.92156839
7.31176567
5.44509792
12.54313755
17.56274414
10.96078682
12.07843018
9.95490074
8.42745018
10.50980186
10.83921814
15.02156925
16.64509773
13.57451248
12.25686264
12.35686493
11.97450829
6.85882330
8.54117775
7.09804106
6.95882368
16.98039436
16.66078377
11.59607697
11.36274338
9.38235188
7.98039198
10.52548981
15.92745209
17.25294113
15.66274738
12.23529434
12.02548981
12.09019566
8.86274433
7.86274481
8.28431416
6.10588217
11.59215736
19.49215889
14.59412003
12.75686264
9.87254810
8.08235359
9.06078529
13.25686264
19.40784073
16.06666756
13.64313889
12.17451191
11.71764946
10.57843208
6.34313631
8.73921585
8.42745018
7.23725462
16.06666756
19.28039360
13.41960907
10.96078777
8.43921566
8.20000076
12.01960850
19.43921280
16.60980415
14.24509811
12.22744942
10.87451172
11.56666565
7.54313803
6.59607887
10.57254887
7.69215679
10.21568680
17.77843285
16.50392151
12.52548981
9.17254925
8.62352943
10.22941303
16.84902191
19.47451210
13.41568661
11.39411831
10.96078491
11.19019699
9.01176357
6.34705877
8.40980434
10.47254944
9.21764755
12.06862831
18.78431320
13.40979958
10.61764526
8.69215870
9.98039246
14.34706116
19.40784264
15.95882130
9.97647095
9.33921623
9.46470737
11.43921661
6.68431473
6.37843227
10.52157021
9.39411736
10.45098019
14.85882282
16.89019585
12.05490303
8.86862850
9.64901924
12.90392399
17.26470947
17.06078529
11.10392189
7.93137169
8.41960716
10.23137188
8.65098000
6.25294256
7.91568613
10.58627415
10.96666908
11.20588207
16.84509850
15.01960945
10.88039398
9.39019680
11.60000038
15.50588417
15.61568546
12.01372433
7.75882339
7.43137217
8.09803867
9.64706039
6.61372614
6.40000057
8.63921642
10.38431454
12.96274662
14.03333664
16.50000191
13.87450981
10.64901924
10.48431396
13.75489998
15.07451248
12.21372509
8.09215832
6.51568651
7.53529406
8.45294189
7.34117651
5.52745199
7.90196037
8.57843304
12.05098057
12.96078110
16.21960640
14.08627319
10.77647018
12.40196037
12.01764584
14.66470528
12.73921394
9.58235168
6.02156734
7.38039207
7.26666737
8.07450962
5.45490170
6.43333340
8.34313965
9.63725662
13.74509716
12.65490437
15.50980568
11.66078472
12.21764755
11.65098286
13.06666660
12.75097847
11.79803848
7.31372499
5.89019537
7.05294085
7.42745018
6.99607897
5.23333359
7.29607916
8.27647018
12.32353020
13.46274376
14.56666660
11.54902077
11.02156925
13.51960754
12.55686283
12.90588284
11.81568623
8.92745304
6.10980463
6.12352896
7.10980511
7.64509821
5.61960745
5.80980444
8.22941208
9.94509792
13.82941341
13.12941360
12.71176434
10.62156868
14.31176376
12.49019527
12.20588207
10.22745037
9.91372585
7.65686226
6.09607935
6.79019690
7.10784340
7.14509773
5.04705811
6.03333330
9.38627625
13.03137016
13.49215698
11.67842960
11.29215813
12.45098114
13.23921680
12.42745209
10.22157001
8.71372509
8.32353020
7.01176453
6.61960793
6.96470642
7.48627472
5.20784330
5.68823528
7.35686207
11.82941246
13.49215794
13.06863022
10.92744923
10.55293941
14.17058945
12.85294151
10.52353001
8.48823643
8.20784378
8.11764717
7.25098038
6.19019604
7.07451057
7.05098009
4.74313688
6.55294085
10.54117870
13.53921890
13.85098076
11.62549114
11.06862640
13.33333397
13.29999924
11.94117641
7.86862755
8.17058754
8.49411774
7.66862774
6.11764765
7.08039141
7.42353010
5.06274509
6.63333368
6.52941179
14.00980473
13.41372395
13.19412041
11.36078548
11.35686398
13.61568546
13.59803963
8.98235226
7.58823586
8.26666737
8.05882168
6.90980387
6.75294065
6.59019613
6.54313803
5.06666660
7.45490217
9.12548923
14.03529644
13.32549286
11.83725452
11.85882282
12.81176567
13.38627529
11.02745152
7.19019604
8.35490131
7.82353020
7.30196095
6.24901962
6.73529339
7.15490198
5.15686274
6.61960840
6.56470633
11.54313469
14.92549038
12.35490131
12.00000000
12.40784359
12.98235321
13.76666832
7.24313736
7.14117575
7.96862745
7.36274481
6.79999924
6.73333359
6.50392199
6.23137236
4.91568661
7.90588093
6.49803925
14.16666603
15.99215984
11.91372490
12.43333244
13.37843132
13.93921661
9.55098248
6.19215727
8.23333359
7.54509878
6.40784359
6.34313631
5.94509840
7.20588350
5.50392103
6.26666737
7.31960773
9.68235397
17.92549133
14.01764870
12.20784378
13.64509869
13.35294247
12.51568699
6.57843256
8.14706039
7.16862822
7.02549076
5.81960821
6.00392151
6.60980415
6.03529453
4.81568623
8.58039093
6.67254877
14.25294018
18.88627815
12.89019585
12.50784302
13.69411659
13.66862869
8.20980453
7.62156868
7.95490217
7.63725471
5.75490284
5.86666727
5.67254925
7.17451000
5.04705906
6.06470585
8.34705925
8.60196209
18.41764641
16.18039322
13.28039360
13.80784035
13.23333454
10.58235455
6.46470594
10.52352905
8.44509792
6.36862707
5.75686264
5.91960764
6.77254963
5.57254887
4.38627434
8.42549038
7.48431444
12.61372471
19.49999809
15.36666775
14.33921623
14.17450905
12.49019623
6.88431311
8.93137169
10.00392151
7.88627481
6.04117632
5.67058849
5.78823519
6.99607849
4.89215660
5.60784292
8.17254925
8.37058830
16.55490303
18.22745132
15.98431396
15.12353039
13.65686226
8.94509983
6.39411879
9.91960907
9.23529434
6.11568594
5.86274576
5.75098085
6.74509811
5.19411707
5.24117661
6.50784254
8.62549114
11.99411774
17.99215698
17.92353058
17.12549019
14.38235378
11.05098343
6.52156830
7.93137264
9.69411850
6.25686312
6.37058735
5.66666508
6.01960802
6.41960907
4.90000057
6.38823605
7.59607935
8.88235283
15.41764832
18.48039436
18.66470337
16.29803848
13.05490208
8.35686302
6.94901848
8.10000038
7.42156792
5.76274490
5.96862650
6.53725481
6.31764698
5.24705935
5.76274538
5.98039293
8.67843151
12.33137417
17.03137398
19.35490417
17.57254982
14.63921738
10.63921642
7.01764727
8.02548981
7.68431473
5.83725500
6.04117775
5.98235464
6.96274519
6.00588226
4.35686302
6.31764841
7.20000029
9.08627415
15.53333473
19.15098190
19.62744522
16.44705582
13.00588036
8.57647038
7.44117737
7.92941236
6.35882282
5.92156887
5.78235292
6.24509907
6.49019670
5.07647085
5.86078453
5.97254944
8.40784359
12.99215794
16.56863022
21.82156754
19.13136864
14.03333569
11.15882301
7.47255039
6.99019480
7.24313641
6.25490141
5.37058783
5.59215689
6.51960707
5.88627481
5.28039217
6.04902029
7.77647018
8.80196190
16.04705811
19.16470528
21.69019699
15.74706078
13.25490379
9.47647190
6.79215717
7.06078434
6.96078444
6.09999990
5.56078482
6.38235378
5.93529367
5.35882425
6.78627443
5.86274529
8.33137226
11.88431358
16.04705811
21.46274948
18.08039474
14.07450962
12.61764717
7.65294075
6.60392141
7.66666698
7.12548923
5.83529329
6.88627386
6.02549076
5.74509764
6.07058811
5.86862612
7.85294151
8.30980492
14.33137512
18.22157288
18.52940750
15.89607811
13.34901619
10.40784645
6.18823576
7.64117670
8.78235435
6.21176672
6.90784359
6.29607821
5.45686293
5.58431435
7.15098000
5.40196037
8.54313755
11.25490379
15.12353230
17.55686378
15.91764736
14.84901905
12.43725395
8.00784397
6.72352934
8.72352982
8.05098248
5.96274471
7.52549124
5.53529406
5.59607840
5.95098066
6.00980425
7.28431368
8.58823681
12.88039112
15.64706230
14.94901848
14.27843094
13.91176510
10.82745171
7.34705925
7.13333416
9.20784378
6.91176510
7.36078453
6.62352943
5.25686264
5.64509821
6.38039255
4.97843218
8.46862888
10.64313507
14.37843132
14.68235111
14.14509773
14.18823528
12.11372280
9.51764965
6.79215670
7.77647066
8.78627586
6.93921661
7.32352972
5.35294104
5.79607773
5.44117641
5.36470652
5.93137312
8.90784264
12.77254868
15.09412193
14.52548981
12.88431358
14.18235588
10.25098133
8.20980358
6.56862783
8.44902039
7.78431463
7.85882425
5.59019661
5.52745056
5.42745113
5.88235378
4.68039227
6.61960840
10.24313641
14.60196209
14.35294342
13.15098095
14.06078339
11.94901943
8.34117699
7.27254725
7.28039312
8.21960735
7.56470680
6.18431377
4.83529425
5.67647076
5.52352953
5.20392132
5.12156916
7.40588236
11.58627510
15.27254868
13.76078415
12.60783958
13.65490150
9.63333511
6.83725548
6.43529320
7.59607840
8.07843304
7.00196028
4.62549019
5.53333330
5.25686312
5.69607973
4.59607887
5.13529396
9.05882454
13.93725395
14.52548790
13.13921738
13.41372585
11.18431473
7.51176453
7.03921652
5.89411688
7.86470556
7.76862717
5.73137283
4.97058821
5.78431273
4.94117641
4.96470642
4.84313679
6.41764688
11.68627644
15.14118099
13.39999676
12.51764870
12.11176395
9.33333302
6.42745018
5.79608059
7.15686321
8.23529434
6.19019604
5.05686235
5.44117689
5.27058887
5.31176472
5.07843161
5.27451038
9.27647018
14.09411812
14.15294361
12.75490189
11.81960583
10.50784302
7.14901876
6.29411745
6.16470575
7.84117794
7.00980425
5.68235254
4.71176434
5.45686245
5.14117575
5.18235254
5.14117622
7.07843113
11.91960812
14.87058830
13.07254791
12.29804134
10.71176529
8.71372795
6.06274414
6.32156801
7.41960764
8.21764660
5.99019623
5.03725529
5.52548885
5.10392046
5.82352972
5.03333330
6.03137302
8.95686340
14.19019604
14.08823395
13.13529491
9.98431587
10.54510021
6.38627434
6.04901981
6.81960726
8.69019604
6.42549038
5.35097980
5.50980425
5.55098057
5.45294142
5.31960726
5.88823557
7.41372585
11.30195999
15.19412231
13.74117661
11.31372356
10.05294228
7.88627529
6.32548904
6.79411745
7.18627357
7.41372538
5.49411678
5.02745152
5.47254896
5.28039217
5.53333378
5.13137293
7.04509830
9.03137398
14.37255096
14.30588245
13.10392189
9.63333416
9.87058830
6.58823633
6.96274424
6.96470642
8.58431339
5.65686274
4.74313688
5.27254915
5.38627481
5.10588312
4.70980406
5.61764717
7.99411726
11.87058830
15.53921890
14.54117584
11.63333416
9.59999943
7.79215622
6.60196066
7.08823586
8.46470642
6.75294113
5.37647152
5.38627434
5.20000076
4.78431320
4.89411736
4.97254896
6.95097971
9.76078320
13.82941341
15.59411812
13.46666813
10.52941132
8.53725433
6.50588226
6.89607954
7.06274557
7.84902000
5.89019537
5.26862717
5.38039207
5.01372528
4.92352915
5.07843161
5.56666613
7.52156878
12.86666870
14.78235245
15.67451096
12.20980644
8.29803944
7.20784235
6.10784388
6.79607773
6.94117737
6.54313707
5.41176462
5.71372557
5.25686216
4.60980511
5.34901953
5.32352972
6.47843170
9.38627338
14.41372585
15.61568546
13.53137207
9.71764660
7.20980453
6.31568575
6.02745152
6.47254944
6.56862783
5.93725538
5.22745180
5.19019651
5.56666756
5.19019604
5.32156897
5.73333359
7.52352905
12.95098114
14.75490570
13.67843151
11.10195923
7.49215794
6.82745123
5.46666670
6.37843227
6.00980377
6.36666679
5.24705887
4.94901991
6.25294113
5.51568651
5.53333378
4.82156897
6.75686216
8.92352962
14.69607925
13.19019508
12.10784054
8.44901943
7.33137369
6.26862764
5.89803934
6.24117661
7.01568604
5.36862707
4.96862745
5.62156725
6.63921547
5.81176567
5.35686302
5.03725529
7.06862783
11.07843208
13.98039436
12.55490112
10.56078434
7.90392208
7.60000038
5.67254972
5.77058840
7.77058887
6.41764688
4.99215651
5.29607725
7.54313564
6.04705906
6.33333254
4.80000114
5.47254896
7.62745094
13.24117565
13.30784130
12.19999981
9.01764679
7.86470604
6.66078472
5.63725519
6.37058830
8.75490189
5.64117670
5.12156916
6.95686293
6.90392160
6.16274643
5.82548952
4.87843227
5.92745113
10.10392189
13.93725586
12.69215870
10.43137169
7.93725491
6.92745066
5.40784264
5.80196142
10.08823490
5.85686159
5.24705935
6.02353001
7.42549181
6.77647018
6.11568642
4.90196133
4.79411793
6.93921566
12.36666679
13.30392551
11.88039207
9.16078663
6.88431501
5.42549133
5.46666670
7.56862736
8.06274605
5.16274500
5.40588427
7.40588331
6.56862831
6.31372547
5.62745237
4.64901924
5.87647057
8.99607849
12.94117641
13.90980244
10.24313927
8.34117794
5.50000048
4.96470594
6.48235273
9.15686226
4.87647057
5.18235302
6.18431377
7.34509754
6.19019556
6.02745104
4.54117680
5.06862736
6.81960821
11.83921623
13.71568489
12.93137360
9.08235359
6.78823566
4.97843170
5.72941065
8.24509811
6.08627367
4.95882368
5.37058830
7.32745266
6.35098076
5.59607887
5.34117746
4.53137255
5.48431396
8.93725681
12.14901924
13.69999886
11.29215908
8.47842979
5.50980377
5.16862822
6.39215708
7.02352953
5.41960812
4.90980387
6.65490198
6.88431263
5.78039217
5.89215708
4.31372547
4.46078539
6.82549095
10.71764565
11.71372795
13.89215851
9.59607697
7.49215698
4.89019537
6.21764755
7.01176500
5.15098143
5.44117546
6.81764793
6.98823500
5.64705849
5.61372519
5.27646923
4.60588312
5.20000076
8.14705849
12.15490341
13.37254906
11.69215965
8.52941132
6.45882368
5.47843218
6.33529377
6.48627472
5.65098000
6.21960831
7.28039217
6.07647085
5.58039188
6.18823528
4.18627501
4.47254896
6.43137217
10.90196037
13.13137054
13.11176777
9.32352829
7.29411840
5.60588169
5.57450914
6.62352991
6.42549038
5.57647133
7.38431311
6.66862774
5.41960716
5.46078539
5.31176424
4.55490208
5.00980425
8.32352924
11.98235416
13.14313793
10.32549095
7.97647095
5.95490217
5.69804001
5.25294065
6.77450943
6.07450962
6.97254848
7.33529377
5.64117670
5.56274557
5.96078444
4.05490208
4.23725557
6.39999962
9.96666718
12.40980244
12.05098152
8.65882492
7.20000076
5.50000000
5.05490160
6.03921556
5.62745047
7.47647142
8.04901886
6.41176462
5.58823538
5.85882425
4.56862736
4.20000029
4.33921576
8.02745152
11.21372223
12.09019566
11.19019699
8.70784378
6.10980463
5.10392094
5.09607840
5.32549095
7.91960764
8.94509888
7.18431282
6.46078396
5.69215727
5.75490141
3.63137317
3.83921623
6.21764612
8.90980339
11.60196304
12.59804249
10.04313755
7.58431435
5.36862659
4.67058849
5.15490150
9.29803848
9.28235340
8.11372566
6.64509821
5.94117641
5.91176367
4.59411764
3.52745175
4.72352934
7.73333359
10.37843037
12.17843056
12.71764851
9.29019737
6.08823490
4.40196133
5.18039227
9.40784359
12.29019833
9.24313831
7.28235388
6.67843199
5.69607830
5.51568651
3.60784316
4.09411812
6.03333330
8.68627548
12.36274624
13.52156734
11.36470318
8.25098133
4.82156897
4.44313717
7.07843161
15.91176414
10.71960926
8.81176662
7.19019699
6.15882254
5.50196075
4.56862879
3.33921647
5.33921432
7.31960917
10.61176491
12.63529301
12.61764812
10.91176605
6.14705896
4.07058859
5.65882301
13.42745209
14.17450809
10.36862946
8.72941208
7.10588121
5.50980377
5.12156963
3.68431401
4.10392237
6.26862717
8.52548981
11.63333511
12.54313755
12.03529549
8.64313793
4.58039236
4.68431377
9.34117794
15.74509811
12.26078510
9.76078510
8.12352943
6.55098057
5.63137245
4.44117689
3.56470633
4.98431444
7.47254848
9.48627377
12.26666737
11.92941189
10.86078644
6.57254839
4.32941151
6.37843132
13.30000019
12.96666908
10.67843056
10.23333549
7.20392275
6.09999990
4.81764698
3.54509854
4.14313698
6.25098038
7.88431358
10.85490036
12.31568909
10.91764927
9.07058811
4.81372595
5.05294085
9.49215794
13.35686016
11.53333092
9.95882607
8.56470776
6.69803858
5.35490227
3.77254939
3.69411755
4.57451057
7.21960735
8.62548923
12.70980453
11.03137302
10.08823586
6.99019718
4.95294094
6.10392237
12.10000038
11.52744961
10.01372623
10.50588036
7.40784311
6.18431330
4.75098085
3.57058859
3.56274533
5.89999962
7.89607811
9.63725567
12.00000000
9.79019451
9.11960697
5.28627491
5.01568604
8.46470547
11.20392227
11.19019508
10.15294170
8.77647114
6.94705868
5.44705868
4.21568632
3.95882416
4.90980434
6.25882387
8.18627548
11.35098171
10.28039169
9.76470470
7.75294161
5.00588274
5.69607782
9.80980301
11.16862869
9.84705925
9.64509773
7.92941284
5.66274452
5.17451096
3.93725514
4.06666660
5.27254915
7.44313717
9.24509811
10.70784473
9.14117527
10.59215832
6.64117575
5.00784349
7.43725443
10.02353001
9.90000153
9.05098248
8.41568565
6.86078453
4.88627481
4.65294170
3.46274543
4.47058916
6.70000029
7.91372585
10.88627434
8.91764832
10.01960945
9.86274529
4.93725634
6.08235359
9.03529644
8.43725586
8.40980434
8.65882397
7.07058859
5.70000029
5.06666660
3.46862769
3.96862769
5.38039255
7.85882425
8.68431282
9.98627281
8.52548981
11.29215622
6.33529520
4.92156935
8.02745056
8.41764736
7.28039169
7.91176414
7.77058792
6.04705858
5.08235312
4.08823633
3.47254920
4.31176519
7.40588284
7.73529434
9.71372509
8.87058830
8.88039398
9.18627644
4.83725452
6.37843132
8.59999847
6.54901934
6.90588188
7.77254963
6.50980520
5.23333311
4.94509888
3.15686345
3.70196056
5.61176443
8.25098038
8.15098000
9.42941284
8.24902153
9.84117699
5.32549000
4.82156897
7.84313726
7.05294132
5.56666613
7.06862831
6.54902029
5.55294037
5.25294113
3.87058806
3.59803939
4.56078482
6.97058821
7.96274567
8.63137341
9.19607735
7.51568604
6.39215708
4.70392179
5.74705791
6.66470623
5.87647009
6.27450991
6.54313707
6.08627462
5.39411783
5.24313641
3.29999995
3.98823524
5.39019632
7.77254868
7.96666670
9.14705753
8.11960793
6.79607773
4.29019547
4.51568699
6.10784245
5.42745209
5.59019613
6.75294065
6.10588264
5.72352982
5.19804001
4.14313745
3.56470680
4.48235321
6.75882339
7.56470633
9.10391998
9.47647190
7.28039265
4.38039207
4.51960850
5.42549086
5.68431377
4.70588303
6.13725567
6.05686188
5.57451057
5.55294085
4.99019670
3.27058864
4.02353001
5.21176386
7.67646980
8.24901867
10.01372433
8.83725548
5.73529339
4.10000038
4.90588331
5.86666679
4.81176472
4.97843122
6.25882387
5.57058859
5.73529434
5.25686359
2.22549033
