19.98823547
27.05294609
25.79999733
26.44117355
25.60979652
26.12156868
25.62941551
25.91372681
25.25097847
28.41176224
24.80784416
25.33725357
26.89215851
26.31764603
25.67843246
26.90587997
27.03725052
22.07842636
26.60196114
26.19412041
24.87450790
25.24117470
24.67254448
25.19607353
24.24313927
23.90588570
27.15098190
26.16077614
23.87254524
24.31372070
26.49019623
25.05097771
25.59607697
26.11373138
25.53332710
18.97058868
25.87254715
24.13137436
24.20784378
23.77647209
24.32352638
22.92940521
22.62549210
22.97842789
25.62549019
23.77647781
23.15490723
23.16078568
24.30587769
25.17254639
25.61175919
24.53529167
19.31960869
23.71960640
23.66274261
21.45098114
23.34706879
22.69608307
23.87254906
18.95686340
20.71764755
22.12157059
22.35098648
22.83921432
20.12549210
20.52745056
24.61371803
26.24510002
25.03922272
23.64117432
18.21960831
23.62548828
20.45490074
20.61176682
22.03333473
22.78823662
18.96666527
17.42548943
19.72941208
20.15686035
22.23137665
20.61569214
18.76275063
21.56862640
25.98627472
26.85097504
24.18627930
21.77647018
19.38431740
20.06666946
19.60000229
20.18627548
20.13333702
20.37451172
16.38235283
18.05294037
17.91372490
19.94706154
22.38039398
20.29411888
19.18823814
24.08039284
26.24314117
24.77254868
23.21764565
17.23333549
22.02156830
19.04510498
18.50392151
17.90196228
18.48234940
16.60196304
17.16863060
16.33333397
17.63725662
19.31372452
21.16274452
20.68431664
20.53921700
24.19019699
24.10392189
22.93137741
23.92941475
17.16470718
19.17255211
17.93725586
16.38039398
15.59019947
16.06666946
15.87646866
16.67058754
15.21568584
17.71765137
21.13137436
20.94313812
19.35490608
22.58431244
22.34313774
23.70000458
22.76078224
19.25490379
19.94902039
17.63725281
16.12156868
15.61960983
15.06470966
15.11176300
15.22549057
15.45490074
15.42548943
19.73333168
20.46666718
20.75294304
21.20392036
23.86863136
22.90784264
22.62941551
24.27843475
17.20196152
18.53333855
16.82156944
15.22941113
15.00000000
15.15686607
14.34313679
14.93921852
14.94117832
17.78823471
21.04117775
19.96470642
23.20784187
24.64902115
25.18431854
24.90392113
23.06274605
22.33136940
16.80196381
17.87451172
15.26274586
14.51568508
14.78039551
14.72549248
13.80392170
14.64901924
16.16666794
20.39019585
21.45294380
22.72941399
28.33333015
27.89411163
26.85686302
24.02941513
24.93529129
17.07451057
17.19019508
16.10784531
15.11568642
13.54706192
14.87843132
14.81764698
13.97451210
14.83725452
18.91764641
21.73137283
23.07058334
27.05294228
31.62353516
28.36862755
24.85293579
22.80588341
18.98823929
15.62549019
17.23333740
15.12941456
14.20196342
14.35686302
15.63137245
13.80000114
14.38039494
16.15882301
21.34118080
23.62352943
25.95294571
29.96862793
30.26862907
23.68822861
20.97254944
23.46470833
14.39999771
18.10980225
16.27059174
14.41372585
13.77843189
16.37450981
14.89803982
13.16666603
14.40588284
18.93725395
24.02941132
25.78235817
28.18823242
28.64313889
26.20783997
18.45882225
22.31569481
22.37843704
17.13529587
17.62941360
14.86666393
13.47255135
14.97058773
15.90392303
14.12941265
13.24705982
15.95098114
22.62548637
25.30196190
26.37058640
25.05098343
22.82744789
18.65294266
21.10000038
23.53725815
19.96666718
18.27254868
15.96078587
13.46862793
14.01568508
15.58039284
14.99804115
13.83137321
13.22941303
17.82548904
23.30980682
26.15686035
21.33137321
19.19215775
17.49607849
17.41568565
25.60588455
23.36274529
18.02352905
17.30588341
13.79215717
13.23529625
14.08431244
15.67451382
14.59412003
13.73921394
15.57647133
22.02745056
21.25882149
18.85686493
17.46470451
15.49804306
15.07450867
21.37254906
26.35490608
19.64313889
17.09411621
15.01960945
13.09803772
13.84902287
14.28235245
15.39019585
14.53137302
13.63333416
20.24705696
20.50392723
15.75294304
13.45490360
16.18431473
15.39999866
16.39019775
24.45490456
22.78627586
18.08431435
16.91961098
13.92156982
13.58627319
14.16862965
15.49019814
15.30000019
14.62352657
16.78627586
24.54706001
14.81372547
12.94706154
14.26862907
16.02941513
16.46078300
21.67254639
22.89999962
18.99803925
17.96078300
15.78823566
12.99804115
14.54314041
14.59215832
15.95098305
15.05294037
16.13529778
21.93529129
18.79999924
14.82549000
13.44509888
15.36274815
15.56078529
22.61568832
20.77058601
20.53529358
17.92156410
17.08039474
14.84117699
13.28039074
15.02549076
15.99411774
16.04313850
15.73137188
17.68235207
22.62940979
14.51568794
15.07059002
14.54706001
15.09803867
19.14313889
22.10588264
20.36863136
18.32941246
18.20784378
16.05685997
13.72549152
14.78627396
15.27843094
16.19607925
15.90980339
16.12941360
20.96470642
16.75293732
15.58039379
15.01960754
15.27451420
15.16078568
24.28039360
17.94314003
19.53136826
18.27254868
17.11568642
16.03921700
13.63921547
15.06470776
16.05882263
16.35098076
15.22941017
17.59215736
19.61176300
13.72941208
16.28039169
15.56666470
15.09019852
17.92156792
19.34706116
18.52157211
17.12941170
21.26862717
17.61372375
14.73725605
15.51764679
15.01176643
16.41961098
15.60980701
14.96274567
18.43921471
14.94313908
16.23529625
15.80392170
15.41568661
14.67058754
20.84313965
16.03529549
18.37058830
17.45293999
21.76470757
17.97843552
14.67647362
15.10000134
16.15098190
16.13725090
14.17647076
16.15686417
15.99019909
14.52156830
15.77450943
15.96274471
15.39608288
18.00000191
16.40196419
18.37647247
17.60000229
21.60392189
19.36078453
16.22352791
15.62352943
15.11568832
16.47451019
14.76274490
14.50196075
17.04706001
13.80392170
15.13137341
15.83529282
16.00980377
14.15490055
19.60391998
15.42549133
18.08431244
15.93921757
22.76862526
20.42353058
15.23725605
15.63725376
14.65098286
16.79999924
13.82941246
14.85882473
16.24705887
13.89803982
15.45098019
15.38235092
15.10196209
17.78627205
14.75686455
17.17451477
16.55098343
17.73921394
22.70392227
18.67843437
16.52745247
15.62941360
14.95686340
17.17843437
13.61372471
16.50000381
12.28431320
14.37451267
15.86666870
15.42549133
14.12353039
18.15882111
14.87255001
17.29411888
15.70980453
19.09607887
22.18431091
18.26274681
16.52352715
15.15098000
17.30784416
15.29215622
13.43725586
13.83137226
14.74313736
15.45882416
15.30588245
15.12156868
16.39019775
14.36274529
16.53333473
16.93725395
12.69215584
20.15882874
21.23725700
19.00980568
16.14509773
16.79411888
16.95882416
11.38431549
13.44313908
12.64509773
16.11568832
16.88431740
14.54705906
13.67646694
18.00588417
15.33332920
16.36078453
15.30784512
12.76274395
18.72549248
17.75882721
19.40588379
19.32745361
16.23137474
14.72353077
10.21372509
10.70980263
14.72352886
17.73333359
15.71568680
14.29215717
16.89607811
15.63529110
15.99019623
15.66078281
12.63333416
11.65686512
16.89215469
16.06470490
20.40392494
18.55686760
17.06274605
12.40196037
10.82745075
10.72745323
17.02549171
17.24117661
14.31372452
13.48627663
18.92549324
14.92745018
15.89411926
15.28235245
9.93137455
10.52353001
14.22941399
15.43333435
21.31372643
15.39608002
14.99411488
9.93921661
10.93529320
13.93921566
17.48431396
16.39019585
14.55490208
17.27254868
15.38235092
14.86666870
16.43725967
12.97842979
10.59804058
10.58627510
10.33725357
16.69804001
16.64313698
12.08823586
11.28823566
10.36862850
10.81176376
17.62745476
18.14706039
14.83725452
13.98627281
19.17254639
14.84901905
15.79412174
15.46470547
10.75686169
10.21568775
9.24117851
10.13921642
14.66274548
11.76078510
8.76862907
9.34117794
11.11176491
13.46862793
18.10196114
16.89411545
14.54313946
16.97647285
16.08039665
14.91764545
16.42745018
13.75098228
10.83529472
10.29019642
9.08823490
10.67059040
12.59215736
9.11960697
8.32156849
10.64313793
10.67843246
15.30588245
17.38431549
15.30784321
13.68431664
20.30195999
16.08235168
15.85686111
16.01372910
11.74901867
10.77647305
10.13333416
8.25098038
10.73137283
11.27255058
8.95686340
10.00392151
10.99215794
11.64117527
15.97647095
16.16862869
14.60392284
19.72352982
18.97450829
15.41372490
16.46862984
14.08235359
10.36078453
10.87647247
9.09999943
7.39215660
11.73725510
9.56666851
8.95098114
10.34901810
10.43725491
14.22353077
16.39999771
14.86470604
15.12156963
21.19019699
20.78431511
15.20392036
16.24314117
11.49803925
11.18431377
9.30000210
7.77451038
9.02745152
11.42352962
9.60980320
9.64509964
9.33725548
10.80980396
14.79215813
15.99803829
15.10784149
19.29999924
20.10588264
18.68039131
15.51568890
14.92352581
10.28431511
10.26470757
7.86274529
7.56470680
11.30980492
9.70588112
9.00000095
9.04314041
9.58431435
13.63333416
15.33529472
14.96862698
16.12745094
18.21765137
23.05097961
17.04314041
15.86666775
11.40980434
10.55882454
8.58235359
7.44117785
8.16862679
11.79608059
9.49019814
7.80980444
9.22353077
10.75882435
14.72157097
16.20392418
15.65490341
17.60980415
18.56863022
23.09020233
16.10000229
14.80588436
9.68627357
9.97843266
7.52549028
7.98627424
10.64313698
9.92156792
8.75098038
7.74117661
9.06470585
12.98627186
14.88627529
18.17058563
18.25882339
18.01961136
20.06078339
19.74313545
15.79019547
12.10784245
9.97058773
9.10392284
7.18039274
9.14509964
11.53725433
9.72745037
7.45294142
6.81960773
10.94117928
14.00588131
18.61764717
20.25883102
21.34902000
17.88039398
17.81568336
16.49019623
15.73137474
10.37843418
10.21568871
7.40784216
7.93333340
11.55490303
10.52352810
9.81960773
6.42548990
7.70980406
12.18823528
14.23725605
25.49412155
22.18235779
20.24902534
16.39804077
17.33137321
15.84705734
14.28235149
10.45490170
8.98235321
6.73529482
9.39019680
11.83725643
10.00196075
8.25490284
5.66862726
10.00392246
13.08431244
23.25882912
26.69216156
23.61569214
16.17646980
14.85490322
16.29804039
16.74705696
11.83529377
10.58039379
7.33333397
7.73137283
12.20588112
9.53725624
11.00392342
6.84313679
6.62156916
11.57254791
16.34902000
28.32940674
23.83921814
18.98823547
15.09019661
14.95294189
15.64705944
16.03333282
10.24705887
10.03921700
6.80196047
10.38823509
12.00980568
10.36274624
9.39215851
6.49803877
8.48235321
13.35293961
24.28627586
23.10588455
21.20391846
14.60588169
15.10392284
15.46666527
16.30784225
12.36862659
10.19215870
9.62353039
7.33333349
12.48627567
11.09803963
10.64313793
8.19411755
6.51372480
11.17058659
18.31764984
23.63725662
20.47647095
16.05686569
14.89215755
14.83333397
15.81372452
16.12157059
9.76666832
10.00000191
7.12353039
9.11960793
11.59803963
12.39215660
9.97843266
7.01568699
8.35686207
13.63725471
26.77059174
18.49216080
17.13137436
14.52352810
15.20000076
14.84313774
17.33725548
13.10392189
10.65686226
9.42745209
7.05098104
9.65686226
12.35490227
11.04901886
8.82745171
6.69215775
11.36666489
20.38235474
23.23921394
17.02157021
15.91960716
14.60784531
14.06078339
17.44706154
16.43136978
11.39803982
10.79411697
7.46078539
8.29607868
9.85882282
12.12940979
9.93137360
7.28627539
7.90784311
14.30392265
27.47059059
16.77450943
14.93137264
15.27647114
15.27646828
13.38823605
18.18431473
14.37843323
10.72549152
9.57254982
6.58431339
8.82353020
9.88235283
10.71764660
8.83333397
5.70392227
11.61764812
21.64509773
21.12549400
15.78627586
15.11372662
14.37646866
14.05882263
16.96862793
16.90980530
11.95293903
10.88431454
7.82549047
8.07647038
8.95490265
10.88235474
9.48823452
7.82156992
8.35097980
13.07450962
25.32941437
16.00391960
15.26078320
14.78627300
14.66666603
13.51568890
18.40000153
16.33529663
11.54117489
10.05098152
6.41960812
9.02549076
9.85686302
10.87058830
9.23921490
5.88235378
10.59999943
20.37450981
19.06274986
15.94313622
15.79607773
14.53137207
14.48823547
15.49411583
17.54509735
13.24706268
11.82549000
7.74117613
7.66078472
8.46274567
10.65097904
10.83921528
8.42941093
7.67254829
11.19804001
21.59804153
17.49019432
15.78235340
15.82157040
15.81960964
13.13725376
16.34706306
17.37254906
11.53137302
10.67647266
6.64117670
8.68627548
9.69804096
11.00980568
10.35686302
7.00588226
8.37843132
19.12941170
17.20784378
16.79215813
16.21568680
15.81960773
16.56470680
13.60588360
17.74313736
14.02745247
11.75098038
8.51372433
7.72745228
9.42549038
10.91176510
11.12549019
9.44313812
7.08627510
11.56666851
18.43333435
17.25686264
15.25294018
16.72156715
18.15098190
14.01764870
15.90000153
18.01372528
11.01372528
11.48431396
7.34901953
10.37843132
8.56274605
11.72352886
10.23921680
8.00784397
7.65686321
17.23529434
15.38235283
15.34117603
15.91176414
16.31960678
18.27451134
13.40195942
18.86274529
14.27451038
12.00980377
9.42352867
7.87843180
10.02352810
11.08235359
11.04117680
9.62156868
7.73921585
12.97058964
15.33333397
16.15098000
15.06274509
16.58431244
18.65490150
13.50588036
15.01372433
20.53725433
10.61372566
11.18431377
7.97646999
8.78823566
10.71960926
12.08823586
10.45293999
7.83921671
8.23137283
18.38627434
14.95293903
16.61372566
16.40980721
16.57254982
16.32353020
13.44902039
18.20196152
16.00588226
11.03529453
10.50980377
7.67255020
9.60392189
12.22352886
11.40784359
9.33333302
7.94313765
14.44706154
14.58235168
16.62941170
16.55882454
16.42352867
16.26470566
14.17058849
13.31960869
18.56274414
12.12157059
11.22549057
10.04706001
8.72941113
10.16078472
12.53333473
11.02548790
9.24313831
8.02352905
17.14901924
14.85882378
16.22549057
15.64705944
15.73137569
15.40000057
13.74705887
15.39803886
15.63529301
11.89019585
11.36274624
9.26666832
10.13137341
10.62549019
11.13725567
10.29215622
8.18823528
11.34509659
15.94509506
15.72549248
16.58431435
15.04117870
15.06274605
15.01764679
13.14117622
15.80588531
14.59411716
11.62156677
10.30784321
10.63921738
9.28627586
11.91372776
10.75294399
10.14705944
6.92941093
13.05097961
15.74117279
16.74901962
15.89019489
15.18039322
15.09215736
14.39019585
13.75098038
16.04705811
16.40392113
11.60980415
10.32353020
9.19999981
9.39803982
11.79411697
10.34509659
8.63137436
7.05882406
14.40980530
16.02941513
17.39803886
15.16862679
14.90980339
15.36470509
13.51960659
15.81960773
17.76274490
13.98431396
10.35293961
9.45097923
8.95294189
11.27254772
10.78627396
9.57254887
7.64117622
8.65490246
15.49411869
15.07843018
16.55098343
14.99215698
15.10980511
15.24509907
13.69999981
17.79215813
15.57254791
12.51176548
10.55490112
8.62745094
9.23333454
12.11568737
10.52549267
8.59607792
6.44705868
13.22549152
15.11764908
15.99019432
15.67451382
15.26470661
15.57451057
14.28823757
16.29019547
15.54706001
14.21372509
10.58627605
9.09215641
9.77843094
10.47843075
11.60196209
10.27647209
8.63137245
7.44313812
14.89215565
14.91764927
16.89411926
15.53137112
14.88823414
15.60196209
13.90980244
18.10980606
14.01960754
12.77254963
9.59411812
9.11176491
9.88823509
10.41960907
11.01372528
10.53921700
6.36078501
11.03137302
15.85294342
16.00196075
16.19411850
15.04117584
15.04313850
14.68823433
14.82941151
16.44902229
13.92156982
11.30980492
8.39607811
10.02353001
10.01568699
11.12745190
11.12157059
9.37843132
4.76862764
15.20784187
16.06666756
16.35882568
16.20196342
14.12549114
15.26470470
14.38039207
16.88823700
15.58235359
12.62548923
8.67058754
9.35294151
10.27843094
10.23333454
11.00784302
10.33333111
5.86274624
9.01960659
16.46470642
17.35686302
16.10784531
15.85098267
14.22156811
15.38823509
15.58823681
20.41176414
12.58823586
11.24901867
8.32745171
10.46862888
10.94117737
11.03529453
10.83921623
8.77451038
4.11764717
13.20195961
16.70980263
18.25882721
17.12156868
14.16274643
15.73137283
16.05686569
19.17450714
17.43333435
13.65686321
10.09607983
10.86078548
10.36666775
10.39019775
12.08431244
10.15098286
5.72745132
7.24509811
14.94902229
20.21372986
16.94117546
17.10784340
14.42156792
15.82745361
16.91176605
23.68235588
13.00195980
12.44901943
9.20196152
13.20980549
10.87058640
11.28823662
11.74705887
9.20784378
3.75686288
10.89411736
17.82157135
21.39019966
17.15882111
14.67058849
14.83137321
16.33921814
20.06666374
19.29215240
13.75686359
10.62156868
12.58039284
10.17451096
11.52352905
11.78235245
10.89215565
6.96078539
5.52941132
15.09019756
21.83137512
18.09019661
16.38039207
13.73137093
16.19804001
17.77451324
23.30587959
15.37254906
12.71372414
9.74313736
12.21372604
10.88235378
11.75490189
12.54509735
10.41176414
4.19607830
10.91960907
22.26274872
19.41176224
16.78039169
14.51568794
14.98235321
15.61176872
19.88431740
23.33137321
12.79215717
11.20588207
11.26470661
10.69803905
11.75490284
12.18627357
12.30980492
7.99607944
4.11372566
19.15490341
23.95686150
17.34902191
17.19411850
13.31960964
15.94509888
17.02548790
21.96666908
16.95097733
12.73333359
9.38431549
10.80000019
10.82352924
12.98039246
13.47647190
9.65882397
4.54509783
9.74117851
25.17451096
17.38823700
18.64313889
16.71764565
13.55490017
15.39607811
18.26078415
22.91568565
12.16666985
11.59999943
9.11764908
11.36666489
11.16862679
12.37058830
12.21176434
9.07843208
3.14901972
15.60784340
19.37646675
17.87254906
20.11764526
14.24901772
15.02941132
16.50784302
19.30000496
17.39019966
12.32745075
10.46274662
10.16078377
10.97843075
12.45293999
12.25294113
10.70392132
5.80588293
7.20588207
17.11764908
17.20196152
20.37254906
18.65098190
13.60392189
15.42745399
17.26862907
20.64117813
12.64117813
12.07843113
9.92352867
10.56666565
11.26666641
12.88431358
12.21960926
11.92744827
2.50588250
12.63921547
16.43137360
19.26274681
21.12745285
15.49411774
14.57451057
16.10784340
18.48627853
16.75098038
12.52549076
11.28823471
10.27254868
10.60784340
12.48823738
12.71960831
13.57646942
6.70000029
6.68431330
15.96274567
17.27254868
20.16666603
19.06078529
13.51372623
17.06470680
17.75882530
17.96862984
12.84313679
13.26078129
10.04509926
10.77647114
11.20392227
12.81960678
16.24313927
14.89019966
3.51176500
11.62549019
17.43529510
17.50784302
18.93529510
15.61960602
14.57647038
17.09020042
18.47059059
16.29803848
14.22353077
11.56274605
10.71764755
10.97450924
12.81568527
16.09803963
19.44313431
9.39019394
6.62156868
16.26666641
16.99803925
18.52157211
16.56078529
13.05097866
16.93333244
17.61372757
18.16078568
14.98431778
15.06470585
10.40196037
10.59803963
12.11764812
17.52941132
17.98039055
17.61372375
3.71568632
12.17255020
16.52549362
18.11372566
17.82156944
15.14117718
13.70784378
16.87058830
17.91372681
17.69215775
15.73921776
12.89803886
10.12549019
10.74705887
13.05097961
19.89608002
15.00784206
11.79215527
5.15098095
15.42745018
16.41960907
19.81372261
16.47647285
14.25294113
15.32548809
16.70784187
18.62745285
17.38039207
14.67451191
10.79215717
10.18823719
11.80588055
17.26078415
18.03137589
16.07647133
3.87254930
10.05294037
16.68039322
18.21764755
17.82744789
15.39999962
14.12941170
16.63333130
19.52549171
18.88823509
16.54705620
12.99999905
9.84705925
10.01568508
13.20980549
22.58039474
15.29999733
12.06078339
3.57058835
14.66078568
17.13921356
19.70196342
16.76078796
14.41960907
15.37451077
17.74117851
20.55882645
17.45882607
13.76666737
11.18627262
9.81372547
11.80392361
16.27451324
24.83333206
17.25882530
3.80392265
8.00980377
17.41568756
19.75098038
19.38235474
16.11960793
14.33137321
15.88627338
18.68235397
18.48823357
14.93725681
12.99803829
9.90588284
9.77451038
13.06470490
23.42157173
24.74901581
11.46862602
1.69607854
14.79216003
18.45882416
19.68627930
18.48235512
15.01960468
15.60980511
16.38823509
17.56666946
18.29804039
14.47254848
11.45098209
10.00000000
11.65882301
16.46666908
25.98823738
19.30784225
4.21568632
5.94705868
18.87646675
18.86470413
18.99216080
16.85098076
14.56470490
15.92549133
16.44117737
17.58627319
17.25882530
14.50588131
9.94902134
9.80784416
13.13333225
23.12745094
24.63137054
10.74117565
1.23529422
14.33333397
18.72353172
17.62745285
19.54509544
15.15294075
14.59019566
17.11568642
18.00980377
18.10000038
14.80588150
11.07647038
10.34117603
11.82941341
17.69608116
25.77450943
19.18235397
4.60588169
4.46666670
18.52157021
17.81764984
18.14313698
17.15882301
15.29803944
16.00588417
17.33529854
18.08627892
18.46471024
11.92352867
9.73921680
9.69607925
14.75098038
25.01568413
25.85097694
12.17450905
1.24117684
12.47058868
17.71764755
17.32745361
17.10784340
15.76666451
14.66274738
19.07059288
17.94902229
18.62744904
16.54706001
9.30588341
10.71764755
12.59803963
17.72353363
26.56078339
20.13921356
6.40588188
3.63725543
16.75686073
17.50784492
17.63529587
16.60588074
15.72353077
17.34117699
17.66666412
18.97255135
20.03529358
11.81764793
11.24705887
10.71960640
13.99607754
23.37450981
23.99607468
13.19803905
1.56078458
10.04509735
16.81960869
17.26666832
17.80000114
16.78039551
14.59019661
17.16274452
18.16862869
17.51764679
16.30195999
14.06666756
10.75294209
11.44509983
16.69607735
23.38627243
18.93137741
7.91960764
2.23137283
15.36078644
16.40196419
17.81372261
16.97843170
16.51176643
15.21764755
15.77647209
18.51176453
14.60588264
15.08627415
16.55882454
9.10000038
12.27058792
20.32353020
22.02548981
13.38627434
2.52745128
7.09607887
17.13921356
17.29412270
17.72549248
16.66470337
14.33137131
15.97058582
17.30980301
16.89999962
16.62745094
16.06666946
12.53921604
10.00980282
15.72745037
19.87059021
17.74117851
9.33333492
1.84117663
12.99019623
17.04509926
17.84706116
17.55098152
16.66862869
14.49607849
15.91960907
18.57647324
14.34705734
15.59019661
16.81568718
9.44509888
11.79019642
18.15098381
19.26470947
15.14705849
3.78039312
4.91372585
16.55882454
16.87647057
17.81176376
17.66274643
15.56470966
15.47451210
17.86274529
16.68431473
15.82941341
14.80000114
14.30980301
10.33333492
15.15098095
17.51176643
16.16666794
11.97254944
2.14313722
11.08823681
16.38627434
17.21960831
17.67843437
16.61764908
14.59019756
16.64117622
17.96078491
15.88039207
17.03921509
15.33137321
10.34902000
11.15098095
15.40000153
17.64313507
13.98039341
5.30000019
4.50196123
16.03921890
16.85294151
16.65882683
17.26274490
16.02745056
14.87843132
18.35882187
17.11569023
16.26666641
18.31373024
14.23137379
11.37843132
13.75490284
15.26862717
13.74706078
11.92352962
1.73137283
9.18627453
16.73529243
16.23137283
17.50784492
16.81568718
14.79411793
17.08823586
17.62157059
15.93333817
19.89215660
16.94706154
12.05294228
12.70195866
14.31960678
16.41176414
13.08823681
5.89607716
2.87058878
14.59411812
16.76862907
16.96470642
16.92941284
16.19804001
15.46470547
17.53921890
17.67647362
16.21764946
19.30784225
14.64705944
13.75882244
14.54117584
14.16862869
16.11176872
11.87451077
2.62941241
6.39803934
17.30000496
17.44706154
18.58039093
16.94902039
15.06862831
16.35490417
17.70784569
15.52352810
18.27059174
19.44705772
12.95294189
14.93725395
14.61372757
16.54510117
14.18431664
7.03725529
2.00196099
13.55686188
17.16470718
21.64117622
16.65882492
16.58627701
14.44313717
17.50196075
17.54706192
16.73529434
18.81176376
15.15294266
16.10588455
13.82548809
14.11372566
16.79411697
12.19215870
2.81372595
4.89607859
18.10980415
19.06666756
20.71372223
16.80588722
15.00588226
15.09607887
18.07058907
16.29019737
17.76666832
18.58234978
11.39607906
18.27450943
16.04705811
14.12352753
15.15686321
8.25294399
2.00784326
13.63529396
18.99411774
20.89607811
17.10000229
16.30588341
13.40588093
16.61176682
18.91960907
15.38235474
18.75686264
15.11960983
14.26666641
16.49803925
16.31176567
14.99215698
12.67058849
3.55882430
4.63137293
19.95881844
19.42156792
17.27647018
17.21176720
15.20980740
15.38431358
17.96666718
17.53921700
17.66470718
16.32157135
11.12744999
14.98431683
17.58039284
15.39019680
13.83333397
9.07843304
1.99019659
12.82549191
20.89999771
16.42941093
17.24313927
16.71176529
14.24901962
17.25098228
18.79019928
15.02548790
20.16667175
13.05882454
11.07255077
15.96078396
18.48039436
14.09411812
11.73529434
4.70195961
3.18039227
21.24705887
17.56470680
15.87059021
19.25294113
16.49411583
15.43921661
18.86666679
18.03137398
17.87647057
15.17255116
11.84509754
12.59803772
18.50000381
15.54313755
12.95686245
9.50000000
2.98039269
9.81764793
21.17647171
14.49411583
18.28431511
24.17255020
13.82745361
17.07451248
19.58627510
15.81176567
19.85294533
12.91176510
12.54117775
15.92156982
18.81176376
13.39999962
12.43137360
5.25686359
3.30000067
18.95882416
15.95686150
15.47647095
25.50195885
21.13725853
14.58235550
18.68431091
18.39411736
16.58431435
14.63921738
13.77843189
13.81176567
18.46078682
14.94901752
13.10980225
10.72156811
2.81568646
6.51960754
22.31764603
14.12156868
17.94117737
29.84510612
16.93137360
17.33921242
18.40980148
15.97843170
17.46274567
12.21568489
17.75098228
15.25882149
17.15882301
12.53921604
12.53137302
6.74117708
3.34117675
13.11960888
19.86274910
14.96470642
25.80784607
26.54706001
16.74706078
17.33725548
17.46274185
16.91372490
15.74117756
15.56274605
16.48431396
18.14313507
12.54313850
12.87842941
12.23137093
3.91960835
4.69019699
21.25882149
18.72548866
17.93333054
30.16470528
23.97254753
17.23725700
17.21372604
17.63921738
17.08431435
12.87646866
17.50391960
19.25098038
15.73137283
11.74509716
12.92352867
9.70195961
3.77647114
9.33529472
25.28431320
19.61764908
26.22353363
27.22549057
20.39215660
18.78235245
16.81764793
14.85882759
16.02352905
15.57058907
16.74705887
18.05882454
14.84706116
13.22157097
13.44705868
6.16078615
4.46470594
15.46274567
29.82352257
22.23921585
27.07647133
24.32353210
18.29607582
18.18823433
16.96078682
15.07451057
13.12745190
16.25685883
18.96274376
14.01568699
18.79803848
13.35882473
12.24117756
4.23725510
5.63921595
23.16863060
28.80980682
28.03333664
22.08627701
21.18627357
18.18627167
16.93725395
14.66666889
15.63333321
14.03725338
14.32941151
17.67059326
15.94117641
18.45686722
13.19215775
8.23529434
3.84313750
10.45882416
26.99803925
28.86863136
24.57843590
19.28627586
20.65098190
17.85686111
17.71372604
14.69804001
12.20196152
12.94509697
18.16274643
12.91568947
20.91960716
14.38823605
13.77451134
4.95490265
4.05098057
15.90980339
26.47842979
26.98627472
20.25686264
19.72941399
20.80196571
19.00588417
15.05490208
14.61960793
11.99215698
13.69215775
17.50980568
13.48235321
20.35882378
13.48039246
9.57254982
4.10196161
7.88627434
20.25293732
26.11568642
22.11764717
22.46862793
20.83921623
22.07646942
17.46470833
14.07254982
12.87843323
11.85686207
18.37843513
12.46667004
17.59019852
14.59215736
15.03725815
5.95882368
4.26666689
11.72941017
21.46470833
25.71765137
25.71764755
21.18823624
22.60195923
22.04313660
15.22352886
14.54313850
16.88627625
14.46274662
18.11961174
11.48627567
16.67058754
14.80784416
11.52353001
3.79215693
7.67843199
15.97058678
25.42156982
22.31960678
29.44509888
20.38823700
25.16666603
17.82941055
15.65098095
17.94706154
15.34117603
19.50392342
13.27843285
15.69215775
13.21372700
17.70784569
7.12352943
3.40980411
12.69019508
19.14706421
24.07255173
25.94902039
26.15490341
22.98823166
21.72156906
17.07843208
16.32156944
20.34313583
18.33725739
17.99019623
10.94705963
15.74117470
14.90000057
15.23137283
4.46274519
7.15686274
14.94117641
20.60784721
22.37255287
31.58431625
21.48431778
25.69608307
18.80588150
15.63921833
18.77647018
21.28627396
20.00784683
13.31372738
13.83333302
13.04901981
17.80000305
9.41568470
4.03529406
11.24313831
16.57843208
20.06666565
27.67255020
26.79803658
22.52940941
22.60196114
17.92745209
16.82744980
19.08431435
21.51764870
18.59411812
10.57450962
15.60196114
12.73333359
17.22353172
5.21764708
5.32745075
14.79411888
17.60784721
21.39216042
28.89411545
23.08823776
24.67058754
20.14901543
16.32745171
18.48627281
21.90980721
19.66666985
13.97647095
13.52352810
14.59411812
14.41176796
11.04117775
4.16862774
9.60588360
15.84117508
18.93725777
27.00196075
22.81960487
22.29216003
24.28627777
19.69804192
15.31372643
19.32156944
21.06470680
19.90196037
11.12156963
16.40980339
12.22744751
15.77254963
5.72941303
4.76862717
13.76078415
15.79608059
21.60980415
24.94118118
21.13137436
23.48039246
21.11176682
17.01764679
14.56078625
21.55097580
20.33725548
16.89999771
13.48039246
16.26666641
11.41764641
11.71372795
4.70588255
7.94117737
15.79216003
18.45097923
25.37450981
16.18039322
21.30195999
24.09019470
19.76274490
15.52156925
17.72745132
20.00588226
21.72156906
12.82941246
16.23333359
14.65490150
12.33921719
6.45686388
5.18823576
13.15882397
16.54705811
21.49215698
20.05294037
15.57451057
22.29803848
22.98823547
20.75489998
13.04313755
20.07451439
18.98627090
18.96666908
12.23529339
17.70588303
13.15882301
10.52548981
5.30196142
8.10392189
16.10392189
16.56862831
23.53725433
13.11568546
17.83725548
22.54117584
22.41568756
17.22745514
14.60000038
17.50784683
18.96862793
13.95294285
14.66666603
19.56078339
11.46666718
7.32156897
5.35686255
12.40980244
15.58234978
19.31176567
17.82156754
11.28039169
19.50980759
23.55098343
21.50588417
14.26470852
15.67450809
13.24313736
18.90196419
11.58039284
19.11372185
17.25294113
9.11568642
5.79803896
8.30784321
15.25097942
15.87647247
21.69215584
11.71372700
12.97843266
20.71764755
23.31960869
18.16078377
14.18039322
14.51372623
15.36274529
14.23333263
14.94706059
22.32549095
12.13725471
7.49803925
5.35882330
12.55490589
16.32549286
19.03137589
16.29019737
10.11372662
17.33529282
21.73725510
21.45686150
15.42548943
14.46078491
12.14117432
16.61764526
12.74313831
21.84313965
18.12352943
8.68627453
6.30588245
7.22549057
17.66863060
15.17059040
19.69607353
11.09608078
9.67254925
20.31372643
22.18823624
17.12745285
13.21176529
14.77647114
11.92549324
16.49411774
15.47843266
21.00980759
13.74117947
8.67646980
5.98235369
11.97843170
17.59019661
16.29803848
15.16862774
9.73921585
12.93921661
18.74902344
21.00588036
14.74314022
13.05882263
13.33333492
12.55490303
14.14705753
18.67058945
17.52548981
9.90980339
7.06274605
5.64705944
19.57647133
14.34313965
18.37058830
10.52941036
7.60392237
17.88431168
17.69804001
17.95293808
12.38235283
14.72157001
11.01176548
13.46078396
13.60392380
16.89608192
12.19215679
8.46666622
5.93921661
10.18431282
21.75882530
13.52353096
15.22941017
9.77647114
11.19215775
17.84117889
20.64509964
14.96274471
12.03725433
13.94901943
9.31176567
15.29608154
11.91568661
13.09607792
10.41176605
6.77647018
5.69215631
17.26274681
18.37254715
18.04117775
10.93529415
7.16470575
16.90392113
16.50980186
21.71764565
13.60588264
13.23529339
10.89019775
11.38039303
14.45098114
11.73333263
9.98235321
9.15294075
5.48823595
8.33921528
24.06274605
16.67451096
14.97646904
9.80784225
7.79803848
18.55882454
20.52548981
18.16862869
11.71764660
13.79607964
8.84313679
14.77254868
10.14706039
9.39607811
9.56078434
8.28431320
5.74509859
14.26862812
25.35293961
21.61960793
9.17254925
7.00784397
12.76862812
17.28038979
23.16274452
14.69019604
12.04313850
9.58039093
10.43725300
12.92941093
9.41960907
9.63137245
9.12156868
6.25294113
7.80980492
21.08235550
27.16470528
15.35294247
7.87058926
6.47843218
17.56666756
20.38431549
18.77450943
12.26666451
11.90980339
7.78039265
12.74705696
10.10784435
9.39411736
9.07451153
9.29019642
5.81372595
11.85882473
26.27646637
26.64509583
8.04901981
6.25098085
10.07058907
18.68627357
21.00980377
16.07058907
10.65490341
8.56666660
8.87058926
13.26274586
10.80000019
9.39019775
9.53725433
7.40000010
6.80196047
18.48823547
28.21568680
16.03137207
6.62548971
5.76078463
16.20588303
21.01372719
18.02745247
13.43921375
10.34117699
6.94313765
12.69999981
12.24705887
9.99411774
9.31568527
9.53137302
6.23725557
9.97451019
23.39803886
26.13529778
7.05882359
5.83725500
7.55490255
19.88627243
20.51176453
16.50784302
11.59019470
8.44901943
9.42156887
13.22941113
13.43137455
10.45686340
8.42352962
8.84509945
6.83529425
14.80196285
25.00784302
15.87646866
6.32156849
5.87647057
13.20588303
21.43921280
18.30588341
14.64117622
11.60784245
8.91568756
12.41176414
12.56470680
15.74705982
9.28823662
9.33137321
6.75882339
8.71960831
19.29607582
24.46078491
6.83529282
7.98823595
5.98627567
19.32156372
22.39411545
16.54313660
12.36078453
10.39019775
12.10392189
12.93137264
16.18039131
14.76274490
7.95098019
9.21568775
5.92941141
12.18823719
23.07647133
16.58823586
6.00980425
8.84313869
10.28823376
22.24509811
20.79607391
13.12941265
10.21764946
13.45294189
11.86274719
11.56862736
20.61960602
12.41372490
8.63921642
6.20784283
7.86862803
15.97254753
23.70784378
8.01176453
8.37058830
6.14313745
16.78823471
22.40196419
18.55098343
9.79411697
10.55294323
14.50784683
11.76666641
12.62941360
19.50196075
8.63529396
8.62549114
5.00000000
9.89215755
19.85294342
17.85097885
6.08627510
8.94313717
7.53725576
20.97646904
21.11176109
14.96274281
10.37450981
12.45098114
11.66862679
10.09411907
17.80588341
13.86470509
7.21176481
6.47450924
6.35686398
11.83725357
24.34117317
9.34117889
8.02352905
5.46078587
13.64706039
20.95294189
21.55490685
10.38627529
11.73725605
11.70784378
12.42941284
9.98627472
16.25882530
8.80588150
8.31568623
4.44509792
8.12549019
16.40588379
21.37059021
5.90196133
7.77058887
5.69019651
17.72156906
22.89804268
19.68823242
9.86078548
11.27451134
10.53921700
11.01568699
13.93333530
12.78823662
6.56078386
6.60588217
5.69607973
10.50588131
22.03921318
11.67843151
7.03137207
5.54902077
10.59804058
20.70392418
26.26274109
12.04901981
11.58431435
10.04509830
11.67255116
10.02353096
13.32157135
10.07843304
8.32156944
3.62548971
8.20588207
15.21568775
21.83137321
5.71176624
6.15686274
4.45294142
17.43137360
25.35686493
21.97451019
9.46078396
11.39411736
9.89803886
11.09607887
13.17843246
13.05882454
7.42941141
6.92548990
5.49803925
10.17058849
18.83725739
14.24706078
6.29411840
4.65098000
8.41568756
23.57059097
27.98823357
13.81960964
12.20784283
9.79607773
9.02156830
9.44117737
18.78039169
12.27843189
8.14901924
4.49607801
8.28627586
14.25294399
21.60000038
5.50588322
5.20196104
4.00392199
16.75293922
28.67058754
21.33333778
10.48627377
11.58431816
8.45098019
8.38823605
10.66274643
21.11960793
10.96274567
7.95686388
6.79411793
9.65098095
17.77647209
14.01960945
5.54313660
3.95686293
5.15294075
25.04117584
27.48431587
13.66666698
11.66078281
10.78235340
6.27843046
7.96078634
17.36666679
18.13137245
9.80784416
6.41764736
8.30195999
12.85686398
19.69019508
6.10784388
4.84902048
3.26862717
11.38039112
30.45294189
19.24510002
9.91764641
12.61960888
9.71372700
7.35686350
8.80980492
19.28235245
14.11960793
7.92352915
7.04901981
9.45294380
16.29608154
14.25097942
4.41372538
3.91176534
4.23921633
21.12549210
26.01568985
13.65490150
11.62941170
13.33333492
6.19019651
7.08235359
13.04313564
17.41568756
11.18627453
6.10392141
7.39019585
11.70784283
18.64118195
7.06078482
4.82941151
3.30196142
8.73529530
27.71764565
18.40000153
9.68823624
13.18823433
11.22549248
5.45882368
8.87843132
13.57254887
15.23725319
7.18235397
5.78627443
9.18431377
14.84117889
14.51568508
4.80392170
4.45294142
3.66274548
17.98823738
23.30784607
13.55686283
9.71764660
12.48823452
7.35294199
6.52549171
10.63725376
13.14509773
11.62941170
5.55882406
7.31764746
11.84509850
17.56078529
8.36862755
5.27254915
3.69019604
6.76666641
24.32549095
17.51176643
9.60392094
9.10588169
10.81568813
5.34117699
8.14705849
10.00000191
14.53333473
7.78823662
5.82156801
9.21960926
15.52745056
17.06274605
4.89803982
4.69411802
3.43529439
13.93333340
21.91764832
14.92549038
7.61764765
9.33725548
7.52156878
5.58627558
10.34705830
10.55490303
11.90784550
5.62156916
7.88431454
11.01568413
18.15882492
9.55882359
5.01176548
3.58823586
5.09215736
21.61372375
16.90588379
10.24706078
8.48431492
8.44313908
5.16862679
7.59803963
10.12352753
11.45882511
7.94117498
5.30588293
8.74705887
13.38039303
16.70980644
4.48039293
5.17254925
3.08627462
11.58823681
21.13921738
15.88039207
5.76862812
8.68235302
6.42352915
4.92352962
9.92352867
8.56862831
9.77843380
5.15490246
5.85098028
10.71764755
16.32549095
9.80980587
5.09803915
4.25490189
3.95882392
20.55097961
16.81568909
11.96470547
6.94901943
6.93333387
5.11372566
6.75882387
10.30196095
8.61764812
6.40980339
4.60588217
7.44509935
12.20784378
16.10392189
4.72745132
5.24705935
3.44509840
8.50392246
22.89608002
16.89999771
5.96470690
7.10196066
5.45686340
4.47843170
8.72548962
10.49607754
7.21568680
5.11764765
4.69803858
9.56666851
14.97254753
10.62156963
4.62352896
4.59804010
3.39019632
17.60588074
18.23137474
13.31960678
5.37254858
6.17254782
4.96666670
5.72156858
11.26274300
7.78235292
5.03529406
4.84313774
5.56862736
11.84901905
14.76078510
5.51568604
5.30980492
3.64117670
6.23921585
21.92352867
17.03137207
7.99215794
5.60588264
5.01568651
3.90196085
9.28235340
10.67451000
5.94117737
3.93921590
4.10980463
8.97647095
12.95686531
10.76470661
4.66666651
5.46666718
3.00784373
13.68627548
18.70980453
16.45293999
4.82941103
5.10392189
4.22352982
4.44901943
12.60784435
7.45490217
4.30784369
4.11960793
4.70980406
12.07058716
13.57254887
6.45686245
5.33529472
4.38039303
4.72352982
20.72941208
16.57843208
10.33725357
5.37451077
4.87451077
3.45490193
8.40000057
9.65294170
5.99411726
3.24313736
4.52941132
8.26470566
12.16862965
11.33725452
5.22745085
5.44313717
3.44901943
10.19215775
18.91961098
16.73921585
4.82156897
5.54117680
4.11176491
3.89215755
10.75882435
6.86078453
3.89215684
3.34117675
4.77843046
11.86078262
11.57647228
7.11176491
6.73529434
4.89411783
4.09019613
17.37450790
15.38823509
11.93137360
5.55294228
4.99411869
3.68431401
6.07451010
10.00784206
4.84117651
2.42745137
4.19215727
6.53137302
11.74313927
11.00980473
6.67843151
5.63921547
3.69607854
7.12549067
18.60784531
17.81960869
5.50000000
5.09803915
4.23333406
3.47254944
9.92352962
7.22941160
3.10784340
2.78823543
4.12352991
10.95686245
10.29215717
8.12941170
6.01960754
4.65686226
3.78823543
13.58431244
15.30588341
14.56666470
5.06078482
4.64901972
3.38431406
5.04313755
11.73137379
4.59411812
2.54705906
3.38235331
5.07843161
12.74117756
10.38235188
5.10392189
4.87451029
4.06862831
6.11568642
16.88235283
17.87647247
6.50000000
4.77058792
4.35098124
3.41176486
8.57647038
8.69411850
3.56470585
2.75098062
3.28431416
9.66862869
11.58235359
7.84509802
4.11568642
4.19803953
3.79607844
11.02745056
15.39607620
15.82353401
4.59607792
4.80784321
3.50000024
3.88235331
12.36274433
4.95294237
2.48039246
3.46666670
3.27254915
14.10784245
10.04313755
4.80000019
4.22549057
3.99411774
5.63529444
16.20588303
16.80980492
7.99215698
4.66470575
3.99215698
3.13725519
7.00980377
10.83333206
3.46862793
2.00000048
3.47058797
6.27451038
15.86274242
7.65098190
3.54509783
4.25882435
3.94117713
10.18039131
16.48039246
16.36862564
5.41568708
4.20000124
3.92941213
3.47058845
11.86078548
6.38627529
2.86078453
2.71372604
2.77647090
13.49607849
12.34705830
4.75294161
4.24902058
4.69019651
5.21176481
16.32548904
16.75490189
9.25882435
4.81960773
4.27450991
3.65686321
5.47647095
12.39411831
4.88039207
2.21568656
2.70980430
3.55294156
17.49803734
8.66666603
3.83725476
5.56274557
4.08431387
9.40000057
15.46666622
17.73725700
6.18823433
4.49803972
3.85490251
3.35098100
9.50784397
8.62549114
5.10588217
2.37451005
2.13333368
8.69803905
15.10784340
5.62156868
4.55098057
5.72352982
4.43529415
15.23333263
15.60980415
11.11568642
5.69803905
5.60784435
3.35882401
3.14705920
13.18039227
7.04313803
2.81568646
2.77647138
2.03725529
13.36666679
10.66078663
3.75490212
5.55882406
5.09019613
9.87450981
13.78235245
16.31960678
6.14117670
5.82549095
5.50000000
3.22745132
6.36862755
11.31764984
4.95490265
2.54313755
2.03529453
4.28235340
16.34509850
6.29019594
4.21372604
5.68627405
4.69215679
14.62941360
14.04706001
11.63137436
4.86470556
6.89019632
3.53137255
3.67843151
12.65882492
6.36274672
3.13921595
2.21176505
2.30980396
9.08823681
14.43725491
4.26274586
5.58235312
4.81568623
11.05097961
12.49803925
14.69999981
6.05490160
4.88431406
5.83529520
3.54705906
4.34117699
13.89804077
4.63333368
2.35882378
2.49607849
3.94313717
14.10588169
9.64509869
4.24313784
5.57254982
4.27451038
13.81176567
12.13137531
12.04509735
4.78039169
5.69803953
3.70588279
3.74705958
11.42352962
7.31568718
3.19607878
2.49803925
3.62941217
6.17058849
16.07254982
4.88039255
5.06862783
4.53529501
8.42941093
11.92352867
13.43137264
6.76078463
4.49607897
5.07843208
3.06862783
3.58627486
13.79215717
4.55882359
2.43529463
3.38431406
3.68823504
11.17843246
12.60588360
3.61764717
4.93921614
3.91372561
11.04705715
10.76470661
13.46862888
4.73137283
4.75686264
3.76862788
3.38627481
7.89215708
8.70196247
3.39215684
2.37647104
3.65686321
5.92941189
16.09607887
6.15490150
3.54117680
5.01372576
6.23725510
12.02156925
12.75490284
8.05882263
4.60000038
4.68823576
3.11568642
3.62156916
10.97254944
4.98627567
2.43529415
2.97843170
4.46862745
10.69019699
12.59411716
3.32156849
4.32549047
4.56470633
11.58235359
8.79803848
13.07843208
5.49411774
4.36666727
3.55294132
3.50588298
4.95882416
9.32549191
3.43333316
2.22941208
3.27451015
6.62352943
14.04705906
7.05882406
3.17843151
5.77254915
5.39411736
12.57254982
11.56078434
8.21960831
4.75686264
3.99019647
3.30588317
3.52941179
7.50392199
5.39215755
2.65490222
2.46666670
4.05490208
9.49019527
11.78823566
4.43725491
4.72745132
5.78627491
11.62549019
8.61176491
13.09999943
5.37058830
4.38431311
3.55098033
3.63529444
3.80196142
7.57451153
3.59411788
2.13137293
2.30588293
6.04705906
11.35294151
8.59607983
2.84509778
6.59804010
4.92745066
12.59019470
11.09607697
9.74705696
4.58627510
4.62941217
4.14117670
3.16078424
5.65882397
5.89607811
2.86274576
1.93921614
3.37843132
9.70000076
9.86666679
6.09215736
3.81568646
5.94313812
9.55490112
10.06078339
12.19411659
5.97254944
5.53137302
4.10392189
4.41176510
3.65882373
6.71176481
5.08235312
1.97451007
2.07058835
5.68431377
11.57058811
9.95882416
3.52941179
5.27843094
4.31568718
15.03921700
10.70392132
10.39803886
4.64313841
6.68431377
4.08823538
4.25294161
4.80392075
6.69215679
3.40588212
1.67647076
3.13725519
9.16666603
10.82941246
7.59019613
4.08039236
4.88431358
9.39803982
13.59607506
13.16274548
6.60000038
4.84313774
5.56862736
4.50588274
4.26862764
5.95294142
5.85490084
2.09019637
2.50588250
4.78627491
10.46274376
8.98627472
6.15882397
4.47450972
4.17058849
15.96862793
12.36470604
12.08039284
4.35686302
5.20784283
3.79411793
5.04117632
4.09607935
5.43921566
4.37058878
2.18039250
2.99803925
7.26862764
10.12352943
9.11372471
3.90588212
4.62941217
8.05098152
16.53333473
14.59411812
7.29803753
4.35098124
4.65490198
3.83921647
4.28431416
5.75490141
4.86470604
2.62549090
2.67058849
4.22745132
8.97647095
7.99803829
8.23333454
4.45490122
4.02549076
15.59019661
16.45490265
12.96470547
4.47843122
4.18039227
3.21960831
4.14313745
4.62352991
5.63921595
4.24901962
1.84313738
3.15098023
5.84313726
9.36666679
9.67843151
3.86470628
4.48823595
6.60000038
20.89607811
17.69411659
7.39411831
4.14509821
3.89803934
3.02549028
4.54705906
5.06078434
4.77647066
2.92352962
2.05294132
3.62941241
8.01960850
7.64705944
8.72549152
4.09215689
5.32549047
14.88039303
20.48039246
13.22745132
5.04117823
4.13921595
3.17058825
3.10196090
4.96666765
6.21568584
3.99607873
1.67058861
2.76666689
5.80784321
7.78627443
8.26078510
6.37843132
4.87254858
6.48039198
21.19411850
18.36078644
9.34509850
3.83725595
3.45686293
3.02549005
4.01372576
5.36666679
6.11764765
2.37450957
2.00392199
3.07843161
9.12745190
6.53921604
10.40980530
3.27254939
5.66078424
15.60000038
19.33529663
14.20588207
6.67451048
3.48235321
3.14509821
3.09607816
5.02352858
5.36470699
4.64313698
1.57058871
1.88235319
5.73529482
9.16666603
6.14117718
10.09412003
4.00000048
6.39215755
22.17450714
16.43333435
13.29411793
3.78627539
3.13137221
2.94705915
2.92745113
6.58823538
4.49411774
3.21764779
1.23529458
2.69215679
10.11764717
6.87451029
11.57843018
4.07450962
4.56666660
15.91372681
17.54117966
14.51960945
10.73333263
3.11764693
3.23529410
2.76078439
3.83725500
6.03137302
4.28627539
1.98235297
1.52352977
5.88823605
10.64902210
5.78039265
12.32941246
2.83137274
5.69215727
22.27058792
13.91176224
17.63921356
3.83137274
3.16078472
2.90588284
2.70784354
6.53529453
4.05490303
3.59803963
1.50196111
2.41764736
10.85294247
7.74313688
8.39607906
9.93137360
3.54509830
16.06274605
17.05685997
13.90196323
13.33725739
3.45294142
3.52156878
2.46078467
3.18039227
6.86274576
4.10980368
2.43921590
1.49803936
4.74705887
12.98235512
6.40784311
13.96470642
4.21176529
4.77450991
23.04509544
13.77647018
17.45882225
5.66078377
3.22549033
3.15490270
2.88431358
4.57058811
7.05490255
3.62156916
1.81764722
1.57843137
9.00392342
11.43529320
6.87647152
14.90392017
3.08431339
16.07254982
18.21372414
13.15686321
14.54705906
3.20392179
3.09803987
2.40196109
3.79019594
8.84902000
5.63333416
2.60000038
1.49215710
2.94705892
12.61176491
9.57843208
12.12157059
9.40980530
5.75294113
24.39019775
13.33921814
15.80588245
8.02941322
2.83725572
2.90392184
3.19019604
3.80196118
10.66078377
4.38823509
2.37058830
1.35098052
5.80392170
14.32941151
8.27451038
18.55490112
5.76274538
17.81764793
20.47646904
11.16666698
16.50392151
2.84117651
2.72352982
2.43725514
3.98431468
5.49215698
8.47058773
4.15686321
1.64705896
1.87450993
11.45098209
12.04509926
10.00980282
19.48235321
9.90980339
26.19215012
14.20588493
13.20196247
10.29019356
2.90000081
2.64313769
2.20980406
4.16274500
9.54901981
5.50980377
2.92156911
1.04901969
3.20784307
13.84509945
8.87451172
18.30392075
16.56274605
22.09804153
22.64509773
9.84313774
17.33137512
2.83529449
3.66666651
2.54313779
3.29215670
5.33333349
9.49607944
4.70784330
1.33921599
1.43333352
6.79999971
11.67647266
9.82156944
23.43529701
19.72548866
27.25293922
16.50392151
11.21960831
11.59411716
3.78627419
3.77451015
2.47843170
3.92352939
6.42745113
8.46862793
2.20000029
0.96666682
1.99019635
9.90195942
8.29215717
16.44509888
23.21764755
25.31176376
24.70392418
11.25686359
15.33137321
3.90000057
4.65294123
3.27451038
3.16862750
4.15490198
6.78431416
5.29999971
1.03921592
0.88627470
3.98431373
10.18431377
9.22745037
23.15293884
23.75882149
25.70392418
19.04706192
10.02549171
11.23725605
3.29215717
3.97647071
2.78039312
4.29411793
3.60196185
7.47450972
2.25294137
0.52352941
1.41568637
7.42549038
8.05882454
16.11960983
25.40588188
24.59215164
25.01568222
12.43333054
12.01764774
6.26078558
3.87647104
2.47843170
3.52156878
4.71176481
3.43725514
7.17058897
0.77843165
0.24901961
2.96078444
8.69804096
10.28235435
23.71764565
23.89999580
25.01371765
20.44117546
9.62941360
11.69019604
4.25686312
2.34509850
2.92352962
4.75098038
3.66274548
5.31568718
4.44705820
0.26666668
1.47450995
5.27254915
8.96078396
15.44313812
27.00392151
23.34705734
25.42941093
13.45686245
10.40784264
7.20588303
4.14705896
1.54705906
3.85686278
4.91764688
3.22941208
6.82156801
1.85098088
0.45686275
2.94117641
6.90196180
10.44117737
23.12548637
24.79215622
24.96666718
20.44510269
10.35882378
10.97058964
4.26078463
3.44705892
2.70196104
4.16862774
4.04117632
2.73725510
7.09019613
0.53921580
1.48039246
3.63725495
7.04509830
14.43137264
27.74117851
23.09215546
25.71176147
15.58039188
9.53137302
7.85686350
4.64117718
2.20196128
3.25098109
3.96274495
2.67451024
4.79607821
4.95098019
0.59607863
2.88235331
4.76862717
9.53529358
19.85098076
25.64902306
24.77647591
21.94902039
11.86666965
10.15490246
4.70000076
4.62941170
1.81764734
3.08431387
4.46274519
1.80588281
7.64509726
2.58431387
1.41372573
3.32549024
5.58039284
13.09215546
25.31764603
23.73529625
25.11568642
17.74705505
9.53529549
7.73333359
3.82941175
3.97058821
2.59019613
3.39607835
5.55098057
2.50196075
6.71568632
1.27647078
2.72745109
3.96862745
7.73137236
17.53921700
27.19411659
25.73137474
22.20000267
12.78039265
8.57254982
5.71764612
4.85882378
1.98823535
2.67647052
4.23921585
4.76078463
3.48431373
4.58039236
0.81764716
3.14705873
4.14509773
13.05490208
23.12156868
25.79019928
26.13725471
18.49803925
8.78235340
8.67843056
3.69411850
3.50392175
1.94705904
2.35686278
4.17647076
3.97647142
3.96666670
1.90392208
1.40196085
2.99215698
6.66666698
17.82941055
26.10980225
26.06863022
22.12548828
13.30196190
8.17451096
8.22745037
2.31764722
2.09607863
1.78235316
2.40392208
5.36274529
3.22156858
2.86274481
0.86862767
1.78431392
4.09803915
10.83137321
21.92352867
27.35882568
25.90588379
19.42549324
8.57647133
12.78431606
3.56666636
1.67843175
2.09215713
1.26274526
4.11568594
4.29019642
2.97647095
1.47647095
0.68431377
2.69215703
5.92352962
17.17255020
25.50784492
28.69999313
23.90784645
14.19215870
11.59215832
10.07843208
2.70196104
1.92549062
2.12745142
2.81568646
3.44117665
2.77058840
1.34509838
0.86078459
1.48431373
4.31764746
9.13137245
22.63333321
27.93725777
27.29999733
21.22352982
10.04705811
17.97451019
3.19411778
2.43725514
2.09607863
2.28627491
4.72352886
1.70196128
2.14902020
0.86274517
0.30392158
2.52353001
5.02548981
15.81961060
26.30784035
28.41960907
26.32157135
15.86470413
13.74313736
11.85882378
3.05686307
2.02156854
2.45882416
5.67843151
3.41764736
1.65098059
1.16274548
0.62745106
1.51568639
3.57058883
6.69411850
22.65294456
28.87450981
27.82549095
23.66666603
12.11764717
18.40980339
4.32549047
2.28823590
2.21960807
4.20980406
6.68039179
2.04705930
1.50000024
0.82745105
0.42352942
2.61372542
3.62156892
12.00588131
27.84510040
29.40391922
27.29607773
17.61372948
13.06078339
14.03137398
3.20980406
2.08823562
3.24117661
8.10588264
3.11960816
1.34509814
1.46470618
0.57058841
0.76862752
2.72549057
4.07647038
19.89607811
30.72745323
29.26078415
25.02745247
12.23921680
16.91764832
6.16274548
2.64117742
2.77058816
5.81764698
8.72744942
0.87254924
1.72549069
1.06470609
0.29607844
1.76274526
2.88039207
8.42549038
27.22352982
30.86862946
27.85882378
18.63137245
12.79019642
15.01764774
3.03137279
2.61568666
4.50784349
8.72549057
7.34705830
1.43137276
1.41176486
0.44705883
0.50392157
2.63921595
3.05490232
16.72156715
30.37058830
30.54706001
24.88628006
13.32941246
16.17255020
7.77843094
2.73921561
2.63529420
6.10980415
14.57254982
3.41960788
1.69019639
0.91176498
0.14509805
1.42156875
2.48823524
6.40980387
24.68039322
31.70392227
27.59803772
20.43922043
12.49019718
15.56078529
3.15686250
2.49607873
4.33137321
7.59411812
14.10980320
1.65490222
1.72941196
0.69019628
0.35098040
2.69411778
2.78235316
14.72156811
29.71372795
30.90000343
24.46274567
15.00784397
15.57450771
8.28235340
2.68235302
2.66862774
4.29803991
8.56274509
10.21960640
2.25490236
1.08627474
0.57647061
0.73921573
2.78823566
5.81176472
22.42156982
30.96274757
27.69803619
21.41176033
12.83333206
14.85882378
3.63529396
2.82941198
2.93137264
2.33725524
13.59999943
3.38235354
1.50000036
1.05294144
0.56078434
2.04509807
2.31960821
11.44117546
28.72353363
29.82548904
23.33529663
16.09803772
13.90980339
8.01568508
2.93333387
2.73529458
2.80980468
2.19803953
14.11960697
1.79215729
1.35686314
0.73529428
0.74117666
2.83921599
4.19019651
19.87451172
29.77843285
26.52353096
18.29999924
14.94705963
12.11176586
4.41568661
2.58627486
2.96666670
2.36274552
5.86274481
9.17646980
2.29607868
0.78039235
0.34901962
2.00392175
2.24509811
9.27058887
24.78038979
29.83529663
22.23725319
16.50196266
14.47647190
7.38823462
2.41568637
2.71764708
2.72156906
1.81764722
9.43137264
4.05098057
1.61960828
0.39607844
0.58431375
2.87647080
2.40588236
16.70980453
28.02745438
27.22941208
17.39411736
17.47843552
11.35490227
3.97647047
2.44705892
1.66078472
1.60196102
2.22745156
9.89019489
2.28431439
0.40000001
0.20000000
1.41372550
3.25490189
6.53725576
22.14117813
28.94314003
21.37451744
16.26274490
15.23137283
7.29607964
2.36470604
2.18039274
1.32745135
2.16862774
4.60980415
6.37451029
1.21764755
0.25882354
0.35098040
2.60980439
1.94509828
14.09411907
27.94117737
25.60785103
16.28235245
18.27254868
8.63725567
4.50392246
2.43725514
1.57450998
1.81764722
2.59019661
7.16470623
2.89019680
0.38823530
0.20784314
0.91568643
3.11960793
4.04902029
23.76862907
29.45098114
20.28039169
16.66470528
14.26862812
6.70784283
2.17451000
2.58039236
1.26470602
2.38235331
4.23137283
6.24705935
1.02156889
0.26862746
0.48823529
2.88235283
1.81960809
10.09803867
30.59804153
26.45882416
16.23921776
21.12157059
6.91960764
4.74117661
2.91372609
1.83333373
1.62352955
3.15098047
3.81568623
4.65294075
0.42156863
0.31568629
1.73921585
2.64117670
2.99215698
20.59215927
30.96863365
21.40196419
20.40000153
14.71960926
6.32549000
3.17451000
3.30196095
1.42745113
1.82549047
4.71960878
4.04901981
2.17254972
0.24313726
1.66666687
2.92941213
1.81176472
6.16862726
26.88431358
28.73529053
20.00784683
23.84313202
6.31960821
5.83137274
3.44901967
2.58627439
1.59411776
3.68039227
4.19999981
4.20392132
0.44901961
0.76274520
3.75294137
2.96666718
2.01764703
12.95686245
30.01960754
24.80784225
25.28627396
14.60000134
5.75490141
4.33725500
2.56666684
2.03137302
1.90980422
5.02549076
4.15686274
2.50000048
0.19411765
1.23725510
5.27450991
2.21176481
5.06470633
19.11176491
28.90196228
23.09411812
26.67254829
6.82941294
5.47254992
3.09215736
2.27843165
2.01176500
2.15686297
5.68823528
2.99803972
1.49803972
0.65686280
2.23529410
4.53137255
2.82745099
9.94705963
21.46862984
26.32744789
27.89019775
15.14706135
5.08627510
5.18627501
2.19607902
2.43137336
2.16274548
3.44117689
3.51372552
2.93529439
0.37647060
0.79019618
3.63137269
3.41372538
5.52352905
14.34509945
22.74117661
26.78823090
25.44117546
7.57058907
4.99215651
2.76078463
3.11960816
2.10196137
2.00588298
3.40000057
2.59803939
1.65686297
0.35098040
1.17058849
3.97058892
3.01372576
10.03529549
18.76666641
23.26078415
29.28823471
14.06274414
5.04705906
4.06470633
2.48235345
3.45098066
1.94313741
2.41568637
2.45882368
3.21960783
0.59019631
1.39411783
1.94509828
2.45294142
4.75490189
14.51176262
18.99607849
26.78038979
23.95686340
7.59215736
4.00784397
3.84117603
2.74313736
2.56862760
1.93137288
3.03333330
2.93725491
2.21372557
0.33921570
2.84509802
1.84705913
2.15686274
8.96470642
17.03921700
19.10195923
28.31960678
13.34313869
5.30000067
4.48627520
2.88431358
3.20000005
1.65490234
1.81176519
3.15294123
2.99411821
0.80980426
1.59019613
2.43333364
2.64117670
3.02156901
14.60784340
17.48627472
23.07843018
20.53725815
8.86666584
3.85294104
4.61176491
2.26470613
2.49019623
1.45686305
2.43921590
2.14705920
1.97647095
0.26862746
3.34705901
1.95490205
3.71176505
5.42941141
18.67058754
17.97059059
24.34117889
14.25294113
5.94901991
4.59215689
3.48235250
2.24313760
1.41176522
1.92352986
2.82549047
1.98627484
1.14509833
0.95490205
4.32352972
3.32156920
2.70392203
11.50392246
20.63725853
20.39608192
19.84117317
10.69607925
4.07058859
5.52548981
2.81568670
2.00588274
1.60784352
3.55098033
2.46274519
2.11372542
0.77450997
2.66862750
4.97254896
4.02549076
3.61960816
16.20980263
20.30392075
21.40980721
16.96666908
6.54705906
4.97058773
5.44902039
2.31960797
1.51764739
3.81568623
4.14313698
1.57058871
2.00980401
1.05490220
5.25882339
4.76862812
2.37254906
8.29607868
20.20195770
19.86470604
20.10784721
12.56078339
4.32745028
7.66274500
4.94901991
1.70196092
2.00392199
7.61960793
2.10000014
1.10588253
1.95490241
2.02745104
5.60784388
3.69803953
2.62941194
13.64706039
21.68823433
19.61960983
19.43333244
7.40980482
4.55294132
10.00392151
4.04902029
1.71176493
5.51764727
6.20392227
1.12352955
1.53725517
1.00196099
4.14705849
4.38627434
2.05490232
6.34117603
17.38627625
18.76470757
19.80784225
15.07450962
4.22352934
7.54313850
10.80392170
1.82941198
1.96470618
7.98431349
3.66078472
1.40196109
1.15686297
0.64901960
7.23725462
2.70196152
2.36078453
10.90588093
18.05490303
15.42352962
21.53921318
7.36862755
4.33529425
10.55686283
6.25490236
1.05490232
5.16666698
6.09411716
1.91176510
1.53921592
0.33921570
2.60588264
7.81568575
2.45882368
4.99803925
12.93137264
16.57646942
16.47843170
16.40196228
4.60196066
6.30980301
10.34509659
3.34902024
1.80196106
7.36862755
3.91568661
1.28627491
0.71960807
0.36862746
7.02941322
4.90000057
2.23529434
8.06470680
15.74117851
14.05882454
20.06078529
8.19019604
5.12156916
8.18823528
8.23529434
1.46078467
4.14705849
5.29019642
1.89411795
0.97647095
0.23529412
1.25686288
9.01176453
3.21568656
3.30000019
11.93137169
16.19215584
15.01960754
15.91960907
5.30392265
7.17646933
8.44509888
5.55294132
1.39607871
4.42941189
3.25686288
1.31960809
0.27058825
0.15490197
3.63137293
7.61960888
2.49607825
7.12156868
15.37450981
13.86862564
17.39019585
9.81568623
6.80588245
4.97647047
7.33137274
2.86862755
2.25294137
2.98627448
1.58431411
1.08431411
0.21764706
0.80980396
6.13529396
5.29607916
2.61176467
11.21568394
16.05686569
13.80196190
15.10980415
5.86274481
6.82549047
3.73921585
6.51568556
1.08431399
2.11764717
2.12941194
1.09411776
0.46078432
0.25294119
2.00196099
7.83137321
3.08823514
5.90784311
14.83333397
15.63529491
14.00392342
10.45098209
6.21568584
4.55098104
3.95098066
4.79019642
1.76666701
2.35882378
1.25490212
0.82549053
0.28823531
0.34705883
4.87255001
7.58627605
2.74313760
10.07058907
17.09019661
15.24705791
14.08038998
6.04313755
6.79215717
2.86274529
5.08431435
1.97843206
2.27647066
1.97647083
0.97058851
0.55882370
0.18431373
1.60392177
8.09607887
6.40588331
4.23333311
14.55686378
17.67843246
14.01568890
10.79999828
4.98431396
4.37843132
1.82352960
4.46274519
1.86862767
2.35294151
1.05490220
1.21176457
0.42156863
0.16862746
3.42941213
10.92549038
4.91176510
8.98431492
17.34117699
16.11960602
13.81568527
7.15686274
4.13921642
2.43725514
2.60196090
3.20980406
2.60392165
2.12941194
0.47647059
1.58823562
0.20980392
0.51960784
6.79607868
11.73725605
4.40588284
13.15490150
18.95490456
14.50784302
12.62549114
5.50000000
3.43725467
1.82745135
3.42156863
2.45686340
3.43921566
1.27647078
1.21960795
0.57647067
0.18627451
1.46666682
9.81764889
8.66666698
6.45686245
16.89215660
15.60784626
15.67255020
8.61764812
5.42352962
2.56666660
2.77254963
2.96470642
3.19607854
3.20588255
0.30196080
1.28823566
0.15098040
0.28431374
3.62156868
9.57843018
5.39411688
10.38235283
19.47646904
15.47254848
12.65098095
7.57254887
4.12941217
1.60588264
2.96862698
2.44509840
3.46666670
2.75686264
0.88039219
0.21960784
0.15490197
0.85686278
4.39999962
9.70000076
5.20784330
17.01960754
16.32352829
14.70391941
9.19607925
6.25098181
3.57843137
2.17058849
2.33725524
1.78039241
3.37254906
2.86666679
0.79607874
0.10588235
0.30392158
2.36666656
4.45098066
6.81764698
10.31960773
19.44706345
14.51764584
12.26862812
8.47647190
4.95882368
1.27843165
2.42352939
1.98039222
2.28235340
4.62156868
2.32549071
0.40980393
0.26470590
1.15686285
2.73333359
5.37450981
6.94705772
15.87058735
15.90196037
14.52352905
10.49607944
6.06862736
4.39215708
1.22549033
2.03725553
1.49803948
3.27450991
4.28431463
0.83725506
0.15490197
0.19803922
1.83137274
2.62549067
6.59215689
11.11372662
16.68431473
15.17647076
13.72157097
8.57058811
4.76470566
1.84509826
1.99215722
1.18627477
1.76274538
4.08431387
2.93137288
0.71568650
0.18431373
0.65098041
1.59607852
4.23529387
7.44313765
14.25293827
15.53921700
15.56078339
11.36078548
5.39607906
4.23529482
1.40392172
2.26078510
1.21568644
2.23921609
5.06274557
1.05686307
0.87450999
0.43137255
0.69411778
3.97451043
6.76274586
8.64313698
14.71960831
15.23725224
14.65097904
8.22745132
4.82352972
2.38235307
1.50588274
2.14509845
1.55098057
2.30980396
5.35882378
1.05294132
0.26274511
0.56470591
2.12941170
5.45686197
7.82549095
10.98627472
14.29999733
14.49999905
12.42941380
5.73529434
4.47843170
1.33529425
2.05882382
1.73725510
1.68235338
4.14705896
3.09607863
1.20392191
0.22352941
0.22549020
3.79019618
5.97058916
9.76666641
13.80588341
13.80392361
14.43529510
9.40196037
4.51176405
2.88823605
1.56666696
2.28235316
1.66274536
1.98235345
4.51176453
2.46666741
0.38627452
0.16666667
0.50980395
3.43921590
9.81372452
10.28235340
14.71764851
15.05097866
13.24509811
6.62352991
4.43529463
1.81372583
2.07647085
1.64902008
2.10392189
2.02549028
4.13137293
1.45686281
0.13529412
1.04313755
1.21764719
5.38431454
11.08431435
12.99215603
15.35882473
16.50196457
9.81372738
6.08235264
3.49411821
1.86078465
1.97843146
1.14901996
2.83725524
2.37451005
3.43137288
0.47450981
0.15294118
2.51764703
2.47058868
6.70000124
10.09411812
14.71372604
17.93921661
13.80196285
7.81372643
6.91960812
1.76274514
1.80980408
2.08823562
2.21372557
1.63529468
3.71568656
2.57451057
0.16274510
1.46862757
2.79215717
2.71176481
7.17843151
12.00000095
15.36862755
18.70588493
10.90392303
8.95098019
4.48235273
2.14705896
1.78627479
1.84901977
2.66666651
1.59215713
3.75490189
1.59019661
0.29803923
3.85686231
2.67843199
2.52353001
9.11568642
14.10980606
18.61960983
15.51176453
9.11960697
9.61764812
1.97058856
1.63921607
2.20000029
1.84117687
1.71372581
1.85098064
4.67451000
1.02549040
1.49607885
6.81568623
1.88431418
5.49411774
12.02156734
16.52548981
17.75686264
14.30196381
10.61372566
5.61568642
1.41960800
1.65098047
1.99607849
2.31176496
1.60588253
4.00392151
3.59803987
2.47450995
2.50196075
8.59019566
1.54117668
10.47647190
13.83529377
18.93529510
19.27254677
11.59411907
11.95882416
2.44901967
1.66470611
1.55490220
2.64313745
2.68235302
3.78235292
6.47058868
2.98235321
2.06862783
5.74705935
5.81764746
4.22549009
15.22745228
18.40392303
19.56666565
17.82941437
12.96470547
6.00784349
1.25098062
1.49215710
2.44509816
2.53333378
4.80588198
6.21568632
5.67058849
2.73921609
0.78235304
7.87450981
1.28627503
10.20196247
19.14706230
19.04313850
22.21176529
12.97450829
12.06470394
2.33921599
2.05098057
1.39215720
2.41176486
3.14313745
5.88823509
6.48431349
3.60784316
1.64117682
1.30000007
5.50784349
2.23921585
16.15098190
22.40588379
20.42941093
17.87450790
14.54509926
5.89803886
1.75882399
2.10392213
2.11764741
3.61568689
2.80980420
4.85882282
5.04313660
3.17451024
0.90392196
3.09411740
3.31764722
6.91764688
21.95490646
20.58823776
21.21176720
13.27843380
11.80196095
3.20588231
2.37843132
1.59215713
3.30784345
3.83921552
3.44313788
3.94901991
4.12548971
3.20588255
0.79803950
4.14117622
2.18235326
14.04706001
21.51764870
20.14510345
16.26274681
12.33529472
6.66078520
1.78235340
3.15294147
1.79215717
5.36274433
3.46078467
2.52745104
6.34117556
4.44313765
1.56470609
1.92156911
2.86862755
4.57843208
19.80784607
18.80195999
19.27255249
12.06862736
9.54509735
4.28823709
1.62156880
2.83921599
4.50980425
5.96862841
2.42156887
4.80196095
9.74705982
2.52745104
1.12745106
1.70980430
1.80392182
10.34313679
20.49019814
18.29999924
16.38431549
10.88823414
6.86274529
2.05686307
3.31372571
1.52941179
7.51764774
6.08039188
2.39019632
10.19607830
7.11960793
0.45490196
1.82745135
1.77058852
2.71568608
16.92745209
20.90000153
17.43137360
12.33725452
9.68431473
4.08039236
1.41764736
3.42745090
2.73137259
9.85490131
4.92156935
4.99803972
10.66274738
1.41764760
1.57647073
1.33725512
1.88431394
6.64117622
21.99803734
17.63137627
13.95686245
10.25098038
7.00588179
2.50196099
1.81568670
2.29607868
6.15686321
9.54509830
3.80588317
6.84117746
4.05098009
0.87450999
1.90588236
1.74509823
2.89411783
11.93137169
21.59803581
14.53137589
11.79607964
9.24705887
5.00784302
1.08627486
2.13529420
1.37843168
8.91372490
6.02353001
3.59215713
4.85294151
1.19019616
1.33137286
1.48039234
2.61372614
4.49215698
16.02157021
19.60195923
13.01764679
9.96862888
7.02156925
3.66470623
0.96470606
1.56470633
2.26274514
6.29803753
3.45490241
4.27647114
1.36666703
1.72549021
1.46470606
1.64313745
2.53921604
7.96470594
20.20980263
14.74117947
11.37843227
9.11960697
6.34509802
1.60000026
1.29803920
1.11176491
2.90000033
2.52745175
2.82352996
3.45490193
1.26470590
2.66862750
0.91176504
2.22352982
3.99019647
13.12156868
17.59803772
12.68039417
10.04117584
7.33725548
5.13725471
1.47058845
0.93725508
1.05686295
2.63529396
2.38627458
3.51568651
0.82745129
1.77450991
2.67451024
1.02156889
2.92352915
6.37843227
15.16862774
13.74901962
12.00588131
8.40000057
7.56862783
2.69411802
1.41960800
1.05098069
1.62156904
2.45686293
2.47843170
2.00784349
0.55294120
2.28431416
2.94313788
1.26666677
3.92156911
10.56078243
14.19999981
12.59804153
10.29804039
7.14313745
7.07647133
2.42156887
0.82156879
1.20392179
1.52156901
3.14117670
2.02745152
0.85686284
1.24705899
3.97843146
2.57450986
2.59803915
5.49215698
13.60196209
13.37842941
10.90784264
8.26666737
9.26666641
3.54313755
1.83137286
0.87254906
1.20784342
2.49411774
2.63333368
1.17254937
0.22352941
1.68235302
4.73529434
4.02549076
4.79411793
9.00000000
15.08235550
11.32745075
10.04117680
7.95294142
7.76666689
2.66470599
1.16470611
1.00784326
1.19607866
3.50392127
1.75098062
0.55686289
0.60980397
3.02745128
6.30588245
4.99803925
5.64509821
13.10000229
14.78039169
11.76470566
8.19019604
9.54901981
4.08823442
2.51960778
0.55686277
1.14117670
1.73529422
3.56274486
1.85098088
0.31176472
1.59803951
4.30196095
8.22156906
6.20588303
8.16078377
17.45098114
14.47058868
10.56470394
8.79019642
8.12744999
2.77058816
1.56666708
0.76666683
1.19803941
3.72745132
2.92549109
1.30000031
0.26862746
2.27647114
6.98627567
9.21568775
7.82156944
12.67058945
19.33529282
12.42941093
9.06078434
9.86078358
4.56470633
2.63137317
0.84509826
1.12941217
1.82745123
3.99411821
2.64901996
0.28431374
0.57058823
4.20784378
8.91372681
10.99803925
9.42352867
16.18235588
15.20196152
12.15098000
8.39019680
7.66470528
3.03137279
2.09019637
0.83529425
1.02156889
3.24313736
3.41960835
1.95294142
0.18431373
1.62941194
6.23725462
10.59215832
10.99607849
11.98431492
14.63529491
13.36078358
11.27843094
7.85686255
5.03725481
3.14509797
1.63921583
1.06274533
1.18627477
4.73921633
2.66666698
0.61568642
0.19803922
2.67647099
8.29215813
11.92549133
10.65686512
13.24509716
11.99607658
14.54510117
10.05098057
7.25882435
3.27254939
3.50000024
1.39215720
0.91960800
3.40000010
3.12745118
1.65490246
0.23529412
0.95490199
3.80980396
9.30000114
13.09411812
12.88235378
12.78431511
15.49019814
11.67450809
8.95294189
5.48039246
2.63725495
3.48235369
0.75882375
1.77058864
3.29803991
2.50980401
0.69607878
0.30000001
2.08039236
5.05098057
8.46078300
15.23921585
12.28823566
13.09607792
13.97059155
11.18039322
7.53529310
3.28039217
2.98823571
2.59607887
1.32941198
3.30980396
2.14509845
1.47058845
0.28627452
0.81764710
2.57254910
6.55098009
7.67451048
14.50195980
12.24705887
14.48627377
10.40784359
9.35294151
5.20392323
2.59411740
3.54117656
1.62156880
2.18431377
3.50588298
2.27647161
1.01960814
0.28627452
2.27058840
2.57843161
4.57254982
11.44902039
11.41568661
13.51176643
12.92745018
9.54705906
6.96274424
3.30000019
2.66666698
3.25686288
2.13333368
2.97058868
3.54117632
2.40000057
0.55490196
0.26274511
2.73921585
3.14117670
3.11764741
13.23921776
11.57647038
14.48627472
11.49215698
8.97450924
5.00392151
2.22156882
2.80392218
2.85882401
3.47254968
3.47647071
4.35098124
1.04509842
0.28235295
1.45882356
2.82549071
1.40196121
6.49411821
12.34510040
13.54313755
14.39411926
10.31568718
7.22549009
4.12941122
2.34902000
3.73529434
2.18039274
3.89803934
3.45490193
5.22941160
0.58431393
0.21372549
2.84901953
1.77843165
1.19607866
10.96862793
11.31960869
14.72549152
11.40587997
10.98235416
5.19803953
3.07254910
2.76470613
3.94117689
3.49607849
3.24509811
5.87647057
3.17647099
0.42941177
0.46470588
3.31176496
0.70392156
4.21568680
13.43921757
12.56666851
13.28431225
12.45294189
7.61960936
3.94901991
2.38235307
3.48627496
3.19019651
3.99607897
3.17254949
6.27058840
1.85686326
0.38039216
2.25686312
2.10000038
0.80784327
8.89411831
13.67646980
13.90392303
12.16470623
13.63137150
5.85490179
2.52549028
2.19019628
4.56666756
3.09803915
3.76274538
2.53725505
6.66274500
0.64313734
0.18039216
3.36470556
0.76666701
2.45882344
13.70392132
13.39803982
14.01568699
15.87451077
10.31764698
4.12352991
2.64705920
2.08235312
5.29803991
3.91568661
2.83137250
4.85097980
2.31372619
0.27843139
1.94509828
2.65098047
1.09803939
6.71568537
14.88039494
18.31764984
13.69019604
17.56078529
8.02941227
3.07254958
2.51372552
3.33921576
5.15686274
4.21568632
2.89607859
3.19607854
0.50588238
0.29607844
3.75098062
2.26862764
2.42156863
11.45294380
21.52353287
18.42745590
17.10784531
13.64901733
5.26666594
2.27843165
1.75098062
6.04117584
4.28431368
3.52156878
2.88823581
0.79019636
0.18431373
1.76862752
3.70000029
2.49411774
5.41960764
17.64901733
26.31371880
17.37646866
17.34901810
8.90784264
3.47058821
1.75098062
2.10392165
7.00784349
4.68235350
3.69803929
1.24705935
0.41176471
0.42941177
3.79999995
3.38823509
2.72549081
10.10392094
24.60980606
23.33529282
18.32745171
14.50000191
5.02156925
2.29411769
2.40000033
4.48823547
6.54117537
4.16862726
2.86862803
0.69607854
0.24509804
1.02549040
4.84117651
3.26666665
5.36078405
15.74117756
23.63921928
22.19804764
18.59215927
8.86666679
3.63529468
1.99215710
2.53137279
6.45490217
5.85098124
4.18039274
1.53333378
0.19803922
0.91568655
2.69803929
4.32549000
2.23333406
11.47843170
17.28431702
22.97842979
22.10980606
13.25294113
5.65490294
3.04509807
2.59803939
2.53137279
7.46666622
4.64705896
3.29607868
0.92549050
0.96078444
0.76470608
4.71176434
3.63921595
4.00392151
13.93529320
18.44117546
24.72548866
19.06470871
7.51960897
3.95490217
2.80588269
3.01372600
3.77254939
6.50000048
4.36078405
1.98235309
0.65098053
1.31568658
2.16666698
6.02549028
3.14901948
8.84509754
13.98431587
23.03726006
23.21961403
12.32745266
5.22941208
3.02353001
2.97451019
2.90196109
4.28235292
7.76666689
3.11568642
1.14313769
0.85294127
0.77450997
5.53725529
5.92353010
2.59607863
11.34313774
15.56274700
23.83725739
18.62353134
8.46470547
3.69803953
2.73529434
3.06666708
2.66470623
5.66666651
9.12941074
2.20196104
0.63137263
0.95294136
1.39607859
8.31568718
3.62156868
4.43529463
13.17058849
19.58823776
20.05097961
12.94509888
6.27647018
2.97058892
2.38431382
3.34117699
3.43725538
9.84313679
5.30588293
1.57843149
0.59411770
0.98431385
2.84509802
7.06862783
3.05294204
6.64117718
17.38627434
20.78823471
15.25098228
9.36470604
4.02549076
2.03137279
2.67254949
3.15882349
4.98235416
8.84705925
3.49804020
1.28039289
0.69215703
0.83333337
4.25294161
3.76666689
3.78431368
11.75686264
20.94705582
15.14313793
11.78431416
6.20392179
3.10588217
2.13725519
3.55294132
3.20000005
6.79215765
5.84509850
2.18627477
0.41960785
0.66078442
1.41568649
4.22745037
3.32941198
5.89215708
17.53921700
18.00196648
12.94313717
8.51176357
3.35098004
2.39411759
2.50196123
3.45686293
4.26274538
6.03921652
4.56666708
1.29607868
0.56470591
0.37647060
2.60784364
3.64313722
4.01764727
8.38235283
19.88823509
14.72744942
11.70392132
5.38823557
3.43921566
2.08431387
2.36862803
3.71372628
5.17647028
4.19607878
3.19411778
0.79803956
0.59803927
1.22745109
2.64705944
3.12941194
6.01372528
12.25882339
16.99019814
13.40000057
7.56470537
3.91372538
3.25294161
2.46862769
2.91372585
3.72745180
3.47058821
4.85097980
1.73333371
0.45294118
0.69411772
2.09803939
2.74705911
3.92549086
7.85490274
13.78431320
14.22744846
11.03921509
5.37254953
3.97450972
3.35098028
2.26862788
3.38823581
3.23529458
3.26274514
3.85294199
1.35882390
0.60784334
1.78431392
3.58039236
2.60000038
5.70392132
9.43333435
15.25097847
13.53333187
7.72941351
4.06274509
3.87451029
2.84117627
2.58039284
3.34705901
2.04117656
4.37254953
2.11764765
0.72941196
0.82352960
3.20784330
3.16078472
4.02549028
8.48627472
12.06078339
15.81372356
10.48235226
5.98235512
4.18823481
3.67254949
2.69019628
2.66274548
2.56862712
2.45294166
3.10980368
1.50196111
0.79019624
1.69607842
3.51176476
3.21764708
5.45490217
12.19411755
14.60000038
14.19019604
8.34902000
4.44705868
4.05098104
3.67843151
2.56078458
2.63725495
2.67254949
3.39803934
1.65294135
1.19607866
0.92549062
2.84313726
3.01764727
4.26470613
8.98431396
12.83921528
16.39019775
10.96470261
6.69215727
4.76078415
3.23529410
2.70588231
2.70784283
2.51568651
3.01960802
4.07058859
1.19803953
1.18431413
1.55490220
3.13725519
3.99607849
4.64509821
11.27843094
14.90000153
15.50784302
8.15098095
5.35294104
3.84509826
3.06274533
2.35098076
2.24902010
2.97843146
4.30196142
2.92941189
1.68039238
1.05098069
2.26078463
2.79019618
4.43137360
7.28823519
12.47058868
16.22352982
11.58823299
7.42745209
4.59215736
3.14117670
2.60000038
2.25686288
2.34313774
3.50196123
4.87843227
2.52156901
1.08235323
1.31568646
2.55882335
3.52352953
4.20392179
10.21960926
16.89411736
14.55294037
10.24901867
5.37058735
4.22549009
2.74901986
2.16470599
2.13137269
2.66862774
4.74705887
3.92941141
1.48627496
0.83529425
1.92549074
2.66862726
3.93529439
6.52549028
15.43333435
17.39608002
12.46470356
9.38627529
4.42156839
3.00980425
2.21960807
2.62941194
2.41568685
2.73725533
4.87647104
2.81764746
1.16078496
1.23921609
2.44117665
3.63333416
4.64117622
9.60588264
19.70196152
15.23529530
11.02745247
6.15686321
3.73921633
3.18039227
2.50392175
2.79411793
2.44509840
4.25490189
3.79607940
2.29215717
1.01568651
1.93725514
3.02549076
4.22549057
6.56274462
15.10588551
17.18431282
13.54705811
9.44705963
4.56470633
3.53137279
3.06470561
2.41176486
2.92352962
3.31372547
3.42156816
3.22941184
1.91372585
0.99411786
2.48431420
3.67647076
6.06470585
8.86274529
16.14117813
15.05098152
12.64510059
6.58235359
3.61960840
3.07254958
2.54313755
2.47254920
3.50000072
3.45686245
2.83137321
2.61764765
1.40784347
1.46470582
3.37451005
4.47058821
6.97450924
10.96862793
16.02941132
14.40784264
9.81568813
4.95490217
3.42352962
2.71764708
2.53529453
2.34117699
4.14705896
4.85882378
2.56470609
1.64705908
1.21960831
1.94313753
4.29803944
5.45882368
7.91372585
13.11960793
15.30000210
13.66862679
7.97843218
4.15098047
2.96666646
2.36274529
2.54705930
3.33725500
6.65882397
3.66274548
3.44705939
0.81764722
1.64901996
2.68823528
4.52352953
6.00980377
10.05097961
15.27254868
16.10588455
10.82157040
6.08235264
3.40784335
2.64901996
2.55098104
2.62549019
4.69411755
6.86078453
3.81764698
2.33333373
1.14705896
1.80000043
3.93725514
4.23725557
8.00196171
12.01568604
14.29215717
15.64509773
9.40980339
4.34117699
3.00196075
2.63333344
2.17843151
2.46078491
5.58627462
5.52352953
4.10196114
0.95686287
1.53333354
3.32549071
4.54313803
4.74313736
9.42745209
14.69215584
15.91568851
11.45490456
7.06666660
3.78431368
2.70784354
2.31764722
2.20980453
2.19215679
6.00392151
4.59411764
1.74509847
1.23137271
3.09215689
4.60588217
5.06862736
7.59411764
12.67255020
14.26470470
14.98627472
9.88823605
5.15686321
2.92549086
2.28235316
1.89607871
2.40588284
2.16274524
5.55686283
2.98823571
0.89607859
1.49411786
5.46470547
5.86078453
5.49803877
10.00196171
14.69411850
15.48627663
11.04509830
8.16274548
4.57451010
2.35294151
2.21764731
1.89215708
1.79607856
4.24902010
4.04509830
0.82745129
1.39411771
2.27451015
7.69411707
7.46470642
7.18431377
11.76274395
14.27450943
13.40000057
9.96666813
5.91568756
3.70392179
2.26666689
2.06470585
1.86274505
1.72745121
5.94313717
1.63921607
1.08039236
1.25294137
4.52941179
9.44313717
6.68627501
8.65490437
12.70392323
13.60000134
10.52548981
8.08627415
5.08235312
2.72941208
2.36274552
2.30588293
1.51176500
2.81372619
5.40588236
1.28235316
1.13333344
2.30196071
6.65686321
9.41764832
6.36470604
10.25490284
12.46862888
12.46470737
10.08235359
5.80588293
3.96078515
2.53333354
2.32156920
2.05686307
1.90784323
5.32156849
3.26470590
1.06666696
1.70588255
3.63333321
7.66666651
8.31176472
8.58235264
12.11176586
12.60196209
11.75882530
8.06666660
5.48627329
2.59019637
2.41568685
1.94705927
1.45098066
5.25686312
5.13921595
2.19215727
1.23137271
2.07450986
6.17647028
7.80588245
9.60196018
10.64706039
11.62156868
13.39019203
10.75882435
5.94509745
3.62549090
2.17058825
2.15882349
1.86274529
3.40784335
8.53529549
3.94901991
1.50196111
1.91568625
3.16078448
7.38235188
7.35490179
12.63333225
12.95293999
13.45490360
12.86470318
8.25294209
4.89607811
2.37647104
2.20000052
1.76666677
2.90196085
9.21764755
7.70392179
1.97254932
1.25882363
2.09215713
5.54901934
7.08823490
9.19215679
14.27647209
18.88627434
14.74901867
11.29999924
6.94901991
3.67843151
1.86666703
2.19607830
2.73921609
6.46470642
10.89803886
5.25882339
1.92549038
1.70000017
3.62156844
5.72352982
6.57254887
12.04509926
22.32549095
18.67647171
13.71372414
9.76666832
5.82156944
3.01960826
2.65686297
3.24117637
4.04901981
8.28431416
10.79215717
4.41176558
1.62156916
1.85490215
5.07058954
4.19215679
7.42549038
18.93725586
26.21764946
14.28823566
12.65098000
8.14313793
4.16274500
2.66862822
2.71176529
3.99411821
5.94313765
9.27451038
9.50588322
2.73725533
1.86666691
2.92352939
5.79411697
4.18039227
10.10196114
24.06666565
16.96078300
14.60588455
10.93529320
6.25882339
2.86862755
2.39215732
3.39607859
4.28431416
6.54117680
8.78431320
7.91960764
2.17058825
3.03333378
3.92745042
3.90980411
4.82549000
14.25882435
17.69999886
13.96274281
13.61372566
8.23333263
4.34509850
2.43725514
2.13333368
4.23333311
4.54901981
5.82745123
8.71764660
5.80588198
3.70000052
3.36470628
3.57647109
2.62352920
4.56274557
13.96862888
13.90784550
14.39019394
10.28235531
6.49999857
3.17647052
2.14313745
2.57647085
3.98627496
5.38627529
5.82549047
9.21764660
4.47451019
3.07450986
4.82352972
1.73137271
2.49019647
5.86078405
12.33725357
14.57451248
11.81372643
7.81176472
5.61960793
2.66274548
2.18823528
3.12156868
4.04313755
5.67843246
5.60588312
8.59804058
4.09411812
2.48039246
4.67843151
2.09215713
3.47450972
7.77647018
13.67451000
12.54902172
9.93137455
6.51176405
4.57647133
2.34509826
2.75490212
2.91960788
5.36666679
4.53725481
5.96666622
8.02156830
3.24509811
2.92941213
3.24901986
2.98431373
5.16862726
10.12745094
12.35686493
10.61568642
7.87254953
6.32549095
2.86274576
2.68627453
1.91960812
3.12941170
4.85098076
4.44313765
7.79999971
5.44313765
2.42352939
3.81960821
1.93333352
3.71176434
7.86470604
12.22745323
10.07843208
9.47450829
6.96862698
4.87451029
2.60588264
2.41176510
2.09803939
3.79411793
3.50980425
4.29803944
8.01176357
2.59019661
2.97647071
3.59803915
2.70392179
5.86078358
10.69607925
11.12941265
9.92548943
7.81372499
6.06078386
3.25686264
2.19411802
2.02156901
2.63333368
4.25294113
2.58431411
4.62549019
5.26666689
2.28039241
3.69215679
3.73529482
3.68235302
7.82941198
12.51372719
10.44705868
9.46470547
7.00980425
4.60588264
2.92352986
2.23137331
1.99803948
3.33333421
3.85490251
2.36078429
4.81960773
2.97254968
3.23137236
4.20392179
3.15882349
4.95098066
10.07843113
11.39215946
11.14313698
7.91176510
6.09215689
3.82549095
2.68235302
2.39607882
2.35882378
4.29019642
3.12156844
3.34509873
3.66078448
1.42941213
4.32352972
3.48039246
3.81176543
6.73137283
10.60980511
10.70588207
9.91568565
7.29215622
4.35098171
3.01764750
2.42549038
2.21372581
3.27451015
4.89607906
3.13333392
3.58039236
1.74705911
2.83137274
4.54705906
3.04117656
4.24901962
8.30980301
10.43333340
10.39019585
8.17058754
4.96470547
3.44117665
2.57254910
2.54705930
2.77450991
3.84509802
5.17647076
3.18235302
2.77450991
1.39411783
3.98823524
4.31960821
3.05294132
6.33529520
9.08627510
9.20196056
9.44902039
6.23137188
4.76274538
2.72156858
2.55294156
2.39215708
3.41568613
5.43529463
3.20196056
3.81176496
1.62549055
2.54901958
5.38431406
3.16274500
4.04117680
7.38235378
9.02549171
8.96862793
8.20196152
5.21764660
3.81764698
2.35294151
2.74705887
2.80392122
2.95294118
4.83921623
2.89215732
2.87254906
1.58823562
3.79019642
6.03725433
3.75882363
5.85294104
9.15294170
8.24117756
8.43725395
6.81176472
4.85294151
3.16078401
2.40392184
2.74509835
3.08823562
3.33921623
3.53725505
2.43333387
1.75294149
3.29999995
3.43921614
6.23529387
5.56666708
10.34902096
9.19411659
8.09411907
7.75882387
5.99607897
4.39607811
2.65686250
2.54705882
3.13725519
3.83333349
2.56666660
3.26862741
1.81176472
2.21372604
2.80784369
4.51176500
5.31764793
10.49411678
12.45686340
9.06470680
8.17254829
7.32548904
5.18431425
3.57058835
2.69019604
3.22352958
3.66470551
3.88627410
2.83333373
2.55294132
1.96078455
2.29019618
2.63333368
3.99019647
4.69411850
14.37254906
12.51176643
8.72352982
8.45490170
6.39411783
4.43333340
2.51764750
2.80980396
3.38235307
3.79411793
3.26862741
3.43921590
2.12745118
1.55686295
1.83529437
3.10196114
3.10980415
5.61568642
13.71764565
12.22549152
9.91568565
7.14117813
4.98627472
3.60000038
2.62941217
3.08235312
3.17843175
3.65098071
2.80196118
3.05882359
1.93333364
2.63137293
2.01176500
3.54509830
2.88039255
6.43529415
13.18235397
10.90784454
9.98823547
6.15490246
3.95490265
2.74901986
3.25490212
2.56274581
3.42941189
3.12549019
2.84313750
2.42352986
2.78235292
2.48431420
3.11372542
4.02745152
3.03333330
7.73725510
12.90392303
10.43529415
8.71372604
4.67647076
3.77843189
2.58235335
2.84902000
2.46470594
3.03333378
2.85686326
2.45098042
2.13921571
3.58039212
1.98235309
4.60392141
4.62548971
5.90588284
9.71960831
13.04901981
11.02941322
7.11960888
3.95490217
2.63529420
2.78235316
2.73921609
3.24117708
2.66862798
2.53921604
2.77254915
2.13921618
3.49411798
2.80196142
5.75098085
5.06666708
10.27058983
12.75098228
12.12745094
10.81568527
5.21568584
3.40588284
2.97058868
2.91764736
3.00196099
3.14509797
2.58039260
3.61764765
2.42156887
2.69411826
3.41960764
3.76862764
5.27254963
9.36862755
10.88039207
13.49019527
13.39019775
7.91176558
4.05686283
2.89803934
2.93137312
2.99411821
3.05686307
3.18431449
2.95294142
3.40588236
2.01960826
3.11176467
3.79215693
4.13725519
5.48627424
11.79019737
10.85490227
14.27450943
11.27450752
6.46666670
3.82352972
2.58235383
2.67058849
2.62941170
3.35098076
2.58039260
3.09411788
2.21764731
1.87058854
5.00784254
3.10392213
5.25294113
6.75490189
8.76862717
11.93725777
13.13137054
8.55686378
5.17451000
2.76078463
2.48431444
3.00784326
2.63333344
3.17843175
3.24117708
2.58823538
1.62941206
2.31176496
5.72352934
3.89999962
6.36274529
5.57254934
7.69411802
11.86470795
10.12744904
6.95294189
4.20196199
2.81176519
2.74705863
3.69803977
2.81372547
3.37058854
3.18431330
2.25490236
1.67451024
3.10392189
6.99803972
5.41176414
6.72156954
6.23529434
8.90588284
12.12352848
8.26470661
6.30392122
3.41176462
2.88235331
3.00784349
3.21176505
3.03725529
3.32941175
2.90784287
1.82156873
1.63137269
4.68431377
8.23921585
6.23137236
9.52353001
10.43137264
12.81372452
11.92352772
7.08627558
4.94705772
3.06274533
2.99411798
2.88039255
2.76274562
3.30196142
2.93921566
2.72549081
1.43921590
1.87843168
7.24705982
6.86274481
9.64902115
15.68823910
18.51568413
16.80588531
9.34117699
6.23921585
3.35098004
2.90196133
2.66078496
2.74705863
2.74509811
3.63725543
2.69019651
2.27450991
1.51176500
2.23137283
8.80392075
5.40196133
13.73725510
22.07647324
20.66470528
14.68039322
7.62941265
4.79411840
3.17058825
3.09607863
2.53137279
2.66862798
3.51960826
2.79803944
2.22352934
1.81764722
1.25686300
3.79215741
6.52352953
5.93333340
17.10588455
24.86274338
18.60000229
10.44117641
6.49215746
3.24313712
2.80980444
2.67647099
2.46274543
2.26078439
3.11960793
2.34901977
2.18627453
1.50588250
1.41372573
4.81176472
4.68823528
7.01372623
17.02941132
20.41764832
12.73725605
8.83529282
5.23921585
2.52745104
3.01960802
2.39607859
2.52549005
2.81372571
2.98235345
2.00000048
1.81372595
1.36470628
2.41176462
5.50196075
4.23333311
7.90392065
14.27843380
13.87058926
10.19804001
7.55098009
4.58823586
3.01176476
2.57451010
2.81764722
2.42352986
2.57058787
3.33529425
2.09019637
1.32352960
1.73529434
3.91176510
6.15294123
5.29607916
9.27843189
11.36470413
12.28431416
9.62941360
6.81372547
3.58823586
2.79803944
2.65686297
2.60784316
2.43725514
3.00588274
2.97647071
2.10196090
1.77058840
2.16274500
6.20196104
5.87647152
6.53529453
9.90000248
12.07058907
11.79215717
7.66862822
6.21764708
3.09607863
2.76862812
2.72156906
2.37843156
2.61960864
3.75098062
2.36470604
1.30784333
2.07058883
3.31960845
6.49607897
7.96666622
10.00195980
10.89411926
13.08627415
10.69019699
6.78235340
4.87646914
2.95098066
2.76666737
2.60000086
2.76274538
3.23137259
3.30784345
2.17647076
1.55686283
2.02941203
4.26862812
7.15098047
10.89803982
14.34313965
13.99608040
11.95490074
8.24901867
6.65490246
3.02549052
2.89019632
2.58235335
2.68627501
3.94901967
3.39999986
2.39411807
1.71568656
1.90980434
3.43725491
4.30000019
8.52548981
15.09803963
17.97254944
13.74509907
10.40588284
6.91960812
4.84705877
2.76078415
2.81764722
2.46274543
2.61960816
5.13333273
3.17843151
1.97058821
1.82156920
2.06862760
4.86666679
4.41176510
9.12549114
19.99607849
17.28039360
11.84509659
9.56666660
6.02745104
3.21372509
2.43137312
2.52549052
2.69215703
4.26078415
3.10196090
2.75098109
2.16862774
1.71568644
3.15098047
5.15294218
4.71372604
11.81568718
18.95098495
14.69607830
10.28627491
7.20588255
4.65882301
2.61372590
2.38823533
2.84509850
2.61764693
4.44705868
2.79215717
2.54117680
1.93529451
1.74901998
4.47647095
3.94509816
5.65098095
12.73137474
17.54706383
11.48039246
9.45098114
5.85098028
3.66862726
2.46274519
2.44117665
2.68823528
3.40784311
3.45294094
2.50000024
2.24901986
1.45490205
2.71764731
4.42941236
3.33137298
6.42745113
14.18627453
14.25490284
11.06274509
7.67843151
4.79019594
3.08627486
2.30588269
2.51372528
2.63921618
3.78039241
2.29215717
1.99803960
1.76078463
1.58039248
3.76666689
3.54705930
4.36078405
7.60196066
13.78431606
11.75098133
10.33725357
6.12941313
3.62549114
2.57843161
2.38235307
2.13333392
2.58235335
3.10196066
2.25686336
2.03921580
1.41372597
2.15882373
4.57451010
3.64705920
5.38431358
10.99411964
11.56078529
10.72745132
8.48431396
5.07254982
2.80000019
2.70588255
2.71568656
2.11568642
3.04705858
2.09215713
2.17843175
1.70980418
2.02549028
2.54313731
4.25686264
4.84705830
7.76274586
13.07450771
10.82745171
10.65098381
6.34509802
4.14901972
2.95294094
3.12352920
2.41372609
3.03725529
2.43137264
2.13137293
1.96862781
1.42352974
1.75686312
2.87058830
3.57647085
5.70980406
13.71372509
12.00196362
10.53725433
9.52745152
5.63333321
3.70784354
3.09411788
2.94313741
2.55686307
2.96470571
2.49215698
1.68039238
1.71176517
1.72941196
2.65098071
2.52353001
3.49607849
8.92941284
14.70980453
11.09999847
11.04705811
7.89411831
4.46862793
3.02941179
2.65098023
2.71568704
3.42549038
2.61764717
2.68627453
1.87843168
1.68823552
1.83137286
2.85882425
2.75294113
5.36078548
13.97058868
11.56862640
10.57647228
9.71372414
6.10588217
3.68235350
2.48431373
2.74509835
3.16274524
3.69607830
3.46274567
2.33529472
1.92156899
1.59803939
2.25490236
2.90000010
3.73333335
10.12549019
12.51960850
10.35490322
10.63529491
7.92548895
4.47254944
3.09607911
2.73921633
2.55294156
3.49803948
3.27058792
3.54705882
2.17451024
2.01372576
1.52941191
4.24117708
3.60784316
6.51568794
12.43529606
10.81764698
11.10588455
9.82941055
6.09803867
3.69019651
3.06470609
2.59803963
2.50588250
3.31176567
3.00588250
2.74901938
2.28823543
1.69607878
2.79999995
5.69019604
5.99215651
10.34901714
11.98235130
10.57647133
10.94902039
8.19999981
4.33137226
3.82352972
2.70196128
2.51764750
2.85098076
3.21960783
3.25098038
2.23333383
1.99411786
1.53921604
5.02941227
7.16470623
9.77058887
11.80980396
11.94117546
10.71764851
9.68823433
5.71960831
4.15490150
3.59215689
2.50196099
2.56470609
3.38627481
2.81568623
3.00784326
2.70588255
1.35490227
2.68823528
6.08823586
9.28235149
11.31372643
14.07647133
12.30980492
10.67647076
7.38627481
5.05686235
3.58235288
3.36470652
2.67843175
2.85490203
3.04705882
3.05098009
2.50000024
2.19607902
2.39411783
2.67254925
5.92352962
10.58823586
13.41568661
16.78235435
11.51176357
9.73529434
5.76666689
4.16862822
3.88039231
2.70392156
2.60000038
3.18431473
3.13333368
3.07058883
2.70588231
1.59019637
2.98235345
3.27058840
7.42352962
11.89607716
17.43529892
15.69804001
11.85098171
7.38627338
4.97647142
3.46078491
3.46078444
2.49803948
2.52745128
3.45686316
3.20196080
2.46862817
2.37843132
1.75098050
2.74509859
5.17450953
8.91176414
15.18235016
16.59412003
13.37842941
10.78823376
6.30195999
4.05490255
3.32941198
2.70196104
2.73921609
2.96470594
3.99803948
2.60196137
2.48823571
1.59019625
2.40000010
3.55686331
6.40000105
9.82941246
14.90980434
14.02744961
12.98431396
7.84117603
5.03137398
3.58431411
3.36274529
2.49019575
2.68039227
3.45294213
3.30588245
2.60392189
2.10588288
2.16470599
2.52156878
5.18039227
6.48823547
9.07450962
11.33725452
12.64117718
10.95882607
6.47450972
4.42353010
3.42549109
2.85686302
2.51568675
2.46862817
3.24705958
3.04902005
2.48823571
2.00588274
2.07254934
3.22745109
7.00196075
6.30588245
9.02157021
10.78235340
12.08627510
8.91764641
5.08823586
3.94313741
3.52352953
2.53725505
2.53725553
2.73725533
2.64901996
2.97451067
2.18039227
2.35490203
2.31372571
4.52156878
7.63529348
9.37450981
9.97058773
11.02549171
12.40392113
6.97254944
4.49607849
3.40980434
2.99607873
2.61764669
2.91960883
2.67843175
2.78235340
2.85490203
2.33725524
2.35490227
3.42156887
5.42156792
9.56862831
13.59215736
11.92352772
13.33921528
10.29999924
5.05294132
4.16666698
3.22156882
2.61176491
2.78039265
2.70980430
2.66666698
3.16862774
2.22941208
2.40588284
3.64705920
3.55490232
5.84313774
13.13529491
15.44901943
13.54901981
13.07843208
8.27058792
4.53137350
3.52156949
2.91960835
2.43137288
2.78823543
2.53137255
3.13725591
2.70784378
2.31176519
2.68823552
4.68235254
3.24117708
6.76274395
15.76274490
15.05293941
15.20588493
11.57647228
6.15882301
4.26078510
3.15490222
2.62352967
2.77843142
2.46862793
3.16078472
2.80588222
2.34902000
2.34117651
3.88431358
4.40980339
3.69607925
8.60784340
15.16274452
16.90784454
14.92352676
9.10196114
4.67647076
3.70000052
3.08823633
2.86078477
3.02156878
2.74509835
3.10980439
2.57254887
2.25098109
2.72549057
4.92156887
3.77451015
5.00000048
9.41372585
14.89411926
17.50196457
13.66862774
5.96274614
4.39607906
3.49215674
3.12549043
3.12156892
2.80980396
2.76078439
2.90980411
2.14117670
2.18039227
3.38431358
5.55294037
3.02745104
6.50588369
10.14509869
16.84902191
15.04706001
10.15294170
4.87450933
3.85882378
3.42941141
2.81960773
2.53137302
2.53333354
2.94705987
2.41176510
2.03529429
2.76666713
3.85882401
5.02549028
3.82549000
8.01764679
10.91960812
13.96274567
13.20588303
7.03921509
4.44705915
3.22156906
3.05686307
2.32156873
2.56078458
2.70196080
2.55098057
2.18235302
2.27451038
3.65686321
4.78235292
4.06666660
5.30784369
8.20980453
10.50784492
11.60196018
10.45686245
4.95686340
3.90000057
2.75882387
2.84117627
2.62156868
2.35098052
2.53333306
2.38431406
2.08235312
2.79411769
4.21960831
4.43137217
3.70588255
6.79215622
9.73921680
9.60392284
10.38235283
6.94117689
4.32549000
3.80000043
2.94509840
2.72941232
2.38431382
2.40784335
2.42352986
2.29607940
2.72156882
3.07254934
4.18431425
3.79411769
4.38039255
8.75490189
10.40392017
9.24706173
8.41568756
5.67451000
4.22549009
3.03529429
2.78235316
2.56078458
2.56470633
2.52352953
2.45882440
2.51372576
2.70784378
3.23529434
4.12941265
3.51960778
5.87843084
11.69607735
8.60196114
8.41568661
7.29019547
4.58627510
3.49215698
3.08823562
2.76862812
2.71568656
2.35490251
2.34313750
2.40588236
2.80000043
2.52745128
3.62941217
3.82941198
3.56274557
9.11568642
10.37646961
7.10980320
7.55882263
6.79411745
3.91372585
3.08627486
2.86078501
2.76862764
2.62549067
2.05686307
2.20784330
2.35098076
2.47451019
2.56470609
3.94705963
3.20588255
4.44117641
11.18823528
7.42156839
7.54313850
7.87058878
4.85490227
3.81764746
2.85686302
2.95882368
2.73137259
2.47058868
2.20980382
2.48823571
2.14705920
2.79019666
3.39215708
3.40784311
3.32745123
6.54705954
8.96274471
7.47254848
8.16078568
6.69019651
4.68431425
3.59019637
2.84117675
2.62745094
2.70588279
2.19803929
2.18823552
2.20000029
2.51764750
3.06862760
3.49019623
3.14117694
4.58431387
7.68431377
7.86274624
9.26274586
7.90000010
5.04313755
4.16470623
3.01568675
2.85882354
2.10196090
2.37451005
2.00588274
2.03333354
2.16470623
3.08627439
3.11764717
2.93725514
3.75686288
6.79803944
7.46862745
8.94509888
9.88039303
6.14117575
4.47451019
3.29607844
3.04117656
2.33333373
2.20392179
2.36470628
2.15098071
2.19607878
1.81176496
3.79607844
2.99803948
2.91568637
5.04705858
8.78627491
8.78627586
10.22353077
8.09803963
4.49019623
4.05294180
3.24705911
2.60588241
2.68627477
2.17647076
2.15490246
2.24117661
2.09607863
2.31764722
3.69803929
2.84313750
4.03725481
7.48431396
10.36274529
10.82549095
9.76274586
6.32941008
5.03137302
3.37058878
3.18235326
2.37647033
2.46862745
2.08431411
2.20784330
2.36078453
1.93137276
3.24902010
3.60588241
2.98235297
5.60196018
9.76470566
12.56078434
12.96666527
8.40980339
5.00588322
4.25686312
3.34313774
2.79607868
2.63529420
2.49019623
2.16274524
2.13137293
2.20588279
1.87254930
3.65098047
3.78039312
3.00784326
7.23333454
11.30392170
15.58039284
12.82156944
6.41568708
5.09411716
3.06862760
3.04705930
2.83921576
2.62745094
2.56862760
2.10980415
2.20196104
2.03333378
1.87451005
4.43921518
2.94509864
3.88627505
7.24509764
13.40392303
15.65882492
10.31568813
5.07647085
4.41764832
3.03529453
2.62941194
3.07647085
2.77843142
2.34705901
2.42941165
2.37451029
2.09803939
2.58823562
6.00392056
1.94509840
4.24705887
8.37450981
15.53921509
13.77450943
7.29215813
4.82352972
3.44117641
3.09607863
2.73529410
2.58431411
2.66078401
2.50588250
2.47254944
2.09215736
2.29607868
4.15098047
5.66274548
1.59019649
5.38627338
11.45294094
14.81764793
10.67058945
6.71568680
4.54901981
3.08431387
2.54117680
2.83725548
2.19019651
2.69607878
2.27647066
2.28431416
2.15294147
2.05882382
5.99019575
3.98823595
3.50392175
6.58235264
14.50392246
12.62549210
9.17843246
5.42941189
3.63333344
2.89215732
2.83333373
2.42352986
2.40000033
2.60196137
2.12352967
2.16470575
1.97450984
2.58235312
6.61372614
4.21764755
6.86470699
10.98823452
11.70588493
10.31764984
7.81764650
4.73529387
2.88431406
2.72941136
2.68431377
2.42156887
2.77843142
2.20784307
1.73529446
2.29215693
2.17843175
3.45490265
5.73137283
7.27451038
10.72744942
11.18039131
10.29411793
9.09607983
6.58823586
3.52156901
2.92352986
2.53921580
2.57254934
2.56666732
2.63921642
2.00196099
2.21176505
2.31176496
2.19019604
3.54313779
5.62352896
10.53333473
12.03137398
10.32745075
9.88823509
7.29019690
5.70588255
3.05686331
2.82156873
2.35098100
2.40980411
2.12745118
1.92745137
2.49215722
2.30980396
1.92941189
2.12549043
4.07254887
6.79803944
10.91765022
11.76274490
10.21764755
9.03333282
6.64705896
4.12352943
2.75098038
2.72352958
2.17254949
2.24902010
2.30588269
2.29803944
2.04705906
1.84902012
2.06470609
2.54509830
4.63921595
7.20588207
11.41960812
11.02352905
10.78235149
7.66274452
5.84901953
3.50980473
2.47843170
2.61764741
2.17843151
2.36078477
2.68431401
2.18823552
1.89215732
1.96274519
2.65490222
3.05098057
5.16470623
7.95882368
11.65686131
11.08039284
10.89999771
6.33137178
4.22941208
3.08431387
2.77254939
2.23921585
2.15294147
2.57647085
2.75294137
2.07647061
1.91176474
2.05294132
2.73921561
4.21764708
5.42549038
9.30784321
11.82548809
14.32352829
7.96862841
4.71372557
3.39215755
2.92352939
2.71372557
1.72549045
2.31372547
2.82549047
2.53921556
2.02156878
1.88235331
2.32156897
3.56666684
5.06274557
6.33921623
11.41764736
14.50195980
12.35294056
5.61372519
3.76274562
3.00980401
3.15882373
2.28235292
1.93137288
2.51764750
2.65882373
2.26666737
1.93725502
2.11764717
2.52156925
4.48431444
5.54117727
8.58627510
15.28039455
15.01765060
7.64117622
4.54313755
3.22156858
3.02745128
2.65882421
1.83921599
2.30588222
2.54901981
2.39019632
1.95098054
1.93137288
2.07254958
2.72745132
5.43529415
5.92745113
12.32549095
16.88039017
11.50000095
5.48039341
3.89803958
2.75098062
2.76470613
2.56862783
2.15686321
2.29215741
2.49803948
1.51764703
1.95294142
1.92549038
1.93529439
4.01764727
5.81960869
7.54705811
16.19804192
12.64902210
8.57254791
4.80588245
3.46274519
2.78039217
2.63921595
2.53333330
2.49607849
2.74509883
2.07254934
1.82156909
2.05686331
1.87254918
2.14705896
4.67843199
6.39803886
9.47647190
13.18823528
11.00588322
5.88039064
4.44705820
3.10980415
2.87843132
2.72549057
2.69019651
2.46078467
2.93137336
2.19411778
1.90196109
1.62352979
1.86470616
2.30588245
5.38039207
6.87450933
8.79999924
11.06666660
8.39215660
5.58823633
3.47843146
3.07058835
2.71764731
2.53137279
2.44901991
2.33921576
2.39411783
1.95294154
1.93921590
1.85686290
1.71960819
3.02156878
6.26078367
6.48431349
9.36274529
10.61960888
6.60392189
4.79607916
3.14705896
2.73921609
2.61372519
2.35882401
1.95294142
2.36470675
2.05294156
1.98039222
1.70980442
2.34509826
2.13333344
3.52549005
6.37058926
6.67058802
11.11372566
7.30392170
6.30000067
3.85098076
3.13137293
2.73333359
2.23725486
2.23725533
2.14509869
2.50196099
2.09215713
1.98235321
1.80980432
2.28235316
2.21568656
3.88431358
5.84509706
7.92156887
9.59804249
6.70784330
4.47254896
3.47058845
2.80588222
2.43137312
2.40392160
2.14509845
2.24117684
2.45098042
1.91764736
1.82549059
2.10980415
2.30000043
2.35098100
4.40392160
5.85686302
8.88039112
6.78235245
6.32745218
4.01568651
3.09215736
2.41176510
2.48235345
2.44509840
2.18235326
2.41176510
2.08823609
1.86862767
1.79803944
2.31176543
2.13137293
2.81372595
4.51372528
6.36470604
8.24117756
6.13333416
5.40588379
3.56666732
2.90000010
2.55882406
2.30392146
2.11764741
2.14705896
2.42353010
1.92549038
1.79019642
1.89803946
2.56274557
2.50588274
3.78039241
4.78627443
7.94705868
6.89215612
5.97450972
4.88235331
3.08235312
2.94117689
2.64901996
2.46078444
2.01176476
2.19803905
2.31176472
1.73529446
1.69019628
2.41960812
2.71568632
3.14902043
4.56274414
6.41764641
8.67451286
6.44313765
6.02352858
3.75882459
0.20392157
