24.70196152
27.06274796
25.18431091
24.12549210
23.88235283
24.08039284
24.88430977
24.38627052
24.08627701
23.56471252
24.59608269
24.49803734
24.94117737
25.13724899
22.77451324
27.42353439
26.13333321
25.63137436
25.08431053
25.12941170
21.93529701
23.42745399
22.52549362
23.71372223
24.42156601
26.06078339
24.03529167
25.37058640
23.21765137
22.21372795
24.79999924
24.85686493
23.81568146
24.42156219
22.23921394
21.65686035
22.78235626
22.60392570
22.90000153
23.03529549
22.87255478
24.57058334
23.48431778
19.40979958
26.00979996
23.27059555
22.81961060
23.95098114
22.32156563
20.74902153
21.15882301
21.33725739
22.47647285
20.74705505
21.17647552
23.73921204
24.85098267
22.50000191
19.86078644
22.35490417
20.33725357
21.22549057
21.20392227
19.11960983
20.37058640
21.04901505
22.05098724
19.16470718
18.56470871
20.95293427
24.76470184
22.00587845
18.65294075
22.68627167
20.49411392
20.46666145
19.99412155
19.09608078
18.27450562
17.85098267
19.32157135
18.87647247
17.62352753
19.72548676
21.96274567
23.44902420
21.47255325
18.66862869
21.26862144
20.45098305
20.02352905
19.05882835
18.81373024
17.38823700
17.20980453
18.26470184
18.02941322
18.83725739
21.29019165
22.17451096
21.74510193
19.40196037
22.64509964
20.29607773
20.18235397
19.76666641
20.24901581
19.06275177
17.45686531
18.87647247
19.36470604
19.62941360
20.94313622
21.93529701
22.25686264
21.72744370
21.63529205
20.78235435
20.10000038
20.89608002
20.17254639
20.34902382
18.76274109
18.32745171
19.84705925
21.28235626
20.70392036
22.92352867
24.19607925
22.58431244
21.62548828
23.09020042
20.08823395
21.16274452
20.71176338
21.03921318
20.58431816
18.67843246
20.19607353
20.47450829
22.55098534
22.08431244
24.74314117
23.28038979
23.60588074
19.58627510
22.72353363
21.13725662
21.68823624
21.46666908
22.88823700
20.29607964
20.42548752
20.88039398
21.70392227
23.34314156
24.96470261
25.95685577
22.99804115
21.07451057
20.83725929
22.21764946
23.40391922
23.62548828
24.45685768
24.09216499
20.36470222
21.39019394
21.23332977
22.75882912
27.19804382
26.74313927
23.35098457
24.90784454
22.43725586
22.43921852
21.72744751
25.84314156
24.18039322
26.67842865
23.57058334
21.50588799
22.27843094
22.09608078
24.75293732
27.36077881
25.62941170
23.64117622
25.08627701
21.79020309
22.55097961
19.96470261
25.49411964
24.27058792
25.51372147
21.86667061
24.27451324
24.19607735
20.17254639
27.02353096
23.76471138
23.33725357
25.67255211
22.09999466
22.55098152
19.74118042
17.78627205
23.76079178
22.46666718
24.24313354
25.26666451
27.80000496
20.65098381
20.11568642
20.63921547
25.23333359
22.94902039
23.59411621
20.91568756
22.99215698
15.77254868
18.26862717
22.07647896
22.79607964
25.91960716
28.61960602
28.62941170
16.58235550
19.62744904
19.87450981
21.96863174
22.36470795
20.08823776
22.44706345
20.27451134
15.60784149
20.49411774
19.76666832
24.51764870
27.36077881
30.85294151
24.02549362
17.64117813
17.99803925
22.07058907
18.62941170
22.90588379
18.73137093
22.45294189
18.07059097
17.25686264
19.37842941
21.22745132
25.57647514
27.65686226
28.13332748
21.65098000
21.61960793
16.85098267
19.09411621
20.89411736
19.95294189
20.58627319
21.20588493
20.30196190
16.78823662
17.49608040
22.73921776
25.10980034
23.03529739
27.79216003
23.89607811
17.73725700
18.29215813
16.89411926
24.35882378
17.28235245
20.56274796
23.44117165
17.79804230
16.78235435
17.37450981
24.00784302
22.73138046
23.73529816
26.20195770
23.29803848
17.67451286
18.21568680
22.51176643
19.81372452
18.64510345
20.08627510
21.59607887
16.19019699
15.23725414
18.94117355
24.11960983
21.96078110
19.91176796
24.57058716
20.21176720
21.01568604
19.87058640
25.08235550
16.20588303
17.30980301
20.46274948
16.78627968
15.96666813
14.05098152
20.98627472
21.38823891
18.22156906
18.54509735
21.84117317
21.34314156
18.51961136
25.56079102
18.40784454
15.26863098
16.51568604
18.98235512
15.64902306
14.48823643
15.54902172
20.42156601
16.76666451
15.67842865
18.84509659
20.32941246
21.00196457
20.21961021
23.26862717
15.83333588
15.82156563
17.00196266
16.47255325
15.66470909
13.93333435
15.49607849
16.98039627
15.01176643
14.51176453
18.10196304
21.09999847
18.85882759
24.23725510
16.71568871
15.42549324
14.84705925
16.64314079
15.59607697
15.08039379
14.08039284
14.58039188
14.97646904
14.34901619
14.42549133
19.63137245
19.98039246
20.56470490
19.91764450
15.96667099
15.36274910
14.46470642
15.32156944
15.51960850
14.76666641
13.30980492
14.69215584
14.61568642
14.52352810
16.41765022
21.58234978
19.44313622
21.43333435
16.53725433
15.95294189
14.97450924
14.51764679
14.43333054
15.13333321
13.89019585
13.51372719
14.71176529
14.38627625
14.52156734
20.89020157
20.67058945
20.49215317
17.69215202
15.96470547
15.82745457
14.46274662
13.96470547
14.23333359
14.66078472
13.13529491
13.55098152
14.73725510
14.38431358
15.16078377
23.20392227
18.94117737
19.96862984
16.83921623
15.77058983
15.28235054
14.30195904
14.12548828
14.76078415
13.12156963
13.62549114
13.97842979
14.01568413
14.55882168
18.24706268
21.36862946
19.97254753
17.81372643
15.96078491
15.90784550
14.79803848
15.63529491
13.42941189
14.60000229
12.49215794
14.56666374
13.09411907
13.75686264
14.99803734
20.87843132
17.58823395
21.08431244
16.97255135
15.37843227
15.17450809
14.80588245
16.34510040
15.35490036
12.35097980
14.10784340
13.74509716
12.80784225
14.55097866
16.34901810
19.55098152
19.24117851
18.94902420
15.18039131
15.16862679
15.08823490
16.03333473
12.30588150
17.42352676
13.59412003
14.97450924
13.14706039
13.14705944
14.66078472
18.32744980
16.65098381
21.21372604
15.99804020
15.60392380
15.09803963
14.47255039
13.82941055
18.08431435
15.30784416
14.28627300
13.55881977
12.94509888
14.21176529
15.94902039
17.10784340
19.04510117
18.52352905
14.94117832
15.97254944
14.40196133
13.97647095
12.22548866
22.44117737
15.90588570
13.31568623
12.55097580
13.60391998
14.60587978
17.81764793
16.01568604
20.46274567
15.48431206
15.91176414
15.44705868
14.30195808
12.55490208
16.01764679
20.99411392
14.68235397
12.75882339
12.87254715
14.69999981
15.56862831
17.56274605
18.84509659
17.04117775
14.82745075
16.03725243
14.82156944
13.74509811
11.81960773
21.58823967
17.79804039
12.78235149
12.87058640
13.02156925
15.10392380
17.28039169
16.38235283
18.89215660
15.73333168
15.10195732
15.92353249
15.22157097
11.80392075
14.34902191
23.28627396
16.29411697
14.01372719
12.84313583
13.88235474
15.31372643
17.56470299
18.09804153
16.18823624
15.21764374
16.08039474
14.67451477
14.04117584
11.62156868
18.85882568
21.45882225
17.12745094
14.54314041
13.37255001
14.36078644
16.58627701
16.75686264
17.41372490
16.24313545
15.11960888
15.60392189
15.08039188
11.32941151
13.58431339
22.51372719
18.70980835
17.73137474
13.85098076
13.75490093
14.06078625
17.68431091
16.63333511
15.99803925
15.11764622
16.17450905
14.87058830
14.03137302
11.28823471
16.61176491
23.18235207
16.79019737
15.80392361
13.85097980
13.53725338
15.57647133
17.58823586
15.52745056
16.66274452
15.58235359
16.42549133
15.88431358
10.02549171
12.50196075
18.84117699
21.39019203
17.05098152
14.08627510
13.64313698
13.96470547
17.92745209
15.63921833
15.64705849
16.60784340
15.81568527
15.52353001
13.03137302
9.92353058
15.78823471
21.52745056
18.88823128
15.68823719
14.03137302
13.20588303
15.51960564
17.86470604
15.02353001
16.28039169
15.56274605
15.41372490
16.71764755
9.40588474
11.41568756
16.98823166
23.56666756
17.03725624
14.65097904
14.50588417
14.16470528
17.41960907
16.33921623
14.89019966
16.61372757
16.60980415
15.85490131
13.39999962
9.66274548
13.99803829
19.12745094
21.74313927
15.84509659
15.30588150
14.40784073
15.21764755
18.20588493
15.11568832
16.19411850
17.90588188
16.51764870
17.65490341
9.17450905
10.47843361
15.64117527
22.49215698
18.31765175
16.19411659
15.19804001
14.29803944
17.10196304
16.98823738
15.19608021
16.91568947
21.50588608
16.49411774
13.87646866
8.60588360
12.85098076
18.16470718
20.97450638
16.99608040
16.83333588
14.70784283
15.95294189
18.66666603
14.69019508
15.99019814
17.51960754
21.91372108
18.46078873
9.30784225
9.18039417
15.34902096
20.05882645
19.39999962
18.47647095
15.90980434
13.75882244
17.26274490
16.56078720
14.92549038
16.14902115
20.33137131
19.49804497
14.28823471
8.43137455
12.68235397
16.62941360
20.41176033
18.16274643
17.97058868
16.58235168
16.10784340
17.53725433
14.39999962
15.37646866
16.97058868
19.65098190
18.87450981
9.56666756
9.10196209
15.53137398
17.99019814
19.76274872
18.73725510
18.49804115
15.53921509
17.33137321
16.41961098
14.74509716
15.98431301
17.03529549
18.19215393
15.76666832
8.43333435
12.13921452
14.72745132
20.16862488
19.28627396
18.67450714
18.80588531
16.65490150
18.27450943
14.49019527
14.98627281
14.80980587
18.61764526
18.59019470
10.39019585
8.28235340
14.49803925
16.98039246
19.22353363
18.91176414
19.50000572
17.92548943
17.97451401
18.66470718
14.13529301
15.58235455
15.45490074
17.58627701
15.88431454
8.45098209
12.05098057
13.16274643
18.08039474
19.37450409
18.49411964
20.58431244
17.58823204
19.27058792
14.63725471
14.27451038
15.26470566
15.91960812
18.27255058
10.94314003
8.70980358
14.35490036
15.28235340
17.49803925
17.68823433
19.59020042
18.99803734
16.22353172
20.28627586
13.97058868
16.80588341
14.25686264
16.71176338
15.35686398
8.89215660
12.01960754
12.51764584
16.59019279
18.78627396
16.86666679
19.54705811
17.45489883
18.53921509
16.50980568
15.98823643
16.43725777
15.60784340
18.01176834
11.41568565
8.54117775
13.75882530
14.51568413
16.40784454
16.21176529
17.15882301
18.55097771
15.09804058
21.27843094
14.88823700
19.04117966
14.84705925
17.09999847
15.94117737
9.38627338
11.69411755
12.86470604
15.48235321
16.59803772
15.13921547
16.69019699
18.32549095
17.51372719
19.37843323
16.37450981
18.69019127
15.31176376
17.77646828
12.23137188
8.69215584
14.24313831
13.98235321
15.32745266
15.33333397
14.53725433
18.04706001
15.57058811
22.76470375
16.27843475
20.09411812
16.08431053
16.02548981
15.67843056
10.54901981
10.70588303
13.67451191
15.30980492
14.97058868
15.47058964
14.73333263
18.43921471
16.64313889
22.42156219
17.43333626
20.70196152
13.92940998
16.25098228
13.00980568
9.09215927
13.88235283
14.44509888
15.08823586
15.94117737
14.00784302
17.23725319
15.85686398
21.43529510
20.06078339
21.14706039
15.07058907
14.43921661
15.78431320
11.62353134
10.54901886
14.45097923
15.33137321
14.61176300
16.98235321
12.91176414
18.72941208
17.24510002
23.20000458
20.22549248
23.12352753
11.22744942
14.77843094
14.13137436
10.07843113
13.38235378
14.95098114
14.51764774
15.73333359
14.52744961
16.05686569
17.61176300
19.74314117
23.04509354
23.13333321
15.76666737
12.95294189
15.64706135
12.90392113
9.52745152
15.03725719
13.62941265
13.64117718
17.64705849
12.29019451
18.46470642
17.86274529
21.71176338
22.60589027
23.80392075
10.20980263
14.02941132
14.77254772
11.25097942
12.03529358
14.58431339
13.39607811
14.87254906
15.16078377
15.11568546
18.05490494
18.64509773
23.50392342
24.48038864
15.13137341
11.45097923
14.94509792
13.83921528
9.05686474
14.72352886
12.74117565
14.34901714
16.34509850
12.39411831
17.85882378
18.06078339
20.07647514
23.64901924
22.66862679
9.51176357
10.99019432
15.14509964
11.74705696
10.58627510
14.43921375
12.81176567
15.23137379
15.43529415
13.42745018
18.06666565
17.45686531
23.01568794
24.95882034
14.17843056
9.17450905
13.21372795
14.27647114
8.62352848
13.44705963
12.90392399
15.90784359
15.21961021
12.90588284
16.42941093
17.40588379
18.65098190
24.15686417
22.37646675
9.02744961
9.10784245
14.33529568
12.07647419
9.46078396
14.88039398
13.20000267
17.66666603
14.35294151
12.89999866
17.21568489
16.48235512
21.76471329
23.77255058
13.29019928
8.59019661
11.37843323
14.65294170
8.67843246
12.58039379
13.26666927
17.19215965
14.84509563
12.36862850
15.59607983
15.96470547
17.20784569
22.07058716
19.62745285
9.46862698
7.67843151
13.15294075
12.60392189
8.95294094
14.56862736
13.43333530
17.91960716
13.11764526
12.09019661
17.04902077
15.07255173
19.67058945
22.26666832
12.73921680
8.00980377
10.38823414
14.29411602
8.92941093
12.14509773
14.26078701
16.39019775
14.80980110
12.59019661
15.26862812
16.24510002
15.34117508
21.23137283
18.91960335
9.16078568
7.02352953
13.23725319
12.91764832
8.76470661
14.41960716
12.97647190
17.45293999
13.60784245
12.03137207
17.28039551
14.25490093
16.96666527
21.91764832
12.68823528
7.79411745
10.01372623
14.20392513
9.56666756
12.21568489
13.12156963
14.77647018
14.30392170
12.91176510
15.15294266
15.72941113
14.87254906
17.99019623
18.59999847
8.98823643
7.21568680
12.10980320
13.06666946
8.45293999
15.24510002
11.28627396
16.42745399
13.45686150
13.13529396
17.61373138
13.83529282
15.85098076
19.40588570
13.25685978
8.12549019
8.66274548
13.59804058
8.96470737
12.46274567
13.50392532
13.40784359
14.91764736
12.96274757
16.79411697
16.00392342
15.20980358
15.58235359
17.62353134
9.33921623
7.12353039
11.20980358
12.91372681
7.07450962
16.22941017
11.93921757
15.04313755
13.31372643
13.03921700
18.81176567
14.06862640
16.82156754
16.07254982
13.40784550
7.54509878
8.77843094
13.37647152
8.44705868
11.84705830
14.60000229
11.51372719
13.88431454
12.62745094
18.03333664
16.63921738
16.09215736
14.74313641
17.08431625
8.55882359
7.36470556
11.13333225
12.60980415
6.14705896
16.51176453
12.21568584
13.57647038
13.02549076
15.44117832
19.35490036
14.43921566
17.41568375
15.74706078
12.95490360
7.43921518
8.55686283
13.56863022
7.78039265
11.17058754
15.84901810
11.42352867
13.94509888
13.84901905
19.86274719
16.20000076
16.02549362
15.11960888
16.86274910
8.86470699
7.09019661
12.05294037
12.87058830
6.29019594
16.32548904
14.05882645
13.03137398
13.90784264
16.61372566
19.38039589
13.90000057
17.91568947
16.33921242
13.30392075
7.34117651
9.60588264
14.12941360
8.51568794
11.33725643
17.15882301
11.45294094
13.93725395
14.61176491
19.98431396
16.76078415
15.84117699
16.54313660
16.84902000
9.42940998
7.37646961
13.26274395
12.67058945
7.20196152
15.74509907
14.76274395
13.08038998
13.97647095
17.04509735
18.96470642
15.20391941
18.51176453
16.27842903
13.54117870
7.34313679
10.64313889
13.49803925
8.06666660
11.69607830
17.49803925
13.10588360
14.42549324
14.65882683
19.12941360
18.02744865
15.63921738
17.56666946
16.64117432
10.41568661
6.65490294
14.04117680
12.14509869
7.57450962
16.87254906
16.26862717
14.96862698
13.67843151
17.80588531
18.54117584
16.22156906
18.50784302
16.50000000
14.73333645
8.51568699
9.98431206
14.15490055
8.05686378
13.13137150
18.16470909
15.72549057
13.92352962
14.87842846
18.05490112
19.10195732
14.06862926
19.85882187
16.63921547
12.69804001
6.89607906
13.88627243
11.86274624
9.06078339
17.74313545
16.72941017
15.19608116
13.09607887
17.63725662
17.91372299
15.62744713
16.45882225
18.28039169
16.31764793
9.48039055
9.41176605
13.88235474
8.75686359
15.30195904
18.85882378
16.33725739
13.35490131
15.35490227
17.66862679
18.54706001
11.94117355
17.70980453
16.74313927
15.07058907
6.78039265
13.46666718
11.88627434
9.37843227
19.45098114
17.35490417
15.34901905
12.95294094
17.37058830
17.52353287
14.46666622
13.26862717
17.56274605
17.41764832
10.39215660
8.87058830
13.26470566
8.65882587
15.89215851
18.22353363
16.92352867
12.94705582
15.71568680
17.80195999
16.97450829
10.30195999
16.84117889
15.14902115
17.77647018
6.82156897
11.95098114
11.97647095
9.64313698
18.82941437
17.28627586
15.22157001
13.74117661
17.50392151
17.03333473
12.26274681
12.56862831
16.40980339
18.31568909
11.40392208
7.88039303
12.87058830
8.89215851
15.68039131
17.06666756
17.86470795
14.30195904
16.14313889
17.24705696
15.58038998
10.28039360
16.80588341
15.47646999
17.97842789
7.17451000
9.56470680
11.61960888
10.02744961
17.54313660
17.39411926
16.66666412
16.23137093
16.94902039
17.14117622
12.46666718
12.55686283
16.54901886
19.14705849
11.38039207
6.72745132
11.72548962
8.44313717
15.98235226
17.80195999
19.16274261
14.94901943
16.89019775
17.45490456
15.71568775
11.01764774
16.21176338
16.75686073
18.60392189
7.23725557
8.01372719
11.06862640
10.04705906
17.05490112
19.97451210
16.87451172
16.05490303
16.90588379
16.81568527
13.18235302
13.08627415
15.78431129
20.79607582
10.71176624
6.82156801
10.52548981
7.91176558
14.35490227
19.02156639
20.40980339
13.70784473
16.65882492
17.30588531
15.23137379
13.57254982
14.30784512
18.48235130
16.65098000
7.00392199
8.45882416
10.57058907
9.29215813
15.42549038
21.50196457
15.78039265
15.50196171
16.70784569
16.48039246
14.88039207
13.99215603
14.99019623
19.99803925
10.35686111
7.29019499
11.35490131
8.23529530
11.64705849
18.98234940
20.04706001
13.44902039
16.78039360
16.10783958
16.67451096
15.46470642
13.67451191
18.33137131
16.26862526
7.10000086
9.73333359
10.35686207
7.93137217
13.60784149
21.48039246
15.06862736
15.95294285
16.21764565
16.58823967
17.87254906
14.97647095
15.28627491
19.64313507
10.56274414
7.20392179
11.33333397
7.69607830
9.61372662
17.54313660
19.86666870
14.76274395
16.19804001
15.84117889
18.40588570
17.29804039
15.13725758
18.20196533
17.02941322
6.82549000
10.28235340
9.86078167
7.72549057
12.38039207
20.64706230
15.59215736
16.12352943
15.14313698
16.68431473
19.75098038
15.46078110
17.03137207
19.86471176
10.78823566
8.04509830
11.11960793
7.96862793
8.88823605
15.94901943
19.97254944
14.57647038
15.18431282
16.14313889
18.07843208
18.94313812
16.25294113
19.00196266
17.37843132
6.51960754
9.55490112
9.72549343
7.43921518
11.89215469
17.74313927
16.28627396
15.62352753
14.95882416
16.77254677
20.72744751
16.22352982
18.62549400
19.26275063
11.90784073
6.87058830
10.12549114
9.00196075
9.35098076
14.08627510
19.05489922
14.77059078
15.72941399
15.94509888
18.83529472
19.39803505
15.96470642
19.20392418
18.60392189
7.74509907
9.25294304
9.99607849
8.98627663
12.37255001
14.87450981
17.66862869
16.46274567
15.07451057
16.45882416
21.09607887
16.49803734
18.03529358
19.97451019
14.57647038
7.26666594
10.23921585
9.79999828
9.48039246
14.04117775
18.29215622
15.14705658
16.18823433
16.08431625
19.16863251
19.52941513
16.06666374
18.69019699
19.73529434
9.56470585
8.97254848
10.38823414
9.19608021
12.43333244
14.41764832
17.57647133
15.45882225
15.59019852
16.38431358
20.91961098
16.60588455
17.14509964
19.79803848
16.42941284
7.21176529
9.92745113
10.37058926
9.07451057
13.35490322
17.76470566
14.24314022
15.26274395
15.55882549
18.16862679
18.98431396
14.88431454
18.65098000
19.56666946
10.59803581
8.62941265
10.73725700
9.42941284
10.92352867
13.52156925
16.85686111
14.43725491
14.39608002
15.86666775
19.10588455
15.98627853
15.60196304
19.52941322
17.05098534
7.19019556
10.03529453
10.69608212
8.68235397
11.90000057
17.32353210
14.48823357
14.54901695
14.48431110
16.04509926
18.52156639
14.06078434
17.62352753
19.29607773
11.06274700
9.11176491
10.69411755
9.74902058
10.11960793
13.78431320
16.43921661
14.13529301
13.86862850
14.96078491
16.29215813
15.73725605
15.13529396
18.80784416
17.62549210
7.21372461
10.63529491
10.42353058
8.60784245
11.46470737
16.66470528
14.12156868
14.07059193
13.51960564
14.69215488
16.62157059
13.45098114
17.54117775
19.73333168
11.51960754
9.27450943
10.03529549
9.57843304
9.43137455
14.85490036
14.96470642
14.11764526
13.31372547
13.73137283
15.62549305
15.36862850
14.86862659
19.37843513
18.70980263
6.71764708
10.80196190
9.65686512
9.17646980
11.45294094
17.06666756
13.87843323
14.09019852
13.89215565
14.36274529
16.70588303
12.89804077
17.63137627
19.59215927
11.75098228
9.46666718
9.87451077
10.19803905
9.60980320
15.71764946
14.88627434
14.15490246
13.32941055
15.16862869
15.51960945
14.59608078
14.36666679
19.25294113
18.25490379
6.59411860
11.11960697
9.94117737
9.67647266
12.78235149
15.98823452
14.30588245
14.05490208
15.76078224
15.02941132
15.20784569
12.44509792
17.57843399
18.52548599
12.11372375
9.41176414
10.51568699
10.12156868
10.65686417
15.32353306
14.56666756
14.16078758
14.15098190
17.17647171
15.13137627
12.62157154
13.98039246
19.33921623
16.73137474
7.22353077
10.92156696
10.40392399
9.31372738
13.02745152
13.86862755
15.25098038
13.36078262
16.77058792
15.95686150
14.44509888
11.76078510
16.53725624
18.17842865
12.33725548
7.97058868
10.89608002
9.21960926
9.68823338
14.47254753
13.37450981
13.92549038
15.38431644
17.38039398
16.54117966
12.05490208
13.09999847
17.82745361
17.55294037
7.12745142
9.87451077
10.37058830
8.70196247
11.65294361
13.24901867
14.94510078
14.69411659
17.31372261
17.67451096
14.87843037
11.11568546
15.82941246
18.31176567
13.35490322
7.08039236
11.78823376
8.62744999
8.90588284
13.26666546
12.42549229
15.27647209
17.84902191
17.74509621
19.08235359
11.98235226
12.58235359
17.53137398
17.70196152
7.25490189
9.63529587
10.79803848
8.15294170
11.31568623
12.21176624
13.93921852
16.88235092
17.76078415
19.12940979
17.27450752
11.60196018
14.51372528
18.78823471
14.02549267
6.20392275
11.29019451
7.49019623
9.01176453
13.60784340
12.03921413
15.32549286
19.30000496
17.79019737
21.28431511
13.49019527
12.35293961
17.54705811
17.39412117
8.51568699
8.61568642
9.03137112
7.59607840
12.87058926
12.45097923
14.24117851
17.27647209
18.50587845
19.89607620
19.82549286
11.77843380
14.08431339
17.97646904
14.72549152
5.61764669
10.15686131
7.02156782
9.69019508
15.30588150
12.48823357
14.91568756
19.28235626
17.26862717
21.88039017
15.84902096
12.72352886
17.08235168
17.01176453
8.80392075
7.52352858
9.49607658
6.97451067
13.83921432
13.85097885
14.02548885
16.59411621
17.47647285
19.33333588
21.21372414
13.31764698
14.16274548
17.85097885
15.14509678
4.51764727
9.80784321
7.26274538
9.41176510
16.20980835
13.90000153
14.23137283
18.64118004
14.99411583
20.00392342
18.14118004
13.84902000
16.80000114
16.58039284
9.40784359
6.23333359
9.95490170
6.81372547
13.94705677
14.27254963
15.01568794
14.99803925
16.71372604
16.38627625
19.63529205
14.91764832
14.20392132
17.69215965
15.41372681
4.23725462
9.80784416
8.00392151
9.34509754
15.48235512
14.68431377
13.70000172
17.15686417
13.36862850
17.49803925
17.08235359
14.04705811
15.82941055
16.34509850
9.97646809
5.69999981
12.40980434
6.65490150
14.76666641
13.73529625
15.95098114
12.67058754
15.89411736
13.75882435
17.11568642
15.28431606
13.77843189
17.69803619
15.83529282
4.26078415
9.21372509
10.22352791
10.94313717
16.51764870
15.60000134
13.13137054
14.78823662
12.70784473
14.36078453
16.25490189
14.02156925
16.59215546
16.86470795
10.32744980
4.78235340
12.28235245
9.01960754
17.10980225
16.24313545
15.49803925
11.66078472
14.45882225
12.30980492
15.58431435
15.33529472
14.27058983
17.88039017
16.37843132
4.86078453
7.61568594
11.59803772
12.98627663
20.26274490
16.05294037
12.50392056
13.48627377
12.56274509
12.40196037
15.80195904
13.85882187
16.67255020
18.79412079
9.96274567
4.65882349
10.45294094
9.80588341
18.21568871
18.71176338
14.53333378
11.55882454
13.84117699
11.58039284
14.62745190
14.70588493
13.95490551
19.15686417
17.07647324
4.87647009
5.96274567
10.69999886
12.57647038
20.26078796
15.23921680
11.57254791
13.89215755
12.89608097
11.41372490
15.51568508
13.59215546
17.53529549
20.01176643
10.02549076
4.33529520
8.89803886
9.57450962
16.92940903
17.83725739
12.42548943
12.26666832
14.36470699
11.55098057
14.29607773
14.44313717
14.31372547
20.55686188
16.67450905
5.54901886
5.47451067
10.45294094
11.51372719
18.80588150
13.89803886
9.65490150
15.97451115
14.25490189
11.49411869
15.09215450
13.68823528
18.38431549
20.54313850
10.07647038
4.37647057
8.11568642
9.53333473
15.77647209
16.28823280
10.92941284
13.20784378
16.87450790
12.36078548
14.91764832
14.15686321
15.64117622
21.01961136
15.22941303
5.68627501
4.87254953
9.59607887
10.65686417
16.71568680
13.18823624
9.68431282
18.56862640
16.10000038
12.62941265
15.42352962
14.40588284
19.13921356
19.55294228
8.67843056
4.19411802
6.87843132
9.27058887
13.45490074
14.57646942
10.32941341
15.56274414
18.29215431
13.95490456
16.80392456
14.84705830
16.37843132
21.65098190
12.94509792
5.94117594
4.26078463
8.97843170
10.54313755
13.90784550
12.56078625
12.20000172
18.08235550
17.83725548
14.78235245
17.26470947
16.22352982
19.73921967
18.14313698
8.88823414
4.17451048
6.57843113
9.44117641
12.20980644
13.20588303
11.93137169
15.78431511
17.58431244
16.25294304
17.92156792
17.91764641
17.05294037
21.21960831
11.06274414
6.05098009
5.35686255
9.74313736
10.96274567
12.02941132
12.84705639
14.04509640
14.75882149
19.18039322
16.03333092
19.25098038
17.59019470
18.66863060
15.32745457
8.46862698
4.51568699
7.85686302
10.85686302
12.42156982
12.22941303
13.59607887
13.53333282
16.51176453
17.33726120
17.93529510
19.86470985
16.53137207
18.21568680
8.88235378
6.26666641
6.03725433
10.04705811
11.34902000
11.05294037
13.12941074
14.47450924
12.53529358
19.95490074
15.91764736
19.51176453
18.27450752
16.85098076
12.15882492
8.47646999
4.64117670
8.01372528
10.54117680
12.39019775
11.51372528
14.49607849
12.84509850
17.43725586
18.08039284
16.94902039
20.67451286
16.90784454
15.27843189
8.25098038
6.26862764
5.93529415
9.44902134
11.22941208
10.71961021
13.29019451
15.06666565
13.62156963
21.20588493
15.82549095
20.17254829
18.52156639
16.68431664
10.48823643
8.27647018
4.62745142
7.62941217
9.34705925
12.09019566
11.73921490
14.31960869
14.12156963
19.28235435
18.33137512
17.27647209
20.61568832
17.59019470
13.94117928
8.74901962
6.59607983
5.53529358
9.01764679
11.23921680
9.71176529
13.79019547
14.66274452
16.17843246
21.49411583
14.37058926
21.15489960
18.95686340
16.56470490
10.80000114
8.42941093
4.80588245
7.36666679
9.16078568
11.34705925
10.99019718
14.30980778
15.23921776
20.50000000
16.56470299
17.47059059
20.48823738
17.74313736
12.53921795
9.42353058
6.79215574
4.97254944
8.73529434
9.55294132
9.02548981
14.51372528
14.36274338
17.48431587
18.92156982
13.87647057
21.84705544
18.93921661
14.83529663
10.02745247
9.35882282
4.81372643
6.54901981
8.96274567
9.21764755
11.35098076
15.28627205
14.96274376
18.21764374
15.10196304
18.95490456
20.55686378
17.78431702
11.19803905
9.76666832
7.32156801
4.99411726
8.34117603
8.55882359
8.87451077
14.27058983
13.71568584
16.72352982
16.90980530
14.06666756
21.57842827
19.64313507
14.02157116
9.92941284
8.81568718
5.13921595
5.74509907
8.95882416
8.23137379
11.86274529
15.40196228
12.50980568
16.05490303
14.78235340
18.65098000
20.52941322
17.79411888
10.42941189
9.36666679
7.43529463
4.62549067
7.82745075
8.95098114
8.99019718
14.20784378
13.30392170
14.79804039
15.62941170
14.43921566
20.46274567
20.27647209
13.12941170
9.71764660
8.81960773
5.31176424
5.84509802
9.34117699
8.98823547
11.51764679
15.60588360
11.61568642
14.90392303
14.81960678
17.65882301
21.17058372
17.37843132
9.89411640
9.42745209
7.81176567
4.05490255
8.01764679
9.01372528
8.92156887
13.89607906
13.34902096
13.56078339
14.55294132
16.68431282
19.04117775
21.24510193
12.69804001
9.25294018
9.31176376
5.59019661
4.85098028
9.42352867
8.94117737
10.91960812
14.21568680
10.91764641
15.11960793
16.57451248
17.34509850
21.55490112
17.31568909
9.57450867
9.47058868
7.85294056
4.20784378
6.77647066
10.28235340
7.99411774
13.63529301
11.85882568
13.37255096
16.86078644
17.71764946
17.39803886
21.40980530
12.48039055
9.14313793
9.38039112
5.05882406
4.66078472
10.16274643
9.42353058
9.51176548
13.31373024
11.04117775
15.66862869
19.88823509
15.31568527
19.61372566
16.93137169
10.33137226
9.29804039
8.14509869
4.35882378
5.90000057
11.27058697
8.14313793
13.45490074
12.72549057
12.08039284
18.52548790
17.73137665
14.57843304
20.00588608
13.33333492
8.75490093
9.54901886
5.67254925
4.74117613
9.29019547
9.58431435
9.40784359
15.51764870
11.10391998
15.99803734
19.80392075
13.40588379
18.10196114
16.94117355
10.31960678
9.19608021
8.63529396
5.04313707
5.17058802
10.43529510
8.59019661
13.81176662
14.78823566
13.11960793
17.79215813
17.52157021
12.94117737
19.38431358
13.43137264
8.32744980
9.47058773
6.45686293
5.45882463
8.01568604
9.31764889
8.70588207
16.23529434
13.56274700
17.62548828
19.47254562
13.01372337
16.19411659
16.75098038
10.30392170
8.97451019
8.46274662
5.09019613
5.09803915
9.00392246
8.82941246
11.77843189
15.91960907
16.29215622
18.18627548
17.14509773
12.80391884
18.39411926
13.68235397
8.50784302
8.85686398
6.09607840
5.00392056
6.31960821
8.73529339
8.67058945
13.98627281
15.61764908
18.73137474
19.25490379
12.61568832
15.90196133
16.66666794
10.47450829
8.94901848
8.06274509
4.53725529
5.21764708
6.84509802
8.35490227
9.94313908
15.37451077
17.13137627
18.01372528
15.67450809
12.60195732
18.50392151
13.32156849
8.91764927
9.15490055
6.43137264
4.54117584
5.76078320
7.40588236
8.15490150
12.52156925
15.42156792
15.75686359
17.43529510
12.99019623
15.73529434
17.14706230
10.75490189
9.48431492
8.83137131
4.27843142
5.53921604
6.71176434
7.40196037
8.84705925
14.32156849
15.23137379
14.71568680
14.96274757
13.33529472
19.06666756
13.89019585
9.09804058
10.71961021
7.45490265
3.54117632
6.93921518
7.06666613
7.39411783
11.11568737
14.11568642
14.39607620
14.53725529
14.01568413
16.14509964
18.27058983
11.05490303
10.36078453
10.13725662
4.58627462
4.83333397
7.59215736
7.28627539
7.59215736
13.34313583
13.45686245
13.81960869
14.57058907
14.37450981
19.26470947
13.97843361
10.60392380
11.40196133
8.30980587
3.55686283
6.48823500
7.17451000
7.15294075
10.00195980
12.04509926
14.70196247
12.88431358
14.17254829
16.64902115
17.43136978
11.85294151
12.05686569
10.94509983
5.16666746
4.44902039
7.32941055
6.86666632
6.83137226
12.07647133
11.14902020
14.59607601
13.13725376
14.91568756
17.66078758
13.19215488
13.01176739
12.37058830
9.34313679
3.37843180
6.41372585
7.06274509
6.96862745
8.25294113
10.80588150
15.59803963
12.69803905
12.55294132
16.88627815
14.39019680
12.57843399
13.06470490
11.90784359
5.48235369
4.92941093
7.25490141
7.07254934
5.96862745
11.40392208
11.84509945
15.75098228
11.69215584
13.75490189
16.59019661
12.53725433
13.06078243
13.53921509
9.30000114
2.66666698
7.11176395
6.00000048
6.39019632
8.76470757
10.96862888
17.06274796
12.53725624
11.60588360
15.82156944
13.65097713
13.11568928
13.84902096
11.69411945
5.33921528
4.70196056
7.09607887
6.00588226
5.56862736
13.89215660
10.51176548
17.68431282
11.37255192
12.49411678
16.67058754
12.61372948
14.17450809
12.68627548
9.40196133
2.38823533
7.90588284
5.55882359
5.93529463
9.50588131
12.47255039
15.55294323
16.14705849
10.73725605
15.41176605
13.21568680
14.39215946
13.21372509
10.27059078
4.98235321
4.43333292
8.59411812
5.11960793
5.96470499
15.27254868
10.36078453
18.93725586
14.91372585
11.49607658
16.48431206
13.10196018
14.38431454
10.94313812
8.33529377
2.04313779
7.37451077
6.77843237
6.08823490
9.12745094
14.60588264
13.53921795
21.27842712
12.31176472
16.03529358
13.37451172
14.71372604
11.51176548
9.25294304
5.03921556
3.55490208
8.48235416
5.99607849
6.32745123
14.87450981
13.04705811
18.94705963
20.43921852
12.83333397
17.16862869
14.00195885
12.17058659
9.47646999
8.09803867
2.05686307
6.11568642
7.54901934
7.56666613
8.73137379
16.54901695
15.81568718
22.72157097
17.48235512
17.56274605
14.55294228
13.70392132
9.99215889
8.74117851
5.46274519
2.50588274
7.96078444
7.48235321
7.91960859
14.00980568
15.79607773
21.26863289
22.11568832
17.61176491
18.35882568
14.89019775
10.41176224
9.37647152
8.17451000
2.42156911
5.39019680
7.73137331
8.69019604
8.77647114
16.47647095
17.51372719
23.76274681
21.43137360
19.49607849
16.18627548
12.36666489
9.42744923
8.68235207
5.86078405
2.75294113
7.54901934
7.20980453
7.91176510
13.24313736
16.27842903
23.09607697
21.33528709
21.24117661
18.75294113
14.48039246
9.50588226
8.61764717
8.53725433
2.73529434
5.59215736
7.76862812
7.62156916
8.65882397
16.18823433
18.14117622
23.54117393
21.09999847
19.93725395
16.11568832
11.17255116
9.16078377
8.52548981
6.43921661
3.29411769
7.88431501
6.48823500
7.86666536
12.73921680
18.24313545
22.33921432
20.65293884
19.65294075
18.81764793
12.16666698
9.78235245
8.63333416
8.48627567
3.30980420
6.40588284
7.08823538
8.40980339
9.82353115
18.21568680
18.43529510
23.16862106
19.76862907
17.57647133
15.01568699
10.18039417
9.86666584
8.61960888
6.91960764
3.43333316
8.10196114
6.59411764
10.26470566
14.11764717
21.02745438
20.47059059
21.25293541
16.18235397
15.86666298
11.30784225
9.91764736
9.53137302
8.81960869
3.97058821
6.93137312
7.31176472
8.05882359
13.39411736
18.66862869
18.88823509
22.07058907
17.30000305
13.70980453
12.99019718
10.08823586
10.19804096
9.70588207
7.98627377
2.72156882
10.41764832
6.26274538
10.94509792
14.57843113
21.00196266
20.25098038
18.25294113
14.49215698
13.33921528
10.93333244
9.68431377
9.89804173
9.95882416
4.52941227
6.65098047
9.20784569
6.30000067
13.75098038
17.79804039
19.45490265
20.02157402
15.61764336
13.74117661
12.07843208
10.01960945
9.82549095
9.98431301
9.12745190
2.52941203
11.53137302
5.98627520
9.16078472
15.53137302
19.44509888
18.65098381
16.90588379
15.90784359
12.62744999
11.13529396
9.62352943
9.97254848
10.11176395
5.57058859
6.20588303
11.53529453
5.57451105
12.29803848
17.92745018
19.10784149
15.65098000
17.11176491
15.71960926
11.67842960
10.77058792
9.56274414
10.38627338
10.03529549
2.68627477
10.24705887
9.40784264
7.14509821
15.90588093
19.98039436
16.23529434
14.81176853
18.01765060
14.11764717
12.30196095
9.24313736
9.95294189
10.52549076
6.33529329
5.20980453
12.56666660
7.17647076
11.97647095
20.69999695
18.70000076
14.09607792
15.33137321
17.80392456
13.69215584
10.78235245
9.04902077
10.89411926
10.47843075
2.88039231
8.88823509
11.89803696
8.37450981
19.50784302
21.10784912
16.64509964
14.07647228
15.60588360
17.79804230
12.69607830
9.19999981
9.78235340
10.66274548
6.92941141
4.53529406
11.67451096
9.91372490
15.81568813
23.60391617
19.00588417
15.21176338
14.22157097
15.29215813
15.94509697
10.80980396
9.23137283
10.91568565
9.95686340
3.13137364
7.85098171
11.83333302
11.41568756
22.48235512
21.53529358
18.17647171
14.62353039
13.71372795
15.80000114
13.09608078
9.54117584
10.31568623
11.02549076
7.15686274
4.08823538
9.97646999
10.27058983
15.97450733
23.87450409
17.74313736
16.97451019
15.27646828
13.50784302
14.95686340
10.95294285
9.28039360
11.81568718
10.69215775
3.65686274
6.43529415
11.39411736
10.31372547
18.50392151
20.25686264
16.44313812
15.94509792
14.53333473
14.56666565
12.73333549
9.70784569
10.78235245
11.77451038
7.76078415
3.81176496
7.87843180
9.67058754
12.67451096
19.33725357
15.19803810
16.45882416
16.68431664
14.44705963
13.87647152
10.82549000
9.85098171
12.47254848
10.67254925
3.91372561
5.43529415
8.92549038
9.65686131
12.20784378
17.90980721
13.90784454
17.78039169
14.28627205
15.22744942
11.89803982
10.21960831
11.69019699
11.79215717
7.97451067
3.01764727
6.83137226
8.28039265
10.39215755
14.35882378
14.94510174
14.47058678
15.93333244
13.93136978
14.68627548
10.47843170
10.50196266
12.67451096
10.56862831
3.80784369
4.81176376
7.25490189
8.50980473
9.86666584
15.71176529
14.38235378
16.19803810
12.84901810
13.87059021
11.20980549
10.42156696
11.17843246
12.24117851
7.60588264
1.98431396
6.58823586
7.72353029
7.43137312
13.02548981
15.70784283
14.27058887
15.69215965
11.90980339
12.03137302
9.53333378
10.93529415
11.86862564
10.38627625
3.88431382
4.34117699
6.92941141
7.83921671
8.79215813
16.37647057
15.27842903
15.61568546
13.52549171
10.48823738
9.92156792
10.57646942
10.88823700
11.13137150
7.85294151
2.12745118
5.94117641
7.50000000
7.24902058
13.38627625
14.85294056
15.62549019
16.72156715
11.57843208
9.88039112
9.19608021
10.95882416
11.00588322
9.58431244
4.44117737
3.38039231
6.52549076
7.28235245
10.25686359
14.95490360
16.51960945
14.20588303
14.52353001
12.07254791
10.24509907
9.73725510
11.38823605
10.58431435
7.66862631
1.95294130
5.35294199
7.62549067
8.13529491
14.87450981
15.06470203
17.07451248
13.46274471
15.16862679
11.98823547
10.31372833
10.35098076
10.41960621
9.01176643
4.35098028
3.09803963
7.60784245
7.28431320
12.77254868
15.67255306
16.50588417
14.55490208
12.13529491
15.90784264
11.55098057
10.11764812
10.13921547
9.38235283
7.49019623
1.92549026
5.11372566
8.42549133
8.69215775
15.26862717
14.37450981
17.00196266
12.89411831
13.27254772
14.23333454
11.16470623
9.44117641
8.99803925
8.33529568
4.26078367
2.36274529
8.03725433
7.88823557
10.82549000
15.85294151
15.10980415
15.80392075
12.55882454
14.09607506
13.52941132
10.99215698
9.03725529
8.23529530
6.85686302
2.01176500
4.91372538
8.91764641
8.21764660
12.61372471
13.39803791
15.71176624
16.44313812
13.61176491
15.10000134
13.27647209
9.57254791
8.90196037
7.39803982
4.34509754
2.23137307
7.96274519
9.03921604
9.94313717
12.86274624
13.29411888
16.93137360
17.76078606
13.82745266
15.68039227
11.87450790
8.84706020
7.99607801
6.63725471
2.09411788
3.98431373
8.94509792
11.05294037
10.82941151
12.46666813
16.18235397
18.88235283
17.08039665
15.20784473
14.75097847
9.78823566
8.37647152
6.77254963
4.70392084
1.97451007
6.54902029
9.87254906
11.75294304
11.31372833
15.54313850
16.84706306
19.40195847
15.29411888
15.68431568
12.19607925
8.77254963
7.38823557
6.14901924
2.40392208
3.64901996
7.88823509
10.94901752
11.81176186
12.08823681
17.60196114
17.64902306
17.96274376
14.44117641
14.24117756
9.68627453
7.82353020
6.74705839
4.99019670
1.88431406
5.33137178
8.77843189
12.16666698
12.15882587
15.72549057
18.24902344
16.66666794
16.14313507
12.62548637
11.18627453
8.47058964
7.33921480
5.67450953
2.85686326
3.27058840
7.02156925
10.72156906
12.76862907
16.30392265
19.28039169
15.51372528
17.68039322
12.41372490
10.79019737
9.68823433
7.63921595
6.35294104
4.41764688
2.26274538
4.70784235
8.49607754
12.02745152
19.00195885
19.18627357
16.95294571
15.43725586
14.54117870
9.96862698
10.80196095
8.51764774
7.20588303
5.44705820
2.85882425
3.31176472
6.36078453
10.92745113
15.10000134
21.80392647
18.60000038
13.87059021
15.60588169
10.38823605
9.71764755
10.00196075
7.31764650
6.10392094
4.79803944
2.13725543
4.63529396
8.73333359
13.54313755
20.33333206
18.88431168
13.96078300
14.70588017
11.83333302
9.05490303
10.18039227
8.61176586
6.77647066
5.39215708
3.28823566
3.20980453
6.36078501
11.85098076
19.22548866
18.31372643
14.48235130
13.07254982
13.18823624
9.29607964
9.10196114
10.38627529
7.63725567
6.06862736
4.91764688
2.64705896
4.37647057
9.09019661
15.92156792
17.94314003
14.65686226
11.51568699
15.47647285
10.20588207
8.76666641
10.75686359
9.18823719
7.13137341
5.17843056
3.67647028
3.18431377
6.39215755
11.96274567
17.89608002
14.49608040
12.26078892
15.20980453
12.37059212
9.04509830
9.49215794
10.89019489
8.52353001
5.88235331
4.86862755
2.56274533
4.28235340
9.42745113
14.39019871
14.28039455
12.59215927
12.07646942
15.84509945
10.19999981
9.69411755
10.85490417
10.30588436
7.00392246
5.12941170
3.37451005
3.95882344
7.34901905
11.74313831
12.78823471
11.62745094
11.89411831
15.36862755
11.87450981
9.80000114
9.94705963
11.64902020
8.89608002
5.74705887
4.63529444
2.89411783
6.41960859
10.22745132
11.30195904
10.59803963
11.41176319
12.73725605
13.08235359
10.79411793
9.59608078
10.52744865
11.60392189
7.09607887
5.22353029
3.38431358
5.28039217
8.40980434
10.28039265
9.93921757
10.62352943
12.05098057
14.23725700
11.11176682
9.87255096
9.59607887
13.62941170
10.29803848
5.80784416
4.58627510
2.94313765
7.15098000
9.93725586
9.23137283
9.89803886
11.66078568
15.00392246
11.88627529
10.71960926
9.51372623
11.25098038
16.44509888
7.70392179
4.92156887
3.44509840
4.64901972
8.53921700
9.12156868
9.58235359
9.61764717
16.20784378
15.24902058
10.12744999
10.16470623
9.67058945
16.35882378
12.72548962
5.66862774
4.49215698
2.83921623
6.81960773
9.41961002
8.59803963
9.03333569
14.02941132
17.51176453
13.08431625
11.50980377
9.93137455
12.76078510
17.61372757
7.78823566
4.77254915
3.40980434
4.06862783
8.14509773
8.25098228
8.78823471
10.55097866
17.81961060
16.30588150
11.49411869
10.28823376
10.16862774
17.75882530
12.98823643
5.41176510
4.13137293
2.75294137
5.54705858
8.19411850
7.53333378
8.76274586
15.13921738
15.51960659
14.30391979
11.46470547
9.55490303
15.09999847
17.62941360
8.22156906
4.42156935
3.49019599
3.68235350
6.65882301
6.71568584
8.17647076
11.90588474
14.24509716
14.89215660
11.57451057
10.66862965
11.79019737
19.23725700
12.98627472
5.40000153
4.30980396
3.06862736
5.52353001
5.68823576
6.46470594
8.90000057
14.42745018
13.35882092
13.70588017
10.85097980
9.71960926
17.04705811
17.83921432
8.33529472
4.32745123
3.94313717
4.17451048
5.33333254
5.14705849
7.44901991
11.93137360
12.70392227
14.47254944
11.11960697
10.33529472
12.79019547
19.60980606
12.55097961
5.36862803
3.96666694
3.60196090
4.48431349
5.12549019
5.78823614
8.45686340
14.01960564
12.00784397
13.72352982
9.59804058
10.47254944
18.79607773
17.26078606
7.67843199
4.20000029
3.60980392
3.85098052
4.78627443
5.02745104
7.48039150
11.34705830
12.18627453
14.10980606
11.49215889
9.51176357
14.81764793
19.71568871
12.25686169
5.08627462
3.70000029
3.20392203
4.10196066
5.14117622
5.94313812
8.98039150
13.01764870
13.26862717
13.49607849
9.51372623
11.10392189
20.26078415
16.89019775
6.82941103
3.83725595
3.61568666
3.25490212
4.27647066
5.20784426
8.49215889
10.03725433
12.84509754
14.11764812
11.68431187
9.57451153
16.94313812
19.39804459
11.70980453
4.60784340
3.44901991
3.43333364
3.09607887
5.02745056
6.22745085
8.89019680
10.91568756
14.10784054
12.93725395
9.45686436
13.14509869
19.89608765
16.40980530
7.04901981
3.80392122
3.60196137
2.79411793
3.69803953
5.17451048
8.21764660
8.80392170
12.37450790
13.44313908
10.47255039
10.54902077
18.53921509
18.07647324
11.30000114
4.67647123
3.46470618
2.94313741
2.60392165
5.13137197
5.75490141
8.51568604
10.56666756
13.59411812
11.99215698
9.00392151
15.03921700
18.70391846
15.83529568
7.14117670
3.61176467
3.38039231
2.89411783
3.83137298
5.12352943
8.07843208
8.54313660
13.05686378
12.81960773
9.02156925
11.23921585
19.15293884
16.74117661
11.55686283
4.52745008
3.57254934
3.23529410
2.51568651
4.82941246
5.98823547
8.14313698
11.49019527
12.44313812
11.24510002
8.76666641
16.45098114
17.54901886
14.45882320
7.13333416
3.68627453
3.58235312
2.59215736
3.48039222
5.15686226
8.14313698
7.67254829
13.15490246
12.11764622
9.20588398
13.41176605
18.29411697
14.10392189
10.93137074
4.65294123
3.40980411
3.30392194
2.42352962
4.75490236
6.35294199
8.13137245
9.42549038
12.67451191
11.46078396
10.30784416
18.86666489
15.21764851
13.27058983
7.64117718
3.58235312
3.51372600
2.59019613
3.18039203
5.48235369
8.01764774
7.14705849
11.96078682
12.13529491
9.53137112
17.83921432
17.62745285
13.46666527
12.39411736
4.68431377
3.54117703
3.25686288
2.05490208
4.24509859
6.40000010
7.44901943
8.98039246
12.90000057
10.10980415
13.72941303
21.21764374
12.97255039
15.06078529
8.45490265
3.71764755
3.50980425
2.43333387
2.35098052
4.80784273
7.87647057
7.39019537
12.15686131
12.23725796
9.34705925
21.76862907
14.83529282
13.48823643
14.11372662
4.77254915
3.39803934
2.98823547
1.85490215
3.49803925
6.06078482
7.03137302
11.27254868
12.93333626
9.70392227
17.58431435
19.60784912
11.30588245
16.89804268
8.72745132
3.45686316
3.27647090
2.41372561
2.24313760
4.00000048
6.90588284
7.74705887
14.25097942
11.04901981
11.84313679
23.47059059
13.30588150
13.66666794
14.25490284
4.75294113
3.39019656
2.63529420
2.16078448
3.03725529
4.83725452
6.48823500
11.35490227
12.33529663
7.89019680
22.47843361
17.20195961
11.13921738
15.44509888
8.69215775
3.32745099
3.17451024
2.66862726
2.20588255
3.80392194
5.53529406
7.71568680
11.83529472
9.23921490
15.92353058
20.85881996
11.98431492
12.16666698
12.88235283
5.06470585
3.11372542
3.44509840
1.90000033
2.95686269
4.44901991
5.92941236
9.85098076
10.32941055
9.91960907
23.68038750
14.41372585
10.70196152
13.03725624
8.37450981
3.50196099
2.81176519
3.08627486
1.98039246
3.44901967
4.92549038
7.70392179
9.55882263
8.80980301
21.47254944
18.67647171
10.81960964
11.67058659
11.57843018
5.00588322
2.80196118
3.66666675
1.64313757
3.02549052
4.15882349
5.64705849
8.59607887
9.52352905
14.07843018
23.88823509
12.96862793
10.75490379
12.11568642
7.75294209
3.39411759
2.94117689
2.85098100
2.10392213
3.66666722
5.02156878
6.98823595
7.43725443
10.15686417
24.47254753
17.10392189
10.78039360
11.19411659
10.77254677
5.10196161
2.98627496
3.34705925
1.53333378
3.74117637
4.75686264
5.16862774
7.72549057
8.92352962
18.35294151
21.28430557
12.54901981
11.32745266
10.73137283
7.53333330
3.20196128
3.17647076
2.89411736
2.40980387
5.19411802
5.06470633
7.28039217
7.32745123
13.12156868
23.16862679
14.96862602
11.53725624
10.59804058
9.85882378
5.31372547
2.95098066
3.59411764
1.84117651
4.18627453
5.67451048
6.27254868
7.81372738
9.08235264
22.39019585
18.19019699
11.56274605
11.91372681
9.54706001
8.43725586
3.62549067
2.92352962
2.75490212
2.26274538
5.68235254
5.63529253
8.10000038
7.62745094
18.14313889
21.01961327
13.21372604
11.93725586
10.26078320
9.78431320
5.65882397
3.07254958
2.70392203
1.84313750
3.90392160
5.51568651
7.41176510
7.79804039
12.91372681
23.96862793
15.11960888
12.29607868
11.63529396
9.45490360
8.74313831
3.44705915
2.82941198
2.55490208
1.91176522
5.37647104
6.33137131
8.45882416
9.86666679
24.89019394
17.05882263
12.88627243
13.45294189
9.72157001
9.81568813
5.57451010
2.98235297
2.88823557
2.10196114
2.98627472
5.61176491
7.91568756
9.28823566
22.18823624
21.33137321
13.14509583
14.16274738
11.11960888
9.11176586
8.39019680
3.71176481
2.90000010
3.06078506
1.65294147
4.67058849
5.86862755
8.52745152
18.44117928
25.44705582
14.53725529
13.10784721
13.02156830
9.02352905
9.56666756
6.06078482
3.00392199
3.11764717
1.98431373
2.54901981
5.29019642
7.88823557
12.62352943
26.91372299
17.01764870
12.05882263
13.07647133
10.12941265
9.09804058
8.46470451
3.97254920
3.08039260
2.90392208
1.77843177
4.04313803
6.14509869
8.45294189
22.10980225
20.89999771
11.98823643
11.74117661
11.32353020
8.99019623
9.56274414
6.29607916
2.99607873
2.80392194
2.52352929
2.27843142
5.24117565
7.24509907
12.21568680
23.84705925
13.87254715
10.84705830
11.92941189
8.85294151
9.65882492
8.10588169
4.05882311
2.74117684
3.01764750
1.89803946
3.45490217
6.01960802
8.65686512
19.30000114
16.97451019
11.44117546
11.42549229
10.26078510
8.95882607
9.26274586
6.07451010
2.57058811
2.99607873
2.55098104
2.26862788
4.31176519
7.45882273
11.80000210
18.84901810
12.84902000
10.29607964
11.35490227
8.69607735
9.79607868
7.91568613
3.97451019
2.46078467
3.17451000
2.20784330
3.17058825
5.03921652
9.22156906
15.42352962
15.03529453
11.46078491
10.17647076
9.61568642
8.83137226
9.22548866
5.77450943
2.73725533
2.72353005
2.55294156
2.15098071
3.83333373
7.16470623
12.28627586
14.02745438
12.75882721
10.57450962
9.65490341
8.92745113
9.22156811
6.96274471
4.03529406
2.70196080
2.79803944
1.75098050
3.01960826
4.63137293
9.44509888
13.40392494
13.43333530
11.08039379
9.99019718
9.44313812
8.55490303
8.29803944
5.72745037
2.71568608
2.83529425
2.13921595
2.02941203
3.63921571
6.92941236
13.13725471
11.67255020
12.14509773
10.78235054
9.67451000
8.90392113
8.83725643
7.14901876
4.05294132
2.67843199
2.81960773
1.72156894
2.85882354
4.20980406
9.97646999
12.41176510
12.09019566
11.10588264
10.62353134
9.71568489
8.92941093
8.11372662
6.09019661
3.00392151
2.94117665
2.47254896
1.80588257
3.00392175
6.42352867
13.28039265
9.95294189
12.08823490
10.67254925
10.53725624
9.50392246
8.64901924
7.23529482
4.34117746
2.56470633
3.27254963
1.72549021
2.27451015
3.70196080
10.54901791
11.31764793
10.81764698
10.54313564
9.99608040
10.81568909
8.65098095
7.91960764
6.06078434
2.84902000
2.77254915
2.53333354
1.99019623
2.58039236
6.19607878
12.40588093
9.01372814
11.46470451
10.01372623
9.90588093
9.80980492
7.68627453
7.16274500
4.86666679
2.27451015
2.85294151
1.91568696
2.00588250
3.56274509
10.65294361
10.14901924
10.77647018
10.39608002
9.34117699
10.39215660
8.88823509
7.04705858
6.43529415
3.14313793
2.60392237
2.36862779
2.02745128
2.59607863
6.59411764
11.70980549
8.73921585
11.20784378
10.46666813
9.48235416
10.63529682
7.13529348
6.60196161
5.11960840
2.38431406
2.43137264
2.10980368
2.10980439
3.53921580
10.42156982
8.96470547
10.57254791
10.43137169
10.41372776
11.30784321
8.75686264
6.28823662
6.27255011
3.27450991
2.47647095
2.39215708
1.61568677
2.56078458
6.63725519
10.34117794
9.07843208
10.67254734
11.00196171
11.30588245
10.62745094
7.03725433
6.39019632
5.49411821
2.19019675
2.56078434
2.21568656
1.73921585
3.48823524
10.22156811
8.48039246
10.86666679
11.11568737
11.22352886
12.18235397
8.20196152
6.17843246
6.62156916
3.72549057
2.17647076
2.45490217
1.66470611
2.51568675
6.47451019
9.96470547
9.10000038
11.49019909
10.94117737
13.38039207
10.13333130
6.21568537
6.62352991
5.40392160
2.42745161
2.38431382
1.87451017
2.03529453
3.24117708
9.80980396
8.06862736
10.23529530
11.65098190
11.40784454
13.01568508
8.26274490
5.68823528
6.77450991
3.60588288
2.35882378
2.37647057
1.64313745
2.14117694
5.96078444
9.53921413
8.80784416
10.98039246
10.56470585
12.94509697
10.44313622
6.00588274
6.50980377
5.24313736
2.57254910
2.36470604
2.15098047
1.94117665
2.95882392
8.85097980
8.00588226
9.58627510
11.28823280
10.07843018
12.20196056
7.81960821
5.74509907
7.01960754
3.55686283
2.12745118
2.33921576
1.86862755
1.77843165
4.96666622
8.70980549
8.00784397
10.53529453
10.15686417
11.27254868
9.77647209
6.08235359
6.43333387
5.55686283
2.26274538
2.09803963
1.95882404
1.84705925
2.50392199
7.12941170
7.49411774
8.63725471
10.52353096
9.91764832
11.28627586
7.38823557
5.91176462
6.83333349
3.40392160
2.09215736
2.26078463
1.97058856
1.65882373
3.96862769
7.65294218
7.49215651
9.58039379
9.39215660
11.04901886
9.04706001
5.97058773
6.64705992
5.42941189
2.42156863
2.10392189
2.14705944
2.00000048
2.03333354
5.96078396
7.29215813
8.20784283
9.99215698
9.84117603
10.79215813
6.56862736
5.87255001
6.71568584
3.60588312
2.07843161
2.45490241
1.77058852
1.70784354
3.30588245
6.87647057
7.63921547
9.73333454
9.39803886
10.77058887
8.59803867
5.86666679
5.70000076
5.62745142
2.29215741
1.98235345
2.31764722
1.75882375
1.83529460
5.14705896
7.56862688
7.87254906
9.46078587
9.57843113
10.48431301
7.55294085
5.10980320
6.01176548
3.71764731
2.07450986
2.15294147
2.21176505
1.89411795
2.92745113
6.30392170
7.54313755
9.44705868
9.88431358
10.23137379
8.05294132
6.34313726
5.83333349
5.49411774
2.44705892
2.16078448
2.53529406
1.71764731
2.08823562
4.60784340
7.48823452
7.93529510
10.14509964
9.65098190
9.72548866
7.57647133
5.39607859
6.44313669
3.64313698
2.13333344
2.30196071
1.92156887
1.78627467
2.44117689
6.04509830
7.42941189
10.19804096
10.40980530
9.49803829
8.25686073
6.18823576
5.45294142
6.25882435
2.51960826
1.95882368
2.03333354
2.05882382
1.81176484
4.09999990
6.34509754
8.25490284
11.24902058
8.65686321
9.37647152
8.06470680
5.41764688
7.11960840
3.93921566
1.98039258
2.00980401
2.18823552
1.91764748
2.17451024
5.15294170
6.16078472
9.90980339
9.77058792
9.24705791
10.04509830
6.33921480
5.43137264
6.98627424
2.70980430
1.81568670
2.35098052
2.33137274
1.83921587
3.40588236
5.70588255
7.23333454
10.15882492
8.85098076
9.52941227
9.21176624
5.42156887
6.66470623
4.14705896
2.07058811
2.09215713
2.54509830
1.89215744
2.04901981
5.18039227
5.67450905
9.09215832
9.14509869
9.29608059
10.22941208
5.94901991
5.39215660
6.36470604
2.82745147
1.97647107
2.01960802
1.88235331
1.71568656
3.15686297
5.97843218
7.45294142
8.99999905
8.51372528
9.17059040
8.97843075
5.05686283
6.13333321
4.74509764
2.35686302
1.97058856
2.04901981
1.19411767
2.13333392
4.83921623
6.00784349
8.13529491
8.68431377
8.88039207
9.41372681
5.80588293
5.20000029
6.16862774
2.81764746
2.08627486
2.08039236
1.74313748
1.59019637
2.45686293
5.59411860
6.16078377
8.33529377
8.80588245
8.26274586
8.07843113
4.94313812
5.72548962
4.36470747
2.41176486
2.10784340
2.16666675
1.82549047
1.76078451
3.85294104
5.08627415
7.51764631
8.31568623
8.84509945
7.60980368
5.73137283
5.16470671
5.69999981
2.44509888
2.35882401
2.46274567
2.07058859
1.76470613
2.58627439
4.60588169
5.73529387
7.73921490
9.01764774
6.86666679
6.95882416
5.56274605
5.35882282
4.20196104
2.08431411
2.18823552
2.51176500
1.98431385
1.91176486
3.54705954
4.68039274
6.22549057
8.71960831
7.63725519
6.87254858
6.27254915
5.06470490
5.19411802
2.92156887
2.11764741
2.04902005
2.26862741
1.80000031
2.27647066
4.61568689
5.14705992
7.05098057
8.53921795
6.73137188
6.88431406
5.44509745
4.97843218
4.22549105
2.24705911
2.10000038
1.96862805
2.03137302
1.74901974
3.48431349
4.76666689
5.92549086
8.89803886
6.99019623
7.05686235
5.85490131
4.79019642
4.75098038
2.94509888
1.93725514
2.23333359
2.06666684
1.88039267
1.92156899
4.58039188
5.30784369
7.28431368
8.43529320
6.65882349
6.74117661
5.05098152
4.52549124
3.99215698
2.07843161
2.27058864
2.35882378
1.82745135
1.95882392
3.02156854
5.02353001
5.82352924
8.86862755
7.07058907
6.94117546
6.04705906
4.54705954
4.70000029
2.97647119
1.89803934
1.98627460
2.30000019
1.80392194
2.17058873
4.30000019
5.60196114
7.25882435
8.34117603
6.88431358
6.96274519
5.40000057
4.52156878
4.43725491
2.28235364
1.93921578
2.10980463
2.23725510
1.74901986
2.95882344
5.13921595
6.36274576
8.52549076
7.20392036
6.50000048
6.48627424
4.24901962
4.94509840
3.53529406
1.91372561
2.21764731
2.05686283
1.98039269
2.12549067
3.90980411
5.52156782
8.01176453
7.89999914
6.20392132
6.88039160
5.11568642
4.20196104
5.09607840
2.59215736
1.93921626
2.22941208
1.81372571
1.55294156
2.53725529
4.87451029
7.17058802
8.17451096
7.20392227
5.78431416
6.80588293
4.17254925
5.09215736
3.47058892
1.89999998
1.97647083
2.19607878
1.70784366
2.22745156
3.81372619
5.43529367
7.71568584
7.61176443
6.31372643
7.54117727
5.01372576
4.07647085
5.22549009
2.53137255
2.00784349
2.29607892
2.05294156
1.94117701
2.59019637
4.31176519
6.25294065
7.41372633
7.10588360
6.99411774
6.66078472
3.99215722
4.93921518
3.80784345
2.59019637
2.09019637
2.09019613
2.12745118
1.88235343
3.31960797
4.47058916
7.49607849
7.45098066
6.67450953
7.73529482
5.06470585
3.71568704
5.50000000
2.60196137
2.25294137
2.21372557
2.03921604
2.17058849
2.34117651
3.91764712
5.70980406
6.95294094
7.14117813
8.21764851
6.83333349
3.88627505
4.82745075
4.27843189
2.34705901
2.10000014
2.40000010
1.99411798
1.85882378
2.75686312
4.20588207
6.43725443
6.81176376
7.65686417
8.36862755
5.09607792
3.54313803
5.62352896
2.68627429
2.20980382
2.11568642
2.21764731
1.53333366
2.21960807
3.57058907
4.98039198
6.26470709
6.54313707
8.91568565
6.64901924
3.65294194
4.51960754
4.52549028
2.27647090
1.87843156
2.18627477
2.20980406
1.75294149
2.35098076
4.17058849
5.47843218
6.56666756
7.40784359
8.56274414
5.16666698
3.37254953
5.22549009
2.45686293
2.01960778
1.98823535
2.44509864
1.83333385
1.54705894
3.45098090
4.64902020
6.15490198
7.43725586
8.84706020
7.18039179
3.59411788
4.37451029
4.06470633
1.80392182
2.11960793
2.11372542
2.36470628
1.83333373
2.29215717
3.90784311
5.46274519
7.78235245
8.03921509
8.38235283
5.33725500
3.23137236
4.98235369
2.36862779
2.02941203
1.92352951
2.48431420
2.22352958
2.14509797
3.00392199
4.43333387
6.70392227
8.33529472
8.54117680
6.97450972
3.67647052
4.05686331
3.53137279
2.14313769
2.16470599
2.46470594
2.30000043
2.06666684
1.98627472
3.56666708
5.20588303
8.29019642
8.22352982
8.21176624
5.23921585
3.01764703
4.13529396
2.54705906
2.17058873
2.22156906
2.78039169
2.12352967
1.86470616
2.57254934
4.25490236
6.19607830
7.67451000
9.00784302
6.69019651
3.68431377
3.45882392
3.13921618
2.38039255
2.21764731
2.57451034
2.29215717
1.79411817
1.95490229
3.10196137
5.13333368
6.87058830
8.46666718
7.96078491
5.54901838
3.25882387
3.50392199
2.66078472
2.27450991
2.20000029
2.57058835
2.30392170
1.62941217
2.21764731
4.38431454
5.75098133
7.19999981
8.77647018
6.70000029
4.36666632
3.02156878
3.22941184
2.36470604
2.10980392
2.35098052
2.29803920
1.88235319
1.68823552
3.32352972
5.11372614
6.31568718
8.83529282
7.64313698
5.25882387
3.37647080
3.21176457
2.66470599
2.10392165
2.13725495
2.22745132
2.11764741
1.81372583
2.24705887
4.20000029
5.62941265
8.46862793
8.33921719
6.28431320
4.19411755
3.27254915
3.10000014
2.61764693
2.05098057
2.18235350
2.17058849
2.08627486
1.86274529
3.40588284
4.67254925
6.68039083
9.47451019
6.77058792
5.45686197
3.67254949
3.32549000
2.61568642
2.15294147
2.35686302
2.23921609
2.25294185
1.78823555
2.80784345
4.07647085
5.59019661
8.91372681
7.59999990
6.51960802
4.28235388
3.36862779
2.93137288
2.25490212
2.08823562
2.36470628
2.34117627
2.02941203
2.01960802
3.57058811
4.72156858
7.52549124
8.39411736
6.75294113
5.74509764
3.90784383
3.24117661
2.70784378
1.81176507
2.14313745
2.50000048
2.06078434
1.95294154
2.30196095
4.04901981
6.53529453
8.38627529
6.99607897
6.56078386
4.49411821
3.43137240
3.07647109
2.24117661
2.00196099
2.32352996
2.55686307
1.78431380
1.82941210
3.35686302
4.55490160
8.49019718
7.60588169
6.52156878
5.34705830
3.85098171
3.32549047
2.78039289
2.12156868
2.30000019
2.60784364
2.07843161
1.99803936
2.29019618
3.18627477
6.59607935
8.05882454
6.60196066
6.09411812
4.50196171
3.16274548
2.90196085
2.30784345
2.09411788
2.53529382
2.25882435
2.17254925
1.81176496
2.74117661
3.81764698
7.76862907
7.14902020
6.09804058
5.27254915
3.63529396
2.78627467
2.58431411
2.10588241
2.13529444
2.30588269
1.99803948
2.42156863
1.92549062
3.25294089
5.51568651
7.71372509
6.36470652
5.94705868
4.11764765
3.29804015
2.85882401
2.25882339
2.20588303
2.18235302
2.48823595
2.33333373
2.05686283
2.76666760
3.66470671
7.80980492
6.69411802
5.68039227
5.59411907
3.75490260
2.62941217
2.25686288
2.23529458
2.32549047
2.49803925
2.48823571
1.98627484
2.00980449
2.95490265
5.08823586
7.52941084
5.51764631
5.80000019
4.67058897
3.10980368
2.54313731
1.94509852
2.29019666
2.47058797
2.59803963
1.88823545
1.82352960
2.42745090
3.63529444
6.32941198
6.47843075
5.12352943
5.48627520
4.01764727
2.80000019
2.54705906
2.09411788
2.31176472
2.80196118
2.08039236
1.84117639
1.80588257
2.99019623
4.94117641
7.18235302
5.30392170
5.34706020
5.12941122
3.01568699
2.58431363
2.48235273
1.93529427
2.50000024
1.99607885
2.11960840
1.96274543
2.42941189
3.40784431
5.84313822
6.25686216
4.68627405
5.43921471
3.97843170
2.99411798
2.76862764
1.98823547
2.13921571
2.37451005
2.06470585
2.08235312
1.80000031
3.10000062
3.97647119
6.65490246
5.04509878
4.95098114
4.66078472
3.31568646
2.91764736
2.28235340
2.30000019
2.41960835
2.42352986
2.10980415
2.06078458
2.31568670
3.32352972
5.31764603
6.25882339
4.61764717
4.77058744
3.84509826
2.64313745
3.04705858
2.20000029
2.37450981
2.65490198
2.23529410
2.08431411
2.47843170
2.50980401
3.97843146
6.57647085
4.95882511
4.11764669
4.22156858
3.44313741
2.75490236
2.60980415
2.42156887
2.48823524
2.49215722
1.93725514
2.36666679
2.30000043
3.34509802
4.78627443
5.85686302
4.39803934
4.63529396
3.59411764
3.00392199
3.02745104
2.33333349
2.32941222
2.67451000
2.28235364
1.93725491
2.44117689
2.72941184
3.99019575
5.36078405
4.53529453
4.41568661
4.48431396
3.26666713
2.77254915
2.82352972
2.16666675
2.56666708
2.59215713
2.09607863
2.12156892
2.62745118
3.31372571
4.28039217
4.84313726
4.15294123
4.49803877
3.81176448
3.14705920
2.81176496
2.22745109
2.19607854
2.60588264
2.57647085
1.94901967
2.24705911
2.73137259
3.61764717
4.70980358
4.21176481
4.19215727
4.53725433
3.01372576
2.91764712
2.59607911
2.09019661
2.31372547
2.66862774
2.20980430
2.24313760
2.18823552
3.03333282
3.92156863
4.40784359
3.90980434
4.28627491
3.95098066
3.09803963
2.71176505
2.34313726
1.99411798
2.61960816
2.73529387
2.31176543
2.02745152
2.63529420
3.50980401
4.21960783
4.17058897
4.09607840
4.58823633
3.28235269
2.80392218
2.55490232
2.10196114
2.11176491
2.79803944
2.45098066
1.73921621
2.35490227
3.26666713
3.89803934
4.18039274
4.23137188
4.46078444
4.12549019
2.68235254
2.64313745
2.27647090
2.02156878
2.46666670
2.71176481
2.27451038
1.95294142
2.68627477
3.73921585
4.11176491
4.05294180
4.27843189
4.50588274
2.80980420
2.47058868
2.63333368
2.05686307
2.02549028
2.74509811
2.45490241
1.99803972
2.11764717
2.89411807
4.12156916
4.55686235
4.11960745
4.73333359
3.69215631
2.20196104
2.56470656
2.22745132
2.18627453
2.52549076
2.66078448
2.15882373
1.79607856
2.38627481
3.69607830
4.41176462
4.97058773
4.34509802
4.71372652
2.94509816
2.37058854
2.33529449
2.05686283
2.36470604
2.80980468
2.38627481
1.96862769
2.17254925
2.67843175
3.90196013
5.42745066
4.43725586
4.69803905
3.97647095
2.65098047
2.48235321
2.02156878
2.27450991
2.51960802
2.62352943
2.29803967
2.14509845
2.26078486
2.82352948
4.64117622
5.31568670
4.19607925
4.91176462
3.24901986
2.48039246
2.45882416
2.19607902
2.29215693
2.53137279
2.47451019
2.15882397
2.23529458
2.72941184
3.64509869
5.28235340
4.83529520
4.51960850
3.96862769
2.79607940
2.56078458
2.22745109
2.26470637
2.46078467
2.48823547
2.33137274
2.22352982
2.24313736
3.14117718
4.31960821
5.90784311
4.41764688
4.84901953
2.79215789
2.45098019
2.02156901
2.08823538
2.29803920
2.68823504
2.65294194
2.45098090
2.25098038
2.56274509
3.35490251
5.50392199
4.92745066
4.49019575
4.09411764
2.35294151
2.31960821
1.98823547
1.96862793
2.38431406
2.74705911
2.77647090
2.39803958
2.24705935
2.71960855
3.48823595
5.44117785
4.32352924
4.81764746
2.99411726
2.47647047
2.10588241
2.10784340
2.22352958
2.60784340
2.25882435
2.29019618
2.22549057
2.58039212
2.82549071
4.47647095
4.61568642
4.15098047
4.02352953
2.50000000
2.55490255
2.47058821
2.08627462
2.65882397
2.69019651
2.33137298
1.96078432
2.05882382
2.58823562
3.26666713
4.88431358
4.42745066
4.55098057
2.92156887
2.75490260
2.33333349
2.13137245
2.04509830
2.89607835
2.69215727
2.26470613
2.13725519
2.13137293
2.74901986
4.19411755
4.62548971
4.26666689
4.06862831
2.87254930
2.23137283
2.28627491
1.92352962
2.39411807
2.75882363
2.37843156
2.45490241
2.05294156
2.53725481
3.03921628
4.66666698
4.30980349
4.26666689
3.14313769
2.55098057
2.13333368
2.12549043
2.26078439
2.81372571
2.41960812
2.33529401
2.08431411
2.26862788
2.71568656
4.02941179
4.33333349
3.86274552
3.78823566
2.59803939
2.49607873
2.10000038
2.30196095
2.53333330
2.45490193
2.49411774
2.18431401
2.11568666
2.45882368
3.08627462
4.63725519
3.54509854
4.38235283
2.84313726
2.47647095
2.10196137
2.22941232
2.47254920
2.45882368
2.53921604
2.41176510
2.08235312
2.00784349
3.01176476
3.54117680
4.13725519
3.95294142
3.61372566
2.68431377
2.16274548
1.93137276
2.15686274
2.27647090
2.68235302
2.48431396
2.42745137
1.67254961
2.39607859
3.05686307
4.15686321
3.95882368
3.96078444
2.92549062
2.08431363
1.95294178
1.96666682
2.38235354
2.67254877
2.42156911
2.44313765
2.27058816
1.77058840
2.44901991
3.51960778
4.10000038
3.71960807
3.39411807
2.49411798
2.39215732
1.90784359
2.11372614
2.82352948
2.67254949
2.34902000
2.32745075
1.82549047
2.46862793
2.67451048
3.91372561
4.00784349
3.92745137
2.96078420
2.49215674
2.39215708
2.28823566
2.63137317
2.90000010
2.36470604
2.24509835
2.06666684
2.26862764
2.44117689
3.47647071
4.06470680
4.04705906
3.50392151
2.74705958
2.53725505
2.30588293
2.43921566
2.63137269
2.62745118
2.16666675
2.10392189
2.25098085
2.18235302
2.72941208
3.54313755
4.05294132
3.82156849
2.85294127
2.40392184
2.42156863
2.32156873
2.26862788
2.38627505
2.68627501
1.61176491
2.10000014
2.40784311
2.34902000
2.96470571
3.86078477
3.94117713
3.31568623
2.56274605
2.33333397
2.40000033
2.16470623
2.22745132
2.37450981
2.39411783
1.94313753
2.27254939
2.06078458
2.36078453
3.49019623
3.78627491
3.44705963
2.92941189
2.47451019
2.34117723
2.16078448
2.09411812
2.34901977
2.60392165
2.25098085
2.03333354
2.16666722
2.33529449
2.48039246
4.01960850
3.50000024
3.27647090
2.49215722
2.10588312
2.28431416
2.14902020
2.37058878
2.56666708
2.57254934
2.17843151
2.23725486
1.87058866
2.63333344
3.40588284
3.49803925
3.66470647
2.69999957
2.20392179
2.09607840
2.23725486
2.38431382
2.49803925
2.23333359
2.70196056
1.97254956
2.03333378
1.85098076
3.08431411
3.67451000
3.50784278
3.10000014
2.31372547
2.11960793
2.19607854
2.29607844
2.54901934
2.56274533
2.26666665
2.44313741
2.05098033
1.85098076
2.05098081
3.55686307
3.52941227
3.09999990
2.76078439
2.11176515
1.90588248
2.31176496
2.39411783
2.34313750
2.64705944
2.24313760
1.93725526
1.78431404
2.15294147
2.70784307
3.48431349
3.24117708
3.07647085
2.73137307
1.73333371
2.30784345
2.05098057
2.42941213
2.52941203
2.23137259
1.93921590
1.80980432
2.15294147
2.20784330
2.94313717
3.47647071
3.37843180
3.25098133
2.42745137
1.67254913
2.38039255
2.44705915
2.65490246
2.34313774
2.33921576
2.01568675
2.11568642
2.32352972
2.91372561
3.20392179
3.10784388
3.07254934
3.08235335
1.92156875
2.19607854
2.31176496
2.71568680
2.63333368
2.61960816
2.15686297
2.32745147
2.26274514
2.21176505
3.14509845
3.51372576
2.89019656
3.07843137
2.50196099
1.87843144
2.34705877
2.45098090
2.79803967
2.97647047
2.37843132
2.01372576
2.09019637
2.20000029
2.53725576
3.21960759
3.24509859
2.78235340
2.85686302
1.89215708
1.78235328
2.59215713
2.57450986
2.51960826
2.65294170
2.19803977
1.82941175
2.18823552
2.05098081
2.94509816
3.17058825
2.72549081
3.30000019
2.11176491
1.83529437
1.93921590
2.43137240
2.41372561
2.50392222
2.51176476
1.82352960
1.91568637
2.21372581
2.27843165
3.30980444
2.89803910
3.07254934
2.99607921
1.56666696
1.86666703
2.16862750
2.29607868
2.43529415
2.63725519
1.98431396
1.70392191
1.97254932
2.09803939
3.09019613
3.10784340
2.93333364
3.23529434
2.38431430
1.83529449
1.82549059
2.15294123
2.32941246
2.56862783
2.23333359
1.76862776
1.73725522
2.16274524
2.34509850
3.22745180
3.09999990
3.15686345
2.98627472
2.10392189
1.92156899
1.92352974
2.19803905
2.54901981
0.45882353
