20.02352905
25.09608269
23.48823738
24.28235054
23.67647171
25.06274414
22.88431358
23.35293961
23.89215469
23.96667099
22.38235474
22.43334007
21.88627625
23.34902191
24.00587845
25.16862297
24.40784073
17.47254944
25.39803696
22.26666260
21.02353477
22.60196304
23.77647209
21.96666527
18.49215889
20.34117508
21.41568184
21.71176338
19.65883064
19.96471405
21.11176300
21.98039246
24.81961060
23.27647018
22.59803963
19.72745514
22.56274605
19.45294571
21.11176682
22.00392532
22.28430748
18.40587997
17.24313354
18.36274529
21.02745056
19.13725281
18.27255249
18.58823967
20.10980034
22.91960907
24.68627739
21.07843399
16.27450943
24.30784798
20.74901772
18.40000534
20.67058945
21.23529816
20.00392342
18.00000000
16.89019585
17.81764984
20.43529892
17.53137016
18.37059212
19.01176453
20.24509811
24.69804001
20.61764908
20.90391922
18.55686188
21.21177101
18.81764412
18.85882568
18.48627663
20.58038521
18.66275024
17.92156219
16.31372833
19.80784416
18.35686111
18.49608040
18.58628082
18.88235283
19.96471024
21.61960983
19.59607887
15.50784111
23.23921585
20.38431740
17.91960907
17.82548904
18.61176682
19.30392456
18.66862869
17.89803886
16.11960793
19.70588684
16.51960754
20.19019890
18.55882454
18.44117546
18.92548752
17.75882721
19.24902344
19.17450905
20.51960945
19.20980453
19.13529015
18.53725433
17.84510040
17.34510040
18.50392151
17.93137360
17.74117851
17.50000381
18.34509659
19.09411621
18.68823433
17.04314041
17.06470680
17.85294151
17.68431854
22.37450409
21.02940941
18.40980530
19.54313850
18.66666603
16.99803925
17.90980339
19.29608154
18.41765022
18.14901924
15.97255135
19.37843132
18.26470566
17.47451210
16.51372528
16.67450714
19.01568794
20.16666412
20.06078339
20.71960640
20.83137703
20.47842789
17.45686340
16.33333206
17.36274529
20.42941475
19.04314041
17.91372490
17.55098152
18.58823586
17.80980301
16.56274414
16.73725700
18.40784645
17.47843361
23.22549629
21.00784492
19.52352905
22.01568985
19.20784378
16.56862831
16.38823700
20.28627777
20.19019127
19.61372948
20.42744827
18.43333626
19.85882187
16.55686569
16.79999733
18.74313736
20.78823662
16.35294151
22.54509544
22.14901924
21.48823357
21.54313850
18.76470757
17.70392036
18.18627739
20.73137283
21.31176949
22.94902039
21.40588188
20.16863441
21.84509850
17.94510269
19.76274681
24.19411278
15.09215546
25.20392418
24.40588570
23.45686531
21.63333130
22.59999657
21.42157364
20.06862831
19.58431244
21.40196228
24.91176224
25.46078300
20.00195694
26.45097923
23.79608345
19.10196114
25.72549438
24.95294380
22.34313774
25.61176491
24.86274529
22.94117928
23.62941360
25.44901848
22.47843361
22.77647018
22.96078300
27.45098114
26.88431168
22.51765060
25.28430939
28.99803734
23.61568642
24.63333511
26.90588379
21.19019699
25.76274490
26.02548981
25.82744980
23.60392380
25.63921356
25.49215508
25.67255020
27.68431664
26.99804306
28.45097351
24.57058334
26.93333435
28.25097656
27.16274834
23.69215584
27.11961174
22.88823509
21.86667061
25.56470680
25.51372147
26.09215736
24.25686264
27.13333130
25.02157021
27.66274834
29.56666374
30.73137283
25.01764679
26.14117813
29.54509354
28.41961098
24.49411392
25.50000000
25.69411659
18.08823395
24.66274834
25.16470337
24.17842865
23.42352867
22.42941284
25.81568146
26.07843018
27.32940865
30.08823776
30.03332901
21.14901924
30.77255058
29.26862907
27.16078568
22.72156525
25.75490379
21.02156830
18.53529358
25.11176300
23.89607620
23.29215431
18.10784149
23.60784531
21.72549057
24.74705887
30.12157059
29.46862602
25.12941551
26.30196381
28.86666679
28.97646904
22.85490036
21.72157097
23.68235779
17.03529358
22.44509697
23.94313622
21.21961212
20.55097961
16.49607849
24.44902039
21.72156906
28.94509888
28.61176109
25.13921738
25.92745209
26.46078491
26.91568565
26.53333092
18.74313354
24.96470642
17.92745209
16.08431244
22.88430595
20.62549782
21.33725548
16.02157211
21.39803886
21.87059021
28.23921204
31.19020081
21.45294571
28.19607925
27.56666565
20.80000114
25.39999962
21.24314117
19.73921585
21.89215469
15.91960907
19.10196304
19.55097961
16.29215622
21.28627777
14.45686436
28.26470566
27.45098114
29.51568985
21.02941322
22.22941208
30.49019241
21.43921471
17.75098228
20.60588264
19.66274834
24.00196266
16.77647400
16.13333321
18.80980301
15.72157001
18.08627319
18.57647514
22.46470833
31.41176605
29.86862564
21.73137093
19.21960831
26.46862984
24.73529816
15.88039207
17.28039360
19.02157021
26.32156754
19.64901733
16.30784035
16.96274757
15.59019661
12.45882416
21.61568451
22.69411850
29.38823509
30.54510117
22.74902534
18.17059135
19.72941208
24.43136978
17.38824081
14.78627205
15.86666775
24.83136940
24.76078987
16.96862602
16.02745247
15.61960793
12.20588207
13.54313660
27.41176605
25.72745323
30.93529892
25.02548981
15.89215946
21.70784378
17.68039322
17.26470947
14.03725529
14.37254810
17.09019661
28.13725281
19.75686455
16.38823318
15.32156658
13.00588417
12.65882301
19.43921471
29.69411659
22.84313583
26.69804001
17.17451286
16.55294037
19.29019737
16.15098000
14.63529110
13.85686302
12.70784378
22.32549095
22.49804115
17.64901924
15.94705772
13.96862602
12.75490284
12.32156658
26.32745361
22.78235435
21.12353325
18.31176186
15.52941132
17.68431282
15.50980663
14.57450962
13.71960545
13.55294228
13.75098038
23.42941475
17.03137398
16.99803925
15.14117813
13.72157001
12.64510059
16.45294189
25.57255173
16.81176567
18.70196342
15.80196095
16.56666565
16.20784569
14.61176491
13.58823299
15.34510040
12.96274376
17.94117546
18.03725624
17.12156677
16.30588341
13.94117641
13.26666641
11.93333340
21.27647400
17.54705811
17.31764793
15.30784798
16.15882492
18.53137016
15.25098228
14.28039265
17.00980377
13.94117641
13.17647171
16.57254791
16.16862869
18.48823547
14.57843018
13.74117470
13.52352810
14.20000076
18.00196457
15.36666489
16.01568794
15.16666698
18.25294113
16.93529701
15.07254982
16.42156792
19.77647400
13.48627567
14.81568527
15.09999847
16.87058830
16.60000420
14.46666908
13.74313927
12.37255096
16.35490227
15.20000076
14.89803696
15.32156754
15.74705887
19.74117661
15.78431606
15.53333092
23.83333588
18.27058983
14.40980434
15.32941246
15.75882339
17.97058868
14.78235531
14.17058754
13.56666660
12.99411869
16.07647133
15.00784016
13.95686340
15.56470680
17.62941360
17.76274490
15.05490303
19.45097923
28.40392113
16.94705963
17.94510078
15.31960773
14.91960907
16.90196228
14.27842999
13.75098133
12.30196095
15.29019642
14.39803600
14.20980358
14.81372452
15.51764870
17.89019966
15.30783939
16.65686035
26.12744141
26.34509659
20.70392418
15.13529491
14.43333340
16.46078491
13.39019489
13.71960640
13.16470528
12.46274376
15.04510117
14.36274529
14.78235435
15.75882339
15.87254906
16.17450905
16.88039398
20.07059097
27.29412079
25.34902000
17.77254868
14.51764774
14.14313412
15.50392342
13.96078587
13.57058620
11.86470413
15.15882874
14.03137112
14.68039322
16.20980644
15.10588360
15.02156734
18.23137474
17.74705696
21.86274529
22.33726120
23.58823395
14.27451134
14.08627510
16.29411888
13.60784340
14.52941036
12.54117680
13.08235168
14.98823738
14.78823566
14.57450771
16.67058945
14.92941284
14.87059116
23.28039169
17.23529434
14.77843189
24.98431587
15.00000095
15.00784302
13.57059097
15.94902039
13.75686359
13.15489960
12.50588226
15.39215851
13.72353077
15.36666679
18.20196152
15.05098057
15.15882492
21.50195885
17.98627281
14.52353001
16.69411850
19.58234978
13.76078320
13.73137093
15.68235397
14.60000420
13.84117413
13.14705944
12.99215794
15.33725643
14.93333340
15.23529530
20.51372528
15.70196247
15.57843018
23.63137436
16.06666756
13.35490227
18.42941284
13.37058926
14.16666603
13.25490189
16.65098190
14.48039436
12.97843647
12.31764793
15.50784206
14.61372566
15.55686378
18.61764717
19.00784683
15.82549191
21.69019699
18.08823586
15.42745113
14.08823490
14.69019222
13.98039055
13.25490284
15.90196228
13.80000210
13.93333340
12.56078434
13.44117737
15.05098343
14.84705734
15.48823547
25.89019775
15.71568680
16.18431282
23.00196075
16.00196075
14.16470528
14.00392151
13.36078358
14.20588398
12.43725586
16.37058640
14.40784264
12.70392036
11.91568851
14.46862888
14.76666737
15.65294266
18.65294075
25.08431435
18.26078415
22.26666832
18.28235435
14.75293922
14.04509640
14.17647076
14.18235302
13.69019508
15.32353020
14.40392303
14.62549400
12.29411697
12.67647076
15.00980186
15.16274548
15.64902210
25.99803925
20.20784187
21.90587997
20.98627663
17.28627396
14.35882378
14.27254772
14.46862793
15.08627510
12.36470604
18.07058525
15.28431320
12.85098076
11.68039417
14.42548847
14.72548866
15.09019852
19.27058983
25.88431358
22.16274261
24.13921928
19.05097771
14.63529396
14.14509773
15.28823662
15.35686111
13.57843399
16.99803734
14.93725681
15.32156849
12.18235397
12.90588188
14.35294247
15.47843266
15.29019737
25.29019928
21.98823547
25.58431435
20.76274872
17.40000343
15.11960793
15.22353363
16.75882339
14.57451057
12.29215717
19.30195999
15.10588264
13.54705906
12.73725414
14.00000095
14.22352791
15.39019871
18.06078339
26.79215813
23.04902077
25.51176453
19.60588264
15.55097961
15.02157021
16.34509659
16.16078568
14.29019547
16.50588226
15.09019947
14.66078281
13.27451038
14.03529549
13.63921547
14.90980530
14.84313774
26.27842903
22.85882187
26.19607735
22.36079025
18.85882378
15.88823414
15.62156963
16.17255211
15.42156792
12.62549019
18.73333359
14.70784473
13.93725300
13.37059021
14.10196304
14.07255077
15.33921432
20.05489922
26.90196228
23.90195847
24.07254791
21.53137207
16.93333435
15.70000267
16.44510269
15.76666832
14.39215755
15.99215794
15.63333702
14.47843361
13.60784531
12.94509792
14.53921604
15.45490074
15.40392113
24.04510117
26.01764297
24.92156982
22.34509659
19.85686493
17.32353020
16.20784378
16.25489998
16.06666756
13.08431149
17.11176872
14.60784435
13.76862907
13.05882263
14.54705906
14.76078415
15.45882607
18.61961174
25.27254868
27.24705887
20.35686302
23.51960754
18.81176758
17.63529587
16.93137169
15.98823452
14.50392342
14.05882168
16.08038902
14.71764755
15.01372528
12.91568470
14.99607563
15.52156830
21.48039436
19.87647057
25.38431168
23.53725624
25.56862831
19.31176758
21.56470871
16.59803963
16.05097961
16.18823814
12.10980606
16.65294266
14.79607773
14.18039227
15.01176167
14.77254963
15.24117470
21.48234940
19.90588188
20.29411697
27.05685997
22.83529282
25.10588074
18.46078110
20.53137398
16.54313850
15.90000153
14.86274624
12.90784168
15.99803734
14.45098114
15.99019432
13.69215870
15.10392284
18.14901924
25.71568871
18.48823547
23.07255363
25.06666565
28.94901848
18.42353058
20.43922043
17.18431282
15.25490189
16.41176605
12.52940941
16.81568718
14.57843113
13.79803944
15.39019585
15.79803848
16.15490150
24.45294189
21.51372528
21.46666718
27.26274109
28.82157135
25.88234711
17.14117813
18.77255058
16.05882645
15.34509659
14.96862411
14.07451057
16.64117622
14.24705887
14.54313946
14.52548981
16.07451439
22.34902000
24.41372108
20.70980644
26.62745094
28.50000572
30.95686531
20.89608002
17.84901810
16.91372681
15.23333359
16.20588303
14.35882378
17.62549210
14.69019699
14.15294170
14.03529644
17.44705963
18.93529701
24.62745094
21.62352753
24.82156372
29.76470375
30.60196304
29.53333664
17.46078300
17.03333282
16.99216080
15.44902229
15.63137531
15.69999981
16.81372643
14.63921833
14.40588093
13.32548904
21.55882454
22.34901810
21.38431168
24.14117432
29.68431473
29.39411926
30.29215813
24.27450562
16.82745361
17.06078529
15.98431396
16.59607697
14.99215603
17.13137627
14.65882206
14.11372566
14.14901924
19.63333702
19.82353210
22.40196228
21.49804497
27.83529663
30.10588646
29.82353210
28.50000000
18.35097885
17.52941322
17.06667137
15.92941093
16.13137627
15.99804115
16.46078491
14.04313374
14.61372566
15.74901962
22.06470680
21.33529282
17.98038864
25.34705925
30.45686340
27.90980148
24.96667099
23.86078262
17.70980644
17.34509850
15.93333244
16.31372452
15.97451210
17.03529549
14.16470814
14.05882645
15.04117870
20.88039207
19.37254906
19.96862793
18.58823776
28.11568832
27.86470413
23.40000534
20.97255325
20.04902077
18.22352600
17.04313850
15.90784359
16.09215355
16.03137398
15.63137054
13.87646961
14.53137207
16.20980263
21.35882378
18.04117966
17.77450943
23.14313698
27.12353134
24.46862602
18.84706306
20.98431396
18.61764717
18.52157211
16.70784187
16.19804001
16.31960869
16.10000038
13.90196037
14.04117680
14.80588055
21.32744789
18.27842903
18.79608154
17.59215546
25.63921738
20.98039246
17.17451286
18.14509964
21.64313316
18.86274910
17.06470680
16.68039322
15.79607677
16.55098343
15.48235703
13.21176720
14.54509735
15.80392361
22.20392227
17.13529396
20.40980530
22.62157059
20.15686417
18.63137436
17.50391960
18.83921623
20.25294495
18.38431358
15.99019623
15.47451210
16.09215546
18.03921700
13.69607925
13.93137360
14.29803848
20.29804230
19.07843590
19.67647171
19.74118042
24.97450447
18.54313850
16.48627472
17.94313812
20.87254906
19.05294418
16.89999962
17.03529358
16.68431473
18.98039246
16.93529510
13.28627491
13.59411716
15.80588341
22.67255211
16.58627510
20.24117661
24.28823280
18.86666489
18.51568985
17.04117584
18.45686150
21.44509506
18.72352791
17.13921738
17.24706268
19.38823509
19.20196342
15.65490341
13.33529472
14.53137398
20.40195656
19.87255096
19.32549095
21.18235397
19.52941322
18.88431740
17.17058945
18.37058830
19.37058830
20.56666565
17.16470528
16.65294075
17.53333473
19.71568298
18.26470566
13.20196438
14.22352982
16.51960754
22.90391922
18.08627701
19.04901886
21.52744675
16.03529549
18.78235435
16.96078300
17.50196266
20.18627548
18.51372147
16.60392189
17.09608269
18.29803658
16.98823547
15.81176662
14.37647152
15.05294132
20.08627510
18.90784836
19.51372719
22.32941055
16.79804039
17.43725395
17.14902115
17.85490417
16.30392075
19.99215889
17.38627243
16.71568680
17.45098305
17.92156982
17.53921700
13.11960697
14.28235245
16.85686302
19.20196533
20.33725548
19.82156754
20.53921509
16.83137131
17.74117661
16.95882416
16.03333664
19.45294380
18.93333435
17.08823586
17.09019852
16.77451134
17.36470604
16.34509850
14.77842999
13.87058735
19.99999809
18.28627586
18.71372414
23.13333130
17.70784378
17.94118118
16.75686455
16.76862717
15.95490074
21.80980110
17.04509735
16.76666641
18.27843094
16.62745285
18.08235359
14.56666660
14.83921337
16.30784225
17.73921585
21.20195770
21.66666603
19.36862946
18.32157135
17.03921318
16.76666641
14.69607544
19.66470528
19.52745247
16.35490227
18.01960564
18.36274529
16.97058678
17.87646866
14.41372585
16.40392303
19.47451019
18.60980225
20.63137245
21.84313583
17.42941475
17.50392723
16.90588188
16.04706001
15.49215698
21.58039093
17.05686569
17.48431396
20.48823357
17.00980377
18.13529396
15.60784245
17.69019508
21.92548752
16.96862793
20.52941322
22.85686493
17.07254791
16.77058983
15.94509697
17.29412079
15.27647209
16.72549057
21.13333511
16.84117508
19.47254944
19.78038979
17.40784454
19.54313660
17.79215622
27.44901657
18.40587997
18.43333244
19.77843285
19.65294075
15.87843323
16.23137283
16.38431549
16.01960373
15.35490417
19.56274414
17.19411850
18.24313736
21.47255135
17.22156715
18.14902115
21.60980415
27.18431854
23.95097733
15.56470490
17.93725777
21.94509506
15.89019775
16.67843246
15.57843208
16.70784187
15.86470604
15.24510002
19.32745171
17.00195885
19.13137245
19.86274338
18.39412117
20.19999886
26.39019585
26.16078377
17.39999962
16.11176491
19.05686188
18.23529434
16.66078568
16.40784264
17.24314117
15.75686359
15.47058582
17.19412041
17.24901772
17.53137207
20.97647095
19.46078491
17.93725586
26.04313469
25.75294495
21.44901657
14.43333435
16.99019241
20.29215813
15.15098190
16.57843208
16.67058945
17.78627396
15.70784187
15.38627529
18.58627701
17.13725471
20.07843590
20.14509964
21.44902420
22.78235054
25.67058563
23.07059479
15.93725395
14.75294304
21.30195999
16.08627701
16.78431320
16.84313774
17.42548943
19.18627357
15.17058754
17.38823700
18.34117699
17.50392342
21.55686569
22.04313850
22.21176529
25.14901352
22.26862526
20.10196495
15.18823814
18.73725510
19.87059212
15.82549191
16.73529625
16.05490303
21.07059097
16.48039246
17.20392036
18.08431625
19.08823395
20.71372604
19.06862640
22.67254829
26.09803772
24.58235168
22.38235474
17.16078186
16.14117432
23.39215851
16.77647018
16.40588570
16.51568413
18.45882607
19.52353287
15.02745152
18.78038979
20.41764832
19.99804306
19.07254791
20.04706383
25.07450867
26.06078339
23.30195999
22.24509621
16.39608002
21.74313736
19.30588341
18.10784531
16.54509735
17.08235359
19.32548904
16.56666565
18.52157021
18.90392113
19.72352791
19.79019165
17.97058678
22.36666489
26.03137207
27.51176643
23.54313087
20.26274490
16.28823662
23.02548981
17.99999809
17.70195961
16.46078491
17.93333626
17.18039322
15.26078415
20.56862831
22.50000191
19.96666527
19.47647285
19.32353210
22.83333588
25.82352829
25.40783691
23.69215393
17.19215775
21.58038712
18.61960793
18.66470718
16.98039055
16.28039551
18.39411736
17.08039474
19.69607925
19.39608002
21.81764030
22.26470757
18.30196190
21.50392532
23.70196342
26.20784187
22.19215775
20.09607887
16.21568680
21.82156754
17.28823471
17.49019814
18.00000000
18.09215546
17.75098038
16.07254982
22.53333473
21.44901848
22.76666832
19.56078529
18.96274185
20.11568832
23.97450829
22.33529663
22.73137665
15.58823490
20.19607925
17.89803886
16.53529549
17.82157135
18.09804344
18.46078682
17.49019623
18.14117813
20.70784378
22.31176376
21.63921928
18.68431473
19.97646904
20.86863136
22.57646942
22.12940979
19.58431435
15.17451000
19.49215508
17.42353058
16.21176529
19.21961021
18.34509850
18.07646942
16.05686378
22.49803734
17.97842979
24.37450600
18.31960487
18.71960831
19.20588112
22.87647629
21.08431625
22.89608002
16.09803963
17.50588226
17.40196228
16.45882225
17.80784416
18.28038979
19.09608459
17.42353058
16.71568871
21.85293770
20.87058640
19.49019623
19.34117889
18.89215851
19.38431168
22.30980301
21.86079025
20.01961136
16.51372337
18.17255211
16.51764870
16.76274872
18.18431282
17.50588226
18.57646751
16.12745285
22.09607697
17.94117928
19.66078758
19.62745094
17.10196114
18.56078339
20.62745094
20.99215508
22.56862640
17.04313850
18.32548904
16.16862679
17.08823776
17.33333206
17.73725510
19.32157135
17.17843056
16.37647247
22.54510117
18.62157059
18.77843285
18.74706078
17.16470528
19.28627396
20.62941742
20.10784721
18.87451363
17.01960945
17.21764755
17.07647324
17.41176605
18.38431549
19.33529282
18.24313545
17.12156868
20.21764755
19.07255173
17.20196152
22.48235321
16.41568756
20.28235435
19.80588150
19.82941055
20.81373024
15.30588341
18.38235283
16.19804001
17.25686646
18.20392418
19.04901505
20.55490112
18.17843056
16.64117622
20.97843170
18.01176834
21.33529091
18.01765060
21.54117584
23.09607697
20.63529396
20.29216003
18.25097656
17.83137321
16.73725700
17.23136902
17.66274834
18.58235550
20.45098305
18.44705772
17.97842979
18.32941246
18.23725510
19.89019775
23.30588150
17.44117737
26.01568604
23.22745323
21.22941208
20.56470299
16.15293884
18.15293884
16.29411507
17.86078262
17.91372681
18.80392456
20.13529396
17.76078606
17.79411697
17.97059059
20.52156830
23.89607620
18.22549248
23.67843056
26.92745590
20.37843132
22.54313850
17.63921547
18.38431549
15.81372261
17.44902039
18.26862907
18.82745552
19.66666603
18.10980415
17.65882301
17.11372566
18.23921776
24.75097656
24.06862640
17.15490341
26.54313469
24.84705734
21.58627129
19.57450676
17.96470833
17.11764717
17.85489845
18.68823433
18.29804039
19.81176567
19.75097656
17.53137207
17.99804306
17.22941399
21.12156868
27.46470261
17.87647438
20.76470566
27.10784531
22.69019127
21.54117966
18.28039169
17.36862946
18.96666718
18.27254868
18.28431702
18.59804153
19.39019394
18.58039093
18.38431549
17.12156868
18.95490265
24.23529434
24.02353096
17.43725586
22.80784225
26.16470718
21.07058907
19.94901657
18.55294037
16.00784492
20.06862640
18.27450752
17.98235321
18.54706192
19.31568909
18.05098152
18.21764946
16.88431549
21.23529434
26.67843056
17.89411926
18.06666946
25.81764603
24.57450867
21.22352791
18.07058525
16.48627472
18.73529243
17.63725853
17.97058868
18.63529778
18.42940903
19.37254715
17.90392303
17.23921776
20.70587921
22.97059441
23.26470375
17.23137283
18.61568451
25.77450752
21.90392494
19.02941322
18.62157059
16.50000191
19.29607773
18.42353058
18.08627319
18.20196152
20.33333397
18.36666489
18.65294075
18.53725624
20.78039169
25.25098038
17.68627548
15.87255192
23.53725433
25.39608383
19.53725433
18.25490189
16.37059021
20.87450981
17.66078568
17.90000343
18.97451019
19.04902077
19.70000267
19.03725815
17.68235397
21.23333359
21.70784187
21.45490265
16.07647324
17.23529434
24.20391846
22.74706650
17.16078377
19.31372643
17.34313965
19.69411469
17.75882530
18.18235397
19.79411888
20.04706192
19.15490723
19.05294609
18.93333435
20.20391846
23.90195656
17.11176682
14.93529415
21.27647018
24.48627472
18.90784454
17.81764984
17.08823586
20.43725395
17.74705887
17.72156906
19.36078644
19.77647018
20.52548790
19.96862793
17.33725548
20.93333626
20.54313850
21.40000153
14.48627472
16.34509850
23.16470718
23.48627853
17.04705811
18.63529587
17.60588264
18.54117584
18.36470413
18.45293999
20.14706421
19.35098267
22.53333664
18.67843246
17.35294533
21.61960602
22.95490074
16.60980415
13.97646904
21.13137054
22.52745247
20.21372414
17.65686417
17.96667099
18.75686264
17.94706345
19.20196152
19.91372299
19.84901810
21.98823547
20.74510193
19.10392189
19.84705734
20.12352753
21.16470337
14.83137321
16.34117699
22.55098152
21.36862946
17.81176567
18.38823700
18.17254829
18.65686607
18.57843208
19.24314308
21.36078644
21.22745514
22.86470413
21.72548866
16.00588417
20.67646790
23.82549095
17.80588150
13.95882320
21.40196228
18.06274605
20.76862907
18.00588608
18.11176682
17.97843552
18.79020119
19.24118042
20.15490150
24.58823395
22.93137169
22.91176605
20.15882874
18.22941208
20.14901924
23.16078568
15.10588264
16.64706039
23.29215431
18.47450829
17.48039436
18.82941437
16.96666718
18.70588875
18.19412041
19.80392456
21.92941284
25.60783768
22.48431015
22.45882034
17.94509697
17.30784225
22.82941055
18.15490150
15.74509811
21.74705696
17.14705849
19.74705505
18.30195999
16.76666451
17.93725586
18.69019318
19.25882339
19.89607811
23.69020081
25.06470490
21.58039284
20.13333130
17.21372604
18.48823929
22.61764908
15.25294495
17.53725433
21.77254677
17.19999886
16.92157173
18.39608192
16.77450943
19.20784569
18.36078644
20.06666946
20.88431358
24.24901962
20.49411583
21.20587921
18.68823624
17.32157135
21.53725433
18.02156830
16.67647171
21.90784454
16.84313583
17.74117661
17.96274567
16.17843437
18.63725662
18.66470337
18.37647438
20.97451401
21.33529663
22.09215927
20.46274376
20.26470757
17.70980263
19.41764832
21.63137627
15.33333492
18.01568604
20.49607849
17.36667061
16.33725357
19.60980606
17.00196075
19.60980606
18.06666565
19.96078110
21.27450752
22.19412231
19.10588837
20.32941055
18.13137245
18.62156677
21.83921814
16.95097542
16.71372604
19.11764717
18.40196228
18.40980530
17.54509735
17.57255173
18.79607773
19.66077995
18.82940865
21.25490189
21.51960754
20.83334160
19.47843361
19.65294075
17.61568642
19.95686150
20.87451172
14.62744999
16.42745018
19.70784569
18.92353058
18.54510117
19.84901619
17.11176682
19.82941055
19.24901772
21.21372223
21.52744865
21.83921814
19.73921776
20.31568718
18.88823509
17.74706268
22.03921509
16.87451172
16.37451172
16.61960793
19.37842941
21.84705544
19.08039284
18.52745056
18.56274414
19.68824005
20.60195732
21.68039894
21.29999542
20.68627548
19.51568985
19.47843170
23.41568947
20.09215736
20.58039093
15.98823547
15.85098171
18.15098190
20.65686798
22.41372871
19.67843628
17.31960869
19.13333702
21.15294266
20.68823624
22.45882416
21.38235283
19.83333588
20.16666603
25.48039055
18.93529129
23.28823853
15.89411640
16.03529549
16.09607697
19.74705696
22.30000114
19.44510078
18.81372070
17.90392303
21.39019585
21.64705467
21.02941132
21.92548943
22.06078339
23.60783958
23.74509811
23.13528824
21.06666756
21.08823395
15.57254791
15.53921795
17.84117889
20.10980225
20.45294189
18.78431320
17.29804039
18.64117813
22.67451477
20.24509621
23.24118042
24.09019470
22.86666298
23.51568413
18.58431625
18.19607925
23.56666565
16.13333511
16.03333092
15.78431511
18.63529587
20.76078415
16.98823738
18.57058716
18.26471329
20.77843285
23.60979843
23.08039093
24.18431091
21.48040009
20.65686417
19.95490265
17.30196381
21.40392303
20.60392380
16.44902039
15.82548904
17.39412117
18.26078606
17.76666451
21.96078300
19.72549057
22.54117393
23.26078606
23.38431549
21.73136902
21.64901924
20.28627205
20.69999695
19.32941628
18.99215698
20.84706116
16.44117737
17.22549057
17.84117508
17.85294342
17.83725357
16.25686264
24.31568527
22.54509926
22.54117966
19.58234978
20.61960602
21.86470413
21.14117622
21.10196114
21.23529243
18.20000267
20.35098648
17.83529282
16.52353096
19.11372948
19.04510117
17.42548943
16.75686455
22.54313469
21.06666756
18.61176872
20.04313660
20.62941551
21.75294685
21.32352638
21.75098610
20.92352486
19.74117661
21.05686378
18.15686226
14.77647114
18.40588379
21.14314270
19.61372948
18.21568680
16.82157135
18.08627701
19.52156830
19.55882454
19.83333206
21.30979919
22.05686188
20.15882111
21.64901733
20.13333321
18.89215660
23.49019623
15.75098038
15.74705791
20.07843781
21.52548790
18.22156906
18.12549019
20.23136711
18.75098038
18.88627434
19.64117622
20.57451057
21.17450905
21.41176414
20.87058830
20.46666145
19.47254944
23.51960182
18.23529625
16.11176491
18.70588303
20.58039284
21.33921623
19.11372375
17.34509659
18.52156830
19.11372757
19.66470528
19.81764984
20.34901810
22.10000038
20.22745323
21.38039017
20.34117889
19.96274567
25.57843018
16.82745171
16.80392075
19.13529587
21.29804039
19.17058945
18.29215431
19.52940941
18.33333206
18.83529663
19.27254677
20.08235550
22.54117584
20.88627625
20.61176682
21.28431702
17.69412041
25.30196190
18.56666946
17.88431358
18.35097885
20.41372681
21.66862679
19.44313622
17.78039169
18.98039436
19.06078529
19.44313812
19.80784416
21.63529205
21.58823776
20.41569138
21.18823433
20.77058601
18.89019775
22.93725395
17.87450981
17.50000000
18.45686722
20.71568489
20.69999886
20.19411659
17.45686150
18.70980644
19.07843208
19.97059059
20.08039474
23.17450523
19.48823547
20.37255096
21.08431435
17.99803734
23.75882530
17.90196037
17.58627510
18.75490761
17.80195999
21.07451439
21.65882111
17.89608002
18.54705620
19.15686798
20.03137207
21.00392342
21.16078949
21.06274986
20.44313812
21.00392151
20.04313660
21.17255020
20.36078644
16.63529587
17.36666679
18.33725739
16.97451210
21.97843170
20.73333359
17.73725700
19.10980797
18.95882607
20.56862450
20.39019966
22.84117889
20.62548828
19.96274567
20.63725662
19.51764870
21.97842979
17.16078568
16.62745094
16.64117622
17.44313622
20.47647095
22.43529320
18.02941322
18.47450829
18.74314308
19.86470604
20.50391960
22.60588264
21.60784340
20.31960678
20.52941513
20.76078224
19.93333435
19.15294266
16.22157097
15.61764622
19.41372681
17.58627510
22.45882225
19.48235512
16.73333168
20.02745247
19.00588608
20.10784340
21.77843094
22.88235474
20.85490036
20.71175957
20.91765022
19.74705887
21.08431244
17.86862373
17.06470871
13.48431492
19.04901886
18.86862946
21.02940941
17.85097885
18.27058983
18.76862907
19.82353020
20.22744751
22.20000076
22.04117966
20.46862602
21.62352753
20.27450943
20.38627625
19.95882225
17.87647057
14.03529263
17.23529434
17.20980263
18.92548752
16.57646942
16.47059059
20.13921547
19.39999771
19.30392456
21.91960716
22.63725853
21.84901810
22.00196075
20.94705582
20.19215775
21.30392456
19.12745285
17.45097923
13.15294170
16.06470490
17.55882263
16.09607887
15.59803867
17.77254868
18.28038979
19.90391922
20.84313583
24.23332977
22.29607964
21.99411964
22.00392151
20.16862488
20.47647285
20.88236046
19.72353172
15.18039131
14.70000076
17.26078415
16.19019699
14.45686436
15.94313717
19.24902344
18.40588188
20.14314270
23.45294189
22.68039131
22.32352829
22.17058754
21.59607697
20.81568336
21.35490417
19.64902115
17.86274338
14.76078606
15.50784397
17.61568832
14.87451172
15.58627415
17.16862679
18.21372223
18.81373024
22.13137436
23.69804382
21.67255211
23.20588112
22.06667137
20.34313965
20.66078568
21.09412003
16.48235321
16.71960831
16.50392151
17.51765060
17.16078377
14.48431396
16.81372833
17.96470833
18.39019966
20.03921890
22.20195961
23.10391998
21.27647400
23.05882454
21.16666222
20.46862602
20.66470718
16.87254906
18.44706154
15.45294189
17.90000343
19.45490074
16.40196037
14.99020004
16.53921890
18.08627701
19.51568794
20.68431473
22.36863136
21.07646942
22.60784149
21.74118423
20.55686378
19.99608040
21.29607964
15.89608002
16.86078262
18.69803619
16.69412041
19.85293961
16.04117393
15.51960850
17.95294189
18.83333588
18.67450905
21.85294151
22.01960945
19.99607658
21.47059059
22.10000610
20.94314003
20.24117851
17.47647285
18.73921776
14.41372490
19.22353363
20.02352333
18.38823509
15.31568527
17.04706001
17.91176605
18.51765251
21.08627129
23.11960983
20.57450867
19.65294075
20.86078262
19.41568756
22.24313736
21.72745132
18.37843513
16.39216042
18.81568718
15.74117661
19.72156715
17.22157097
15.08627796
19.22941399
19.53137207
19.35098267
23.71176147
23.21961021
18.85098076
19.45490456
20.41372490
21.15294075
23.64117622
21.03137207
20.83725548
11.99215698
20.06666565
18.00980186
17.90784264
15.22353172
18.17255020
18.53137398
18.59803772
23.91568756
25.22353172
20.20392227
19.35882759
19.93529510
19.61568832
24.81764603
26.56078339
21.19215965
17.17843246
15.03725624
17.03921700
18.67058754
17.04705811
12.66470623
20.25490570
18.55097961
20.95098114
23.05490494
24.07647324
20.21176910
19.78039551
20.21176147
22.37450981
27.42548561
22.71568680
22.49411964
12.24313831
18.80195999
16.26274490
16.07058907
14.82157135
16.40980530
19.41961098
19.10980034
22.65294647
22.28235435
21.72353363
19.93333244
19.81176186
19.21764565
24.84117508
26.04901314
22.70392036
18.41568375
12.98627377
18.62353325
16.06862640
14.96274662
13.77450943
18.88627434
20.73725510
18.99607849
21.73529434
21.63725281
20.75098228
18.71176529
18.58627701
20.99215698
24.62352943
21.34902191
24.01764679
12.50784206
18.56274414
15.18039227
13.88823318
14.54902077
16.83725357
19.87646866
19.08235550
21.52353477
19.51568604
20.99215508
19.18627739
18.81961250
19.88235474
19.85294342
23.27450943
21.61568642
18.35293961
12.29215622
18.56863022
15.21176243
14.18039417
13.95490360
19.79216003
20.00588226
18.76274490
21.05686569
19.89215660
20.07647133
18.49804115
18.89019394
21.91372681
19.88823700
19.50000381
22.99804115
12.42352772
16.39804077
16.49411774
12.96862793
15.11372757
16.76078415
20.27647400
18.17843437
20.49803925
20.13137436
20.36862946
19.59216309
18.86863327
20.87647057
18.45882416
19.93725586
20.48038864
18.10392189
13.24705887
16.72941017
14.21176338
12.82549095
15.47647095
19.58431435
19.61764526
17.73921967
20.94313240
19.93529320
19.74510002
18.47647095
19.72352982
22.33529663
15.99607944
19.22352600
21.87843323
13.25098228
14.48627663
15.74902344
11.40980244
15.50000095
15.87255001
19.99019814
17.91372681
19.49019623
19.94313812
20.71372604
18.15882301
18.66862679
22.84509468
17.31568718
17.16666603
19.56078911
19.20000267
13.05294037
14.83725643
13.47450829
12.41960812
15.45882320
16.95686150
19.17647552
17.76274872
20.34117699
19.66274261
19.34117508
18.40196037
19.79019356
23.16862679
15.46078300
18.01960754
20.46470451
13.90392399
12.72156906
14.67843056
11.75490189
14.33529472
15.48627567
17.77254868
17.90196037
18.67059135
19.87255287
20.93137360
18.26078033
19.62157059
23.84705925
18.40784264
16.48235512
18.02745056
17.90196609
12.34706116
13.42745304
13.10588074
12.77255058
15.02352905
16.75490189
18.70195770
17.70392418
20.18039131
20.18235207
19.37451172
18.63333511
20.95686340
24.40587997
15.54705715
17.93333244
19.71568871
16.83529282
11.92941284
14.76862907
12.12353039
14.83529282
15.66274643
19.24313927
18.22352982
18.56666946
20.86274529
20.40980339
18.21764946
18.22745132
25.50392151
21.36666298
16.64117622
15.93137360
21.18431664
16.32941437
12.50000095
14.19412041
13.88039017
15.17058849
19.61372566
20.21568871
18.73921967
20.43529510
20.04509926
19.34314346
17.34313774
22.56078911
25.34509850
16.15098190
16.77647400
19.16078377
19.60392189
13.87646866
15.30588341
12.75686359
15.80588245
17.34313583
22.00000000
18.25686073
19.86862755
20.06863022
19.40784454
18.30392265
17.44902039
27.62156487
20.83529472
15.43137169
15.23137474
18.89608002
18.14509964
13.33137417
15.20784473
14.60784149
15.62353134
20.72745514
19.66274452
19.28430939
19.13333321
17.90392113
18.73529434
17.46666527
24.27254868
24.73137474
16.28627396
15.60980892
17.97647285
14.85490227
15.34509850
16.65294456
13.31568527
15.62156773
16.08627701
21.08039093
18.32744980
20.97647095
18.64902115
16.89411926
18.31961060
18.88039207
27.72744560
20.55882072
14.39019585
15.40588284
15.25490189
18.55294037
14.67058945
14.32941055
14.54509926
15.83137417
18.39019585
19.48431396
18.86078644
20.61176682
17.27450943
19.17058945
17.21176529
24.77843285
23.40980148
17.25294304
14.70588398
17.07451057
13.30784416
18.12549210
15.02941322
12.17843437
16.18039322
16.50196266
19.24902344
17.79803848
21.47058487
18.74117661
17.32745171
18.63333321
19.34706116
26.89803886
19.88823700
15.09411621
15.68823814
16.38235474
17.14706039
15.77255058
11.94901848
14.98235321
16.56470680
17.09215927
18.91372681
18.72744942
22.29999733
17.80195618
17.44902420
17.56470680
23.58823586
23.09803963
19.40195847
16.48823738
19.69608116
12.48235226
18.84705925
14.88431454
13.00000095
15.77058792
16.65882683
19.16470909
18.29607773
21.23529625
20.11176109
17.90392494
16.83137321
20.44313622
26.14706039
22.34510231
18.85490227
18.40196037
16.58823395
15.01960850
17.42941284
14.53333378
14.14313984
15.98431396
17.76470566
19.76862907
18.64509964
21.11372375
17.23529816
17.93333435
16.84902000
25.90196419
26.28431320
21.31568336
18.11176682
20.69215775
12.49215698
17.65098000
15.49411678
14.40392303
14.79607964
17.33921623
18.37646866
18.43529320
18.95685959
18.44902039
18.33529663
15.50392342
23.24706078
25.93725395
24.12744713
18.62941170
21.15098381
15.62940979
13.03333282
15.68823528
16.12352943
14.10784149
15.64509773
18.49608040
17.86862946
17.88235283
17.40588570
18.62549019
16.86862564
17.68235397
26.35098267
27.60391998
18.95490456
16.83725548
20.39999580
12.41568756
13.26078415
15.18431282
15.42941093
15.56666756
17.18039131
17.28431129
17.82157135
16.59804153
18.17254639
19.22745323
15.87058830
23.85490227
26.36470795
23.14117432
14.39215851
20.83137321
13.96862793
11.28039265
14.10980511
15.79411697
15.41764832
16.44901848
17.66862679
17.34313583
17.37058258
17.21764946
20.66666603
17.85098076
18.44117546
27.48627090
26.90588188
15.46274471
15.15686417
19.08039093
11.05686188
11.60392284
14.83333588
15.12156963
16.76470566
17.73529434
17.97843361
16.81961060
16.02549171
18.65882492
20.50196075
16.13529205
25.19803619
27.99607849
22.01176453
13.71764755
17.11568832
12.67059135
11.38627052
12.78627682
14.87255001
16.60392189
18.15686417
17.48235512
18.70784187
16.64901924
17.16862679
22.07646942
17.02156830
18.44901848
30.23725700
24.91960716
15.99607849
13.95882416
15.24510002
10.70392227
11.57647133
13.65294075
14.74705696
17.21568680
18.69608116
20.29019547
18.49803925
16.19999886
20.06470490
20.19411469
15.91372585
24.63137436
27.22352982
20.18431091
14.21764755
13.96274471
12.50392151
10.93725491
12.45490360
14.44509602
16.97843170
17.14313698
18.08431625
20.27058411
16.27058983
18.18627548
21.22745323
16.27451134
18.42352676
28.34510040
22.50000000
16.97254944
13.72352886
14.63333511
10.56078339
11.87647057
13.26274300
14.20784473
16.60784149
17.63333321
21.39607811
18.33529472
15.67843056
21.77647018
18.42156982
16.29608154
24.74313736
24.89804077
19.76863098
14.69803715
14.11568546
13.81372452
11.03725433
11.95097923
13.95882320
15.12941074
15.91176510
19.81372643
22.34117508
15.93529797
20.91569519
20.25490379
16.31960678
20.98627472
26.97646904
20.33725548
17.24313736
14.03529358
15.09803963
12.65686321
11.64313889
12.22352982
13.74117756
15.29607773
16.59411812
23.49215317
21.34705925
17.65294456
20.48431778
18.89215851
18.58627319
25.38431358
20.97450829
20.34902000
14.59412003
14.23725510
13.97058678
13.70588303
10.81568813
13.24117470
14.82352638
16.09020042
19.74706268
22.90000153
18.86078262
20.14509773
22.92941093
19.30588722
21.67254829
24.63529587
20.92745018
16.26666641
13.57647038
14.78235435
14.16666603
13.56078339
11.72352982
13.09215832
17.70392227
16.70588303
21.09803772
25.79019928
18.57843208
19.62157249
24.28431320
19.89019775
24.46078300
20.11568451
20.89803505
13.68431187
14.65294075
13.97450733
16.03333282
11.08627415
12.47451115
14.71176529
20.65882111
18.03725624
22.32745171
25.86274719
20.13333321
22.35882378
21.83921623
23.04117393
22.42549324
21.99607849
15.53137112
13.33725166
14.76078320
14.92941189
13.76470470
11.50392056
12.23529243
15.94705868
20.61372566
19.33137131
26.98235512
25.09999847
20.97450638
23.22548866
23.17254829
23.42352867
20.40980148
18.61176491
13.13725567
14.35882473
13.52353096
15.42941380
11.25294018
12.12156677
13.20980453
19.12745476
18.91960907
21.76862335
29.59608269
25.04509735
23.25490379
26.36862564
25.28431129
21.28627777
20.90000343
15.19607925
13.93725395
12.73529243
13.65098000
12.50784302
11.73725605
11.18823528
12.23725414
21.91568756
20.26862717
25.30588150
27.95490456
25.67450905
29.18431282
28.95882034
23.32549286
22.55686569
16.59412193
15.47647095
14.09215736
11.04901886
13.69999886
9.93529606
12.54117680
11.37843132
16.53137398
19.78039169
21.90980530
28.81372643
26.25686646
27.23333549
31.26274490
27.33333206
21.47843170
21.52156830
15.72745132
17.55098152
10.56862831
11.40392017
10.65490246
11.58431339
10.71568775
12.07451248
20.15098381
19.83333969
25.53529739
28.79411888
25.88038826
31.09607887
28.21176910
24.65097809
22.93137360
17.17059135
14.91960812
13.98235416
10.03137302
11.09607887
10.40196323
12.49607849
11.71176529
13.79607773
19.13529396
21.86470413
28.19019318
27.64509583
29.45882797
29.91372299
26.93137360
23.30000496
19.80979919
13.59803963
16.75294113
10.23725796
9.97451115
10.29411793
12.08235359
10.72352982
11.52156830
18.15490341
18.30196190
23.80588150
29.90000153
28.40392685
31.34117699
26.79999352
26.31764603
24.49607468
16.48823547
14.11568546
13.79019547
9.71568584
10.32941055
10.39411831
11.13725281
11.17842960
13.20196056
19.53137016
19.64313316
25.66470337
30.29411697
30.32549667
29.26862526
29.69804001
27.92549133
19.71960449
13.65294170
16.58627319
10.87843037
10.01960754
10.22941208
10.99411869
10.08039188
11.17254829
17.29411888
19.10784340
20.97451210
28.97254944
29.47254372
30.90980911
30.21960831
27.80784416
23.61372185
16.34706116
17.35097885
11.48039341
10.40980530
9.91176605
11.39411736
10.58823586
11.38039398
11.68823624
21.68824005
18.59804153
22.65098190
31.08627510
29.23529434
29.51176453
29.59019852
25.87646484
18.61764908
13.91372681
16.00784302
10.79411888
9.97058868
11.54901886
11.68823528
10.27451038
11.44509888
18.24509811
21.64705849
19.31568718
26.36470413
30.17843437
28.20392227
30.83725548
27.12352562
21.64510155
15.14509869
16.44314003
11.64902020
11.45098209
10.67451096
11.74706173
10.70196056
12.73921680
10.22745323
23.79216576
23.40000343
22.34705925
26.86077881
27.49411583
30.68235207
26.40588570
23.47647095
19.99607849
13.04509830
14.93137455
12.31568527
11.64705944
11.90000153
11.88235378
9.75294113
12.51176548
16.44117737
24.54313850
24.48039055
23.64510155
25.69215965
28.72744942
28.99215698
22.84901810
21.39215469
15.86470509
14.00980377
13.48431492
12.40588188
11.43333435
12.20588207
10.81764984
11.75882244
10.70000076
22.21764755
26.65882111
23.30784035
24.12745285
24.10980225
31.49019623
22.02352905
22.74117661
19.91960526
13.08627319
14.03725624
12.07254791
13.19019794
11.42352772
12.71961021
9.78039455
12.50392342
14.23529530
26.64705849
26.60588074
24.45294189
23.37843132
28.49019814
26.56078148
21.68431091
22.34510040
15.40196133
13.94117546
12.75294113
11.97450924
12.05882263
13.13529491
12.59019852
10.55294037
11.30588055
21.03333282
29.30784035
25.09607697
26.01568794
27.14706230
30.90196609
24.67450905
23.92156982
18.10391998
13.85294151
12.37843132
10.20392323
14.15098095
12.15294170
15.33921623
10.94706059
10.92156792
12.32941055
27.20980453
28.63725090
24.86666489
29.66274452
31.76666832
28.35097885
26.95882797
21.68823433
13.20392036
15.04705811
10.05098152
12.71764469
12.70195961
13.05882263
15.96078491
9.29804039
11.27058697
17.78823471
29.22352791
25.55686569
28.28235626
31.61568832
29.12156677
29.80588341
24.45098114
15.24901867
14.45882416
12.19607735
10.63921738
15.61960888
12.18823433
14.89607811
13.52745152
11.14117622
11.60980701
24.25098419
27.89019775
26.05097961
31.09608078
30.01372910
27.11176300
29.50196266
17.80980492
13.50392246
15.34510326
9.50196075
16.55490303
12.48823357
12.94705963
16.02941132
13.84313869
11.57843208
14.90980530
26.31765366
25.40784264
28.83725739
31.40784264
26.13529396
26.99411011
23.75490570
16.91961098
14.47451019
11.33529472
11.76078320
17.30392456
12.26274395
15.19019699
15.90980434
13.44902134
12.07647133
21.52549171
26.23136902
23.74705887
31.88039207
28.09607887
24.05294609
28.00588036
17.07843208
17.69803619
13.31960773
9.86862850
20.70980453
11.94705772
13.84901905
16.37450981
16.01764679
12.68627739
13.48039150
26.63921738
25.75490570
28.13333321
30.93725586
24.59411430
24.80000305
22.19215775
21.34706116
12.70195961
10.36470795
13.07450962
20.39019585
10.95294094
17.11568642
16.77451134
12.70195961
12.94313622
21.16470718
29.70588493
24.46274376
31.52549171
27.59803581
22.33725739
23.24117661
18.92745018
17.99411964
11.05294037
11.08823490
19.38627625
14.00392151
13.41176414
17.70980453
14.21764660
13.93529606
14.68039322
27.33725739
27.52352142
28.69215965
29.59803963
25.28627205
21.89019585
19.68823814
20.89019585
12.02352810
10.50588322
13.75098324
19.92156982
11.53137207
17.70588303
16.02548981
12.73725414
15.90588188
21.06862831
27.03333092
28.39804077
29.29411125
26.50588036
22.25883102
20.77255249
19.91764832
17.44117737
10.84313774
11.93333435
16.27843094
16.95686531
12.58039284
17.82353210
13.78039169
15.14706039
17.60588455
23.87058640
26.45686531
28.77647400
26.23137283
22.48823929
21.41372490
20.38431168
20.28627586
12.88235283
10.07058811
13.13725376
20.29608154
12.10784245
14.77254963
15.22745228
12.25686264
19.06078339
21.20588303
21.65685844
27.98627663
28.23333168
22.11372375
21.89216042
19.82745171
20.08431244
16.92352867
11.40588093
11.15098095
14.87059116
18.99411392
12.51960945
14.33529472
12.69803905
13.95098114
23.09412384
21.68235207
22.84118271
27.58235168
25.26666451
20.32549095
20.96666718
20.34509850
18.34313774
12.60980511
9.97450924
11.89411736
19.58627510
14.60980415
13.98823547
13.79804230
11.32744789
19.00195885
21.29216003
21.48823166
25.22352600
26.64510345
21.30000114
19.69607925
21.06862450
17.54313469
17.11176491
11.28627491
10.60588074
14.25098133
20.65686226
14.23725605
13.83333206
13.55686474
12.71568775
21.28823090
21.26862717
20.29412079
24.09215927
25.41176987
21.28823280
20.28235435
19.14118195
19.01176834
13.77843285
9.98627567
12.51176643
18.05294037
19.77254677
16.02548981
15.25686169
12.77058697
16.64313507
19.48039246
21.65294266
22.29607773
21.10000038
25.64117432
18.14117813
20.48627663
17.68823624
17.96470833
10.89607811
13.16666603
14.74901962
21.19019508
18.04314041
17.50784111
14.85294056
12.44313812
18.96274567
21.34313774
18.77451324
20.48038864
23.26274872
20.57058716
18.37843132
16.85882568
20.60587692
13.77842999
12.09019661
13.18039131
16.25098228
22.00980759
18.69215775
17.53921318
12.94509888
14.26274586
18.37058640
23.01176834
19.02549171
17.75294113
23.98431778
16.57646942
17.90195847
19.85882759
17.75490570
10.52549076
14.84509850
12.48823547
18.36862755
19.78235626
19.62549019
15.91764641
12.10588169
15.98823357
20.11568260
19.47843361
18.10980797
20.57450867
19.97451019
16.92156982
20.01960754
20.95098114
13.21372700
13.33529377
11.01764679
14.41568565
19.33921814
20.08823776
18.50980186
13.97255230
12.78823471
14.49019718
24.19019508
16.82549286
17.82353210
21.80000305
18.94510269
18.42941475
23.64901924
17.86666489
13.19607830
11.86470509
11.73725510
15.27254963
19.81569099
18.95098114
17.36470985
12.32353020
12.43529320
18.14509773
21.88235092
18.41568756
18.83725357
23.04510117
21.38235474
23.78823471
20.48431396
13.53333664
14.97255039
9.03333378
15.78235340
17.21960831
19.80784798
18.57254791
15.37450790
11.61960983
12.13137341
23.45098114
19.27450943
17.84313965
21.29411697
29.00000191
22.18235397
23.45293999
18.57255363
14.48823547
10.36078548
14.28039074
14.28039360
18.92156792
19.03725052
17.24901962
13.18823528
10.07647133
16.29804039
23.04117584
19.60784531
18.31176376
25.56078720
28.32941628
22.08039284
23.93921661
13.83529663
14.61372566
10.19607830
15.91960907
15.63529491
19.69999695
17.47647285
15.45882607
11.81372547
11.04901981
21.56862450
22.29607201
17.29215622
20.73529434
28.62156677
24.48431778
25.69215775
18.08627701
13.97451019
13.62156868
14.54509926
14.28823471
17.27058983
16.71372414
16.53529549
14.08823681
12.30980396
15.89999962
23.15883255
20.64706421
17.31764603
22.88431358
25.68628311
23.93137360
24.23137474
14.02548981
14.52549171
14.39607906
14.98235226
15.07254887
16.28823280
16.05098343
16.34314156
15.47646999
13.19803715
19.91568756
22.57058525
19.57647133
20.22156906
22.51568794
25.19019318
26.39608002
17.73725700
13.71764660
15.34117985
14.82941341
15.71372604
15.19607925
15.17058945
16.40784264
14.93529606
16.15686417
16.31960678
24.04117584
22.55294418
18.35293961
23.68039322
21.71176338
27.46078110
20.94510078
13.35686302
15.00196362
14.65686226
14.24313641
16.76470566
14.66470814
14.71764755
16.64118004
15.90196228
15.45686150
18.84117508
26.27059174
21.78039551
21.58431625
20.78823662
23.31961060
23.63725471
17.38235283
12.57255077
16.04902077
13.55294323
14.61764717
13.61176395
14.19411564
15.14117527
15.74705887
15.87647247
15.85294151
23.28823662
23.98038483
19.83725548
23.78039742
18.82745171
24.30195999
19.90784454
12.61568546
13.60980701
14.17254925
12.00784492
15.58039284
13.43921757
12.86470509
17.05686378
14.60392284
14.93137646
17.99215698
24.59607697
22.30980492
19.96666336
20.19411850
21.00980186
18.56666756
17.91372871
11.26862526
15.34706116
12.16274548
11.73333549
13.66470242
13.62745094
13.16666698
16.95686531
14.29803753
15.47450924
20.84117889
21.56666565
21.78823471
20.89804077
17.81960869
19.91961098
18.44117737
12.87254906
12.92353058
11.21372700
11.48431492
13.56862736
12.82352924
12.00000191
15.72352982
15.12745190
15.56274605
17.75098228
19.97058868
20.94117355
21.46077919
18.76862907
19.28039360
18.30784225
16.61961174
10.70392036
12.07254601
10.16274452
11.71764660
13.09215641
11.48431492
12.94509792
17.25882149
14.74706078
17.69215775
18.77058601
20.00000000
22.52745247
21.00392151
18.85490608
19.25097847
18.99411583
12.30000019
12.61764717
7.85490179
12.16274738
12.76078415
11.67450905
11.33921623
14.16078472
17.04706192
18.13921738
17.64117622
19.48235321
18.97058868
25.20784187
19.27450943
21.84509850
18.26078606
16.66666794
10.51960850
9.60391998
9.94313717
13.65686321
12.50000095
11.59215641
11.68235493
18.18235397
16.06470490
17.35882187
19.05294228
19.19019699
20.23921585
23.75490570
19.79412079
19.25098038
20.60196304
11.43529606
11.17843342
7.63921595
13.58627605
12.09607887
12.57646942
10.99803829
13.33529186
18.45882797
18.82156754
16.42353058
19.78235626
18.75294495
23.28431702
19.26666832
22.90195656
18.02548790
17.38628006
10.47254848
8.62352848
10.22745037
13.05490208
12.54313660
11.82352829
11.75686359
17.88235474
18.77843285
17.99608040
17.17254829
20.30588341
19.48431396
21.69412231
22.55686188
18.26274681
21.61176682
11.35293961
11.34902000
8.12549114
13.39999866
12.71764851
12.15294170
12.11372471
14.07647038
20.27451324
19.58039474
15.85882950
20.67647171
20.32941246
20.72352600
22.73921585
23.04118156
18.97451210
16.27451324
11.84117699
9.11176586
10.93333340
13.37843132
12.79019642
12.11372471
12.51960945
17.80195999
20.65098381
19.13921928
16.77451134
23.56274796
20.30980492
22.02548981
25.89411545
16.85882378
19.54706383
11.46862793
12.50392056
8.69019699
12.37058640
12.88235283
11.43921757
12.82549000
16.09411812
20.61764717
19.88431358
16.15098190
22.03921700
24.62549210
17.79804039
25.71176720
18.43921471
19.61960793
14.81960583
11.68627357
9.73921490
11.25294209
11.74705887
11.78431511
11.94902134
12.24117756
17.68235397
22.12745285
19.46862984
16.74117661
26.65686607
20.85293770
20.49019623
22.42745018
16.72352982
18.75686264
11.70000076
10.68431377
8.74705982
11.88039303
11.51176453
11.72352886
11.73529530
16.77647209
19.61764526
19.54117584
18.71372414
21.83922005
27.22353363
17.96862984
22.34902191
17.31764793
19.71960831
14.93333244
10.03725624
8.07254982
11.10392189
11.59019566
11.65686512
11.06470680
12.29215622
17.90784264
23.00391960
20.78823662
18.26666832
24.50588036
22.13332939
19.27255249
19.86274719
18.55490112
18.26863098
11.79215813
8.81372643
9.01568604
11.82352924
11.82548904
11.95882416
11.64705944
15.96862698
19.55294228
19.86078453
22.31960678
19.91176224
23.24510002
17.93725204
19.05882645
21.50392151
19.38235474
14.85882473
10.57059097
8.46078491
12.07254887
11.18627548
12.53137589
11.71176529
12.86862946
18.79412079
21.81373215
21.22941589
19.89215851
20.26274681
21.85097885
17.58627510
21.17450714
21.43136978
17.64902115
11.74901962
8.78823471
9.26274490
12.62156868
12.54313850
12.48039150
11.39607811
15.48039246
21.93333626
22.58039093
22.45098495
18.30195999
22.63333130
20.23333168
19.54509926
22.48823547
19.98039436
14.42745399
9.86470509
8.61764717
11.41960812
11.54313755
12.86078358
12.26470470
12.08235359
22.44509697
23.35293770
22.42156410
21.21372604
19.09411812
24.44508934
19.91764832
21.00392151
19.91568947
17.95686531
10.93921471
8.86078453
8.89019489
13.30588055
11.68823528
12.51176453
11.78627396
14.45097923
26.19019890
24.38039207
22.89215469
18.16862679
21.35293961
23.58627319
20.24313927
17.84901810
20.38627052
14.23921490
8.41764545
9.28039265
9.57254982
12.23725510
12.60588169
12.71568871
11.89607811
19.53137207
25.95293999
22.28627586
23.76274681
18.27255440
22.80196190
20.58235550
19.33529282
19.98823357
17.50000000
9.40196037
7.79607868
8.11176491
12.54313564
11.40392208
12.78235245
11.71960831
12.16274548
23.30588150
23.44314575
23.35686302
21.32548904
18.60980415
24.25098228
19.63529587
18.98823738
19.99999809
13.35686302
7.40392113
8.70000076
9.66470528
11.98627567
12.44901752
12.36470604
11.19019794
16.24117661
23.46470451
23.55490112
25.39804077
17.01960945
21.93333817
21.15490341
20.10588264
22.31764603
16.20980644
9.60392284
7.82352972
8.47451115
12.76666832
11.16078377
12.94117546
11.64510059
12.32549000
21.95294189
23.29607773
25.74117851
22.91960716
17.55097771
24.08039093
18.91176605
23.94509697
19.69411850
12.54705811
8.19019604
8.40980339
9.98039150
12.26078415
12.35097980
13.16470623
11.95490360
16.92353058
22.49215317
24.88823700
26.60196114
19.61961174
19.47843361
24.83529282
21.45882416
23.44117737
15.13137531
9.44901943
8.11960793
8.37450886
12.88627529
11.62353230
12.96666622
12.19019604
12.40980339
20.98627663
21.95686531
25.97646713
25.16275024
19.06470108
23.10000610
22.22745132
25.72352982
16.90784264
11.94705772
7.83137083
8.51176548
9.88235283
13.20392036
12.23529434
11.92745018
12.02549076
14.59411812
21.67646599
21.74314117
26.36666107
23.89411926
19.32941437
25.31176376
25.32156754
19.79803848
13.29607773
9.72941303
7.52156878
8.68431377
12.88431454
12.17450809
12.64510059
10.38823605
12.33921528
18.86274338
21.39412117
23.09803772
25.71372223
22.71765137
21.15882874
24.69019318
24.02352905
14.41961002
11.35294056
8.14313698
8.14313698
9.83137226
13.77451038
12.02156925
11.28627396
11.25098133
14.35882473
21.67646980
20.57058716
24.73921585
25.18235016
21.88823318
21.56274605
26.34313965
16.33137131
12.89411545
9.28039265
8.39803982
7.70392084
12.25490284
12.39215660
12.32157135
10.02941227
12.42941189
19.41176605
22.62156487
20.63529396
26.67843246
23.31176376
23.22352982
22.29803848
19.11765099
14.38235474
12.87450981
9.06666851
7.48039198
9.05294037
12.82549191
13.09608078
10.73921680
11.85294151
14.56470585
21.53333664
21.56862640
24.96470261
25.35490036
23.44117737
20.93137169
18.63529778
14.23529434
16.41764641
10.65490341
8.02941132
6.10980463
11.65098190
12.88627148
12.10784245
10.73921680
13.26666927
18.12941360
21.90980148
24.33921814
26.82156563
23.56273651
21.64901733
17.16862488
14.72549057
14.12745285
15.90392399
8.79215813
6.62941217
8.33137226
12.42745209
12.70392227
10.75686359
12.03529453
15.55882263
19.52941513
24.16863060
29.19999695
25.52548981
21.42549133
18.43529510
14.91961098
13.84313774
15.90588284
11.30784416
8.05490112
5.72941303
12.10980415
12.63725471
11.87450886
10.73333168
13.42156982
17.88235283
21.02548981
28.44313622
26.76470375
24.89607811
19.39607811
15.61764717
14.10196209
14.23921585
15.40784454
8.31764793
6.89607954
8.12941170
12.32941151
14.03137207
10.21764755
11.66274357
15.96274471
18.14313889
24.39019775
29.66862297
25.58627319
22.45294189
16.96470642
14.93333626
13.67451096
14.92548943
11.16862869
7.43333292
6.81568575
12.30980396
11.98431301
12.57450962
10.62549210
13.41568565
18.13137054
21.31960678
27.57450867
27.59411240
24.68431473
19.87843323
15.31176758
15.46470547
13.54509830
14.46862793
8.27647114
7.13137388
8.14117718
12.48431492
14.43137169
10.98039246
11.23725414
15.17451000
22.62745094
24.19607735
27.68038940
25.25882339
23.15294266
17.22352982
17.73529243
14.54117775
13.98235035
11.35294342
8.05098057
7.92745161
11.19607925
12.56666565
13.12744999
10.24117661
12.30000210
18.97058678
24.25882339
25.30588150
25.88627243
24.93137169
21.19411469
17.72745132
16.67058945
13.98431396
15.02156925
9.65686417
8.00195980
8.52156925
11.50196075
14.39804077
10.72745132
10.59803772
13.55686188
24.33333778
23.78431320
26.34509659
25.47254562
24.73137665
19.42549324
17.89803696
14.46274662
15.36666870
12.30588245
8.95097923
8.19607925
9.74705982
13.11372375
13.42549229
9.64313889
12.36078453
16.37647057
23.62549210
25.11764717
26.73921585
25.62941360
22.77843094
19.03333473
15.32157040
14.35294342
14.29019737
10.82744980
7.61568594
8.47647095
11.22548962
14.13921356
10.48431396
10.72941113
14.90000153
18.22353172
23.54117203
27.14902306
26.70980263
25.61175919
18.85097885
18.37254906
14.51764774
13.57451248
12.91568756
8.95293999
7.49215651
10.28431416
12.28431416
12.01960945
9.59803963
12.80392265
15.81372547
19.55686188
26.31176567
28.18431282
25.75881958
22.71960831
17.79215622
15.46666527
13.29803848
12.37058830
11.44117355
7.23137331
8.99803925
10.98823452
12.32745075
9.90980434
9.50588322
15.05490303
16.59411812
22.82549286
29.72549820
27.22745132
25.21176720
18.12941170
16.67255020
13.89411545
11.40980244
12.99608040
7.93725634
6.95686293
11.76666832
11.51372814
9.95882416
9.26666737
12.10784531
15.76470566
17.60392189
26.71176529
28.31960678
25.32157135
21.78627586
16.95686340
14.94509602
12.42353153
12.10784245
11.18627548
7.59607792
9.76274586
11.22549057
11.83529377
9.13921547
9.36666679
14.55882263
17.37254906
20.48431206
27.86666489
25.47843170
22.07254982
18.73137093
16.44313812
13.65098095
12.39804268
12.93333530
8.52745247
7.11372566
11.72156906
11.30980301
11.99019718
9.40784359
11.16666794
15.68039322
16.71961021
23.55490494
27.35490036
22.74117470
20.38627243
17.17646980
14.57843113
13.13529491
11.87843227
11.03529358
7.91176367
9.91960812
10.67843246
13.31176376
9.14902020
9.38627434
12.92156696
17.37451172
18.62941360
26.25686264
23.55882835
22.21764755
18.48039246
14.86274529
14.16274548
12.02941322
13.01960659
8.06470680
7.30000019
11.56470680
10.79019833
11.19608021
9.24705791
10.34901905
15.79803944
16.40392303
21.18627548
26.78823280
23.27843094
20.24705696
16.82156944
13.57842922
13.58431530
13.62156868
9.18823624
7.63137293
8.82352924
10.51764870
10.79803944
9.14117718
9.60195923
12.18627548
15.73529625
18.32745171
23.30000305
24.05686188
22.41372871
17.66666794
14.25882435
14.50000000
12.46470737
12.62353134
7.68039227
7.32156849
9.59215736
10.27058887
9.92548943
9.42745113
10.73921490
13.64705753
16.12549210
20.81176567
24.01568413
23.31372261
19.91961098
16.87647057
14.21764851
13.65882587
13.50196171
8.32549000
6.84705830
9.75882530
9.25098133
10.11960602
9.40980434
9.31176662
11.85097980
15.11960793
20.00588608
23.00392532
23.53921700
23.45098114
19.54902077
14.83921623
15.22548962
12.49019718
11.41568565
7.34117699
9.22156811
9.72941303
10.04706097
9.89215565
9.19411945
9.92745018
12.12156963
16.87647247
23.17255020
24.65098000
23.53529358
21.54902267
19.17255020
15.50195980
13.67254734
11.53529453
8.08235455
6.73137283
11.65098000
8.65490246
10.85490131
9.54117870
9.13529396
10.61764717
13.38039112
20.10784340
24.82548714
25.81764603
23.28431129
19.20784378
17.36862755
15.31960964
13.10588360
10.08235359
6.46274519
8.52352905
9.95294094
9.76470661
9.65294075
9.17647171
10.27058792
11.08823586
15.39215755
23.28039169
26.70784569
23.53725433
21.12157440
20.14706039
15.89607906
14.64117622
11.75490284
8.05490112
7.39803934
10.83529282
8.58431339
10.35686398
9.24705696
9.27254868
10.45882320
12.79803848
17.35490036
26.41764832
26.07254410
21.70784378
20.64118195
16.86862564
14.84901714
14.68627548
10.63529205
6.71764708
7.78823566
11.53333378
9.60000038
9.58627510
8.49607849
10.05294228
11.65490150
13.27450848
21.05097771
28.53921700
23.67058945
21.36274338
19.32940865
13.84901714
15.69803905
12.60392380
8.30980396
8.44313622
9.76666546
9.43137169
9.64705944
8.76078320
9.00000000
10.98431206
12.60392094
14.86274624
24.86666489
27.10588264
21.55293846
20.30784416
16.42549133
14.70196056
13.78823662
10.22941113
7.47843266
7.84313774
11.92156887
9.02941227
9.03333378
9.11568546
10.41960812
11.00784588
12.84117508
17.94901848
25.37450790
23.67058563
21.21764565
19.93137360
13.54705906
14.67843342
10.97646999
7.53137302
9.28235435
9.51764679
10.40000248
9.48823643
8.74313736
9.25098228
10.06274605
12.39411640
12.65098286
20.07254791
25.16274071
20.75882339
20.27255058
17.06078529
13.47059059
12.90392017
9.47254848
7.97058868
8.04901791
11.80392265
9.39608002
9.35098076
9.16666603
9.18431473
10.52156925
12.27058983
15.17647171
21.62549591
23.08039284
20.23137283
19.63725281
14.05490303
13.87254715
11.46470642
8.24509811
9.65294170
9.01176548
10.69411469
10.68627453
8.52549076
8.72353077
9.49411774
12.49215794
12.32745266
17.43333244
22.63921356
19.88823318
19.91176605
16.94117737
14.12352848
12.76274681
9.87451077
8.63921547
9.48235130
11.16078472
9.48235321
10.32352829
8.35686207
9.34509850
10.90000153
11.58431530
14.44117546
18.78235245
21.74314117
18.48823547
18.58431244
14.69999790
14.61764717
10.84509754
9.03137398
9.61176586
8.21568489
10.92745113
10.11372566
8.38823509
8.90588188
9.40980339
10.88823318
12.08627510
16.72156906
19.53333473
19.50392342
17.48039436
17.13921738
13.73725510
14.32941151
10.30588150
8.97843170
9.10392284
9.44705868
9.89411831
9.82941055
8.01372433
8.96666718
10.07843304
11.27647114
14.47647095
18.45490265
18.60784531
17.77647018
17.78235054
16.14117813
15.60000229
11.56862831
10.14313602
8.68039227
7.77254915
10.44705772
9.87843037
8.63725471
7.73333311
8.86666584
11.23921776
11.59411716
16.41176796
18.06078529
18.07058907
17.36274529
17.37451172
16.60000229
15.04313755
11.51960850
9.20392323
9.65686321
7.41960812
9.10392284
9.67842960
7.47451019
8.23725510
8.86862946
11.00588417
13.53921700
17.14509773
17.90000153
17.82549286
17.38627815
18.24510002
17.20980644
11.87843227
10.59215736
10.06470680
8.28431320
7.62745094
8.67843246
8.42940998
6.57843161
8.78235435
10.29411793
11.36078453
14.84117889
17.49411964
16.65882492
16.46078491
19.46862984
19.12352562
14.91176414
11.21372604
10.39019775
10.41176701
6.47451067
7.45686340
8.30980396
6.84901953
9.02352905
8.31764698
10.65882111
12.92745018
16.16470528
16.51372528
16.59019661
17.00000381
20.24510193
17.75882149
12.19215775
10.18627644
11.82548904
8.38431263
6.33333254
7.35490227
7.34117746
6.94705915
9.54313660
9.49804020
11.10392189
14.50000095
15.89412308
17.77059174
15.32744789
18.75490379
19.05686378
15.44705963
10.54706001
11.52353096
9.74509907
7.12549067
7.21372604
6.87647057
6.37647057
9.25490189
8.19803905
10.21372414
12.33333397
15.38235378
17.30980492
16.50588226
16.08039474
18.31764984
17.76666260
12.71568680
10.94117546
11.66470528
8.23529434
6.39215660
7.32352877
7.15490198
6.41568661
9.38431263
8.91960812
10.72156906
13.41176510
14.90784264
16.98823547
16.69411659
17.20980644
18.45097923
15.66274357
12.09412003
12.96274281
9.40392208
7.16862774
6.85294104
7.39999962
6.26274443
7.82549047
7.80980396
9.91764641
11.81960869
13.86078262
15.54509735
16.42549133
17.02353287
17.10196304
17.64902115
14.28039169
12.97451019
12.07647133
7.97058868
6.16666794
6.96274567
6.86666632
5.67254972
8.70588303
7.85686350
10.72941208
12.81961155
13.51764774
16.13921547
16.48431587
15.92156982
18.01372528
17.13725471
13.64509869
13.24117851
9.05490112
6.16470575
6.69804001
6.48431349
6.19607925
6.36862803
7.88823509
9.43529510
11.77451134
13.66666794
13.47255039
16.59216118
17.17646980
16.23921776
18.17058754
14.63921452
13.68039322
10.64509773
6.28627443
5.96470594
6.52548981
6.39019537
5.64705896
7.96862745
8.12548923
10.55882359
13.08627701
12.69999790
15.04117680
16.21764755
16.99216080
17.20980263
16.61960793
14.24705791
11.31764698
7.54509926
5.83921623
6.39411783
5.90784407
6.69411755
6.08627415
8.08627510
9.14117813
11.66666794
13.02549076
12.57255077
15.08235264
18.51960945
16.77843285
17.30784607
15.80588245
13.49411678
8.51176548
6.22745037
6.23529387
6.25098038
6.55490255
5.79999971
7.15098000
8.46666813
9.40196228
12.49803925
12.52745056
13.34705925
15.70392132
18.02745438
17.59803963
15.75686455
15.81372643
9.90392303
8.60588360
5.85882187
6.34509754
6.21176529
6.59999943
6.10195971
7.60392189
8.43529320
10.05097961
13.12745094
12.46274281
14.10000038
16.69804001
16.46274376
17.52744865
15.12157059
12.38823509
8.27058887
8.25098038
6.68627453
6.03137302
6.09019661
5.99803972
7.07647133
8.04313755
8.78627396
12.45686150
12.43725586
13.87450886
14.16863060
16.15882492
17.10784340
14.50588131
15.72941399
8.59411907
9.77647114
7.25686359
6.62156916
5.63529444
6.41372633
6.35294151
7.51568604
7.83333349
10.86862564
12.71960831
13.06862736
14.58627415
15.01960945
16.34706116
17.45882225
15.86470795
11.33333397
8.25686264
10.30392170
6.56666660
6.16274595
5.82156849
5.79803896
6.39411879
7.52549028
8.53725433
12.25882530
12.70000076
12.76862526
14.51372528
16.93333244
17.93529320
15.12353039
17.08235359
8.56862736
11.46274376
7.32941151
6.48823547
5.62156916
6.17058849
5.32156897
7.12941265
7.15686274
10.76470566
11.81764507
12.17647076
12.98235321
15.97254848
17.53529739
16.13137436
16.92744827
11.92156887
10.76862812
9.47843075
6.87843180
6.12548971
5.74705935
5.48431301
5.55098057
7.50784302
8.45882416
11.64902115
11.73725510
11.40980434
14.60784340
16.13137436
17.59215546
17.04706001
15.10784531
11.30196095
13.27255154
7.82156944
6.52941275
5.35294104
5.49411821
5.34901953
6.24901915
7.15686274
10.48235416
11.29803944
11.60392094
12.25686359
15.80980587
16.28039360
15.26274395
17.55098152
14.32549095
16.02353096
9.32548904
7.58039236
5.99411917
5.36470699
6.07843208
5.27647114
7.10000086
8.61176586
11.17647076
11.74117565
11.01568604
13.68039322
15.21764565
15.77058983
16.49019623
14.55686378
18.02352905
12.14509773
8.42156887
6.94509840
5.90588140
6.61960840
5.82352924
6.32156944
7.66666698
10.39411736
11.31764698
10.88039303
11.19019604
14.84313965
14.80784416
14.06666565
15.58235359
19.12745285
15.38235283
9.31764889
7.62745142
6.21764660
6.52353048
6.94313717
5.91764784
6.81764650
9.11176395
10.92352962
11.23921680
10.23529434
12.56470680
13.68627357
14.70784092
14.84705925
16.60980225
18.05882263
9.99215508
9.78039169
7.20588160
5.92352915
7.65098047
6.98039293
6.00196123
7.37451077
10.33333302
10.73529434
9.74313831
10.94509792
13.56666565
13.52353096
14.10000038
13.80196190
19.39412117
13.00392342
10.00588131
8.24509811
6.52156830
6.97843218
7.77254963
5.81176472
6.47254848
8.67647076
10.31372452
10.25294399
10.05293941
12.19999981
13.28431129
12.93921280
13.32745075
17.62744904
15.52745152
8.65882397
9.83529568
8.27451038
6.42745018
7.69803953
7.48823547
5.45882416
7.33529520
9.61960888
10.27451038
9.50588226
10.90784264
13.62744999
11.49411774
13.08431625
13.81176567
18.15490341
11.20980453
8.73137379
9.01764965
7.35686302
7.56274557
7.59019661
5.94313717
6.41764736
8.69019508
9.98627377
10.18823528
9.64509678
12.37843037
12.40588570
12.01372528
13.88823700
17.72156906
12.35294151
7.80784178
9.51372719
8.86470699
7.12549019
7.08235312
6.84705973
5.88823605
7.19999981
9.95882416
10.20195961
9.68235302
10.80195999
13.49411774
11.89019680
13.14902210
15.23137093
14.98039436
9.14313889
7.93333292
8.81960869
7.99215651
7.31960821
6.30000019
6.16862726
5.86862803
8.61568642
10.15294075
10.18235207
9.66470718
12.45098114
13.15294170
12.78823662
14.11176491
18.17255020
10.18431473
7.22156858
8.37843132
8.18627548
7.48235369
6.04117727
6.52548981
5.74901915
6.09803915
9.47647190
10.15097904
9.74901867
10.44705963
13.26078320
13.43137169
13.65490055
19.27450943
12.09607887
8.38823509
6.87646961
8.22941208
7.84117556
6.28627491
5.40588236
7.08039331
5.53333378
6.70392084
10.28431320
9.52549076
9.69019604
11.98235321
14.59019470
14.01372623
16.72941399
17.59215546
9.71372604
6.70000076
7.44901991
7.68039179
6.34705830
5.10392237
6.81764746
5.91568613
5.90392208
8.15098095
9.84509850
9.41176319
9.63137245
14.64117527
15.03529358
16.63137245
19.33529472
11.74117756
7.94313669
6.16862774
7.42156792
6.58823681
5.40784407
4.62549067
7.57058764
5.89411783
6.57647133
9.52745056
9.02156925
9.49215698
11.63529301
15.59412193
16.58627701
18.30196190
15.54705906
10.32941246
7.14705849
6.21372557
6.60588169
5.58823538
4.61372662
6.49803877
6.09999990
6.06078482
7.89215755
9.11372662
9.24901867
9.21372604
14.26667023
15.20196152
18.56666946
16.51568794
13.95882320
9.36274529
5.95294237
5.86862850
6.01764536
4.65294123
4.22941256
6.80784273
6.09804010
6.54705763
9.08627415
8.44901943
8.62156963
11.93921471
14.34117413
16.68823433
18.53137207
15.58039379
12.56470680
8.09999943
4.94509792
6.17058849
4.64313745
4.26274490
4.44509888
6.04706001
6.04509783
7.89019728
8.01960850
9.36274529
8.49411774
13.95098019
14.28627586
18.90588188
16.94117737
15.10196018
9.87058926
5.81372547
5.58823490
5.17843103
3.97058797
4.02745104
5.26470613
6.13921595
5.94313669
8.52941227
9.17451000
8.27450943
10.57254982
13.82941055
17.23921585
18.52157021
16.69215584
12.11568737
8.50784302
4.91764688
5.71176434
4.52941275
4.19411755
3.72549057
6.43725491
5.82745075
7.03529453
9.56470585
8.90196133
8.59215832
12.60588074
15.12352943
19.56666946
17.94902039
14.97058964
10.23725510
6.05294180
5.34313726
5.24509811
4.18627453
3.64705944
5.20196056
6.53333378
5.68431425
7.90980387
9.70392227
8.30980492
9.48823452
14.06862831
18.01960754
20.15098190
16.44705963
11.94901943
8.55686378
4.71960783
5.59019709
4.77451038
3.47843194
3.94509792
5.98823595
5.81764746
7.51568604
8.49999905
8.32941246
8.64117527
11.58039284
14.59803963
20.35490417
19.09803963
14.27843094
9.25294304
6.30392170
5.43137264
5.11960793
4.18039274
3.58431387
4.75686312
6.62156820
6.40980434
8.17451000
8.35098076
8.56078434
9.02157021
11.19803810
16.75098228
21.42156601
16.87647057
11.24902153
8.19607925
4.57254839
5.51764727
4.73333311
3.83725572
3.63333344
5.93333340
6.50000000
7.53333378
8.04509926
8.13921452
8.81176567
9.56666565
12.08235359
19.38235474
19.30391884
14.51960945
8.22352982
6.07058907
5.48235226
4.73529434
4.04901981
3.69607854
4.45882368
6.59411764
6.69215679
8.05686283
7.65686226
7.71568680
8.84706020
10.01764679
15.24902153
20.11372566
15.89803791
10.47646904
7.69607687
4.76274538
5.47058773
4.50980425
3.87843156
3.62352967
4.98235273
6.48235226
7.79215813
7.46666765
7.68431473
8.07254791
9.28431320
10.94313622
18.13921547
18.00980568
13.34902096
7.98823547
6.15490246
5.42156744
4.70392179
4.27058840
3.54509854
3.81960845
6.06470537
6.91176510
7.29215717
7.56862640
7.95686197
9.07451057
9.77451038
13.95294285
18.66666985
16.11568832
9.52157021
7.97254992
4.39803886
4.91176462
4.12352896
3.79019690
3.70980406
4.77647066
6.72745132
7.57450962
7.13333273
7.29607773
7.77254915
9.57255077
10.75882435
15.86666393
18.23725319
13.52352905
8.13725471
6.02353048
4.65098047
4.28039169
3.96666670
3.54117632
4.03725481
5.59411812
7.33725452
7.40392160
7.31372547
7.39411783
8.04117775
10.08823681
12.46274662
16.08627510
17.69411850
9.93725395
7.98627472
3.83137274
4.70980406
4.45098114
3.83921552
3.48235345
4.34902000
7.07647038
7.02156878
7.14901972
7.04509735
7.12745094
8.80392075
9.98039246
14.63333416
16.69411850
13.29216003
8.30980301
6.01176548
4.47058821
4.67058849
4.24117708
3.60000038
3.53725433
4.86274481
7.04313755
6.90392113
6.86470604
7.25686264
7.75294209
9.11764526
11.43333435
15.41960907
16.36862946
10.16274357
7.51960659
3.91372657
4.67058849
4.34509850
4.11568689
3.56078506
3.44705868
6.37843132
6.96666622
7.28235245
7.14117575
7.01372528
9.49215603
8.83921719
14.59215641
16.76078606
13.33921623
8.38627529
5.53137255
4.03725481
4.82156897
4.58235359
3.52352929
3.14901996
4.59803867
7.83137417
7.46274519
7.33921671
6.89411783
7.94705915
9.37254906
10.84117508
16.91372299
15.02548981
10.98039246
7.40196133
4.07254934
4.27647018
4.89019537
4.38823557
2.96862745
3.38235307
6.10784388
8.57451057
7.01176453
7.58431339
6.95490265
8.54117584
8.79804039
14.64117432
16.26862717
13.96078587
8.40196037
5.58235264
3.95882368
4.63921595
4.52156925
3.26862764
2.87647080
4.61960793
7.05490208
7.81372643
6.79411745
7.48823404
7.27254915
8.89803886
11.10196018
16.93529510
15.04117680
10.75294209
7.94117737
4.21372557
4.17647123
4.39215708
4.10196114
2.76274538
3.36666679
4.92352867
8.28235245
6.69607782
7.15882349
7.48627472
8.08235359
8.51568604
15.65294170
16.37059212
13.88431263
8.24313831
5.53333378
4.26862764
4.52745152
4.55294132
2.96470618
2.87647033
4.30784273
6.21176481
6.97254944
6.97255039
6.79999971
7.67254972
8.60000038
10.94902229
17.31568718
15.38039398
10.49411583
7.16078424
4.53137302
4.41176462
4.02941179
3.60588264
2.83921623
3.57450986
4.49411774
7.20784283
6.62941217
6.80196095
7.17058897
7.86862755
7.59215736
15.81372643
17.10196114
13.04509735
8.66078472
5.86862659
4.48235321
4.00392151
3.28039265
3.05098057
2.68627501
4.39215708
5.03137255
7.48431396
6.58823490
6.76470423
7.09019566
7.93333340
10.77450943
16.93137360
15.64902020
9.87450981
8.02156830
4.01568651
3.93529439
3.24117661
3.27451038
2.86862826
3.53137255
4.38823557
7.03137255
6.61568594
6.75097990
6.21960783
8.03921604
7.56666660
15.16274452
16.76078415
12.49608040
8.19411850
5.02352858
3.68039298
3.52549052
3.06078482
2.76274490
3.14705873
4.18823624
5.21764660
7.53725529
6.76470566
6.42352867
6.53921556
8.04313755
10.64705944
15.98823547
14.71372700
9.88627338
7.49411821
3.44705915
3.64509821
2.96862745
2.93725491
2.87647104
3.35490155
4.28235292
6.64117670
7.28627443
6.60588169
6.39019632
7.65686274
7.89411783
14.35098267
15.62156868
11.55294228
8.62353039
4.88627434
3.53921628
3.31764746
3.05882430
2.93333364
2.80000019
3.65686297
5.01764727
7.40588236
6.81372547
6.59215689
6.61372662
8.46078396
10.69608021
15.34705639
14.33921623
10.08235359
6.75882339
3.43725514
3.71372557
3.10980463
2.68431401
2.95098114
3.13137293
4.22156858
6.01960754
7.30588293
6.70196056
6.45294046
7.48235321
7.92745018
13.45686150
15.42941380
12.17647076
8.41176414
5.13725471
3.65294147
3.15882349
3.32941175
3.00392199
2.80588269
3.74902010
5.01764679
7.12745142
6.50392103
6.20196104
6.71176434
7.86078596
10.18039227
14.07450962
14.73529625
9.73333359
7.54313707
3.89607906
3.45882344
3.32156920
3.22352982
2.61372542
3.21568656
4.20392179
5.70392132
7.08627510
6.21372509
5.98431396
7.32941151
7.51176405
13.07451153
14.08431339
13.05686378
8.48235226
5.91176558
4.02352953
3.22745156
2.99607873
2.70000029
2.43137312
3.67843151
4.58039188
6.35294056
6.31372547
5.55294180
6.82352877
7.42352867
9.20196152
14.37254810
15.08431435
10.05686378
7.62745142
4.07058811
3.54117680
3.15882421
2.82156849
2.54902005
2.83921552
4.18627501
5.00392246
6.01960707
5.98823547
5.69803905
6.96078348
8.14117622
12.03137398
13.89411545
13.35882282
8.89803982
5.16470528
3.62745070
3.27843237
2.96274519
2.68431401
2.67058873
3.26666713
4.56274557
5.10588312
6.40980339
5.91176414
5.77254915
7.89411783
8.59215736
13.99607849
14.39803982
9.29607964
7.59803867
3.46470618
3.40588260
2.63529444
3.18627453
2.05490232
3.12549043
3.88823557
4.78627396
5.73725557
6.66666698
5.91176462
6.30392122
7.74705982
10.23333168
13.84705830
13.17254925
7.68039370
4.70784426
3.53137279
2.87254930
3.09019661
2.49803925
2.65686297
2.85098076
4.53137302
5.11764669
6.39215755
5.93333340
5.85490131
6.47843170
7.83137321
13.73529530
14.46862984
8.57843208
6.09215641
3.68627501
3.32549047
2.93921590
2.82156849
2.52352977
3.10000014
3.45882368
5.04509830
5.35686302
5.77843094
5.50980377
6.35490227
6.46862745
11.42745018
13.59411716
12.34117699
6.43137264
4.33333302
3.98823571
3.23529458
2.81568646
2.31568646
2.47254944
3.12549019
4.49411821
5.43725395
5.48235321
5.68431330
5.62548971
6.30588198
8.27647018
13.69607830
13.79215527
8.02941036
5.88823509
3.21764708
3.58823562
2.72352934
2.68627453
2.50980449
3.07647085
3.74509811
5.00784349
5.49215698
5.99215651
5.39019537
5.87646961
6.71372557
11.70195866
13.21568680
11.23529434
6.41176319
4.50980425
3.41568637
2.82156897
2.34117651
2.51764727
2.90000033
3.05490208
4.20588255
5.36274576
5.63921595
5.53529358
5.54509830
6.41372490
8.66078472
13.30980301
13.31568432
6.72352934
6.16274548
3.10392237
3.42352915
2.45098066
2.40980434
2.45098066
3.24117684
3.37254953
5.06470633
5.19019699
5.40784359
5.57843208
6.23137283
7.15686226
10.96078396
13.73725700
9.36274433
6.62548923
4.23725462
3.33137298
3.13529444
2.69411802
2.19215727
3.06862760
2.63333368
4.49019575
5.14313793
5.08627415
5.60980368
5.93921566
6.76078367
8.68039227
13.06862831
11.06078529
7.31176376
6.02745008
3.46470618
3.34705877
2.89411783
2.48823524
2.21568656
2.44117665
2.91568637
5.20588255
4.44901991
5.28431368
6.32745123
6.34509802
7.21176434
11.49019718
12.54706001
8.72156906
7.02745104
4.23333311
3.59607863
3.02156878
2.51568651
2.19411802
2.53725553
2.40000033
4.11960793
4.46274519
4.92549086
5.73921537
6.40196085
6.50392246
8.67255020
13.29803848
10.16078186
7.74705839
5.98039150
3.31372547
2.92549038
2.69411826
2.30784321
2.34705925
2.52941227
2.75686312
4.70588303
4.53333330
5.05294132
6.72549009
5.78039312
7.78823709
10.02744865
12.19804382
8.19019604
6.97647047
4.28235292
2.88431382
2.95098042
2.36274576
2.16078448
2.24705935
2.42549038
4.01176500
4.72745085
5.11960745
5.48235226
5.82745075
6.22941160
8.62745285
11.04509926
9.29607964
7.58627510
5.75882339
3.37058854
2.75882387
2.56862783
2.32745147
2.12549067
2.52352953
3.23725581
4.64705896
5.05686331
4.95686340
5.63137245
5.32352924
7.83137321
8.93725586
10.99019718
7.70980406
6.51372433
4.37647152
2.88431358
2.52549076
2.67647076
1.76666713
2.42745113
3.12549043
4.19411755
4.74705839
5.35686255
5.03529406
5.41568708
5.79607821
8.01176548
10.34117794
9.00784206
7.24902010
5.36862850
2.94509864
2.70196104
2.80588269
2.11764741
2.22745109
2.83529425
3.33921599
4.75294113
5.07647038
5.18039227
5.37647057
4.66470671
6.56470633
8.68627357
10.06666565
7.47254848
6.40000010
4.07058907
2.98823571
2.59215760
2.26666689
1.91372561
2.48235369
3.17254925
4.14313745
4.41372633
5.28235245
4.96274519
5.10588217
5.26078510
6.87058878
10.04509926
8.54313755
6.76470566
5.38235283
2.89803982
2.80980444
2.42549086
1.87843168
2.32353020
2.65490246
3.44509864
4.48823547
4.45882416
5.04509830
5.32156849
4.96862745
6.17646980
8.43529320
9.24117661
7.46666622
6.04313707
3.90196085
3.30196118
2.73921537
2.04705906
1.98431396
2.45882416
2.85098076
3.54313731
4.72549057
5.11176491
4.73725462
5.50980330
5.49803925
6.65294075
9.49804020
8.25294113
7.04705763
5.40588188
2.99607921
2.88235331
2.38235307
2.02549076
2.08823538
2.52941227
3.06078458
4.28627443
4.41764736
5.06862688
5.69019651
5.22156811
6.19803953
8.33333397
9.34117603
7.26862717
6.08627462
4.07451057
2.60196066
2.39607882
2.31764746
2.21372557
2.29607892
2.35294175
3.92941189
4.48235321
4.99411726
4.79019642
5.94902039
5.53137255
6.52352905
10.38431358
8.16862869
6.88627386
5.04705858
2.43333340
2.33333349
2.45882368
2.16666722
2.17647052
2.31960797
2.94705915
4.59019613
4.63921499
4.81176472
5.65098095
5.41960764
5.93137264
8.58431339
9.50588226
7.06078434
5.79019642
3.41764760
2.47647071
2.59411812
1.96078432
2.20784330
2.26862764
2.50980425
4.03333378
4.38039160
4.78039265
4.91568708
5.38627529
5.52549124
6.26470613
9.13333416
7.95490313
7.20980453
4.60784483
2.98235345
2.41568637
2.34313726
1.96470618
1.85882354
2.56470609
3.01372552
4.11176491
4.52745152
4.68823576
5.50980473
5.79019642
5.21176481
7.80784369
8.15098095
7.78627348
6.11176538
3.88235354
2.88039231
2.68823552
1.94705939
2.18431401
2.25294113
3.05882430
3.51568627
4.48431396
4.75490189
5.22745085
5.81764698
5.13921547
6.29019642
8.13725376
8.35882282
7.39607906
5.10784292
3.08823562
2.64117718
2.46274495
2.36666727
1.81960797
2.74313760
3.24509811
3.96862793
4.68823576
4.85294151
5.96862698
5.38039303
4.90980387
7.43333340
8.19019604
7.46862698
6.01960850
4.26470566
2.86078477
2.65686297
1.60000014
2.00980401
1.99803936
2.77254915
3.44901991
4.91568661
4.91764784
4.67647076
5.69215631
4.59999990
6.18235350
7.72745132
7.52353048
6.59215736
5.35098028
3.31176496
2.52745104
2.50392175
1.90392184
2.15098047
2.27058840
3.25882363
4.31372547
5.23725462
4.41372585
5.50000000
5.08235359
5.24313736
6.70195961
8.29019642
6.75686312
6.17451000
3.99411821
2.68823528
2.70588255
1.70980430
2.12352967
2.17843151
3.10784364
3.62941194
4.84901953
4.75490189
4.92548990
5.39411736
4.88235188
6.36078405
6.87647057
7.91176510
6.48823547
6.17450857
2.63725519
2.64313769
2.61960816
1.50000036
2.42156887
2.07450986
3.40196085
4.52745199
4.95882416
4.15686274
5.46470451
4.89607811
4.71568680
7.30000067
7.90588284
6.89411879
6.17647028
4.67255068
2.65294147
2.57451034
1.63333368
1.80196106
2.09803963
3.00980425
4.08431387
4.80000067
4.38039207
4.89215708
4.76274538
5.00980425
6.26862764
7.51568699
7.35490227
6.65098047
6.00980330
2.85098052
2.60392165
2.46078444
1.52941203
2.04901981
2.84313726
3.47451019
4.60784292
5.37451029
4.48039293
5.16666746
4.76470566
5.04901886
6.79411793
7.81764698
7.37255001
5.52352953
4.80784273
2.55686307
2.40000010
1.76862764
1.71372581
2.28235364
2.99411798
4.18039227
4.89411736
5.07254982
5.45686340
4.36666727
4.77058840
5.52156830
7.57843208
6.91568661
6.36078405
5.15294123
2.50196147
2.70000052
2.33333302
1.51960802
1.94705939
2.96666694
3.04117727
4.57450962
5.34705877
4.86666632
4.73921633
4.75686312
5.13333416
6.33137226
7.20000029
6.96862793
4.82941246
4.04705954
2.59803939
2.47843170
2.13333368
1.86078453
2.48039293
3.01372576
4.24705935
4.73333359
4.84313679
4.88039160
4.37058830
4.78235340
5.62745094
7.05686331
6.51568651
5.77255011
4.85098076
2.65490222
2.59019637
1.91960812
1.67647088
2.33725500
2.64705944
3.13137245
4.88431358
5.01372576
4.61568594
4.44706011
4.14313841
4.96862698
6.48235273
6.40196180
6.65294218
4.95098066
3.97058892
2.50392199
2.15882397
1.97058845
1.74313736
2.46078420
2.92745113
3.67451000
4.75294161
5.35294056
4.37450981
4.44705868
4.75686312
5.46078491
6.80588198
6.83529377
5.39215708
5.08823490
2.53921604
2.66666651
2.18431425
1.73529410
2.26862764
2.48235297
3.01764727
4.63137341
5.11568642
5.17058802
4.95294285
4.45490265
5.17647028
6.55097914
6.06274557
6.16470671
5.25882339
3.66274548
2.74313760
2.25098038
2.08431411
1.45686293
1.97058880
2.88235307
3.88039207
4.89215755
5.14117765
5.29019594
5.33137226
4.90196037
5.16862679
6.51372528
6.33333302
5.00784397
5.17058849
2.49607873
2.46274519
1.96862805
1.67451000
2.10392189
2.14117670
3.17058897
4.30196142
5.14902020
5.05882406
5.57647181
5.13529396
4.87058830
5.84901953
6.06666660
5.73921633
5.03921604
3.64705896
2.45490217
2.36470652
1.72941232
1.82352936
1.89215720
2.80588245
3.74117708
4.65490198
5.16862726
5.54509783
5.29019690
5.02941227
4.81176472
6.32548952
6.24313736
5.29411793
4.81764793
2.48039269
2.17843127
2.17254949
1.81960833
1.81176507
2.13921571
3.36862755
3.99803948
5.31960773
5.29411745
5.44705868
4.81568623
5.04117680
5.51176500
6.40980387
5.84705925
5.06862688
3.38627481
2.37451005
2.29607868
1.87843180
1.77647090
1.50588262
2.74705958
3.72156906
4.62352943
4.89019632
6.13725424
4.75882387
4.93725443
5.23529434
6.56470490
6.30784369
5.11372614
4.51568651
2.72745180
2.39019656
1.97843182
2.19803977
1.79803932
2.18039250
2.92352986
4.43725586
4.68039227
4.90196133
5.68627548
4.86274529
4.92549086
5.89019728
6.96666574
5.64705944
4.72156906
3.67451024
2.64705896
2.10784364
2.27058864
2.21568632
1.71372569
2.32941198
3.67843151
4.64901972
4.61764717
5.80980349
4.51176453
4.67647123
5.33137321
6.27058744
6.36862755
4.92941189
4.53137255
3.03137302
2.66470599
2.00000024
2.11960793
1.56666696
2.17254925
2.73529458
4.48431444
4.61372566
4.76470566
5.41960859
4.33137274
4.84509802
5.71372557
6.26862717
5.23137283
4.42548990
3.97843242
2.90000033
2.52745104
2.03921604
1.81960857
1.89411807
2.37451029
3.33921576
4.51372528
4.48431349
5.30784225
4.53921604
4.34313726
5.09019613
5.82745028
5.68235302
4.38039207
4.46666718
3.11372542
2.44117641
2.34705925
2.19215727
1.81176484
2.25686312
2.67254925
3.77451038
4.50784254
4.62941170
4.79607916
4.04313707
4.28039217
5.25882435
5.87058878
5.11568689
3.93725514
3.48823547
2.62941217
2.32352972
2.11960816
1.88235319
2.10784364
2.68431401
3.04901958
4.45294142
4.31568718
5.11176491
3.88039255
4.15490246
4.13725567
5.53529453
6.06862688
4.40588284
4.30000019
2.57647109
2.65294147
2.01960826
1.76470602
1.80000043
2.70588255
2.77254939
4.10784388
4.45490217
4.39607954
4.00392199
4.15882397
4.02549076
4.88627434
5.45294142
5.53725529
4.76470661
3.48235369
2.91960812
2.25490212
2.03137279
1.82156897
1.85098064
2.87058830
2.95882392
4.40392160
3.91960835
4.10588217
3.89215732
4.27450991
4.36274529
5.04509830
5.67450953
5.29411697
4.66666698
2.68431354
2.56862736
2.24313712
1.74313760
1.55882394
2.31960797
2.68823552
3.76274538
3.50000048
3.98627448
3.86274529
4.05686331
4.00980473
4.67843056
5.44705820
5.47254944
4.69411802
3.63529396
2.51764727
2.39607882
1.71372581
1.96862805
1.61960804
2.68627501
3.02352953
3.63921571
3.84705901
3.82745123
4.00588274
4.07058811
4.53921604
5.35490274
5.48039246
5.10196114
4.45686245
2.59019685
2.22352958
2.12156892
1.86078465
1.90000033
2.25882363
2.73137283
3.47647095
3.85686278
3.71372604
3.82941198
3.94117665
4.10588264
5.12745142
5.60980415
5.04901934
4.51176500
3.82352996
2.06666708
2.01960826
1.76862776
2.11568618
2.07647109
2.31176519
2.92549038
3.48235297
3.90980411
3.53137279
3.56274557
4.05294085
4.29999924
5.36078405
5.21372557
4.52745104
4.40000010
2.12549043
2.12156868
1.97451019
1.76666677
1.61960816
2.16470623
2.11372590
3.20980430
3.39803934
3.72353005
3.77451015
3.56078458
3.69803977
4.62352896
5.88823557
5.08627367
4.48039293
3.38235331
1.53529418
2.30196071
1.64313745
1.49215734
1.76666725
1.80784357
2.98823524
3.02941203
3.63137293
3.51764774
3.58039212
3.68431425
4.14509869
5.01568699
6.23921585
4.37647009
4.57058907
2.58039260
2.30392170
2.27647066
1.66470611
1.43725514
2.17451000
2.40784311
3.29411793
3.14705873
3.58039284
3.81372595
3.63725495
3.57254910
4.32941198
5.43137264
5.33333397
4.03921604
3.87647057
3.02353001
2.10000038
2.17843199
1.79607880
1.79803932
2.38627481
3.02352953
3.42745066
3.60588264
3.37254906
4.09803963
3.33529472
3.79019594
4.42941189
5.78039265
3.93725538
4.21960783
2.97450995
2.28235340
2.31372595
1.98039234
1.67647088
1.86470592
2.84117651
3.35686302
3.46470618
3.24313736
3.34901977
3.68235278
3.08235288
4.26666737
4.90588188
4.79019737
3.83333325
3.87058830
2.66470575
2.24509835
2.09019637
1.69607854
2.06078458
2.00588250
2.80588317
3.50588298
3.23529458
3.22156906
3.54509807
3.23137259
3.41568661
4.58431435
4.71764708
4.22941113
4.43137312
2.98627448
2.14117646
2.01176500
1.90196121
1.48431385
2.08235312
2.79411793
3.18039250
3.73921585
3.35098052
3.48235345
3.44509840
3.13725519
3.71372533
5.16078472
4.47451019
3.80392170
3.73921657
2.55686307
1.99411821
1.80000019
1.51568639
2.02745104
2.27451038
3.37451029
3.58235312
3.85882378
3.35882378
3.94509864
3.42941236
3.42549062
4.69607830
4.83921480
3.94117689
3.89411783
2.76078439
1.82745111
1.70784318
1.48039246
1.56470609
2.42549038
2.86274505
2.98039317
3.49411750
3.54313731
3.60980415
4.10000086
3.56078482
4.12352991
4.96862698
4.02941227
3.56078482
3.46470618
2.45294118
1.60196102
1.82745123
1.49019635
2.33529449
2.22745085
2.91960764
2.92549014
3.40392208
3.78039241
3.31764722
4.08823538
3.80980444
4.51764679
4.35098028
4.20392132
3.68235278
2.62352943
1.81372583
2.26666689
1.89215720
1.45882392
2.49803948
2.46078444
3.24509788
2.85294151
3.52941155
3.58431435
3.57450962
3.53529429
4.00392151
4.89607954
4.08431387
3.76274514
3.03529429
2.42941213
2.16274524
1.70784330
1.68039238
2.07058835
2.14117670
2.49803925
3.42941189
2.89215755
4.15098047
3.32549047
3.55294180
3.49411798
4.25490189
4.47254992
3.63921618
3.88235307
2.27451015
2.31176496
1.85686278
1.84313762
1.84313774
1.89607906
2.18431401
3.20980406
3.10000062
3.32941270
3.92549038
3.01764727
3.53921652
3.62941217
4.36666632
3.95098042
3.68039179
3.12549067
2.82549000
1.97843146
1.86666667
2.28039265
1.85686314
1.79607856
2.63529420
3.89019656
2.92352986
3.66470623
3.38039255
3.09411788
3.36470628
4.22941160
4.46470594
3.93725538
3.61176491
2.79019618
2.44705915
1.91372609
2.19411802
2.05294132
2.14901996
2.12745118
3.05490208
3.43529415
3.33529425
3.74901986
2.90980411
3.62352943
3.26470566
4.52941179
4.37058830
4.04117632
3.28235340
2.70196128
2.19607878
1.84117651
2.11176515
1.66078436
2.20392203
2.90588236
3.31764746
3.36862826
3.29019642
3.28235292
3.25098062
3.16666722
3.82745147
4.51764774
3.99411798
4.17254925
2.89999986
2.32352972
2.14117646
1.78431380
1.56862772
2.05686283
2.52549052
3.03725505
3.12352943
3.21960783
3.30588269
3.10196114
3.19804001
2.91176510
4.54313803
3.99215746
4.08627510
3.70588303
2.89803958
1.82941210
2.10980439
1.55686295
1.95098066
2.46274519
2.95882440
2.66666675
3.90980411
3.47450995
3.65490222
2.73529434
3.10980392
3.71764708
4.36078405
4.13725471
4.31568718
2.80392218
2.41568661
1.92156875
1.72745132
1.52156878
2.28823543
2.31764746
3.19803929
3.99215698
3.27450991
3.44509792
3.29215646
2.71372581
3.04509830
4.69411707
3.71176505
4.07647133
3.65882421
2.42745113
1.99411774
1.82549024
1.46862769
1.73725522
2.36470604
3.13529420
3.21568704
3.56274533
3.40784335
3.51568723
2.59607863
3.22352982
3.85882354
4.17058849
3.44705844
3.96666694
2.91176462
2.49019647
2.18627501
1.97254932
1.73333347
2.30784321
2.63725519
3.25098038
3.09019685
3.00196123
3.32549047
3.40196109
3.30196118
3.31372571
4.02745104
3.86078477
3.93137264
3.58431387
3.12549043
2.38431382
2.03725553
2.01764750
1.72352993
2.57843184
2.67254901
2.54509783
3.06862760
3.38039255
3.26470637
3.30392170
3.49019575
3.70000052
4.04901981
4.03529453
3.75882483
3.13137269
2.55686307
1.99215746
1.96862757
2.10784316
2.14901996
2.51764798
3.12941194
2.92745137
3.22156858
3.46862745
2.96470618
3.05490232
3.39215708
3.57058859
4.21960831
4.08235312
3.47843146
2.95686269
2.67647123
1.82745123
2.09215713
1.96862781
2.26862788
3.03725505
3.55882359
3.06862736
3.51372600
2.95882368
2.91176534
2.93921590
3.48039269
3.91176510
4.22156811
3.90000010
2.92941213
2.90980434
2.26666689
2.16862798
2.03529477
1.95098066
2.48235297
3.50588202
3.37843180
3.42941213
3.53725553
2.87450981
2.65490198
3.10196090
3.63529491
4.31568718
4.14509821
3.16666675
2.80588245
2.53921604
2.62549090
1.99019623
1.65490210
2.21176505
2.50784326
3.86862803
3.67647076
3.48235321
3.16666698
2.81764698
2.96862793
3.70392203
3.87647080
3.79607892
3.75490260
2.96274543
2.45490241
2.45098066
2.19607878
1.93725514
1.67451012
2.14509845
3.45882392
3.66862750
3.45098066
3.16274524
2.82352924
3.01176476
3.48235297
3.74509811
4.24901962
3.60588264
3.41372561
2.42745090
2.36274529
2.13725519
1.91960800
1.71568632
2.09019661
2.62548971
3.23137283
3.74313760
3.28431439
3.00392175
2.78627491
2.90784383
3.71568656
4.31176424
4.17647076
3.52549100
2.71176505
2.81176496
2.24902034
1.83333397
2.03529453
2.24117661
2.05294132
3.38823581
3.38627505
3.39215755
3.40000033
2.76274586
2.66666675
3.40980411
4.01960802
4.25686312
3.68823528
2.83725500
2.99215722
2.56078434
1.86666691
1.63333344
2.31960821
2.18039250
2.79411793
3.47254920
3.06470609
3.61764717
3.07843137
2.94901943
2.93725491
3.36274529
3.82941198
4.09999990
3.12352943
3.20980453
2.70784330
2.43921614
1.63529456
2.08039236
2.34902000
2.39019632
3.30784321
2.92745185
3.05294132
3.33137250
2.65490246
2.65294147
2.73725510
3.87254977
3.73333383
3.81372547
2.86274529
3.11372519
2.32941222
2.16666722
2.03333378
2.11764717
2.32941198
2.98627472
2.83137250
3.21960855
3.44313765
2.86470604
2.56274533
2.63333344
3.15098071
3.71568656
3.63921571
3.41568708
2.76666689
2.36274529
2.52941179
1.95686328
2.51764727
2.21960783
2.35882354
3.35882378
3.22745156
3.13529444
2.91568661
2.59019613
2.50980401
2.86666679
3.68235278
3.19215679
3.92352962
2.99607873
2.50000048
2.54705906
2.36274529
2.44509816
2.37254953
2.07254934
2.95294118
3.44705915
3.24705887
3.13333321
2.82745123
2.48039222
2.91764760
2.99607849
3.78039265
4.01960850
3.55882430
2.64509845
2.50784349
2.30980420
1.99607873
2.14509845
2.07843161
2.36078477
3.35294175
3.49215746
3.07254887
3.05098104
2.88627505
2.67647099
2.83137274
4.16078424
3.98431420
3.77451015
3.18431401
2.74117684
2.33725548
1.96274507
2.20980406
2.21176481
1.82352960
3.24509883
3.32352996
3.38235331
3.11764765
2.59411788
2.90588284
2.99411774
3.20000029
4.66274548
3.80392122
3.69607925
3.03333378
2.52352953
4.76666641
17.28627586
1.98431408
2.27254939
2.56666708
3.42353010
3.27450943
2.89411831
3.03333330
2.76274538
2.95882392
3.04313755
4.44509792
3.84117675
3.80196118
3.44509840
2.70588303
2.11960816
14.95293999
8.58627701
2.19803977
2.21764731
3.14901996
3.38431430
2.78627491
2.65294123
2.44509816
2.96666694
2.99607849
3.67647076
4.42352962
3.48627496
3.58039236
3.01568699
2.55882335
4.45882416
18.88431358
1.95294154
1.95882380
2.59215689
3.28431416
3.20392156
3.05098104
2.74705911
2.86470652
2.45686293
3.25882363
4.41960812
3.42353034
3.52549076
3.17058873
2.55294132
2.28235316
7.10784340
7.69019604
2.10392189
2.30196142
3.07647085
3.24313712
3.18039250
3.16274548
2.87843132
2.69215703
2.52352977
3.53921580
3.99411750
3.02549100
3.42941189
2.87254906
2.06470609
4.66862726
9.36666679
2.04509854
2.16274548
2.66862798
3.26274586
3.45882344
3.42352939
3.08039236
2.60000014
2.12549043
3.19803905
3.97843146
3.17647123
3.30980396
3.21372581
2.70980430
2.02352977
6.97843266
6.88235283
1.96470594
2.24509788
3.01372552
3.38235283
3.44117665
3.31960821
2.86862779
2.57254910
2.82941175
3.33725524
4.24509811
3.13725495
3.77451062
3.12156868
2.53333354
4.63333368
10.23921585
2.21764731
2.11960816
2.45098019
3.32156920
2.98823547
3.33137274
2.73333359
2.78039241
2.88823557
2.85098100
3.90784335
3.41568661
3.43921590
3.50588250
3.25294137
2.12156892
7.18627405
8.42548943
2.24901986
2.11764717
3.06274557
3.13921547
3.14313722
2.99607897
2.74313736
2.69411778
2.82745147
3.03333378
3.72745109
3.39215708
3.40392208
2.96470571
2.87451005
4.43725538
12.05882359
2.03137326
1.90980422
2.38823581
3.47254896
2.63137269
2.97058821
2.99803948
2.61568666
2.75490236
3.05882382
3.60196114
3.33333373
3.41372561
2.79019666
2.96862793
2.33137298
7.04313707
7.91176510
1.99803960
2.14705896
2.57451010
2.85098028
2.95686293
2.67647099
3.14901900
2.40196133
2.57058835
3.07058835
3.35490274
3.27843213
3.05294156
3.16470647
2.86078429
4.50980425
7.14705944
1.96274555
2.02352977
2.20000029
3.03725505
2.84509850
2.95882368
3.23921585
2.71960807
2.13137293
2.93529415
3.27254939
3.39019680
3.73333383
2.84313750
2.54117656
2.48823571
7.04901934
4.59804010
2.10588264
1.90196085
2.78627515
3.08431387
2.94509816
3.61176443
2.98235297
2.57647085
2.30588293
3.07843208
3.51568627
3.36470604
2.84705925
3.09999990
2.33333325
4.33333349
9.80980396
1.89411795
1.89607882
2.54313731
2.87647104
3.12745094
3.62156916
3.29607844
2.50000024
2.37058854
2.70000005
3.11960816
3.20392227
3.07647133
2.92352939
2.71568680
2.11960816
12.98235416
8.14117813
2.12941217
2.13137317
2.54705930
3.23137283
2.92156887
3.66862798
2.88235307
2.44313741
2.30196118
3.14117646
3.13921595
3.26470613
3.32352972
3.04117727
2.65882349
9.24901962
12.96666813
1.95490229
2.12549043
2.72941184
3.10784292
2.88235283
2.95686340
2.90196109
2.56078458
2.37451029
2.60392189
3.19607854
3.60196090
3.33333349
3.06470633
3.35686302
2.38039231
12.97450829
6.96274519
2.06274533
2.07647109
3.35098052
3.19019628
2.82941175
2.60784340
2.75882387
2.10784340
2.57058811
3.11568642
3.42549014
3.35294127
3.04705930
2.54509830
2.63137341
2.37647080
2.12156892
2.03921604
1.97254944
2.65490246
2.96666741
3.05294156
2.75882387
2.69215703
2.31372547
2.33137298
2.58039236
3.57451010
3.10784364
3.15882349
2.68823552
2.60196137
2.44509816
1.82941186
2.18627477
2.24117684
2.18431401
2.95490265
2.68431377
3.27843189
2.80000043
2.34117675
2.18823576
2.55882382
3.01176524
3.19215727
2.83725500
2.76470590
2.78431368
2.70784330
2.10000014
1.99411809
2.21176457
2.09215713
2.63137293
2.54117680
3.05490232
2.93529439
3.09803915
2.41764736
2.60588217
2.56078458
3.06862712
3.04705882
2.83137250
2.93333387
2.71176481
2.23137307
2.06470609
2.10980415
1.85882390
2.15294170
2.59215736
3.19019651
2.78235316
3.11764669
2.57450986
2.51960826
2.47843194
2.74901962
3.25098062
3.10588264
2.68823600
2.58627510
2.47647119
2.40980411
2.10392165
1.80980420
1.92745137
2.37843156
2.57647038
3.47647071
2.54117703
2.68627524
2.52156901
2.99803972
2.19803977
3.45490217
3.19019699
3.06470609
2.58039236
2.70588231
2.44705915
2.39803982
2.14901972
1.72941196
2.02549052
2.47843146
3.15490246
2.84509826
2.48039293
2.57254910
2.67058825
2.62156868
2.63137269
3.41372561
3.32352972
3.07254934
2.61176491
2.57254934
2.30392170
2.19019651
1.94313729
2.01568651
2.12156892
2.73333359
3.05882335
2.64117718
2.45098042
2.05882359
2.55686283
2.56666708
3.07843137
3.52353001
3.17843199
2.64117694
2.55490255
2.35490203
2.02549052
2.09607863
1.83333337
1.88039243
2.30392218
2.97058821
3.15098047
2.63725495
2.32156897
1.86470604
2.46274495
2.52745128
3.51176453
2.95686316
2.91176534
3.01568651
2.57254934
1.86666691
1.91960788
2.37451005
1.57647085
2.11960793
2.91960835
2.79803991
2.75294137
2.74902010
1.81176496
2.24705935
2.56078410
3.00000024
3.47647071
3.03137302
2.88039279
2.74117684
2.26078486
1.87647104
2.17843175
2.04117656
2.17843151
2.62745142
3.02353024
2.75490189
2.57451034
2.48627448
1.76470613
2.26274538
2.31372547
3.92941213
2.92941189
2.97647095
2.79019642
2.54117656
1.91176486
1.93921602
2.42352962
2.16666698
2.29411769
2.85882378
2.87254953
2.34509850
2.45882368
1.77058852
1.99411786
2.30000043
3.26862741
3.52549028
3.39411807
2.49215698
2.70980382
2.03921580
1.82549047
2.31960797
1.98431396
2.41568637
2.37058854
2.75686264
2.38235307
2.61764765
2.05686307
1.74509835
2.26274562
2.97254920
3.49215722
2.96078444
2.90980434
2.65294170
2.30588245
2.03725529
1.92745125
1.86078477
2.01176500
2.18235350
2.57843184
2.62745166
2.72745156
2.49215722
1.97058845
2.25882339
2.49803972
2.81764746
3.11176467
2.93529463
3.05098009
2.35882354
2.58431387
2.09607863
1.86862779
1.46666682
1.77843189
2.09607863
2.61960840
2.76078463
2.61960793
2.72352982
1.95098066
2.35686326
2.74117684
2.82941246
3.17451048
3.17450976
2.60392165
2.55882382
2.51764727
1.65294158
1.66666698
1.82156897
1.84509838
2.51568699
2.77843165
2.40196133
2.65098071
2.17451048
2.23333359
2.56470633
2.68823576
3.13529444
3.00784349
1.52549052
