17.55490112
24.76862907
23.89216232
24.26274490
23.65098381
25.06470680
23.23332977
22.90000153
23.92352486
24.14313889
22.57058525
22.35490417
22.03529358
23.13921738
23.72941208
25.20587921
24.50196075
20.17255020
19.69607925
23.39608002
21.10195923
22.16078568
22.82156944
23.34706116
19.62157059
19.54313660
20.92745209
22.00981140
20.24117661
20.04313469
19.91176605
21.84510422
23.02156830
24.94313431
22.67059135
16.38627434
23.27254868
21.57843399
19.18235779
21.76470947
22.54706192
21.44117546
17.70784187
17.38235474
18.59019852
21.37843323
18.49607658
18.26470566
18.94902420
20.63725471
24.22941208
22.93333054
21.76667213
13.42941284
24.36078644
20.76862526
18.46862984
20.53529549
21.26275063
20.07254982
18.03333282
16.91176224
17.80980110
20.48235893
17.61372757
18.33725739
18.99607849
20.20196152
24.68235207
20.74313927
20.95882416
14.84705734
23.39019394
19.38627625
18.04117775
18.65882874
19.96470451
19.28823471
18.30980301
17.03137398
17.81764603
19.63530350
17.63137436
18.85686493
18.74118042
19.30588150
22.08627319
19.66078568
18.49608040
17.25686455
21.21569252
19.42352486
18.43137360
18.03333664
19.00980377
18.48039246
18.34902000
17.44902420
17.90391922
18.47254944
18.23333359
19.13137627
18.69216156
18.07843208
18.68235397
18.44901848
17.09019661
19.80784035
20.52941132
18.73137093
19.09215546
18.71961021
17.85686684
17.33529663
18.70980453
17.55097771
18.12156868
16.91764832
18.83333588
19.04509926
18.64901924
16.99607849
16.74705887
18.45686150
17.04314041
21.09215164
20.94902039
18.14313889
20.21176529
19.11568832
17.16666794
17.46274757
18.83725739
18.90000534
18.28235245
16.18235397
18.67647362
18.60196304
17.79411697
16.51960945
16.65686417
18.67843246
16.50980377
22.41372108
20.69999886
19.25686264
20.79412079
19.00588417
16.57058907
16.58627701
20.02745056
19.62157059
18.05097771
16.97843170
18.73921967
18.68039131
16.66862869
17.09607887
16.88627434
19.60980797
16.62352943
21.98431778
21.47451019
20.59607697
20.82548714
18.12156677
16.50784492
17.18627739
20.61568451
19.73921585
19.72745323
20.09804535
19.07451057
18.80784416
16.40588379
17.36666870
19.45882225
17.11176300
16.40196228
22.64313507
22.07843208
21.49215698
21.53529358
18.80392647
17.71960831
18.15490532
20.61764717
21.31176567
22.93137360
21.44509697
20.20196533
21.85882378
17.81961060
19.73921967
24.18430901
15.46078396
20.43921852
24.67058563
23.73921967
21.40392685
22.50980186
22.73137665
20.00784302
19.23921394
20.72352791
24.39804077
25.76862717
20.72549057
24.30587959
26.05490303
19.39608192
23.93922043
26.51176453
17.11568642
25.85881805
25.65686226
25.21765137
21.89215469
24.41176605
24.47843170
22.87254524
23.21176338
23.43529510
27.52548981
25.95490265
22.52157021
28.00980949
27.20391846
21.92745590
26.91765022
24.90392113
19.33529663
25.58235168
25.98627663
25.68627167
23.55098343
26.72352982
24.31372452
26.54313660
26.96470642
27.76470947
27.94901276
24.14313316
28.07647133
28.05490112
26.32745743
24.33333206
27.41764259
20.55686569
20.66274643
25.60588074
25.53921127
26.47254562
24.27058792
26.74117661
24.75490379
28.12157440
29.27842712
30.26470757
26.02745056
24.99215698
29.79999924
28.54902267
25.39215660
24.80588150
26.36862183
18.44313812
20.61176491
25.48038673
24.10196114
24.55882645
21.99019623
26.02549171
23.59999466
27.13725090
29.37058640
31.29803848
23.54902077
27.32941437
29.89804077
28.60392189
23.21176338
24.26470566
24.12548828
17.02941132
22.34313583
24.74313736
23.15098381
21.93333626
18.08627319
25.10196114
21.52940941
26.35490036
30.81961441
29.10980225
23.06078339
28.99020004
28.01568794
28.69804382
20.64901733
24.04313660
20.68823814
15.93529320
22.64313698
23.93921471
21.29216194
20.44902229
16.76470566
24.34313774
22.00980568
29.06274605
28.29999733
25.37450981
25.80392075
26.40196228
27.16470146
26.33136749
18.63725281
25.04902077
17.84902191
15.18823433
21.80391884
21.40784645
20.00980759
18.41960907
17.75882530
23.91568565
25.48626900
31.29020119
23.76862717
25.80392265
28.17058945
22.07646561
24.38627052
23.53921318
17.93137169
24.09412193
15.82352829
15.69803905
20.79412079
17.86470413
19.96666718
16.69999886
20.63725471
27.73921776
30.21176910
25.25098610
19.78431511
27.87451172
27.16078377
17.63725662
19.94117928
19.64706230
21.85490417
21.02744865
15.25686359
16.74313736
18.28823471
15.14902115
19.84509850
17.18039131
25.31372833
31.37255287
29.03137207
20.06666946
19.31764984
28.50392342
22.83333778
15.58823490
17.08627319
20.46470451
26.37842941
18.22549057
15.09411621
16.86274719
15.98235226
12.54705906
20.44509888
23.07254791
28.26078606
30.75686646
23.56274986
18.26666641
19.48627663
23.93332863
18.35882759
14.78235245
15.56470776
23.82353210
25.81765366
17.18431091
15.29803753
16.15686226
12.86470795
12.36274338
22.43528938
27.53137589
28.56274796
29.13529396
17.74509811
18.34706116
19.23136902
19.16274452
15.02549171
14.09607697
14.19411850
25.69215584
22.99803925
16.81764603
15.75098324
14.66862583
12.32549000
12.45097923
25.40587997
26.49804306
25.22549057
23.79216003
15.66078377
19.46078491
16.76862526
16.03333473
13.91372585
14.08431053
13.69607925
25.55490494
19.61176872
16.62353134
15.76862717
13.88039017
12.85098171
12.62352943
27.04509735
22.19215584
21.28627777
18.02745056
15.37843037
17.87843323
15.52353096
14.39019775
13.80784512
13.49411774
14.21176529
23.41960907
16.98431587
17.09608078
15.37059021
14.10980511
12.82549095
13.69215775
25.93333054
18.01764870
19.12549019
15.59803963
15.89412022
16.97647095
15.20196056
13.75882435
15.07647228
13.18823433
15.40588379
19.83333206
16.69803810
17.59804153
14.71960926
13.58823586
12.83333588
15.38627434
21.64509773
15.86666489
16.62941360
15.42941380
17.96470833
16.36470604
14.47451019
14.29411697
17.33529472
12.97646904
15.64117908
15.91176891
17.25097847
18.20000648
14.29019833
13.64901924
13.25294113
15.84313965
16.82353210
15.84901810
15.68235397
15.34117508
19.01372719
16.24313736
14.76862812
18.62157440
17.28038788
13.43921947
14.79019737
15.53137493
17.55490494
16.90196609
14.48235416
13.80392361
12.65098000
15.98039246
15.23529243
15.00587940
15.33529568
15.62745380
19.68235397
15.75294018
15.39411640
23.37255096
18.96274567
14.39215755
15.30196381
15.67058945
17.89608192
15.84117603
14.58039379
13.53921795
12.08823681
16.37058830
15.14902020
13.90588188
15.09999847
16.38823700
19.04117203
14.94509506
16.85098267
27.11372375
21.01372528
17.37647247
15.45098019
15.32548904
17.89411926
14.54313755
14.06862640
13.51960659
12.18039322
15.59019566
14.55098057
13.70588493
15.70588303
15.91176605
17.98431587
15.45293999
17.77255058
29.32156754
22.89412117
19.61372566
14.64509678
13.93137264
16.94313812
13.56078434
13.61372375
13.08823586
13.07450867
14.72549152
14.31372547
15.57451153
15.21568680
15.80196095
16.14117622
16.97451019
21.30980682
27.02549171
25.46274757
16.61176491
14.47058582
14.46078396
16.21961021
13.57843304
13.91960907
12.16078377
14.40980244
14.16274452
14.67451096
16.11764717
15.13333416
14.94509792
17.32156944
18.61764526
21.19804001
21.85686684
24.82352829
14.75294113
14.21960926
15.21764565
15.52548885
14.01372623
13.30784321
12.43529415
15.25294209
13.78235245
15.17058849
16.81960869
14.66470432
14.30980682
20.92941284
17.68235397
16.61960793
19.34313583
21.70000267
14.04117775
14.05097866
16.69804001
14.43529606
13.78235340
12.92941284
12.51764393
15.56666946
14.39215851
15.30784416
18.30392265
14.96470642
15.03921223
24.13529396
16.03333473
13.51372528
19.60196114
16.45489883
14.59019756
13.14901638
17.03333473
14.58431625
13.83921719
13.14313698
12.91372585
15.42548943
14.92941189
15.19607925
20.50391960
15.62353230
15.40980434
23.88039207
16.02745247
13.30784321
18.39019775
13.45098019
14.23921490
13.15490341
16.92941475
14.75882149
13.56470299
12.81764412
14.20392227
14.80980587
15.33725452
15.51372623
22.50000191
15.43725777
17.78627205
21.29607773
16.53529549
13.62157059
15.18627262
13.59607887
13.91176414
13.34902096
16.72745132
14.09215927
13.12744904
12.29019451
14.83333492
14.68823719
15.74901962
17.42156982
23.49215889
15.44313622
20.99411964
18.24509811
15.70588207
13.92549133
14.09411526
13.84509659
13.29804134
14.39019585
15.52352810
14.52549171
12.36274433
12.00588322
14.79019642
14.88235188
15.59215736
20.44117546
23.64509583
17.86666870
22.97450829
17.80588531
14.33725452
14.11764717
13.92549038
14.39412117
12.99607563
15.70392323
15.26666832
14.80392265
12.36274433
12.14705753
15.04705715
15.13333511
15.21568775
23.88823318
22.70784378
20.36666679
22.63529396
17.37451363
14.48038960
14.24117374
14.51176357
14.96667099
12.76666546
18.11372375
14.54314041
14.97058582
12.02745247
12.86666679
14.58039093
15.16862869
15.90000153
25.96470642
21.14901733
24.72353172
20.22353554
17.26078796
14.34117699
14.55294228
15.81372452
14.47058964
12.50784683
20.35098267
14.11568451
14.22353077
11.83137321
13.97843361
14.38235378
15.88627625
16.35490227
26.49804115
22.30392265
25.01176643
19.75686264
16.25097847
14.92353058
15.63332939
16.44706345
14.25294209
12.60588455
19.42745018
15.17647171
13.58431339
12.81568527
14.00980473
14.14313602
15.46274662
18.09607697
26.79019547
22.98823738
25.57842827
19.54509926
15.54313850
15.00588226
16.36274338
16.15294456
14.28823662
14.27647114
17.36470413
15.05882549
13.80391979
13.40588379
14.03725529
14.18627548
14.52744865
22.79019547
25.20196152
25.19803619
23.86078262
19.61176491
16.20980644
15.26863003
16.36078453
15.45882511
13.42352962
16.80588150
15.61372662
14.75490189
13.79804134
13.50980663
13.97254848
15.22352982
14.92745113
25.26667023
24.46274376
25.18627930
22.79999733
19.49411774
16.50392342
15.64509773
16.06470490
15.80392361
12.70588303
18.02549362
15.08039379
14.14510059
13.31176376
13.37646961
14.32745266
15.85294056
16.40196037
24.62549019
26.22745323
24.08235168
22.85097885
18.84705925
16.83137321
16.29215813
16.35293961
15.98431683
12.91176414
17.39607620
14.62745094
13.66470718
13.50588036
14.16666794
14.70980644
15.49215984
18.07646751
24.00196075
27.69411850
20.97646904
23.62744904
18.89215660
17.95098495
16.79607964
16.21960640
14.75294209
13.26666832
17.13333321
14.81568432
14.44509602
13.37450981
14.83921623
15.28038883
19.04313850
18.99803925
23.13529778
27.49215126
21.11960983
24.14705849
19.73333168
19.01372337
16.59215736
15.95294189
14.51176643
13.31764984
16.35686684
14.60392094
15.60784435
13.26274776
14.95686340
15.47450829
24.84509850
18.46667099
22.17451096
24.96862793
26.01960945
20.70587921
20.40588188
18.42156601
15.86863041
16.82549095
12.79607964
14.27058697
15.92156982
14.33137321
15.91176605
13.86078644
15.04313850
18.36470413
25.66666794
18.44705963
23.35686874
25.07842636
28.95882225
18.23137474
20.71176720
17.05097961
15.28823757
16.37843323
12.46274376
15.99411774
15.46078873
13.68431377
15.85098076
15.15686226
15.25882435
22.57058907
24.17058563
19.50000000
26.17646790
28.10392380
28.33725548
17.99411964
18.97647095
16.21372604
15.05882359
15.79803848
13.03529358
17.33137131
14.70196056
13.62549210
14.69215679
15.78627586
17.24901962
25.28823090
21.81176186
23.03725624
28.78038979
29.55883026
28.04313850
17.32745171
17.94509888
16.35294342
15.44902229
15.53921700
14.47647190
17.64510155
14.34117699
14.32353020
13.84313869
17.84902000
20.10784340
24.30587959
22.17254639
25.79215431
29.52744675
31.11372566
27.30196190
17.00000381
17.23921776
16.43529892
15.89412022
15.07647038
15.47058773
17.02156830
14.56078529
14.60000038
13.12744999
21.26274681
21.81764984
21.82940865
23.58823204
29.10392189
29.44705391
30.31372643
25.70980072
16.71960449
16.99019814
16.14902115
16.60196304
14.96078491
16.15882492
16.23725510
13.94705677
14.21372700
15.28235340
21.65098000
22.34313774
19.60588455
25.88235474
30.91176796
28.58431435
29.75294495
22.78823090
17.33921814
17.38039398
15.51764488
16.66666794
15.60588551
17.09608078
15.13529205
14.07451153
14.89215851
19.40196037
20.16274834
21.21960831
19.06078529
27.70000076
30.12156868
27.04117393
25.51568222
20.34902191
17.82744980
17.23921776
15.69607925
15.74313736
16.39999962
17.01764870
13.93921661
14.24510193
15.11372757
21.14705849
19.25098228
19.77843285
19.15686417
28.54509926
27.69607735
23.00196457
21.12941170
19.72353554
18.11568451
16.92745209
16.01960754
16.05293655
16.30784416
16.13529015
13.71764469
14.32156944
14.94313812
21.72549057
18.05098343
18.11568642
21.06274605
27.62941170
25.51960564
19.08431816
20.19019699
19.43921471
18.26470566
17.18823624
16.35686302
16.47647095
16.58235359
15.79804039
13.25882530
14.44901848
16.23529625
22.20784187
17.41764641
18.66078568
22.15098190
23.00196266
19.09215927
18.23921585
19.70784569
19.78823662
18.65882492
16.29608154
16.04117584
16.19019699
17.30784416
14.97058868
13.53725529
14.58823299
17.70980453
21.23921394
17.79019737
19.10000420
24.60392189
19.06471062
18.05490685
17.36862946
20.34706306
19.42745209
17.72745132
16.00784492
15.23333263
17.68431282
18.21568871
14.12157059
13.88823605
14.17058849
19.45294189
19.72549248
19.10196114
19.74706268
25.24705315
17.98431396
17.18235207
17.90980339
20.55098152
19.28039551
17.12549210
16.79999733
16.69215775
19.82352829
19.02549362
12.77058887
13.52744961
14.32156754
21.94705963
17.30392456
20.28823662
21.43921852
21.87255478
19.00980377
16.94510078
17.46862793
21.41568947
19.20588303
17.32941437
17.32548904
18.21372795
20.93529510
19.03921700
12.88823605
13.68235111
15.37647247
23.96470261
17.00784492
19.56862640
22.80588341
17.85098267
18.64705658
17.14705849
18.02745438
20.98431206
19.37646675
16.89019775
16.82353210
19.18235588
18.39608002
17.77058983
13.33921719
14.35686493
17.00784302
22.67254639
18.20784569
19.49411774
20.59803963
16.35686493
18.62941170
17.28627396
17.22548866
20.41372681
18.21176338
16.66274643
17.32549286
17.85490417
17.36078262
16.14902115
14.10588264
14.74313545
18.73529434
19.83725739
19.54509926
21.64901924
18.05686188
16.31568527
18.13921547
17.93921661
15.07254887
20.53137589
17.91960716
16.61764908
17.45098495
17.15686226
17.27647018
15.21764755
14.54901695
14.28627396
20.34901810
18.14313698
18.84117317
23.00196266
17.17254639
18.07059097
16.51764488
17.69019699
16.21176338
20.19804001
17.65490532
16.50000191
17.39019966
16.49804115
17.55294037
15.03137589
14.92156887
14.02157116
20.19608116
20.01568985
19.09412003
21.53332901
18.35686493
17.34117699
16.87450790
15.84117794
17.97451210
20.86862564
16.72745132
16.82353020
18.26274490
15.73333359
18.15490150
14.62156963
14.79607964
16.14706039
17.80196381
21.12744904
21.40196228
19.61372566
18.29999924
16.98431206
16.81764793
14.69215393
19.27843094
19.76078606
16.40196228
18.03529358
18.32549286
16.70588303
18.30195999
14.49803829
14.65882015
19.42549324
17.52745438
21.35686874
23.42352867
17.11960983
17.97254944
16.47254753
16.63333511
15.21568298
20.27842903
18.58823967
16.71568871
19.09608078
18.68039131
17.29215622
18.70000267
14.42156887
20.92156601
19.98039627
18.11960983
20.13333511
21.69608116
16.69999886
16.89999962
16.15097809
16.57647324
14.94706154
20.47059250
17.99019432
17.95294380
21.27450943
16.91960907
17.27843094
19.53529358
19.04117584
27.21961021
17.35098267
18.79019737
20.68039322
18.27843285
16.07646942
15.69999981
17.28627586
15.51176453
15.26274681
20.14705849
16.86666679
19.00784302
20.97647095
17.12745094
17.63921928
21.70980072
25.58235550
25.98431206
15.50784302
17.80588531
22.11568451
16.14706039
16.45098305
15.67254925
17.10980415
15.73137379
15.20588303
19.42745209
16.93136978
18.74313927
20.08038902
17.83333206
18.03333282
24.74902153
27.01568604
22.45490074
15.17646980
16.93137169
21.10391998
15.82156658
16.82745361
16.25882339
16.64117813
15.59411716
15.33725262
18.59215546
16.87254906
19.47058868
19.42353249
19.43725395
19.89803696
27.02352715
24.90392113
18.56274986
14.95490265
18.21764946
18.16274643
16.19607925
16.64901924
16.98431396
17.64902115
14.62157059
16.54706192
18.34901810
16.70980453
21.77842903
19.55098152
21.47451210
22.82548904
25.63529015
22.97451782
15.95686150
14.70588207
21.39215660
15.96666718
16.64313889
16.92941284
17.40588188
19.12549019
15.10196018
17.38235474
18.27647018
17.45686531
21.60588455
21.03725052
22.43921661
24.87254715
23.53529358
21.65293884
15.00980377
16.49215889
22.09019470
15.67451286
16.64510155
16.31372643
19.96862793
18.34313774
16.11764717
17.46470833
19.52941132
19.82548904
19.95686150
21.20195770
24.21568680
24.61372757
22.82941055
21.37843513
15.70588303
19.84705734
20.34901810
16.70196152
16.03921700
16.87842941
20.74901962
16.69607735
17.70196342
18.41764832
19.93333435
19.85882187
18.39411926
21.22745514
25.84901619
26.60980225
22.63529968
21.36862183
16.24901962
22.93333054
18.30784225
17.58235550
16.85098267
17.26863098
19.04117584
16.11372757
18.91960716
20.29803658
18.37058830
19.84509659
17.83921242
22.18627167
25.84117889
27.67450905
23.16078186
21.35294914
15.86470795
23.52157211
17.42548943
18.19215393
16.52941513
17.56863022
17.49804115
15.43137169
20.29803658
21.98823929
19.77647209
19.83529282
17.63136864
22.05293655
24.72745132
27.49607468
23.26274109
20.30784035
17.38039398
21.48431206
18.39608002
18.05882645
16.53725815
17.81176758
17.18235588
15.99607944
21.83529282
23.09215546
21.23529625
19.42353439
18.09019852
21.43725586
24.81176186
25.40195656
22.46471024
17.80392075
19.16274261
19.74117851
17.25294113
17.53725624
17.25294113
18.73921585
17.32352829
17.40392113
21.18627548
22.70588112
22.14117813
18.78431511
18.81961060
20.06274796
23.99019623
22.47058868
22.87255287
15.41372395
20.41372490
17.66274452
16.44510078
17.86862946
18.21568680
18.50000000
17.36666870
18.51765060
20.47059059
22.72549057
21.38823509
18.54117966
18.64509583
19.38039398
23.86862564
21.12745094
21.73921394
15.34901905
19.20392036
17.28627396
16.18235207
18.75098038
18.37647247
18.37059021
16.70196533
20.13333321
19.30392647
23.92353058
18.95098114
18.07451248
19.27450943
19.63137245
22.71961021
21.88235283
19.99411774
15.21372604
18.85686111
16.83921814
16.49411583
19.02353287
18.27843285
18.51568413
16.22157097
22.07646942
17.71568680
22.96078491
18.85882378
17.28823853
19.17646980
20.04314041
22.04706192
22.23333359
18.50195694
17.44313622
17.44314003
16.70196152
16.78823280
18.03333282
18.25097847
17.90784645
15.95490456
22.40588379
17.64902115
19.65686226
20.74313736
15.85490131
18.53921509
20.16862869
20.99999809
22.22352982
17.58235168
18.40980721
16.22941017
17.08039284
17.16470337
17.79215622
19.14705849
17.25489998
16.25489998
22.43725395
18.33921814
18.28235054
20.24313927
16.50980568
18.65882492
20.51372910
19.83529282
21.28039551
15.30784607
18.46078491
16.57059097
17.03333473
18.03333664
18.46862984
19.86666489
17.22352791
16.50196075
21.77058601
17.93725586
21.35490608
16.36666870
19.20000076
20.44509697
20.18039131
19.69804001
18.98431396
15.83921623
18.00392151
16.61372566
17.28823471
19.10000229
19.16274452
19.69215393
18.05489922
18.09411812
20.06666374
17.88431168
22.72353172
16.92941284
21.80196381
22.88431740
20.81176567
20.16666985
17.91568565
18.23921394
16.48039627
17.42745399
17.56666946
18.51176834
20.78627586
17.99019432
17.97058678
18.50000191
18.20392418
20.45686531
22.63333130
16.98235321
25.12353134
24.18235588
21.32745743
20.91960907
16.65490150
18.51960754
15.92745018
18.07059097
17.58235359
18.85294342
20.35098267
17.44706154
18.04902267
17.80588531
19.77647018
23.09999657
20.50588799
19.08627510
27.19215775
24.09607887
21.61960793
20.11764908
16.87059021
17.44510269
16.59608078
18.34117508
18.22941208
19.38823700
19.21764565
17.57059479
17.89020157
17.72352982
21.10392189
25.79019547
18.16862869
20.60588264
27.69607925
22.87450600
21.60196114
18.93529701
18.43921471
16.07058907
18.34706116
18.62941360
18.54706001
19.79216003
19.48823357
17.61764526
17.70784378
17.24509811
22.61960411
27.50391769
16.61764526
20.43137360
27.35098267
22.99019051
21.52941132
18.42745209
17.69412231
18.23333359
18.67451096
18.37255287
18.58431435
19.22156715
18.61568642
18.42157173
17.40196228
18.36078453
23.96667099
24.81569099
17.60980415
20.02548981
26.37647438
23.08627129
20.90392113
18.34117508
16.09215927
19.58235168
18.28823280
17.76666641
18.73529625
18.81372833
18.41372490
18.26666832
16.80588531
20.83724976
24.93529320
21.12157249
18.10392189
19.70784378
25.58823776
22.19216156
20.40588188
18.53333473
15.97058582
18.92744827
18.40000153
18.03529739
17.74901962
20.19411850
18.33921814
17.81176376
17.03529739
21.76078224
26.06666565
18.03333473
17.30588150
19.52156639
26.12352753
20.95882988
18.81176567
18.65686035
16.92549133
18.83921432
18.42156792
18.03529167
18.40392494
20.41372871
18.27255058
18.64902115
19.06666756
20.50392151
25.15686226
17.08431053
15.99608040
21.04901695
26.31960678
19.97058868
18.14901924
17.58039093
19.38235283
18.27647209
17.89019394
18.65686607
18.96862793
19.98039627
18.81960869
18.29215622
20.23137093
20.96471405
23.00392151
15.54313660
15.21764660
22.59215355
25.04901505
18.62549019
18.34509850
16.41960907
21.05686569
17.51961327
17.89608192
19.20784378
19.63136864
19.59608078
19.40980339
17.65490150
21.10588837
21.94705582
21.12352943
15.10588360
14.89803600
23.33725929
24.27647209
17.19607925
19.25686264
16.77451134
19.82156754
18.12353325
17.42352676
20.01372528
19.98431587
20.43137360
19.30784416
17.25686646
21.34313583
21.38431358
19.20980644
13.78235340
16.15098000
23.11960411
23.68823433
16.90784264
18.95294189
17.29607964
18.80588150
18.27646828
18.32549095
20.18431854
19.28235435
22.56470871
18.67255020
17.43137550
21.82549095
22.81372261
16.79019737
13.59019470
18.12744904
22.45097733
22.51961136
17.51372528
17.92156982
18.76274490
18.05489731
18.86470795
19.22156715
20.33333778
20.03725243
22.77647400
19.76274490
17.31568718
20.43921471
23.11568832
16.08431435
14.09607792
20.16666794
20.36274719
21.42941475
17.30196190
18.60784149
18.21764946
18.41176224
19.46274567
19.48431206
22.06862831
21.91568375
22.02549171
20.29411316
17.82156754
20.58627319
22.63725853
14.89215755
14.60980415
22.05294228
17.97058678
19.96863174
18.90000343
17.50195885
18.24313736
18.59411812
19.38627625
20.44313622
24.31764412
23.15293884
23.02353287
19.19608116
18.82156754
20.98627472
22.03921700
14.26666927
15.83529568
23.63137245
17.69411850
18.13921738
19.09215546
16.69019508
18.48039818
18.10980415
19.74313927
21.26274490
24.81372643
23.63529205
22.55881882
18.79999924
16.91372681
21.75098038
19.91568756
14.31568527
17.78039169
21.95882416
18.11176682
17.06666946
18.54314041
17.04901886
19.14510155
18.34509850
20.01961136
21.41372871
26.66275024
21.03137016
21.44901466
18.20980263
17.09803772
22.45098495
17.53529167
15.04902172
20.20196152
19.53137398
18.41176796
16.70588303
17.29019356
17.52156830
19.40588379
18.48431778
20.28627586
21.41568756
24.21372795
20.40784264
20.86470795
17.76666641
17.29607964
23.46274376
15.14509773
16.56666946
21.85882568
16.92352867
17.79411697
17.95097923
16.27451134
18.65294456
18.69607735
18.43333626
21.03921890
21.40588379
22.11569214
20.46274185
20.22352600
17.72156525
19.44705772
21.67843437
15.36470604
17.41176414
20.54706192
16.80588341
17.26666641
19.56862831
16.08431435
19.23137474
18.77059174
18.99803925
21.25294304
21.67843437
19.97451401
19.88430977
18.45294380
18.10980415
21.80980492
18.74902344
14.79215813
17.09215736
20.34901810
18.10980606
16.71764755
19.83921623
17.13921547
19.44901657
18.50980186
20.22941208
21.56470299
22.00000191
19.36863327
20.22352791
18.35686302
17.79803848
21.89804077
17.43725967
14.69215679
16.64902115
19.92353058
19.60980225
17.82352829
19.75686073
17.47058868
20.24901772
19.31568527
21.29607201
21.54705620
21.73529625
19.77450752
20.22157097
18.44705772
18.21568871
22.28038788
15.75098133
15.98039055
16.47058868
19.22744942
21.87058640
18.79804039
19.29607773
18.03137398
19.87647629
20.19999695
21.51569176
21.39607620
20.81961060
19.59608078
19.59411812
23.73725510
19.14901924
21.45097923
15.47647285
16.23725700
16.34313583
19.90196037
23.03529549
19.48823738
18.33137131
18.60392189
20.31568718
21.32744980
21.41568947
21.81960678
20.41176605
19.99019623
22.26666832
22.80195808
21.43137360
19.31961250
15.58431530
15.56863022
17.36470604
20.27843094
22.38627625
19.51176453
17.08431244
18.86274529
22.10392380
20.98823547
21.74902153
22.12549210
22.27254868
23.65293884
24.81960678
19.91372490
23.44705582
18.09803963
15.31960773
15.49215698
18.00196266
20.04705811
20.41960716
18.78235245
17.32549286
18.75882339
22.79608154
20.23725128
23.42745018
23.94705963
22.79999924
23.44901848
18.51176453
18.49803925
23.51764488
15.79804134
15.89411449
15.33529282
18.28038788
19.86274719
18.24902344
18.74901772
17.90196228
20.04706192
22.80392075
23.04509735
24.30587959
22.57255173
20.10784149
20.27255058
18.05489922
20.11960983
21.78235245
15.42745399
16.07254982
16.37059021
18.10195923
19.08823776
16.02548981
22.31960297
22.28039169
23.34313583
23.10391617
22.92156792
21.38627434
20.77058983
20.68039131
20.52940941
17.73921776
20.11960793
19.95293808
15.07255173
17.50391960
18.42352867
17.31372452
17.84706116
18.56470680
23.42549133
22.08627319
22.00000191
19.98234940
20.62548637
21.83921432
21.16666412
21.02548790
20.69019699
18.47058868
20.53921509
17.19804001
15.42549324
18.69804001
19.49020004
17.43137741
16.85882378
22.03529167
21.39607811
18.64510155
19.73333359
20.65294647
21.70392418
21.40980148
21.63921928
21.05097961
20.29215813
20.51764870
18.94117928
14.97843170
15.83725548
20.90784454
20.06274796
17.79215813
17.35097885
18.87450790
19.05686569
18.86666870
19.86078453
20.82353020
21.84117889
20.52941513
21.69999886
20.31568718
19.43725586
23.31372643
16.79216003
14.83921623
18.12941170
20.72549248
20.86274338
18.45686531
16.65686417
20.14901924
19.35686111
19.41765213
19.36274719
21.14117432
21.69804001
20.52157211
21.19215775
20.50980568
18.90196037
24.89803886
16.02941132
15.80784130
18.87059021
20.70784378
21.07058716
19.36666489
17.20588112
18.62745094
19.05882645
19.66666794
19.82941437
20.42548561
22.13137054
20.18627548
21.50000000
20.17058754
20.67058945
24.70784187
16.75686264
16.86078453
18.73921585
21.00784302
20.24705505
19.27646828
18.57646942
17.74313545
18.86274719
19.38431740
20.11372566
21.96470642
21.25882149
20.26078796
21.82548523
18.61568832
23.02941513
20.85882378
17.81568527
18.02941132
18.88039398
21.02156639
20.10196114
18.72352791
19.62352753
18.64313889
18.89804649
19.60784912
20.13137436
23.29215050
19.90784454
20.76666832
21.28039169
17.31176567
24.60392380
18.28235435
18.15882301
18.38235283
19.26666641
21.14902496
20.21372795
18.84509468
18.42745399
18.89804077
19.24706268
20.38235092
20.98627281
22.53332710
19.16470909
21.04902077
20.57254791
17.80588531
24.00784302
17.73137283
17.15294266
18.91568756
17.74705887
20.74902344
21.60588074
17.80588341
18.95293808
19.05098152
19.81372643
21.13529587
21.03333855
21.34118271
20.40980339
21.03921700
20.05490112
20.80587959
20.89215279
16.61176300
17.67647362
17.96078300
16.37451172
21.54314041
21.26274681
17.59804344
19.30980492
18.86666679
20.47058487
20.83725166
21.95686150
20.74902153
20.32156754
20.55882263
20.32941055
21.17451477
18.32353210
16.48431396
16.60196114
18.59019661
16.73529434
22.49019623
20.75293922
16.79215622
19.29019547
18.97646713
20.06470871
21.04901505
23.11568069
21.01960373
20.17646980
20.96274948
19.33529091
21.09607887
17.22744942
17.02549171
15.03333282
19.28431511
18.00196266
22.89215660
19.06274796
16.73137093
20.03529549
19.10980415
20.02352905
22.04117775
22.83921623
20.70000076
20.93921471
20.68824005
19.50588417
21.34313774
17.50588417
16.89804077
13.30784321
18.82353401
18.42548943
21.39608002
17.26078224
18.30784416
19.15882683
19.43725395
20.09607506
21.75881958
22.57451439
20.32157135
21.66862488
20.38235474
19.90196419
20.97059441
18.06078529
16.10784340
13.26862812
17.79215813
18.27647018
18.27843285
16.76274490
18.38039017
18.46274567
19.94313812
20.20784378
23.27450943
22.30980301
21.23529434
21.84313202
20.44705391
20.59412193
19.88627434
18.91765213
15.14510059
13.40784454
16.96078682
17.27647018
15.52549171
15.84117794
18.67254639
18.76078224
20.16274643
21.56078339
23.77058792
22.42353058
22.08627701
21.18431282
20.49803543
20.70000458
20.85097885
18.41372490
14.73333359
14.42548943
17.20784378
16.24313736
14.52549171
15.93725491
19.08823967
18.48235321
20.02353287
23.36470604
22.89019394
22.33333588
22.16470718
21.69411659
20.80980110
21.23921776
19.87647247
17.83137512
14.20588207
15.75293922
17.83333588
15.40980625
14.25294399
17.20784760
18.62157059
18.19607925
21.20980453
23.19607544
22.06078529
22.61764908
22.66470337
21.41372681
20.13921356
21.60000038
17.29803848
17.75490189
14.52549267
17.19411659
18.20980453
15.77451324
14.62156963
17.60196114
18.17058945
19.24706078
21.06470299
22.91568375
21.49019623
23.14117622
21.71176147
20.74706268
19.65490532
21.06863213
16.17647171
17.82941246
16.83725548
16.44509697
20.02156448
15.80588150
15.18235302
16.56666565
18.33922005
19.59608078
21.05686569
22.23137474
20.93136978
22.62548637
21.89020348
20.16274643
20.40980339
20.59608269
16.33725357
16.80588150
18.58235168
15.60196304
20.51568413
16.58039474
15.37451077
17.38823700
18.61372757
18.81765175
21.43725586
21.65293694
20.42941093
21.27254677
22.12353134
21.43333244
19.85490036
18.78039169
17.74313927
15.50000095
19.39215851
16.75097847
19.70784378
16.74117851
16.01372528
17.92549133
19.11176682
18.45490456
22.86274910
22.45490265
19.20784950
20.55490112
21.23333359
20.62549019
21.38823700
18.97843361
20.09019661
12.27254963
19.83529472
17.52941132
18.82941246
15.99215603
17.67255020
18.17451096
19.02352905
21.56863022
24.34117699
20.94705963
18.67647171
19.86274719
19.36078453
21.16078377
26.37255096
19.85098267
18.68823624
12.08235264
20.07842827
18.02157021
17.89804077
15.24902153
18.19215584
18.62157059
18.58627319
23.91176414
25.12745285
20.28039360
19.41372871
19.99803925
19.57451057
24.81176376
26.58039093
21.17059135
17.73921394
12.43921661
19.12941170
18.16274643
17.27058792
13.32156563
18.85686493
18.83137512
19.64510155
23.07450867
24.93137741
20.24117470
19.51568794
20.28039169
22.28039169
25.05490112
24.33725548
22.00196648
17.41568565
12.78431320
18.45882797
17.27058983
16.21960831
13.49411964
18.59607887
19.75686836
19.71176529
22.43137169
23.27058601
21.06666756
19.22549248
19.57059097
21.87647247
26.06078529
23.32353020
23.06274605
14.85294342
14.69411755
17.56470680
15.75097847
15.08823586
13.61568546
20.01176262
20.00196266
20.11960793
21.35098076
21.54117775
20.59412193
18.76274872
18.01568985
21.68627548
25.49804306
21.08235168
23.35686493
12.43725491
17.10588074
16.06274414
14.14509678
14.68823433
15.09019661
20.82744980
18.82549286
21.19608307
19.74118042
21.00980377
19.58039284
18.67255211
18.64313889
20.99412346
23.28431320
21.46470642
19.67450905
12.29804134
17.75686264
15.60980320
13.61960602
14.34902096
17.79803848
19.69804001
18.61176682
21.54705811
19.16666794
20.54313850
19.36078644
18.78431511
21.43725586
18.22549248
21.41765213
20.87842941
18.79999924
12.59411812
17.74314117
15.07843113
13.01176643
15.00392532
19.17058945
19.91764641
18.10980415
20.95293999
19.69215965
20.23529625
19.17451477
19.01568985
21.96666718
17.55490303
19.99019814
21.16862679
16.61372757
13.23725700
16.78235245
14.02549171
13.04705906
15.44902039
19.72548866
19.37843132
17.88039398
20.92744637
20.02745056
19.77843285
18.34117699
19.68235016
22.17255020
15.99215698
19.41764069
21.85490227
14.64313793
13.48823452
16.02352905
12.50980473
14.50980377
15.32549000
19.38039017
18.60588455
18.84313583
20.15098572
20.39215279
18.76274490
18.60391998
21.11176300
20.45490456
15.38823509
19.64117622
20.55882263
14.06862736
13.45686245
15.28627491
11.74117756
14.81568623
15.46666718
18.65686417
17.77450943
19.06666946
19.47255325
21.16666412
18.08431244
19.29803658
23.30000114
17.72353172
16.76862717
18.42157173
19.58823395
13.14901829
13.20000076
14.06078434
11.98823738
14.61960697
16.21764755
17.82941628
18.02156830
18.85882187
20.09019470
20.40588760
18.09215927
19.35882187
24.45882225
17.24313545
17.01764870
18.67843246
17.90196228
12.61569023
13.08627510
13.42549133
12.56274700
14.97254944
16.44510078
18.64901924
17.60784721
19.96078300
20.30195808
19.52156830
18.74313545
19.70000076
24.98431206
16.26862526
17.65686417
19.29804039
18.90000534
13.11176491
13.46274376
13.22352886
13.69607830
14.82745171
18.70980263
18.55686188
18.34118080
20.85686684
19.76078606
19.04117393
18.10000229
22.89215660
24.46666908
15.87450981
17.19412041
20.16470528
18.95490074
13.42157364
14.56274700
12.33529472
14.78823376
15.70980549
21.26274681
18.96862793
19.22941017
20.72940826
20.21176338
18.60980797
17.52745247
25.80195618
21.84509659
16.30980492
15.55686283
19.39607811
20.05294228
13.32941151
15.55686283
12.89803791
15.84117603
17.73137283
21.72352982
18.31372643
19.86863327
20.07843399
19.43333817
18.07843208
17.95293999
27.65686035
20.21372604
15.47451210
15.42353058
17.72745132
19.46078491
12.33921623
16.30000114
13.75097847
16.32352829
18.42157173
20.70784569
18.52745056
19.43529510
18.48823547
18.14901733
18.35293961
21.51176453
27.45293999
16.90196228
15.26078606
16.85882378
13.52549171
18.40392113
13.95490170
15.65685844
14.57843399
15.61176586
19.32156754
19.63137436
19.18039131
20.11764908
17.18039513
18.38235283
17.35686493
24.92940903
23.35294533
17.11568451
15.34705830
17.28627396
11.56274414
18.62940788
16.06274605
12.84901619
15.28823376
15.34313869
19.73137283
18.87647247
20.24117661
19.34314156
16.84313774
19.39607620
16.99411774
26.47058868
22.25686073
16.00196075
14.83725643
16.92353058
12.70196247
18.35882568
15.22156811
12.05882359
16.06078529
16.34510040
19.10588646
18.10392189
21.25098038
18.96078300
17.20392227
18.75490189
18.55294228
26.94509888
20.60784149
15.29215813
15.41960907
17.18039131
13.98235130
17.99411583
13.69019699
12.72941208
15.98431492
17.29411888
19.06470871
18.00000191
22.08823776
18.73921776
17.00196266
17.53333282
21.67843246
25.03333092
20.41568756
16.86862755
17.83137321
15.58823490
15.30392075
17.86078262
13.49019909
14.10195923
15.99804020
17.10392189
19.56078911
18.34706116
22.53725433
18.05685997
17.87059021
16.96078300
23.53333282
24.69608307
21.47058868
18.40196037
19.70000076
13.10391903
15.96470642
16.55686378
14.43529510
14.40000439
16.24117851
18.03333092
19.43921471
18.95686150
20.85686493
17.36666679
17.65686226
17.25098038
26.34902191
26.16862869
20.76274872
17.80588531
20.78431702
12.61960793
16.44117546
15.23529530
15.26274872
14.60392094
16.98627663
18.17058945
18.43725586
18.85882568
18.38039780
18.66666603
15.34705734
21.01176643
27.00392342
24.35881805
19.38823318
18.82157135
18.14902306
12.75882339
15.52157021
15.47450924
14.68039513
15.05098057
17.53921700
17.63725853
18.32549286
17.23333549
18.18039131
18.73333359
15.43529606
24.18431473
25.95686340
23.89803886
16.17843056
21.51764679
14.14705849
11.71960831
14.14902115
15.94902039
14.96470642
15.50000095
17.90391922
16.88823509
18.17058945
16.25490189
18.44313622
18.90196228
16.17450905
25.65686417
27.85098457
19.48431778
15.03529453
20.23725891
12.74510002
11.29804039
13.96274662
15.74901962
15.40392303
16.35098076
17.78627396
17.24117661
17.36666298
17.06470680
20.43137169
18.14705658
18.05686188
27.44901657
27.23333549
15.78039265
15.07254982
19.15686035
10.91372490
11.25098133
14.21176624
15.16470814
16.26862717
17.61764717
17.57647324
17.34313774
16.27647400
17.35882568
21.74509811
16.10392380
21.33333397
28.92941284
24.63333321
14.89215851
14.82549095
16.50392151
10.95489979
11.35882378
14.08627415
14.68431187
16.96078491
18.73333740
18.72744942
17.86078262
16.18431282
19.08431435
21.13921738
15.80588150
24.14509964
28.67058945
21.88038635
14.54117680
14.33921432
13.77843094
10.76862717
11.71960926
14.06274509
15.13529396
17.50196266
18.22549248
20.72744942
17.77451134
16.75490379
20.35294342
19.41372490
15.92549133
26.07647324
26.86470222
18.87451363
13.96078396
14.12549114
13.21372318
10.59607887
12.27059174
14.34313488
16.20784378
16.72549057
18.40196228
20.53921890
16.44509888
17.11764717
20.91765213
17.96078682
16.94902039
27.72941589
23.45490265
18.00980759
14.06078434
14.02156830
12.83529282
10.88823700
12.51960754
14.33921719
16.57647324
16.83333778
18.96274185
20.49215889
15.86078453
20.25882530
20.12549210
15.81176567
20.34705925
27.33725548
21.18038940
17.04706192
13.82744789
15.30784416
12.10392380
11.26862621
12.30196095
13.82745361
15.55294037
16.34705925
21.80980682
20.48627281
16.00392151
21.65882301
19.31568336
16.88627625
22.63333321
25.42156982
20.14705658
15.78823662
13.89999962
15.37450790
12.75294113
11.65882587
12.18235397
13.74705982
15.38627529
16.58431435
23.50980186
21.26274872
17.68235588
20.50784683
19.00000191
18.58039093
25.37058830
20.89019394
20.42157173
14.53529644
14.20784378
14.06470680
13.33725452
11.77254963
12.99607849
13.89215755
15.89215755
17.57058716
21.90588379
21.82941246
18.84117699
20.82548904
21.94901657
20.66078568
25.16470528
20.04313660
18.69804382
13.95882416
14.53529549
12.77843189
15.11568832
11.15490055
13.02549076
14.73725605
18.02548981
18.52352715
22.34118080
22.80588341
19.79411697
21.98823738
20.97254944
22.07843018
23.46470261
22.22745132
16.08823586
13.22549057
14.97254944
13.03137207
15.95098114
10.88627529
12.30392456
14.98431396
21.41176224
18.52156830
23.71176529
24.39411736
19.92353439
24.02156448
20.66078377
23.53725624
21.34902191
21.77058983
15.02745056
13.94117546
14.03529549
14.29607964
14.32941055
11.30784225
11.91176510
14.80980301
21.70980453
18.78039169
25.55686188
26.00784302
21.37842941
22.91176414
22.98627472
23.88431549
19.80588150
19.79607582
13.54117966
14.29215717
12.74313927
15.11960793
12.55490208
12.15882301
11.98627567
14.82156944
20.52745056
20.45098305
27.24901962
26.98039627
23.26274490
26.79803658
25.50587845
22.82940865
21.86470413
16.36078453
13.19215775
13.86078548
11.66666889
14.91961002
11.12941074
12.45098019
11.91764832
15.38039207
19.87059212
21.18234825
28.58823776
26.85294151
24.85294533
30.56470871
26.95098495
22.59215927
21.91372490
15.34313965
16.25098038
12.13725471
10.73137283
13.58431530
9.95294285
12.44902039
11.44509983
16.90784454
19.84509850
22.06666946
28.80196381
26.21568871
27.36078644
31.17843437
27.14509964
21.46470642
21.27647018
15.67254829
17.51568794
10.36274529
10.47843170
11.61372852
10.91568565
11.29215527
11.93529606
17.90588570
19.24313545
24.06078911
29.06470680
26.33137131
29.51568604
29.70980072
26.07059097
22.73529434
18.57058907
14.73921585
15.54902077
10.16666794
10.32745171
10.62156963
11.88823605
11.03725529
11.99019432
18.37254906
18.86078453
24.77254677
29.67255020
27.03921509
31.30588150
26.70195580
25.82549858
23.11372566
17.04705811
13.80000210
14.15293980
9.66078377
10.39019585
10.00392437
12.94705868
10.42745018
11.57254887
19.23333359
18.80195999
24.63725471
29.92549133
29.36863136
31.04510117
26.75882149
25.44509888
23.07254791
15.06274509
15.99411774
11.72745132
9.83529472
10.33921432
10.16666698
11.52941132
10.89999866
12.57058811
19.71372414
19.30784225
24.70195961
30.73725700
30.04510307
29.69215393
29.77255058
28.20588303
20.26666069
13.78039551
17.23529243
10.74313545
10.41176605
10.02352810
10.62156963
10.31764603
11.34902000
13.66078472
20.11177063
18.97451401
25.72156906
30.67059326
30.34510422
29.67646790
29.11568642
26.23725128
19.27450943
14.76470661
14.59999943
11.06862831
10.20980358
10.69215679
10.96862698
10.32745075
11.33725643
15.79215717
20.34509659
19.07647324
26.63921928
30.26666641
29.40784073
30.50000000
28.15882492
23.30392265
16.59803963
16.21764755
12.55882454
11.03333282
9.92352772
11.65294266
11.58823586
10.54705811
11.22549248
18.92549515
21.38823700
19.68038750
26.74705696
29.89216423
28.35686302
30.52352905
27.06470490
21.39608383
14.50980377
16.65686226
11.48823452
11.80980396
10.05490303
12.07255077
11.03529644
11.65294170
11.04509926
21.50784683
23.34313393
22.09019470
25.66274071
27.65490532
30.02745247
27.64313507
24.25490189
21.09020042
13.55097961
15.38431454
12.96470356
11.99019432
11.16274357
11.92941093
10.75490379
12.55686474
10.11764717
22.84117889
26.32549286
22.89215851
24.71372604
25.72156906
31.40196228
23.63725281
23.10783768
19.77254486
13.09607697
14.28039169
12.36470604
13.10980320
11.29607773
12.36274433
10.02941036
12.51568699
11.38235378
24.40587807
26.28235626
23.56274605
23.57254601
26.28823853
30.49608040
21.66274261
21.95686150
18.33921432
13.11568451
13.67843056
12.64509869
13.52157116
11.38431263
12.70980549
9.96470737
12.45882511
13.47647285
26.12157059
26.95294189
24.16666603
23.55098343
27.97647095
27.20980072
21.63529015
22.24313736
16.02941322
13.75294018
12.90980339
12.54902077
13.02548981
11.91176414
14.28234959
9.48235321
12.02352905
14.96274567
28.75490189
26.93921852
25.49803925
26.29607773
30.79607773
25.97058868
24.16470909
21.52744865
13.30784225
14.21176338
10.50000000
13.99803925
12.81176472
12.74313736
15.59019756
9.43921661
11.19215775
17.45490265
29.65293884
26.24313927
26.57254791
30.91568947
31.27842903
28.48039818
24.71176529
17.56862640
13.54117584
13.20000076
10.26470566
15.37255001
12.52940941
13.58235359
15.25294209
9.48039341
11.10980225
19.44705772
29.16078377
25.41373062
28.73921967
31.43725395
28.82745552
29.76862717
23.77058792
14.86078262
15.01176453
11.18823624
10.77058887
17.58039474
12.10784245
14.31960869
14.51960754
10.87450886
11.39215755
20.98431587
28.69608498
25.66666603
30.40980530
30.80392456
26.60195923
30.22941208
19.78235435
14.44902039
15.60196209
9.80588245
14.60588264
15.93137169
12.79019642
14.91372299
14.57058811
12.65686321
11.75098133
22.73137665
26.51372910
25.45098495
31.72156906
28.75098610
25.20980453
28.71372795
17.00784302
15.31960773
14.28627682
9.49411869
19.44706154
13.65294170
12.52352905
15.77451134
16.16666794
12.85882473
11.79411983
24.37058449
25.91568756
25.69412231
31.93137360
26.47255707
24.36863518
26.09411812
18.08235359
15.18235493
12.41960621
11.70392036
21.59607697
12.29803944
13.69019508
16.34705925
16.15686035
12.76862812
13.13725471
26.34117508
26.00785065
27.86078453
31.06863022
24.76862526
24.44706345
22.56863022
21.29607773
12.83137131
10.51764774
12.86470509
22.24705696
11.21372604
15.25294209
16.79215431
14.21372795
13.02548981
16.13137245
28.83529091
26.16471100
29.47254944
29.19019318
23.93725586
23.38431358
19.16470337
20.89608383
11.52745056
10.08823395
14.33529472
20.93529320
10.95490360
17.23333359
16.32941246
12.67058849
14.58627510
19.58431625
28.89215851
26.36863327
30.42549706
27.90392494
22.82549095
21.62745094
19.07843399
18.61372185
10.87058640
11.39019585
15.25686169
19.17450905
11.42156887
18.56863213
15.41568756
12.92745113
15.73333263
22.59804153
27.31764412
28.53921890
29.31764412
25.95685959
21.98627853
20.40196609
20.31764793
16.03921318
10.69607735
12.55294323
14.53333282
18.85881805
11.79607964
18.03921509
14.25686455
13.74313927
17.83529663
23.16274452
25.39999962
29.26470757
27.11960602
22.51372528
21.69804001
20.47843170
20.19215965
14.34313583
10.29803753
12.93529606
16.13921547
17.42353249
12.54509926
15.86274624
13.45490170
15.17451000
20.27647018
22.31373024
24.96666908
28.03137207
25.19412041
21.21960831
21.29019547
20.67646790
19.21372414
12.56863117
10.10000134
12.14313698
18.25882721
15.89411736
13.33725452
14.46274471
12.01960945
17.37450790
22.09803391
21.76862717
24.92745018
27.91764641
22.79804039
20.25882339
20.55097961
19.62941360
17.48627472
12.07647133
9.99215794
12.35490322
19.70392036
14.64313793
13.98039150
13.68235493
11.37450695
19.08431244
21.35686493
21.50196075
25.09215546
26.58431625
21.33333397
19.74313736
21.07646751
17.51764488
17.01372719
11.33725357
10.65293884
13.65294170
20.75882339
14.29999924
14.06666374
14.40392208
11.77059078
19.46862411
20.36862755
20.28235054
24.77058601
25.26470566
22.10196304
20.07450867
20.95098114
17.92745018
15.20980453
10.40980530
12.67451000
15.17647171
21.57843399
16.07647133
15.36470890
14.84705925
12.43137074
19.79803848
21.05098343
19.05686188
22.21176338
24.46862793
22.15490150
19.22744942
18.25098419
19.73921585
14.53137493
11.25882339
13.09019852
16.33137321
21.88235092
17.64706230
17.21568871
14.23529530
13.12745285
19.39804077
22.59215546
18.97451019
19.67843437
24.14118004
19.07254791
18.80588150
16.90784454
20.57843208
12.17647076
12.84313679
12.82548809
16.57646942
21.83333206
18.52549171
18.02156448
13.38431454
13.61176586
17.96470261
23.57647514
18.43725586
17.83529663
23.69608307
17.09803963
18.00980377
19.75098038
18.65294075
10.24902058
14.90195751
12.16470814
15.34313679
20.93333817
19.68431091
17.72353172
12.84706116
13.79804039
17.06666756
23.17647171
17.84706306
17.68039322
22.53137207
16.90980339
17.72156525
22.34117699
16.76470566
12.25294113
12.99608040
11.87255001
15.29999924
20.26470566
19.84706306
17.48431206
12.36666870
13.56274605
16.83137321
22.59608078
17.52745247
18.86667061
20.83137321
18.95098495
20.26078224
22.52352524
15.01960945
13.95490265
10.08627510
12.65686417
15.52941322
19.76667213
19.01372910
17.20588493
12.22352791
12.39019394
18.58235168
21.71176147
18.31764984
19.06470490
23.15686417
21.18235588
23.99411774
20.28627396
13.32745361
15.05686283
9.02353096
15.11372471
16.03137207
20.13137054
18.54314041
16.71568680
12.05294132
11.22548962
20.75686264
20.92745590
18.16863060
19.81568527
27.62157059
23.49607849
23.39607430
20.83528900
13.77843189
12.79999924
9.72156811
16.32941055
16.22156906
19.95686340
18.26078796
15.75490475
11.27254963
10.99608040
22.06274605
21.26666451
17.21372795
21.28431320
29.90588379
24.04706573
23.99019814
18.97843552
14.35294151
11.60784435
11.95490170
15.90392494
16.73333359
19.44901657
17.09019852
15.04117489
11.01372528
12.29607868
23.04117775
21.57451439
16.87647247
22.43333626
28.58431625
23.30587769
25.85294342
16.09019852
14.36470604
12.84901810
14.78235340
14.69803715
16.82744980
16.89803886
16.59804153
14.43921661
12.43137360
15.03725433
22.85294342
20.91765022
16.93333244
22.91960907
25.39412308
23.86666870
24.59019470
15.19803810
14.24902058
14.65882397
15.01176548
14.45293999
16.71764565
15.46078682
16.70000076
14.33333302
14.56078339
17.09803772
23.31961060
21.56863022
17.32156754
22.83137131
24.16078377
26.70195770
21.39411926
13.71176624
14.93333435
14.53137207
15.00588226
15.54117775
16.01568604
14.94509983
16.79804230
15.44902229
15.17058754
18.30588150
25.04117584
21.61176491
19.72941399
22.26862526
23.58431053
26.57843208
17.81176567
13.76666641
15.50000095
14.03921604
13.97058582
16.83725548
14.55882359
14.84117699
16.53333664
16.30980301
15.26862526
19.15686417
26.12549019
21.32353210
22.18823624
20.42156601
23.89216042
23.23921585
16.85686493
12.59215736
16.21176529
13.44509888
13.08039188
15.27647209
13.86666393
14.51372719
16.46470642
15.87058735
15.10784435
20.32156944
26.15293884
20.72156715
23.18039513
18.53137207
24.06862259
21.17647171
13.27450943
12.85490227
15.95882225
12.64901924
13.08235455
13.30784416
13.92745018
13.93137360
16.94509888
14.70000076
15.40000057
21.87451172
22.73136902
20.63529205
22.53529739
18.12353134
21.82156754
19.16666794
12.70588398
13.29411888
12.89215755
12.18039227
12.80980492
13.89019585
12.99803734
14.09803963
16.39608002
14.25097942
16.47450829
21.33529091
21.48823357
21.21568680
20.86470795
18.30980301
18.91176414
18.53333282
11.88431263
13.33725548
10.43921566
11.55882359
13.33921528
12.99019814
12.01764774
15.14705849
15.56862926
15.39411736
17.46274757
19.86078262
20.78627396
21.75489807
19.03725624
19.04509926
18.20000076
17.30588341
10.61568642
12.29607582
9.52352905
11.55490494
13.23921490
11.34509850
12.45098209
16.16470528
15.10392284
17.67646790
18.00980759
19.49215889
20.51568413
22.89804077
18.32549286
20.88627052
18.62745285
14.76078510
12.12353039
8.57843304
10.64313698
12.45686150
12.85294247
11.25686264
12.19607830
17.25490189
14.95882416
18.40980339
19.10980415
19.46274567
20.84902191
23.82156372
19.27451324
20.47058868
18.94706345
12.83725548
12.18235493
7.40784264
11.15098000
13.85098076
12.38039112
11.53725433
11.82156849
18.53921890
16.43529320
17.12352753
19.03529358
19.02745247
20.82156944
23.30783844
20.27843285
18.54117775
20.74705696
10.91764832
10.88431644
8.00784302
12.77843285
12.99999809
12.40784264
11.00784492
12.61372280
18.73333168
18.18038940
16.60000229
18.69411850
19.48431587
21.70000267
20.80784035
22.45490265
18.02941132
19.32353020
10.01764679
9.77254963
9.51568699
13.18823528
12.13921833
12.48235416
11.21568489
13.90980244
19.30392647
19.80980492
15.91568661
20.04706192
18.85098076
22.16666794
19.83921814
23.33922195
18.58039474
16.55098343
11.17058849
8.71372700
11.05098057
13.39019585
12.45490265
12.32549000
11.88039112
15.56078339
20.05490303
19.74313736
16.26666832
21.62549019
19.61176682
21.24117661
24.66274643
19.47059250
20.98431206
13.03725624
11.87059021
8.77647305
11.77843285
13.33529568
12.81960869
11.96470451
12.45294094
17.54117584
20.67647171
19.44117928
16.70588493
23.48235703
20.29216003
21.83137321
26.14509773
16.97059250
19.55294418
11.63137150
12.48039055
8.70392132
11.98039246
12.62157059
12.46470451
12.64902020
13.73921585
19.16078377
20.85490417
17.94902039
18.15686417
26.30783844
18.64313698
22.98039436
22.23725128
17.55686378
18.01765060
11.52156925
11.10980415
9.62744999
11.71568584
12.03921604
11.80195999
12.21372795
16.08627510
19.29019165
20.14901733
17.36666870
20.67451286
27.17058945
17.57647133
23.69215775
17.69411469
19.61176491
15.74509811
11.12549114
8.82156754
10.70196247
12.05490017
11.37843037
11.33921242
11.93333340
17.18039513
20.49411774
19.65098190
17.72352791
23.49019623
25.98627853
18.00980568
22.47255325
16.71176529
19.73725128
14.28431320
9.54901886
8.01568794
11.42353058
11.54901981
11.72549152
10.88235474
12.35294056
17.99608040
21.97058678
20.21372414
18.75098419
23.65294456
23.54705620
18.77255058
19.88038826
18.17058754
19.29411316
12.60392284
9.30588531
8.93137360
11.93725395
10.81568623
12.54313469
11.14313793
12.75098228
17.97254944
22.61568642
21.00392151
19.47842598
22.25294113
20.85097885
18.18627548
20.23137474
20.62745285
17.13137054
11.95098114
8.86862755
9.60784531
12.97058868
11.25686169
12.99607849
11.39411926
13.82941055
19.17058945
22.38235092
21.93921280
18.84117889
22.02941132
19.79019737
18.35294342
22.66666603
20.30392075
15.83137226
10.78431416
7.95294142
10.17647171
12.63333321
12.61960793
12.51960754
11.41764736
15.46078491
21.92941475
22.57843208
22.34118271
18.29607773
22.47058296
20.24117851
19.55686188
22.45294380
20.03333282
14.37647247
9.80196095
8.66078472
10.52156734
12.54901886
12.78823566
12.36862659
11.40784264
18.34117508
24.29019356
22.64510155
22.86666679
18.29411507
23.44313431
21.26862717
20.54509735
20.06078720
19.57058716
12.85882378
9.16862679
9.33137321
10.84706020
12.10980415
12.70980453
12.29804230
12.03333569
21.02352715
24.98823357
22.42353058
22.48431396
18.66666412
22.93921280
21.05490494
20.22941399
19.00588226
18.22941017
10.40196228
8.38235283
8.48039150
12.14313793
11.91764736
12.63725281
12.66666698
12.06666756
21.98431206
25.09607697
22.77451324
22.40784454
18.41176605
24.14706039
19.67255211
18.81568527
20.67058945
16.04901886
8.88235188
7.70588255
8.32352924
12.76078415
11.27451038
12.83921623
11.79411983
11.81960869
21.96470642
23.69020081
22.84705353
22.39999771
17.92156792
24.28627396
19.93137360
18.53921700
20.85490036
14.10588074
7.85882425
8.38823509
9.33529472
12.35882378
11.30588341
12.38823700
11.54901886
12.62745094
22.28235626
23.74313927
24.52745056
20.91176224
18.62548828
23.78038979
18.71961021
21.61764908
19.41568756
12.34117699
7.57843113
8.51372719
10.16666985
12.33137417
11.86862946
12.77254677
11.60196209
14.92941189
22.53529739
24.22352600
26.36274719
18.90392494
20.23137474
23.60784149
19.09019852
24.22549438
17.38431549
10.56274605
7.75097942
8.61372566
10.48431301
12.30588245
12.40980339
13.14117718
11.80980492
17.33333588
22.46078110
25.04902077
26.48823547
19.43333817
19.63529587
24.66470718
21.80784607
23.13921738
14.86078548
9.35294056
8.24509907
8.34313679
11.63529396
12.62157059
12.46666718
12.51764679
12.13333321
18.44314003
22.15490150
24.83921814
25.96666336
20.48431396
20.76274872
23.72744751
25.20980263
18.86862755
12.97451115
8.66274643
8.39019585
8.27058983
12.72352886
12.14313889
12.91372585
11.24510002
12.39999962
19.20980644
21.84117889
24.70000076
24.94117355
21.34902191
22.19019508
24.08235168
25.33921432
15.71960735
12.10784340
8.02156925
8.14509773
9.27058983
13.80392265
11.60000038
12.60000420
10.50196075
12.64313698
20.28431129
21.19803810
24.28627586
25.33528900
21.80980301
21.58235931
25.48235321
21.92353249
13.64509964
10.58235359
8.24902058
8.00195980
10.01176453
13.74705887
11.91568756
11.41764832
10.96078491
13.62745285
21.55685997
20.90587997
24.09412003
25.41764259
21.96470642
21.32549286
26.46078491
17.13332939
13.13333416
9.62745190
8.38823605
7.53725481
10.90588379
13.23725605
12.54705906
10.72157001
11.83529377
15.51764679
22.61177254
20.29412270
25.18234825
24.80195618
23.73725128
21.39019966
22.37450600
14.78039360
14.12941074
9.55882263
8.38235283
6.72941303
11.74509907
12.64509583
12.64509678
10.34117508
12.44705868
17.30980301
22.60784531
20.85098076
26.83529472
24.01176643
23.81372833
19.23725510
17.28431320
14.27451229
15.90195942
9.11176395
7.28431368
7.23529434
11.74509907
13.04509544
11.75882149
10.94314003
13.40000248
18.38431549
22.20784378
24.68039131
26.59803391
23.29019356
21.50980568
17.07254791
14.50196266
14.36078358
15.39019871
8.70588398
6.43529558
8.00980377
12.21176529
12.67058754
11.34117603
11.58039284
14.14902020
18.86666870
23.02353096
29.10587883
25.87842941
22.81176186
19.16274071
15.49804115
14.00392056
15.06862831
13.24313736
8.08627510
6.15097952
9.07450962
12.75882530
13.28823566
10.37255096
11.89608002
15.70784283
18.61176300
24.64118195
29.73921394
25.74117851
21.41961479
17.51176643
14.58431435
13.75685978
15.53137302
11.41568470
7.79215813
6.34901905
11.18627453
11.37647057
13.69803619
10.01176643
12.63333416
16.69411659
19.03333092
26.29607391
28.81960487
25.55685806
20.59215546
16.57058907
14.56666756
13.55489922
15.14313698
10.02353001
7.25882387
6.86666584
12.05686188
11.74313736
12.90000153
10.59607983
13.13529205
17.87058830
21.12156868
27.36862946
27.75489616
24.93136978
20.17451477
15.39804077
15.43725586
13.46078396
14.81372547
8.50980473
7.24902058
7.38823605
12.39803791
12.75882435
12.44117451
10.91372681
13.46078300
20.16078568
22.58039665
27.64313889
26.63136864
23.90980339
19.36666679
17.03137207
15.81372643
13.61568546
13.59215832
8.75294018
7.74901962
8.05882359
12.06470776
14.02745247
11.24313831
10.76470566
13.25294113
23.71960831
23.43333626
26.58039474
24.57058907
24.45686340
19.48431396
18.27058792
15.03725243
14.30980587
12.57254982
8.94705677
8.34705830
8.95098114
11.82157040
14.39019775
10.40980434
10.80588150
13.90392017
25.15294456
23.67843056
26.74509430
25.51568222
24.43922043
18.80588531
17.51764870
14.34902000
15.50000191
12.08823681
8.46470547
8.07058907
9.75490189
12.73137093
14.24313736
9.63137341
11.78823471
14.81960869
23.11176682
24.73725319
27.35098457
25.48431396
24.07450867
18.64509773
16.41568565
14.32352924
14.70588303
11.38235283
7.89803982
8.39411831
9.86470509
12.68431187
12.96862888
9.80392170
12.99804020
16.19607735
21.49999809
25.64509583
27.01568604
26.11764526
22.54117775
18.80784416
15.53921700
13.90587997
13.26274586
11.17450905
7.56078482
8.92353058
10.42156696
13.01176548
11.24509907
9.46470642
14.07254982
16.62353134
21.15098381
27.68627167
27.24901772
26.13529396
20.54901314
17.77450943
14.85294056
12.90784550
12.43725395
10.17843246
7.17058849
9.94313622
10.91176319
12.28235340
9.94901848
9.38039207
15.00196266
16.52352905
22.47451210
29.49412155
27.19020081
25.23921204
18.23137283
16.76470757
14.01960659
11.46666527
12.92156887
8.08823490
6.95882463
11.53333378
11.45490456
10.46470642
9.45294285
10.40980434
14.88823700
17.14509773
23.73921776
29.39607620
26.26078415
22.99019623
17.69019508
15.83137321
13.01372433
12.18823528
12.19019890
7.83137274
7.34509945
12.00784492
11.22941113
11.06078625
9.20784283
11.23529339
15.69999981
16.92156982
24.50392342
28.01960945
23.83725166
21.12157059
17.44509697
15.36666584
12.89803791
12.14705849
11.70000172
8.08039284
8.00588226
11.57058907
12.21568584
10.89607811
9.34509659
11.86470509
16.01568794
17.05098152
24.67255020
26.70784187
22.44117355
20.08431435
16.58235359
14.73529243
12.85686493
12.59215736
9.98431683
7.44901991
9.65882397
11.15098095
13.04509926
9.47254848
9.53137398
12.15686607
16.87843132
17.61372757
25.05293655
24.97058868
22.54509544
18.79999924
15.59215736
14.23529625
12.25882530
13.52745152
8.32156944
7.31176472
10.44117928
10.59803963
12.15490055
9.03921604
9.43333340
12.92549229
17.25882339
18.69411659
25.68039131
23.85490227
22.49607849
17.83725739
14.21568775
14.08431339
12.22353077
12.90196228
7.82352972
7.60000038
10.22940922
10.51568604
10.77647114
8.97451115
9.89411736
13.59215736
15.91568470
19.38627625
25.28823280
23.13529396
20.60980415
17.35686493
13.81176567
14.02941418
12.49215889
11.07843304
7.38235283
8.25686264
9.56274605
10.29019642
9.87450981
9.45686245
10.66862869
13.65882206
16.11764908
20.82745171
23.98431015
23.29607582
19.95882607
16.91960716
14.22549248
13.74509907
13.48627472
8.32745171
6.90980291
10.15098190
9.10588264
10.02548981
9.69215870
8.97254848
11.23921680
14.25293922
17.94509888
22.33529663
24.19216347
23.56470490
20.40980530
16.50392342
15.34705830
12.96666527
12.15294361
7.77254820
8.59215736
10.70980358
8.90980530
10.49607849
9.45686436
8.68823528
11.04117680
14.00392246
20.11764908
23.41372681
24.62157249
23.92548752
19.65098000
15.91568851
16.03529549
12.73921680
10.41176510
6.97450829
9.33529568
10.52745056
8.85098076
10.56078434
9.57843304
9.39411736
10.55294132
14.05294037
21.26274872
25.89803505
24.76863098
22.47450638
19.92549133
16.70196152
14.90196228
12.65490246
9.26470661
6.41568565
8.53529358
10.65294361
9.21568584
9.89019680
9.44117832
10.03137302
10.80000114
14.42156887
22.30784416
27.27450943
23.66666794
21.49020004
20.64901924
15.92548943
14.73137283
12.40000057
8.50980377
6.92352915
9.02549076
10.60588360
10.01960850
9.50000191
8.62353230
10.41176510
11.54509830
14.54313660
23.13333511
27.64313698
22.65294075
21.42745018
19.20588303
14.97059059
15.59411716
11.75098228
7.90588331
8.31960869
9.56274605
9.90392303
10.10392189
9.13137150
8.35294151
10.74902058
12.43529510
14.47255039
24.93333244
27.45685959
22.55882454
20.54314041
17.41764641
14.54117489
15.01960659
11.77646828
7.04509830
8.54901791
11.09803963
9.14117527
9.55686378
8.78627586
9.16666698
10.94313717
12.64117527
15.16666794
25.19804001
26.97843361
21.39804077
20.28627586
16.23333359
14.76078415
13.68431473
10.06470585
7.52549076
7.76862812
12.23333454
9.14902020
9.05294037
8.90196228
10.09999847
10.85294247
12.56470585
15.56274414
24.21568680
25.12941170
21.30000496
20.21961021
15.14313793
14.42549038
12.13921642
8.08431435
8.41960907
7.90588379
11.99804115
9.29411697
9.01764774
9.42352962
9.79411697
10.57647228
12.54705811
15.65294266
23.31764793
23.01372528
20.65882683
20.07646942
14.00392151
13.65490437
11.23725414
8.00980473
9.15490150
7.59803963
11.66078568
9.58431339
9.06274414
9.28235340
9.02745152
11.65490150
12.00980377
16.53921700
22.67843628
21.94510078
20.27843475
19.18627739
13.37059116
13.62745094
10.89607716
8.04117584
9.66470718
8.25294113
11.29411697
10.65294075
8.57059002
8.80392265
9.08431339
12.38235378
12.14705944
16.90980148
22.36667061
20.11372757
19.85293961
17.55098152
14.12941170
13.13333321
10.09215927
8.38627434
9.69999886
9.64706039
9.91176319
10.88823509
8.37647057
8.81372738
10.09215736
11.93725395
12.65490150
17.59412003
20.94314003
19.53136826
18.68039322
16.47451401
13.51176548
13.08431244
9.66078377
9.07843208
9.08235359
9.34509754
9.61176395
9.96862602
8.24117661
9.05490208
9.99019623
11.09411716
13.69412041
18.52941132
19.99019814
18.03921890
17.70392609
15.87254906
14.55882454
12.04313278
9.68431473
9.15686321
8.47843361
9.84117699
9.77254963
9.68235302
7.94509792
9.10196018
10.14313793
11.34509659
14.84313583
18.41960716
18.71176720
17.51372719
17.84117508
16.03333473
15.68039322
11.22745132
10.07450771
8.66666698
8.14901829
9.75098038
9.68235397
9.10196114
7.48823500
8.62549019
10.78431416
11.30392170
15.32156944
18.42941475
17.78431129
17.35098076
17.84902191
16.46274757
15.95686245
11.77450943
9.52549171
9.47059059
7.59607840
9.01960754
9.43921471
8.68627548
6.90980339
8.73137283
10.60392189
11.40980530
15.39804268
18.16078568
17.68823433
16.82548904
18.03529167
18.15098000
14.99607754
11.32745075
9.65882301
10.28823566
6.70392132
7.88627529
9.15294170
7.69411850
7.52549076
8.53725433
10.61176682
11.79607677
15.63529396
17.49607849
17.12353134
16.54901886
20.09607315
18.65490150
13.27647209
10.79019642
10.93921471
9.40588284
6.50784349
7.32156992
8.38823605
6.95686340
8.72941208
8.26666737
10.67450905
12.67058849
15.92941093
16.67450905
16.62549019
16.78431702
20.57059097
17.54117584
12.59019661
10.22941399
11.88039207
8.66862679
6.55490255
7.19803858
7.48039341
6.26666641
9.85294151
8.48627567
10.59803963
13.19804192
16.16862869
17.22941208
16.15686226
16.65882683
19.03921700
18.10195923
11.49999905
10.38823414
11.42941093
8.21176529
6.43137312
7.07058811
7.06470633
6.30588341
10.03725529
8.93333340
10.73725605
13.77058792
15.54510117
17.62745285
15.99607754
16.90588188
19.02745247
16.41568947
11.11569023
11.85294151
10.04117584
7.63333273
6.55490160
7.18039179
7.08235359
6.70980358
9.13529491
9.11568642
11.02941132
13.61960983
14.88823605
17.15686226
16.67646980
17.31961060
18.28627396
15.28235054
12.09019756
12.98235130
8.90196037
7.34901953
6.63137197
7.18235397
6.66078329
7.17254972
8.53333473
9.15490246
11.12549019
13.80784225
14.95882034
16.33921623
17.27058792
16.75882149
17.68431282
15.40980339
12.75294209
12.72745323
7.90588236
6.92941332
6.71176434
6.94117498
6.20980358
7.05490160
7.70588350
9.66274834
11.83333302
13.43137169
14.45294189
16.57450867
16.92157173
16.65098190
18.11176491
14.58823490
13.65490532
11.58039188
6.65490150
6.06470633
6.58627415
6.57254887
5.78431416
7.24117661
7.88431406
9.97647190
12.62941074
13.19411659
14.97451019
16.37255287
16.51960754
16.84509850
17.64902115
14.29803848
13.15882301
9.77058697
5.47647047
5.98627472
6.56666660
6.44117689
5.67254877
7.81960726
8.10980320
10.49019623
13.06274700
12.71176529
14.99019527
16.13725662
17.03137398
17.15686417
16.75882530
14.26666641
11.55098057
7.67058802
5.74117661
6.32745075
6.03529406
6.51372576
5.59999990
8.04117680
8.73137283
10.48039150
13.02549076
12.35098267
14.53725624
17.47647095
17.39607811
17.49019623
15.91764736
14.93921566
9.36274529
7.24117756
5.58627415
6.44901943
5.88431358
6.95686245
5.75882292
7.83333349
8.75686359
10.64509869
12.89215755
12.31960869
14.17647171
18.15882683
16.89215469
17.12156868
15.45098114
14.20588207
8.37451077
7.65097952
6.23725605
6.15882397
6.49019623
6.32156754
6.32745028
7.70000124
8.50980473
10.68627453
12.89019680
12.73333359
14.14705849
16.31764793
17.19411469
17.30980682
15.08431625
11.46274567
8.59411716
7.73137236
6.78039217
5.90980434
6.15882349
6.15882397
6.79803991
7.76274538
8.64313698
11.95882320
12.32352924
13.40588188
14.54117870
15.54313850
17.21764946
15.29215717
15.61764908
9.50392342
9.22745037
8.07450962
6.76274490
6.14509916
5.90980434
6.05686331
7.11176443
7.85294104
8.94117832
12.64509773
12.63921547
13.83725452
14.40784073
16.39019585
17.25686264
14.54901886
16.11764717
8.22941017
11.11568546
7.47450972
6.66470528
5.73137188
6.16862774
5.76862764
6.68431520
7.42941284
10.21960831
12.11176300
12.83529377
13.29607964
14.76078701
17.20392227
18.26078606
16.41568565
13.78235340
8.03921700
11.31568432
7.28627491
6.54901981
5.65098000
6.12745142
5.28235340
7.11764765
7.15686226
10.83921623
11.80195999
12.11960793
12.95490170
15.99999809
17.45490646
16.16078758
17.05882263
11.90784550
10.73529434
10.04117489
7.32156849
6.18823481
5.59019566
5.84705973
5.10588312
7.16470671
7.43137312
11.28627205
11.72156715
11.26470661
13.39215660
16.33921623
17.65098190
14.87843037
17.69019699
11.67646980
13.97647190
9.37647057
7.25686216
5.98039198
5.31764746
5.68235302
5.12941217
7.18235207
7.92941189
11.48039150
11.77647114
11.19411659
14.07058907
15.69019508
16.83137321
17.52353096
14.49607754
14.72941303
13.96470737
8.82745075
7.30392265
5.90980434
5.61176395
5.75294209
5.55294180
7.13725328
9.14117718
11.17647266
11.76862812
11.04313755
14.30588055
15.27646923
15.58235455
16.11960793
15.33137131
18.05098343
10.77843094
8.91372490
7.05882454
5.93921566
6.56274605
5.91372538
6.13529396
7.43921661
10.08431339
11.30784225
10.95882416
11.39607906
14.08823586
14.87843227
14.30784225
15.28431320
18.66274452
16.39803886
9.59411812
8.54509926
6.80588245
5.94313860
7.36862850
6.20980501
6.28431463
7.81176472
10.73921585
11.22745132
10.19215775
11.16666794
14.25686264
14.07255173
14.30196190
14.93137264
19.73137093
13.46078396
10.28235245
7.92548943
6.45098114
6.36470556
7.90980530
6.36666679
6.29215813
8.35686302
10.44705868
10.77646923
9.79019642
11.71176338
13.75686264
13.95490074
13.92353058
15.01176548
18.42745590
10.85686302
10.07254887
8.31568813
6.46666574
7.05686188
7.81568575
5.76078463
6.47647047
8.80195999
10.32157040
10.31372738
10.03137112
12.36274433
13.16666412
12.99215508
13.39215660
17.77843094
15.21176624
8.45293999
9.53529549
8.36470509
6.45686197
7.73333359
7.82745123
5.47254992
6.74509907
8.92156792
10.20980453
9.98823547
10.22352886
12.83137321
12.40784454
12.53921795
13.63921547
18.19607925
12.79215813
7.19019604
9.51764870
8.94509888
6.69215679
7.48039246
7.29803944
5.70392227
7.25686407
9.61176586
10.14902115
9.68039131
10.77254963
13.60588264
11.32352734
13.04706097
14.27255154
17.08431244
10.29019737
7.34509802
9.66274261
8.46666622
7.49411678
7.22156906
6.26470661
6.12549067
7.53921509
10.33921528
10.16862774
9.79607964
11.11176491
13.50980473
11.75098038
13.47647285
16.61372375
12.95882225
8.64705944
7.86078405
8.75490189
8.07254982
7.39411688
6.40588188
6.17450953
5.79411793
8.18235207
10.31960964
10.10980415
9.67451191
12.07843208
13.16078281
12.76078415
13.83333397
18.75882530
10.39607906
7.51176500
7.49607849
8.66078568
8.01176453
6.60196161
5.86078453
6.33725548
5.87450981
7.89607906
10.21176624
10.03529453
9.70196152
12.53529549
13.71568871
13.00980473
15.86862755
17.05686378
9.44314003
6.64705896
7.41372490
8.04902077
7.47647095
5.77058935
6.23529291
6.13921547
5.79019594
8.03529453
10.25098228
9.81372547
9.69607735
13.11372566
14.35294151
14.40196037
19.61764717
13.49411869
8.60196114
6.00392103
7.54313612
7.59215689
6.20000029
5.12745190
6.96862793
5.77058840
5.91176510
8.48823452
9.75686359
9.49999905
9.98823547
14.78823280
15.00784492
16.75882530
19.19803810
11.36862946
7.73137188
5.74509764
7.36078501
6.85490131
5.58627510
4.70784283
7.33529472
5.72156858
6.27451038
9.19607735
8.85686302
9.52353096
10.64509773
15.31568909
15.70980644
18.52941132
16.29411697
11.44117928
7.69019651
5.77450991
6.47647047
6.24313784
4.93333340
4.41764736
7.57254887
5.95882463
6.53725481
9.37254810
8.74117661
8.94509792
11.67058849
14.92940998
16.98235512
18.19803810
15.18627548
11.61568928
7.72941256
5.50588179
6.14117622
5.64313698
4.59215736
4.60588264
6.88039112
6.08039141
7.11960745
9.03725529
8.69999981
8.49803925
13.29607868
14.36470222
17.51372528
17.83921432
15.75882339
11.03921890
7.37058735
4.87843084
6.19411802
4.79019594
4.20000029
4.38823605
6.11568689
6.05293989
7.64705944
8.05686283
9.47647095
8.35490131
13.82156849
13.95490170
18.78823471
17.09608078
15.42156982
10.22156811
6.60000134
4.86666679
5.67254877
4.04117680
4.46078491
4.06274509
6.06470490
5.90392113
7.88823605
8.70980358
9.00392246
8.72549248
13.60980606
15.19608021
19.16862488
17.08431244
14.38823605
9.47059059
5.80392075
5.29803944
5.40588284
4.13921595
4.12156868
4.93333435
6.45882416
5.68235254
7.88823557
9.82549000
8.29215622
9.80000019
13.58431435
17.20980263
19.67647171
16.66666603
13.12353039
9.08235264
4.96470642
5.42745113
5.18235350
4.10000038
3.72941184
5.37843132
6.35098124
5.83137226
8.17451096
9.61372566
8.38235378
9.83137321
14.23333263
18.70784378
19.61176300
16.13529396
11.66274548
8.09804058
4.39411831
5.73725462
4.75882387
3.77058816
3.87058830
5.56078434
5.88431454
6.87647009
8.18235302
8.78039265
8.51960850
10.59804058
13.70196056
20.27058983
19.30588913
15.24314022
10.12744999
7.12549019
4.69803953
5.75490284
4.80784321
3.74117684
3.67843103
6.17843056
5.97843122
7.76862621
8.32156944
8.11372566
9.00392151
10.22352982
13.66274643
19.86470795
19.55294037
14.37058830
8.50588322
6.40392208
4.93921566
5.54509878
4.33921576
3.66666722
4.03921556
6.49019575
6.65686369
7.74117613
7.88823557
8.13725471
9.06666756
9.62941265
14.13529587
20.26273918
18.03921509
12.65490150
8.09411812
5.21960831
5.46470642
4.74117613
4.12941170
3.65882444
4.35490227
6.50000000
6.68823528
8.00000095
7.71764708
7.76862764
8.74117756
9.94509792
15.05686378
20.09607697
16.07451057
10.66470337
7.76274538
4.72353029
5.72156811
4.65490198
4.09411764
3.74117637
4.37058878
6.34313679
6.94705820
7.80000019
7.63725615
7.71568584
9.15686321
9.88431263
16.22352791
18.90588188
15.04314137
8.67647171
7.35686255
4.62941122
5.50588226
4.54901934
3.85490227
3.63137341
4.48627520
6.60196257
7.48039293
7.10588217
7.81568718
8.00784302
9.55490208
10.39607906
16.38039398
18.37646866
14.01176643
8.08627510
7.00392199
4.53921556
4.72941160
4.07843208
3.68431425
3.71764779
4.91568661
6.97058821
7.44901991
7.26470613
7.48039198
8.03921604
9.52941418
11.08823490
16.75098228
18.01764679
12.57254887
8.01176548
6.51176500
4.21960831
4.39411736
4.10196161
3.47254944
4.13725519
5.11176491
7.50784302
7.21960783
7.23137283
7.42156887
7.86274529
9.65686226
11.79803944
16.15294266
17.48431206
11.17254734
7.82156944
5.45882463
4.44117689
4.49607801
4.17254972
3.48235345
3.79803967
5.70588255
7.25098085
7.28235245
6.82353067
7.54901981
7.70196104
9.36666679
12.29804039
15.40392303
16.73921967
10.00391960
7.69607830
4.10588264
4.51372528
4.69607878
4.12156868
3.51960778
3.40000010
6.32352924
6.46666670
7.38823462
6.72745180
7.11764812
8.81764603
8.85490131
13.05294323
16.36862755
14.16862774
9.18431473
7.03725481
3.87058878
4.71568584
4.32549047
4.05882406
3.47843146
3.42745113
6.35686302
6.89803982
7.25098038
7.15490198
7.03137207
9.54313660
8.89803982
14.54117775
16.72156906
13.30784321
8.31176567
6.06666756
4.08431339
4.62745142
4.44509840
4.00980425
3.30392194
3.89607859
7.03725576
7.61960649
7.23725557
7.40980387
7.11764669
9.49411869
9.89019680
15.43529415
16.28627777
12.60392380
7.78823614
5.11960697
3.96274567
4.86274529
4.78235292
3.61568666
2.92549062
4.60588264
7.37843180
8.01568604
6.88823462
7.45882368
7.30000019
9.02156925
10.48627472
16.56470680
15.19411850
11.28039265
7.94509792
4.40784311
4.12549067
4.55490208
4.41176510
3.15294099
3.06862760
4.79607868
7.73529434
7.38039207
6.91568661
7.51176310
7.46666718
8.96274471
12.26666451
16.87647247
14.88431454
9.90588284
7.23137188
4.29999971
4.19215631
4.38039255
4.21568680
2.93529415
3.24509811
4.86666727
8.02548981
6.56862783
7.05294085
7.46862698
7.69607830
8.77843285
14.55882454
16.57647324
14.52745056
8.69804001
6.13921547
4.32156849
4.49215651
4.28627491
3.77058840
2.70784330
3.73725533
4.65294075
7.84117746
6.74509859
6.87450981
7.44313717
8.23137379
8.05686283
16.62156868
16.13725471
13.13333321
8.19019699
5.28431511
4.38039207
4.41568565
3.82941198
3.42549038
2.65098071
3.92156911
5.00392246
7.57450962
6.50392151
6.81176424
7.30980396
8.11568546
9.26470566
16.95098114
16.36274338
11.24117470
7.97254896
5.26666737
4.51568651
3.94117665
3.33725500
3.00784326
2.80000019
4.37058878
5.16862726
7.57843065
6.60195971
6.73529339
7.22353029
7.90196180
10.99411774
16.91176796
15.53921509
9.87450981
7.95294094
4.12549019
3.88431406
3.57254958
3.18823528
2.85098076
3.17451000
4.32745171
6.40392208
6.75294161
6.64509773
6.30196190
7.45882320
7.62548971
13.09412003
16.38823700
14.50588226
9.12549114
6.35882378
3.34313750
3.58431363
3.17647099
3.10000062
2.90196157
3.55098033
4.24509811
6.94705963
6.98627377
6.60196018
6.19607830
7.76862717
7.62352943
14.59019661
16.03529358
12.22352982
8.54902077
5.53529263
3.44902039
3.51372552
2.98039269
2.91372538
2.82549024
3.50784373
4.62745142
7.26078463
7.03921509
6.78431416
6.12548923
8.01176453
8.53529453
15.00588417
15.48823547
10.56274414
8.30392265
4.58823538
3.47843122
3.39215708
3.03333402
2.88823509
2.82352972
3.49607897
4.88627434
7.20588255
7.02156878
6.59607887
6.43529415
8.28235340
9.99411774
15.19215488
14.76862907
10.38627529
6.96470690
3.69215727
3.77254963
3.11764789
3.03333378
3.05098057
2.82156897
3.80588222
5.17843103
7.27450943
6.66666651
6.48431349
6.73529339
8.25490379
11.04509735
14.90196133
14.89803982
8.95294189
6.76862717
3.59411812
3.85490227
3.12156844
3.22549057
2.77058864
3.29411817
3.99999976
5.45882320
7.36274576
6.48039293
6.25098085
7.07058764
7.76274538
12.65293980
14.28039169
13.48235130
8.47058868
6.50000000
3.83921671
3.42352915
3.33333373
3.09411836
2.67451000
3.28431416
4.20000076
5.79215670
7.00588274
6.27647114
6.12156868
7.31960821
7.61764669
13.34314060
14.12548828
12.71764565
8.45097923
6.00392246
4.11960793
3.29803967
3.15882325
2.83333302
2.38627481
3.39607835
4.30784273
6.04313707
6.60588169
5.75686169
6.18627453
7.33333349
8.23137283
13.81372261
14.92156792
11.51960945
8.18431377
4.83921671
3.77647090
3.35098028
2.99803925
2.65098047
2.56862760
3.50392175
4.39411783
5.63333225
6.29804039
5.55490255
6.22352934
7.82549000
9.06470680
14.51176262
14.82745361
9.69411850
7.55490255
3.70784330
3.46274543
3.07058859
2.96666694
2.49607897
2.98431396
3.48823571
4.72156906
5.33529425
6.41372538
5.77254963
6.31764650
7.87843132
9.64117813
13.88823509
14.06470680
8.75686359
6.65686274
3.43921590
3.43725538
2.71764755
3.21372604
2.07058883
3.02352977
3.75098062
4.82352877
5.67058897
6.58235312
5.88431358
6.28627443
7.70196056
9.89019585
13.69411850
13.44313622
7.89215803
5.08431292
3.51568675
3.15490198
2.92745161
2.71960783
2.44509816
2.98823571
3.88039231
4.86274576
5.76470613
6.38235331
5.69607830
6.04313660
7.29215670
11.78823471
14.20980358
11.52353001
6.22352934
4.45098066
3.72352934
3.18235302
2.90392160
2.53137255
2.87254906
2.85882354
4.16666651
5.29803848
5.51176500
5.83725595
5.66078377
6.10392094
7.36274481
13.41764641
14.16078568
9.31764698
5.91372490
3.53529453
3.99215722
3.18235326
2.77450991
2.40000010
2.49215746
3.25294161
4.66470623
5.29019547
5.51176453
5.67058802
5.73333311
6.40392065
8.96470547
13.59999943
13.57058716
7.52941179
5.85490227
3.17254925
3.63529468
2.77843165
2.76274538
2.61372590
2.72352982
3.69019604
4.77451086
5.58039236
5.92156887
5.42548990
5.90784359
6.30000067
10.69019604
13.04509830
12.31372643
6.63921499
5.70784426
3.08431411
3.51764727
2.35882378
2.41960835
2.64117694
3.18431401
3.45882368
5.05294085
5.32353020
5.74902010
5.30588198
5.98431444
7.10391998
11.47451019
13.48039150
10.13921738
6.43137169
4.39803934
3.33921552
3.01960802
2.67451024
2.24901962
2.71372581
3.03921604
3.76274490
5.35882282
5.21176386
5.51372480
5.67647028
6.52745104
7.66862774
12.28039360
13.57058907
7.72941160
6.37843084
3.88823485
3.31176496
3.14705944
2.68039203
2.15882325
3.02352977
2.57843184
4.48431396
5.15294218
5.07843113
5.63725519
5.96470499
6.70588207
8.64705658
12.95882416
11.31176567
7.28431273
6.06862640
3.73333335
3.50392175
2.92352962
2.62156916
2.22156882
2.61960840
2.55294180
4.52353001
4.78627396
5.03529453
5.77647066
6.14509916
7.09411812
9.63725376
13.19803810
9.64117718
7.40588188
5.65686321
3.40000033
3.25294185
2.89411783
2.44901967
2.47254896
2.40588260
2.75490212
4.81764746
4.28431416
5.09411812
6.56666756
6.19999933
7.31176281
10.55098152
12.96274662
8.67646980
7.28235388
4.81568670
3.43529439
2.85686278
2.54705858
2.36470604
2.35686278
2.44901991
2.99607825
4.73725462
4.57254982
5.22941256
6.72156906
5.74902058
8.01764870
10.63333416
11.65686417
8.05098057
6.58039236
4.23725462
3.07058835
2.86666727
2.42352962
2.36274529
2.08823538
2.49411845
3.55686307
4.75686264
4.98431349
5.33333302
6.11176491
5.88823557
8.41176510
10.65490246
9.88431454
7.74313879
6.07058811
4.01960802
2.82352948
2.70196104
2.60196090
1.91176510
2.39215708
2.92549014
4.23921537
4.83725452
5.25294161
5.23137188
5.47843266
6.43137074
8.43333435
10.66470814
9.10980606
7.24313736
5.52549076
3.26862788
2.62549067
2.63921571
2.31960845
1.92352951
2.60588241
3.08431387
4.63921547
5.12745190
5.29019642
5.13333321
5.32156849
6.58431292
7.95098066
10.96666813
7.99411774
7.01176453
4.80196095
2.97647095
2.67058873
2.78823566
2.16274524
2.26274538
2.84509826
3.29019594
4.77254915
5.03725529
5.17254877
5.40000057
4.71176481
6.59411669
8.63137150
10.04117680
7.45882368
6.40000010
4.29019594
3.15490246
2.49215722
2.51372552
1.85686314
2.25294161
3.02549100
3.85294104
4.69411802
4.51176500
5.34117699
5.31960726
4.67451048
6.71764660
9.39215660
9.18235016
7.03333330
5.71176577
3.78431416
3.24117708
2.57647085
2.15098071
2.19803929
2.49019647
2.99215674
3.75490189
4.38627481
5.23921585
4.79019642
5.19999933
5.36078501
6.56666613
9.55097961
8.62353039
6.92941189
5.46274614
3.03921604
3.21960783
2.58627510
2.00000048
2.18627501
2.24705911
3.01960778
3.85098100
4.75490236
5.13529444
4.78039265
5.28823471
5.89999914
6.81568575
9.69607925
7.91176462
6.83137321
5.09411812
2.90980434
2.95686269
2.49411774
2.15490246
2.04509807
2.52941203
2.86862755
3.99411798
4.60784340
4.94313812
5.54509830
5.43137312
5.99607897
7.81372547
9.73921585
7.34509802
6.30980396
4.67647123
2.81176496
2.38039231
2.45490193
2.03921628
2.10980439
2.48431420
3.29411793
4.40588284
4.57254887
5.11176538
5.96078396
5.23725462
6.09803867
9.30195999
9.28431225
6.97451019
5.60784388
3.70588255
2.41176510
2.37843180
2.42156911
2.17647076
2.32352972
2.33137298
3.60588241
4.47451019
4.90588236
4.53725529
5.96862793
5.76470470
5.94117737
9.92745113
8.52549171
7.05098009
5.08235264
2.79607868
2.40980411
2.63725543
1.80980408
2.22549033
2.32352972
2.49411798
4.05686331
4.35686255
4.78627491
5.02745104
5.34901905
5.53333426
6.35686350
9.15098095
7.99215746
7.05490208
4.52745104
2.85882354
2.43529415
2.58235288
1.82352960
2.07843161
2.44705915
2.91960788
3.96470618
4.50588179
4.60392189
5.18823481
5.60588408
5.31764746
6.98431396
8.28039074
8.15294170
6.68627357
4.08823586
3.20000005
2.57843137
2.54117656
2.08627510
1.89803934
2.76274538
3.17647123
3.94901967
4.57843161
4.88039207
5.80980444
5.73333454
5.07058764
7.64313793
8.05294132
8.12549210
6.11372519
3.93529487
3.00000048
2.56470656
2.30980420
2.45294118
1.67254901
2.95686293
3.34509826
4.14313745
4.74117661
5.00588322
5.90784168
4.98823547
5.61568594
7.66470623
8.20000076
7.25097895
5.60000038
3.92352962
2.93921638
2.58431387
1.83137298
2.09411788
1.79803956
2.92549014
3.39607906
4.68039274
4.96862793
4.52156782
5.71372461
4.65294218
6.11568594
7.50000095
7.74901962
6.59215784
5.47058773
3.46666741
2.90196109
2.80196142
1.64117670
2.13333368
2.11568618
2.98431396
3.68039203
5.22745037
4.82353020
4.86274529
5.25294113
4.86078453
6.58235359
7.31960821
7.34313822
6.60392094
5.36666679
2.84901977
2.44901967
2.65686250
1.60784352
2.57058835
1.99215722
3.28431439
4.15098000
5.05294132
4.60980415
5.44509792
5.15098095
4.61764717
6.82549143
7.80195951
7.24313736
6.54509783
5.02745104
2.59215713
2.58039236
2.50980401
1.53725505
2.52352929
2.10392189
3.44705892
4.58235359
4.94706011
4.13137293
5.41372490
4.95882368
4.83725548
7.39999962
7.89019632
6.80588293
6.12941170
4.90392208
2.67058873
2.65490270
1.86274552
1.63725519
2.11960816
2.83725476
3.76274514
4.68627453
4.73137236
4.05294132
5.35882378
4.79607868
5.56666613
7.77450943
7.32156897
6.67254972
6.08431387
4.01960897
2.66666675
2.40980411
1.80980408
1.82549024
2.29215693
3.27450991
4.18627501
4.99411726
4.80784273
5.26078463
4.62745190
4.70196152
5.97450924
7.79999971
7.20588207
6.63137341
5.80980396
3.32941222
2.45294142
2.33529449
1.47254956
2.02745128
2.57843161
2.98431420
4.40392160
5.26470613
4.72941113
5.49019527
4.53921604
4.92352915
5.63725567
7.54117632
7.49019623
5.33921623
5.15098095
2.54705930
2.72941208
2.38823533
1.60392213
1.93921614
2.77451015
3.00588298
4.59215641
5.27647066
4.89215660
4.77647066
4.71764612
5.09411764
6.12352943
7.32352924
6.97450924
4.85294199
4.28039217
2.60392165
2.72745109
2.06078458
1.83333361
2.28823590
3.04313731
3.48627496
4.87843227
5.14705896
4.80196095
4.35490227
4.66078377
5.02352905
7.21568584
6.05490160
6.57843113
4.99607944
3.89019656
2.68823576
2.41372585
1.79607868
1.70784318
2.52156925
2.75294113
3.74705911
4.79803896
5.06666708
4.39019632
4.48823547
4.66470575
5.06470680
7.01764727
6.40196133
5.85686350
4.83137321
3.19019651
2.40000010
2.19019651
2.00784326
1.76470602
2.47058821
2.97647071
3.87843132
4.95882416
5.22548962
4.37058830
4.37451029
4.71372604
5.79607821
6.77450991
6.88431358
5.27058840
5.15098095
2.52941179
2.75686312
2.26274514
1.94117665
1.90588248
2.46274567
3.00196123
4.42941189
5.08235264
5.24705887
4.88039207
4.51372528
5.09607792
6.22941065
6.22745180
6.19411707
5.32745028
4.44313812
2.49019599
2.69215751
2.16862750
1.55294168
1.99607873
2.26274514
3.34705901
4.49411774
5.09411812
5.15882349
5.35294104
4.86470556
4.79411840
6.28431368
6.13333321
5.86666775
4.98039341
4.07254934
2.61764717
2.45294166
1.85098088
1.48823559
1.99803960
2.63137317
3.44117641
4.50588226
5.24901915
5.09411764
5.64901924
5.13529491
4.77058935
6.11764812
6.25098085
5.32549095
5.01176453
3.32549047
2.40980387
2.41176510
1.74509835
1.80392170
1.89411795
2.78431416
3.75098062
4.66078377
5.19019604
5.51764727
5.37058926
5.04313803
4.74509859
6.26666641
6.25882339
5.27647066
4.86862803
2.77254963
2.31372547
2.26078486
1.80392194
1.68627477
1.90980446
3.22549009
3.68823576
4.83137274
5.38823509
5.66470575
4.93529510
4.88235331
5.10196066
6.40392160
6.09215736
5.22941160
4.38235283
2.56274557
2.33529425
2.08627486
1.94509804
1.68823552
1.81764722
3.15098071
3.96470547
5.06862783
5.06862783
5.62549114
4.75490236
5.03725481
5.74117661
6.60784388
5.89999914
5.01176500
3.73333359
2.68235350
2.34901977
2.07451010
2.14117670
1.71960843
2.42941213
2.99803972
4.70588350
4.51960850
5.25490284
5.49803972
4.78039312
5.06862736
5.99411774
7.00392151
5.32156944
4.78431368
3.56470585
2.69803929
2.11176491
2.20196104
2.26666665
1.59019613
2.33725524
3.37647057
4.61960793
4.65882349
5.62745047
4.81372595
4.55490208
5.48823500
5.86274481
6.69411755
5.09607887
4.58823586
3.28823566
2.79215717
2.24901986
1.97450984
1.93725526
1.63529444
2.42941213
3.93333364
4.50588274
4.68235302
5.42745113
4.62156868
4.38431358
5.39215755
5.94313765
6.00196028
4.62745237
4.61764717
3.22941184
2.80980444
2.30980396
1.93725502
1.73529434
2.18823552
2.56862807
3.89411759
4.52549076
4.37647057
5.37450933
4.44117689
4.60000038
5.21372557
5.90980387
5.57646942
4.20196104
4.13137293
3.11568618
2.43529415
2.35294151
2.20000029
1.80980420
2.21960807
2.69411802
3.78039217
4.49999952
4.62352943
4.83137321
4.06862736
4.27647114
5.28039265
5.90980387
5.11372519
3.91960859
3.57450938
2.80588269
2.39019585
2.33137274
1.90196085
1.89803958
2.63137317
2.75882387
4.22352982
4.34705973
4.84313726
4.20980406
3.86078525
4.28627491
5.24117708
5.89608002
4.99411631
4.16862774
3.00784302
2.77843165
2.35882378
1.86274540
1.83529437
2.11960816
2.96078491
2.94313765
4.53529453
4.28235292
4.62941122
3.82941175
4.16078424
4.10392141
5.20196199
6.01568556
5.02745152
4.52941084
2.83725524
2.94509864
2.19803953
1.96078467
1.73529446
2.05882406
2.65882373
3.50588298
4.12352991
4.10980463
3.91372585
4.05294132
4.14117718
4.49607801
5.24313736
5.66470528
5.20196104
4.52549028
2.78823495
2.61960793
2.30392194
1.76470613
1.67058849
2.16078448
2.60588288
3.67843175
3.51960802
3.99607873
3.77058792
4.22352982
3.90392184
4.56274557
5.36862659
5.42745113
4.88039207
3.90196109
2.59215713
2.26862764
2.03921604
1.92156887
1.61960828
2.31372571
2.90000010
3.47058868
3.54705882
4.05294180
3.94901967
3.94313765
4.14705944
5.10392141
5.52548981
5.37058878
4.53725576
3.70000076
2.42549014
2.22745085
1.88039243
2.14117694
1.79803956
2.41372561
2.86862850
3.73137259
3.78431439
3.70980406
3.81176472
4.14313698
4.33137226
5.26274538
5.34705925
4.94705963
4.64705896
3.11764741
2.02549052
2.06078458
1.71176469
2.20588255
2.05686331
2.38823533
2.94117689
3.53921604
3.94901967
3.54117656
3.58627486
4.03137255
4.27843094
5.34509850
5.18823624
4.52353001
4.40000010
2.65686321
1.87254906
2.19803977
1.51764750
1.84313738
1.87647092
2.15294147
2.98431396
3.37058830
3.75098109
3.44509840
3.68039227
3.83333421
4.42352867
5.53921509
5.71176481
4.25490189
4.25294113
2.02156878
1.90196121
2.20000029
1.59803927
1.23333359
2.05490232
2.12941194
3.15098071
3.03137255
3.75686336
3.76078486
3.45098090
3.70588231
4.37843180
5.69607973
5.55490255
4.60196114
3.68235302
2.66078472
2.14705920
2.18823624
1.77254903
1.42745113
2.12549043
2.61764717
3.27254939
3.32156849
3.43137264
4.24117661
3.24705887
3.76862764
4.46862745
5.71764755
4.91960859
3.98431373
3.94705892
3.23725510
2.14705920
2.20000076
1.88627481
1.60588276
2.42156887
2.86470580
3.36274529
3.64901996
3.33529401
4.22156858
3.30392194
3.74313760
4.45490170
5.77647066
3.93137312
4.12745094
3.32941246
2.48627448
2.28431392
2.25294137
1.81568623
1.74313748
2.50980425
3.10392165
3.48039246
3.41176438
3.23333335
3.62352991
3.29019642
3.72549033
4.65686321
5.18039274
4.09607840
4.19215775
3.01960850
2.22352982
2.17058873
2.13137269
1.85098064
1.88627470
2.43725491
3.18627453
3.36862826
3.13333392
3.40392184
3.57647085
3.24117708
3.61176467
4.88627434
4.56666708
4.07254887
4.21372557
2.97254896
2.08823586
1.91568637
1.85490227
1.55294156
2.03921580
2.84901977
3.19215703
3.80980420
3.30392170
3.50392175
3.36666751
3.19607902
3.93529439
5.08627415
4.41568661
3.80784345
3.74902010
2.85882401
1.93333364
1.87451005
1.65686321
1.81960785
2.21176505
3.17647076
3.47647071
3.83725548
3.39804006
3.77843142
3.66078520
3.17451048
4.64117670
4.80588198
4.15882349
3.72352958
3.19607854
2.49215698
1.64509845
1.60784364
1.41960812
2.23333359
2.25882363
3.18039250
3.25490212
3.53137302
3.56666732
3.81568623
4.04902029
3.67254996
4.55686283
4.63333321
4.02941179
3.80392122
2.86078453
2.18823528
1.89411807
1.61176503
1.62745106
2.43137240
2.10392213
3.29215693
2.96274543
3.57450986
3.66862822
3.63137293
3.77058911
3.89019608
4.71176481
4.19803905
3.79803967
3.93921590
2.67058849
1.82745135
2.36078477
1.81372559
1.53529465
2.50196123
2.35294104
3.28627491
2.90392160
3.45294142
3.72745085
3.48431420
3.44705963
3.86274576
4.90000057
4.13137293
3.71960807
3.37058854
2.37843156
2.03137279
1.82941222
2.00784349
1.59019613
2.19019628
2.37254930
3.39215684
2.79999995
3.77647066
3.58627462
3.46274567
3.41568685
3.98627496
4.80392170
3.74901962
3.91960788
2.56470609
2.60000062
2.14509845
1.72156870
1.87058854
1.77647066
1.96078455
2.43333340
3.64117670
2.54509807
3.82745099
3.55098057
3.39019680
3.41176486
4.12156868
4.27450991
3.76862741
3.65686274
2.48431396
2.78039217
1.90196097
1.97254932
2.20588279
1.78431392
1.90784335
2.77451015
3.79411769
2.96862745
3.83725548
3.22941184
3.16666698
3.37450957
4.30980444
4.37647009
3.85294127
3.58039260
2.74705911
2.54313755
1.87451017
2.30784345
2.07254934
2.10000014
2.05098081
2.89019608
3.63333368
3.12352967
3.74313807
3.08039260
3.52745104
3.20588303
4.29215717
4.46274567
4.16666698
3.29607844
2.83529425
2.37647080
2.18235326
1.82549012
1.63529432
2.16078472
2.50980425
3.02156878
3.44117713
3.36274529
3.38627410
2.98431444
3.49215674
3.07450938
4.50784397
4.20980453
4.18235350
3.73529458
2.90784311
2.02941203
2.08431411
1.78823555
1.69215727
2.15098071
2.77450991
2.62745070
3.46666741
3.13529515
3.46274519
2.74902010
3.17058921
3.39607882
4.48235369
3.83529425
4.31176472
3.58627486
2.97451019
1.85686266
2.14705920
1.59411812
1.83725548
2.45294142
2.99411821
2.61372614
3.88431501
3.50000072
3.61764741
2.79607844
3.17254901
3.69215751
4.40392160
4.06078482
4.27843189
3.05686307
2.52745152
1.89607871
1.77647066
1.53529418
2.10196090
2.21764755
3.17843175
3.65686274
3.64901972
3.22745156
3.54509854
2.62745118
2.91176462
4.27254963
4.20980406
3.81176448
3.90196061
2.58235335
2.28235316
2.10980439
1.61568642
1.65294158
2.03529429
2.31372595
3.45882368
3.76666665
3.12352943
3.25686312
3.24705935
2.76274514
3.11960793
4.27843094
3.70980477
3.75882363
3.53725457
2.87254930
2.36666727
2.19607878
1.92352962
1.66470611
2.36078405
2.85686302
3.06470609
3.08235288
3.09999990
3.58431363
3.24117684
3.42941189
3.39803934
4.04117680
3.85686302
3.86274552
3.44313741
3.04117680
2.55294132
1.90784347
2.16666675
1.66666687
2.53921628
2.58039236
2.45294118
3.07254910
3.32941222
3.28823543
3.28431439
3.46078444
3.62745142
3.96274543
4.13529444
3.73137283
3.13529444
2.75490212
2.36666679
1.78431380
2.35098076
1.95882368
2.28039241
2.86862755
3.00000024
3.02745128
3.64313745
3.04902005
3.05294180
3.22353005
3.54117680
3.93725514
4.13921642
3.95098042
3.01568651
2.88823533
2.19019651
2.02156878
1.91960812
2.10000014
2.31568646
3.31764722
3.58431363
3.20392203
3.51960754
2.82549024
2.77254915
2.97843122
3.72549057
4.07647085
4.15490246
3.71372581
2.93333387
2.89803910
2.25882387
2.25686288
2.05686283
1.94901967
2.45882416
3.42745137
3.41176510
3.46862745
3.52352953
2.89803958
2.67647052
3.17843151
3.68235326
4.34705925
4.12156868
3.10784364
2.98431373
2.50000048
2.68235326
2.12352967
1.75294137
1.90784335
2.42352986
3.68627477
3.59607911
3.45294142
3.38431430
2.76862741
2.93921638
3.38823462
3.81764746
4.12352991
3.52156901
2.97058892
2.78431392
2.35294175
2.46470571
1.98039281
1.63725495
1.96862781
2.60392165
3.73725486
3.57058835
3.47450995
2.96666694
2.91372633
2.95882368
3.61764741
3.95882392
3.84902000
3.71764708
3.03725529
2.53725481
2.18823576
2.20196128
1.83921623
1.67647099
2.00980425
2.89019585
3.36862803
3.57451010
3.00196123
3.01568651
2.73725533
3.11568642
3.80980444
4.48039246
4.07254887
3.30980468
2.75490236
2.84117651
2.32941222
1.76274526
1.91764736
2.29019642
1.83921599
3.24705935
3.54509807
3.61960840
3.26078439
2.87058830
2.65882349
3.26470613
3.88235283
4.35882378
3.85882378
2.94705939
3.02156901
2.73333359
2.19019675
1.64313722
2.04117680
2.33725524
2.36274552
3.52941179
3.13725543
3.18039250
3.51372600
2.83921623
2.79607892
3.18039250
3.79607844
3.94117618
3.50784326
2.85882401
3.20588231
2.55294180
2.12745118
1.76862788
2.24509811
2.34902000
2.67451000
3.16470575
3.06274533
3.10784268
2.97450972
2.76470685
2.75294137
2.84117675
3.79999971
4.09019661
3.28627491
2.88823533
3.07254934
2.40000033
2.12941170
1.95490229
2.11960816
2.37843156
3.06862783
2.82549024
3.24313760
3.45294142
2.89607930
2.48039198
2.67254925
3.22156906
3.71372533
3.65098143
3.43137264
2.82745147
2.50196075
2.39019632
2.11176491
2.48235345
2.20000029
2.18823528
3.12352991
3.13333368
3.23725533
3.09803963
2.62941170
2.51176476
2.74313736
3.40392184
3.44509816
3.79215693
3.37843132
2.55882359
2.44313765
2.55686307
2.22745109
2.53725553
2.11372566
2.36666703
3.37058806
3.39019656
2.96078396
2.97647095
2.72156906
2.68039227
2.89411831
3.67843151
3.64509845
3.96666622
3.23725533
2.51176476
2.61176491
2.13333392
2.06274533
2.25098085
1.92549086
2.77647114
3.31176472
3.58235335
2.99607873
2.89607906
2.98235369
2.57647109
2.84117699
4.20980453
4.06078482
3.62156916
3.14509821
2.85686302
2.34705901
1.98039234
2.15294123
2.15882397
1.84117711
3.07647133
3.33529401
3.38235402
3.11372614
2.70196104
2.93725467
2.79019618
3.02941275
4.68039179
3.99215746
3.56666708
3.26274538
2.69607878
2.37843156
15.27451038
6.54117537
2.15686297
2.30980420
3.30588245
3.27843237
3.00196075
3.06274557
2.48235321
3.14117694
3.11176467
3.71176505
4.48235321
3.58627510
3.85882378
3.17451048
2.50588274
4.59019613
18.72745132
2.27647090
2.19411802
2.36862755
3.49607873
2.88823533
2.88431382
2.60196114
2.61372590
2.93333340
3.00196075
4.24117708
3.77058840
3.69411755
3.49411798
2.95098090
2.45098042
4.49215746
18.93333435
2.00000048
1.95686293
2.63529420
3.24901986
3.24509788
2.99607873
2.76470590
2.82745147
2.43137288
3.37254930
4.38235331
3.35294127
3.55294204
3.30980468
2.52156878
2.53529429
4.91568661
9.88431358
2.23333335
2.12352967
2.79019642
3.22941256
3.13137269
3.30588245
2.89019656
2.66274548
2.30588245
3.40196037
4.18039274
3.12156916
3.41764760
3.06078434
2.44313741
2.11372590
7.08235359
6.80392265
2.05882406
2.32549047
3.07843161
3.35490227
3.44117641
3.24901962
2.93725538
2.55098057
2.35686278
3.38627434
3.96274567
3.06078434
3.55098081
3.18627501
2.31960821
2.02745128
9.40196133
4.29215765
1.91764760
2.55882335
3.01372600
3.45294166
3.65882349
3.13725495
2.79411769
2.48039222
3.01960802
3.87451005
3.80392194
3.41176486
3.45882416
3.13921618
2.62352943
4.64901972
10.30784321
2.19019675
2.14705896
2.37254930
3.28235316
3.00196147
3.35882378
2.62941170
2.82156849
2.93137264
2.85098124
3.87451005
3.56666684
3.41764736
3.51960850
3.20392179
2.42352962
4.67058897
10.84313679
2.19019651
2.03725553
2.65490246
3.60980368
2.69803977
3.06274533
2.88431406
2.78235340
2.80588245
2.87647080
3.61372542
3.47058821
3.35294151
3.09019661
3.19411802
2.20980430
7.22353029
9.48627377
1.96078455
2.05098081
2.78823566
3.15686297
2.92156863
2.83529401
3.05882311
2.53137302
2.92549014
3.12156916
3.55686283
3.47254896
3.06666708
2.83921623
3.08823609
2.19411826
7.09999990
7.87058878
2.01372600
2.16470623
2.54313755
2.83137298
2.93333340
2.71960831
3.04901958
2.37254930
2.56862760
3.24509859
3.38431430
3.26470613
2.98235321
3.24705935
2.75882435
4.31960773
5.54117823
3.97843146
2.13529444
2.10196090
2.74901962
2.93725538
2.93529439
3.19999981
2.86274529
2.27647090
2.67451000
3.18627477
3.37058806
3.60784364
2.84117699
2.98235321
2.63137269
4.42941189
7.42156839
1.85294151
1.99019647
2.44117689
3.04313755
2.91960788
3.39019585
3.41372538
2.58823538
2.08039236
2.86862755
3.30784297
3.48431444
3.31960773
2.80196095
2.65490270
2.37058830
4.43725443
9.56078529
1.97450995
1.91568649
2.71176481
3.03725505
3.16274524
3.77451015
3.02352953
2.61176515
2.34509826
2.69803929
3.33333397
3.16666746
2.92745137
3.05882382
2.71568680
2.15490222
13.05294037
8.18039417
2.06666684
2.06470633
2.57450986
3.20392156
2.94705939
3.66470623
2.94117713
2.41176510
2.25294113
3.17647076
3.09999990
3.25490236
3.36470652
3.02941203
3.01568627
2.30000043
15.48235226
6.19411993
2.32156873
2.31960797
3.00588298
3.18431401
2.87058854
2.97843170
2.58039260
2.57254934
2.20000029
3.13137293
3.63529420
3.34705853
3.35294127
2.76862741
2.91960835
7.01372576
13.35882282
1.96862769
1.92549050
2.71568632
3.20980477
2.98431373
2.94901967
2.68235302
2.49411798
2.52549028
2.35294127
3.43137264
3.58823514
3.02745152
2.88039231
2.74313760
2.51568699
2.22745132
2.20784354
2.02352977
2.01960850
2.78235340
3.05294180
3.07058859
2.63333368
2.71372581
2.18039250
2.41372538
2.76666689
3.48627496
3.07254958
3.04509807
2.79019642
2.60784340
2.45098066
1.92941225
2.11372542
2.22352958
2.05294156
2.88431382
2.73333383
3.20000029
2.75490212
2.50980449
2.11176515
2.60980415
2.86078453
3.31372619
2.89019632
2.78431368
2.79411793
2.67254925
2.46078467
1.93725526
2.10980439
2.13137245
2.18431401
2.85686326
2.90000010
3.03921580
3.06666660
2.46078467
2.57843184
2.48823595
2.93921638
3.21176529
2.83137274
2.80196118
2.96666646
2.53529406
2.20392179
2.24117684
1.82352972
1.92156887
2.37647057
2.64313769
3.29411697
2.53725529
3.18823528
2.48039222
2.75686312
2.35882378
2.83137298
3.35686278
2.96666718
2.73137307
2.60392213
2.42941189
2.41960812
2.14705896
1.79803932
1.91764736
2.35882401
2.57058835
3.49019599
2.57254934
2.66862822
2.53333402
2.98235345
2.19411802
3.44117665
3.19803905
3.10784364
2.71568656
2.68431425
2.60784340
2.38039255
2.13333368
1.75882399
2.08235335
2.40196109
2.80588222
3.04705930
2.50784373
2.64509845
2.44313765
2.98235321
2.26666689
3.48627448
3.09607887
3.26470613
2.63137293
2.68431377
2.45294118
2.36862779
2.10000038
1.67647076
2.15294123
2.35098052
3.15686274
2.90392184
2.37647033
2.53529453
2.12156892
2.37647104
2.57843184
3.47647142
3.26666713
3.02353001
2.91764736
2.33333349
2.26470637
2.10392189
2.02549052
1.70784342
2.05098057
2.38627481
3.13921595
2.99803925
2.59999990
2.13137293
2.08823538
2.48235297
2.55686283
3.45098042
2.96274543
2.89215708
3.03725505
2.63725519
2.01568651
2.01372552
2.29019642
1.63529468
2.08627462
2.82941198
2.88235331
2.71372557
2.85490203
1.86078465
2.27647042
2.53333354
2.84117651
3.46078420
3.17647076
2.81372619
2.91568661
2.69607854
1.80000031
1.99411774
2.31764746
2.00784326
2.52156878
2.99803948
2.73725533
2.71568680
2.67058825
1.70000029
1.94705915
2.21960783
3.44705915
3.32745123
3.16078448
2.77451038
2.87647104
2.14705920
1.98823535
2.11372566
2.16666698
2.39019608
2.50588274
3.01568675
2.69607854
2.33137298
2.45294142
1.66078448
2.14901996
2.43921566
3.50000024
3.47450995
3.04313731
2.82549024
2.60196137
1.98235345
1.79607856
2.34509826
1.94509828
2.41960788
2.41372585
2.74901962
2.30588269
2.60000014
2.00392199
1.74509835
2.33137274
2.96666694
3.48627424
2.95098042
2.82549071
2.73921609
2.46862769
2.27058864
1.82941186
1.99411786
1.77254915
2.12549019
2.50000072
2.61960793
2.64509821
2.65490222
2.22352934
2.02156854
2.37843156
2.91960812
2.89215732
3.02549052
3.35098052
2.59803939
2.51568675
2.30784321
1.89019632
1.66666722
1.80000031
1.78823566
2.58039236
2.62352920
2.68823552
2.74117637
2.29215693
2.30980396
2.44509816
2.65098071
3.02352977
3.02745128
3.17647099
2.59411764
2.66666698
2.37451029
1.47254932
1.58235312
1.85294139
1.94509804
2.57647085
2.81764722
2.46470594
2.56078434
2.01764750
2.35686278
2.51960802
2.94117689
3.20784354
3.08431387
2.81960797
2.66470647
2.25686288
2.03137279
2.23333383
2.14901996
1.85882413
2.30196118
2.51176500
2.86470604
2.39803958
2.68627453
1.73725533
2.33137274
2.85294127
3.13137317
3.13333392
3.02745128
2.79411864
2.46862745
2.38039255
2.25294185
2.28823566
2.20000029
1.91960800
2.14117670
2.47647047
2.75686288
2.41372561
2.74509859
1.82156885
2.57450986
2.95098042
2.97058821
3.11764765
3.00392199
