24.08627319
29.20980072
27.27059364
28.98234940
27.03726196
26.73529625
26.67450714
27.23529243
27.35883331
26.82156944
26.76274490
25.25098991
26.63921928
26.10196304
28.91372681
28.57059097
28.31371689
23.41176414
28.18431664
26.40980911
27.03725433
26.54705811
25.17254829
26.48823166
28.24706078
28.64117432
26.95882988
27.31764793
24.47254562
26.33137321
25.07842827
25.80587959
26.39999390
24.43333626
23.00196266
24.67450714
23.81961441
22.97058487
23.25489807
21.52352905
23.76470375
24.19411087
25.26666641
24.40392113
25.45098114
22.46862221
23.57450867
21.94705582
23.27843094
22.96079063
22.62549210
21.44117355
18.73137283
22.95293808
21.87254524
20.51960564
19.81372261
21.09411240
20.79019737
21.91961288
22.23136902
22.12548828
21.07843208
20.34705925
19.69803810
20.34509659
21.76274681
22.21372604
21.23921204
17.09803963
23.31372070
20.77058792
19.90784454
19.56470680
19.99804306
19.96274567
20.62353706
20.76666451
21.83529282
19.03529739
18.00980377
17.42548752
18.79999733
21.24313354
21.28431320
21.88235474
18.90000343
23.12744904
22.89411736
19.36666679
19.53333473
19.39607811
20.00196266
21.72549057
20.65098381
22.08039665
19.32156944
17.70000076
16.73725510
16.50588226
20.08431244
20.23725700
21.33333015
21.03332710
17.69215584
24.58039665
20.22549629
20.30588341
19.95686340
20.38431358
21.84117317
21.49999809
21.81372833
21.74706268
18.02941132
17.22941017
16.34705925
18.00000191
19.89019394
20.33725166
21.10588074
15.10196018
24.41765213
21.89999580
20.53725243
20.19215775
20.01176453
21.84509659
23.51372337
20.87842941
22.70196152
18.07254791
18.40196228
16.40588570
16.42745018
18.52941322
19.05098152
20.74705887
17.74705505
19.92940903
22.43333435
20.89019012
20.44901848
19.94706345
21.36666679
23.10784149
22.21176147
21.65882492
20.99411774
17.74510002
17.39411545
15.52353191
18.05294228
17.16470718
19.18431473
18.17843246
17.74117661
23.20195198
20.03333282
19.32941437
20.22941208
20.54117584
22.81961060
21.56471062
20.60195923
21.29607964
19.29411888
18.66274261
16.27254868
17.74117661
15.58039284
16.64313698
18.09608078
15.79215813
25.14902115
20.85882759
18.30980301
20.87647247
21.88235474
21.64509964
20.89019966
19.19412041
20.88823700
21.46274757
18.55098343
17.10000038
15.38431644
16.42548943
14.81176567
16.76666832
17.00784683
24.00195885
24.35098648
18.65097809
19.73137283
24.40392303
24.21961021
22.81569290
20.47255325
20.03725243
20.25294304
20.53529358
17.40588188
15.71372700
16.03725433
14.20391846
16.02549362
16.89803886
19.60588455
28.77452087
24.73333359
18.75882149
27.17843437
25.22548676
27.05294037
23.52156639
22.24705505
19.57451439
21.17450905
18.04706192
15.97843266
15.83529377
13.80195904
14.71764946
16.46862793
13.91764736
26.32548332
27.78627396
24.56275368
25.48039627
26.88627625
28.77450943
26.72353172
27.49214935
22.73529625
21.89804077
20.17255402
15.96078396
14.71176624
13.92548847
13.51372623
15.60196400
15.85098171
17.77843285
27.04706764
29.14509392
25.75490379
26.96863174
26.87647247
28.69411659
27.56666565
29.52549171
26.50196648
23.83725357
16.68823624
16.02549171
13.72156811
13.10784340
15.06078434
15.91372490
17.54509544
27.09215927
26.79803848
28.02745819
25.32941628
23.91568756
26.14117622
28.41371918
30.46862793
29.52353287
28.41372681
20.20000076
15.32549095
14.84902191
13.71960640
13.82156944
16.19999886
15.83921719
27.29215813
26.24313927
25.87059402
26.01176262
24.36666870
24.77647018
26.92744446
30.84902382
26.73529243
28.67842865
26.83921051
16.23725510
16.03529358
12.87058830
13.35490322
15.20000076
16.37843323
23.63725853
25.06666756
25.01764870
27.99608040
26.53136444
25.71764565
25.86078453
28.00196266
24.16078568
23.58823586
28.33921814
21.28627396
15.73921585
13.51372433
12.40000057
13.83137226
15.97843266
19.43332863
25.50196266
26.07059097
29.39803696
29.13921547
25.65490341
25.64313889
24.32941437
21.43529129
19.93333435
23.10196304
26.89608002
16.50000191
14.94509888
12.77058601
13.18235207
16.03137398
15.66274643
26.14510536
26.40980339
29.97058487
30.64313698
26.93724823
25.18234253
23.00980377
17.40588570
16.76274872
21.32548904
24.97843170
19.76078796
15.79803848
13.09019756
12.92353058
15.91764832
14.88823700
20.90784073
28.30783844
28.77255440
31.14313889
27.61960220
23.53528976
21.81372833
16.38627625
17.61568642
19.13921547
18.56470680
24.07059097
16.71764565
13.93725300
12.00000381
13.42745018
15.07646847
15.46274567
27.89215851
26.82549667
31.19804192
29.10784531
23.61372185
21.08823013
16.85490417
18.30784225
16.46078300
15.94509983
23.06862831
18.45490456
15.23529625
12.12352943
11.64118004
15.09803772
13.14117718
24.27450943
25.85097885
25.73137283
30.58431244
24.93333435
20.67646790
18.98235703
16.08431435
17.47254944
16.04509735
16.39803886
22.29412079
15.59999847
13.03529263
11.02941036
13.17646980
12.30784321
18.73137474
26.52940750
23.43725395
25.16077805
26.64313507
21.81764793
19.69607735
15.86470509
21.71961212
16.81568718
13.34902191
20.50196075
17.47450829
13.91372490
11.19607925
11.53529263
13.29803944
13.85489941
24.02548981
22.99607658
20.93725586
25.91961098
24.34705734
20.04705811
18.72941399
22.09608078
20.79412079
13.74313736
14.01176357
21.15097809
15.54705715
11.50392151
10.90784264
12.53725624
13.09607983
18.55294037
22.70391846
17.84510040
21.54509926
26.20000076
22.34509659
21.89803123
23.09019661
24.94705963
15.46470451
13.84313583
20.24902153
16.46274376
12.66078472
9.99215794
11.67843151
12.63529778
15.26078510
21.30392456
17.10980797
17.60588264
24.95686531
24.99608421
22.09803772
23.96274948
24.32744980
23.62745285
16.86078453
15.22548962
18.45293999
14.68235016
10.39803791
9.53333187
12.73137188
13.52745342
17.56666946
17.29215813
16.63921547
20.25686264
25.80195999
22.29411697
21.13725662
25.28235245
26.62940979
22.30980301
14.18039227
16.11372948
15.30000019
11.15686321
9.40784454
11.65098000
11.10980415
15.85882473
16.50392151
16.65882111
17.74705887
23.00588417
22.47254753
20.30784035
25.16862869
26.08627319
25.65686417
15.55293941
14.16274357
14.56862640
12.87647057
9.58039284
9.61176586
11.19803810
13.30588436
17.20980263
16.15882301
17.16862679
20.14117622
20.81176186
20.98627090
23.70196342
23.75490379
26.04313850
20.67451096
12.98039150
13.08235359
15.19215775
9.50784206
9.64706039
11.83333397
11.11764717
16.59412193
16.02745628
17.18235207
17.26274872
18.97843361
20.25686646
20.31568909
22.24117661
21.19999886
23.60784340
14.88235092
11.90392113
14.71568775
11.14117718
9.81372547
9.64313698
11.12941265
15.42745113
17.10000038
16.38039017
16.22156906
18.58039093
17.95882607
18.32941437
21.48823357
16.29411507
23.55097961
17.55097961
11.95098209
13.84117794
13.03725529
9.33725548
9.00000000
11.30000019
11.86470509
18.52156639
16.60784340
16.35294342
18.12353134
17.04706001
17.35490417
18.53137207
16.86470795
18.33529472
20.23137474
12.61372757
11.31372547
15.48823547
10.31176567
8.63725567
10.20588303
10.44313622
17.82745171
17.47646713
17.48823738
16.17842865
18.10392380
15.76470661
16.35098267
15.49215889
15.19804001
21.39411545
12.58235264
11.65686607
15.88039207
12.86078548
8.28823662
8.03529453
9.34117699
14.01961040
18.96274185
18.02353096
17.13921738
17.65294075
15.09999657
16.09412003
14.73921776
14.16078472
17.40980339
15.62744904
11.79411793
14.10980415
14.69019699
8.09215736
7.19215727
9.13529396
10.27647114
18.62157059
18.33725357
19.07058907
16.47255135
16.75098419
15.29019737
14.35294056
13.70588112
13.52941036
18.26470375
11.91372395
11.89607716
16.03137398
10.72157097
6.32156944
7.43725443
8.46862793
15.70588398
19.09412003
19.50196075
16.80784225
17.19608116
14.92745018
15.35490322
13.28431225
12.96862793
17.30784416
12.04117680
11.50392151
16.79607964
12.68823624
7.22549105
6.68431330
7.46274519
11.85882282
18.89216042
19.71372604
17.98627663
17.51960945
15.16274643
15.78627586
12.66274357
13.57647228
13.50000000
13.97842979
12.36078453
16.27450943
14.77843094
9.18235207
6.27450895
7.15686226
8.34313774
17.33725357
19.96470642
18.36666679
16.79412079
17.33333206
14.50980568
13.95489979
13.57647324
12.43921661
17.06274605
13.95882320
15.36470604
16.38039017
11.73529434
6.26078415
7.24117613
7.33333349
13.63529587
20.42352867
18.29804039
16.92745018
17.89999962
15.24509811
16.17255020
13.56862831
11.68431282
14.88627625
19.06862450
13.97451019
17.32156944
15.24313736
7.68823481
6.38039255
7.52156782
8.86666679
19.80980301
17.67254639
18.81961060
16.51176834
17.01372719
16.45490456
14.33529472
12.63333225
12.99607754
23.21176529
16.76470757
16.55686378
16.00000000
9.88627529
5.87255049
7.46470547
7.41372633
17.07058907
18.92548943
17.61764717
16.80588150
17.54705811
14.98823452
16.85882378
13.07058811
12.39215660
17.46274567
25.34117699
16.46470833
14.29019642
13.83529568
6.25882435
6.46274567
7.53725576
13.01176453
19.97451401
16.28431320
18.66666794
16.66470718
14.98235130
17.28431511
14.10588264
12.33333302
13.58627510
25.12549019
21.61764526
15.70784283
13.98235321
7.98235321
5.20196104
6.59215689
9.05686283
19.35098267
17.08823776
20.13333321
15.81568527
15.71568584
15.40784264
15.07450962
12.41960907
12.86666679
17.80196190
26.56666565
20.84902191
10.30392075
12.07450771
5.50000048
5.38627481
7.45097971
15.75882721
18.12156868
18.18431854
18.08235359
16.45882416
13.73725510
16.60980415
12.10000038
10.92352962
13.30980301
23.23529434
26.19216347
11.22157097
13.15882206
6.42745113
4.58235312
6.31176519
10.51176453
18.22156525
16.58431244
20.30588341
15.34509659
14.50980377
16.63529587
14.27843285
10.21372509
11.30196095
16.31960869
24.98823357
16.97843170
9.41961002
8.88431358
4.75098133
5.12549114
6.69215679
17.10392380
17.04314041
19.59019089
17.56862640
15.09019947
14.73333359
18.01568413
11.52549171
8.34313679
14.01568699
20.17058563
23.67647171
7.37843180
9.03333282
5.53725433
4.15882349
6.80000114
12.24509907
17.84313774
18.73921585
20.04706192
15.41372681
13.92745018
18.19607925
14.29804039
7.85097980
11.57058716
16.43725395
23.31961060
12.09215927
7.63137293
5.45294142
3.90000057
5.38823557
7.88823509
17.68038940
17.89411926
20.36666870
17.80588531
14.69019508
16.08823586
18.54706383
8.49019432
8.07058907
14.47646999
20.40392113
18.13921356
6.16862726
5.68627501
4.20196056
3.90784431
6.77254963
14.55686283
18.73725128
19.60195923
19.49215508
16.22157097
14.80588150
19.18235588
11.73725510
6.34509802
11.61568642
16.50784302
21.74901962
6.95882320
6.58823586
3.49411750
3.85294127
5.83137274
10.84902000
18.49215889
20.15098572
19.00391769
18.23333931
15.32941437
17.43333435
16.10392189
6.05882311
8.63725567
13.87647057
21.10196114
10.40196133
7.25490189
3.70392251
3.88823533
4.80196047
7.87254953
16.37451172
21.10784721
19.81960678
18.97058868
16.12352753
15.36862755
17.92157173
8.04901981
6.96274471
11.89411640
18.08235359
15.52549076
6.78627396
5.68823671
3.53725553
3.55294156
6.89803886
13.10784340
19.98038864
21.03332901
19.27058983
17.25294495
14.86274433
16.99215698
11.35294151
7.65882301
9.26078510
15.47646904
18.72352982
7.39215708
7.41568708
3.03137255
3.76274514
5.63137293
9.71372700
18.38628006
22.36274719
19.60980797
18.36274529
15.29999924
14.97255135
15.90392113
7.49215698
9.17647076
12.36470413
19.22549057
9.90980434
7.46078491
4.09019613
3.81960797
4.27451038
7.40588331
16.34313965
20.83921051
20.65882301
19.85098267
16.56666756
14.37843323
16.93725586
9.76274586
9.69803905
10.54117584
15.96862793
13.43725491
6.78627491
5.70392227
3.42941213
3.40784359
6.56274605
13.20980453
18.83921432
22.56470108
18.26862717
17.70000267
14.72549057
16.31960678
13.48823738
8.19215679
8.92941189
13.24509811
16.55882645
7.49803972
7.46862793
3.82549047
3.64705944
4.48823500
8.14313793
19.32941437
21.53137398
17.38235283
17.83530045
16.40196037
15.00196266
16.39215660
8.45490265
7.48235226
11.44313526
16.27647018
10.04117775
6.93333340
5.22745180
4.45098066
2.93529415
8.08823586
14.80000019
19.35294151
19.59803772
16.50588226
16.59019661
15.44117641
17.55490494
11.23921776
6.51764679
8.43137264
14.77058601
14.22941208
7.32549047
5.81960773
5.24705982
3.66470575
5.33921576
10.99411964
19.16666794
19.77842712
15.67058659
16.33921432
16.03529549
16.42353058
15.88431263
5.97450924
6.39411736
13.25882530
15.63921452
8.09803867
7.62941074
6.44509888
3.90000033
3.57058811
7.40392256
16.96470642
19.93921852
16.70196152
15.52745247
16.08039284
15.15293980
17.89999962
9.07254887
4.39803982
10.88627529
16.66078377
9.32353020
7.12352943
7.08431339
5.81372499
2.59803939
5.88039255
13.64117622
19.23921585
16.45097923
14.94117546
16.19019508
14.77255058
17.04705811
12.83921719
3.94705868
7.54509735
14.83529568
13.60000038
6.12549114
8.49803925
7.99804068
2.63137293
4.86470604
8.36274529
18.85882759
17.91568565
15.24117470
15.82745171
15.23725510
15.06666756
16.47254944
5.78627491
4.79411793
11.79608154
14.70392227
7.50588226
7.48431396
9.79411793
4.85882330
2.52352977
6.72549057
16.41176414
19.20196152
15.13725758
16.12157059
16.28235626
13.54313755
17.09607887
10.47254753
3.38627458
9.35098076
14.33529472
9.95686245
5.56078434
10.08039284
8.84901905
2.53921556
5.62353039
11.00196075
20.32745171
16.89411926
15.17647076
16.76274681
15.02156734
15.00784397
15.64313889
4.61764812
6.02156878
13.35098076
11.85882282
6.38431358
8.42156982
10.96666718
5.80784321
3.96862769
6.44901991
19.23137283
20.73921967
14.13921547
16.31568718
16.38627625
15.06666660
16.38431549
7.66078472
4.32745123
11.72745132
13.55686188
7.46470594
7.01960897
10.08235359
10.20980358
1.86862791
5.91568518
13.45686245
21.48431587
14.37646866
15.76470661
16.81372643
16.01568794
16.17647362
11.14901924
4.37254906
7.74901962
14.67058754
10.03333282
6.63529396
7.84313631
11.96470451
4.00196123
4.50392103
8.87647057
19.76470184
18.15685844
14.49607944
16.24509811
16.65294075
14.39412022
14.89411640
5.77058935
5.14509821
13.19411659
11.60392284
7.37059021
7.30980444
11.46666622
7.64117575
3.21176457
5.76078415
18.81176376
20.09608269
14.28627682
16.58039093
15.71764755
14.25294209
15.41176414
8.41372681
3.55882406
11.61176491
12.78235435
9.23333359
6.77058744
9.88235378
11.64902020
2.72745132
5.10196018
13.65882301
20.46470261
15.39411640
15.65098190
16.21764755
15.09215832
14.13725567
11.32156658
4.84509850
6.66666698
14.67450809
10.87647343
7.13137293
9.02941132
13.23137188
5.29411697
3.71568632
7.30588341
19.21373177
17.40784264
14.63529587
16.17451096
15.54902077
13.98235226
13.27255249
7.02941227
4.19215775
13.03725719
12.24509621
7.97450972
8.04117680
11.93333340
10.73921585
2.43921614
5.84509802
16.44313812
19.56078529
13.95882416
16.05686188
15.21568680
15.02156448
14.57058907
9.29804134
4.19019651
9.31764698
12.99804211
8.95098114
6.35098076
11.31764698
13.08039379
3.27647161
5.03333426
11.13137245
21.19999695
15.47058773
16.45882416
14.35686111
15.19608021
14.88627243
12.49999809
6.44705868
5.60196066
13.60980606
10.66274643
7.27647066
9.87451077
12.95882320
5.51372671
3.27254915
5.68039179
20.83137512
17.44117737
14.72745323
16.09999657
14.56666660
15.08235550
14.01568604
10.55686283
4.34902048
12.08627415
11.43921566
8.93921757
8.75490189
11.88627625
8.21960926
2.60392213
5.73921633
15.54901886
20.56078339
13.66078568
17.80392075
13.25098133
16.43333435
14.08235550
10.82745266
7.23137331
8.97254944
12.57843399
9.76274490
8.41960812
9.46470642
11.29803848
4.42156887
4.46666622
9.29215813
21.99608231
16.00391960
15.82941341
15.51568508
16.88823318
13.83137321
12.29019642
10.42941093
5.70980358
13.14313793
10.74902058
7.58431339
10.71372604
11.21176434
7.12745190
3.00392127
6.17843151
20.09803581
19.25686264
14.55686378
17.43921852
15.75098133
15.42549038
13.60196018
12.25686455
6.00980520
11.68823624
11.21372604
9.22353172
10.33529377
10.40784264
8.21568680
4.83333349
5.99803925
14.34117699
23.06862831
14.14509869
15.94313812
17.68431473
16.42156792
13.29999924
12.46862793
8.61372471
9.77647209
12.77451229
10.40195942
8.38627529
11.05882359
9.32745266
7.95294094
3.65098071
8.23921585
23.19411850
18.05685997
14.58627415
19.26274490
16.11372566
12.71960735
12.99411774
12.26666927
10.24313641
11.88823414
11.64313889
8.89411926
10.72941399
9.72941208
10.12156963
3.34509850
6.28235388
18.43725777
21.78039169
14.47843170
17.29804039
17.64313889
14.78627396
12.05686283
13.40195847
12.88431358
12.16274548
11.99411583
10.33137131
9.84705925
10.22549057
9.30980492
5.71764755
5.43333340
11.64117718
23.73725510
15.49019432
15.70588112
18.86862564
15.84901905
12.10588169
12.81176949
15.77451229
14.59999943
12.53725433
10.45490170
8.11372566
11.64313793
9.20980549
7.20980597
3.25686312
4.90784407
23.44314384
19.55097771
14.23333263
18.06862831
15.82941437
14.79215622
11.37450981
16.48039246
19.21764565
12.25098038
10.69019604
9.37058735
8.95294189
9.94509792
9.39607716
2.43333340
6.28627491
16.60980415
22.39999962
12.90980625
16.46078300
16.97058868
14.94901943
12.05294228
14.40784264
21.50392532
13.38431168
12.27451038
10.28039169
6.74117661
9.92156887
10.98235226
3.79411769
5.31372595
8.96078491
24.56862831
16.10980606
15.12156677
16.85097885
16.33725548
13.01176643
11.99411774
19.76274300
16.50980568
12.94901848
9.97451019
7.49803972
9.52941322
8.40392113
6.25490332
3.11764741
5.01372623
22.19803429
19.16862488
14.17843056
17.49608231
16.85098076
14.05882454
12.33137321
15.48823452
19.35490417
13.55882454
11.12353039
8.93137169
6.63529348
7.29019642
7.45294142
3.22156858
4.94705963
15.47059059
22.84510040
12.73529339
17.21372414
17.42941284
15.69607925
11.99215698
13.19607830
19.76862907
14.91764545
12.68039227
10.16274643
6.20980549
6.46666670
7.29607773
3.47843194
3.30000067
9.54313755
25.75293922
14.52156734
15.38431549
18.48823547
16.70196152
13.11960793
12.68627357
17.53725624
17.66470909
11.68431282
10.47451019
8.10588264
5.82352972
6.98235321
4.06862783
3.00196075
7.82352972
20.50588036
19.40000153
13.41176414
18.24117661
17.45490265
14.59019661
11.67255020
14.87451172
18.82157135
12.65490532
10.41764641
9.95882416
4.75882339
7.62941170
4.68627453
3.41960788
5.09215689
15.58235359
23.98823547
12.31960678
16.55098152
17.90392113
15.82353401
11.13529205
12.49215603
18.22548866
17.22548866
9.60588264
10.11960888
6.58039284
5.99215746
6.55686235
3.86274552
4.79411745
9.11176682
25.95686150
14.09803867
14.41568756
18.81764603
16.13529587
12.45686245
11.41960812
17.80587959
19.05882072
11.32353115
10.94509792
9.49411774
5.13921642
6.75882339
3.78431368
3.54313731
7.56470680
19.61764526
20.10391998
11.28039169
18.98627472
16.12352943
13.98039341
11.59019470
14.32549095
20.43921852
14.80980492
10.66274548
11.93529415
6.93333292
6.59803915
4.08627415
2.92156887
5.75490189
12.81960869
25.69020081
10.27058792
15.89215755
18.89411736
15.32157040
11.18431377
12.96470547
19.84706116
18.48823547
11.84117889
12.17647076
9.76862812
5.69607878
4.93137312
5.28823614
4.68627548
7.13529444
25.86862564
13.98039341
12.62941170
20.61960793
16.15098381
13.28431225
11.40980434
16.57843208
20.80392265
13.95490360
12.01960850
13.77646923
5.85686302
6.64705849
6.36666584
4.26666594
5.92745066
18.48039436
21.13529015
10.71176338
18.24510193
18.44902611
14.67450905
10.68039417
13.91764832
22.85293961
17.70195770
11.44313812
15.80980396
9.45882320
8.05098152
6.35294104
4.48823547
5.18627453
8.84313679
28.26078415
10.31960773
14.87450981
20.50392342
15.96666622
12.11765099
12.53137016
21.26666641
21.97450638
12.65098095
13.99411583
14.30588245
8.09803963
5.80588198
6.03529406
4.57451057
6.13529348
24.70392609
15.92744923
12.47647190
19.50784302
16.95098114
14.54705906
11.69019604
17.85686111
23.83921814
16.75294113
13.98039246
16.27647018
9.44901848
6.20196104
7.21764660
4.05490255
5.40588236
15.87647057
22.99215317
11.03921604
16.96666718
18.40588379
15.10784531
11.73333168
14.90980434
23.74902344
20.99215508
15.35294247
17.67254829
12.20392323
8.72941303
6.77254915
4.29411793
4.72156811
7.69411850
27.38627434
12.05294037
14.17255020
19.54509735
15.80588150
13.69215679
12.04901981
21.37842941
24.62156868
15.46274567
18.69803810
16.13333321
11.81764889
6.68235207
5.36862803
4.95294142
7.43137217
20.89215851
17.00588417
12.38431263
18.73137474
16.50588226
14.56078529
11.66666603
17.04117775
25.81372643
18.54902458
18.81568718
20.23921394
13.25882339
7.53725576
5.45294189
5.58823538
6.25686216
13.98235321
23.33332825
12.32352829
15.31568432
18.18627739
15.12156868
13.48235321
13.93137360
24.62744141
23.42940903
17.24313545
21.02745056
14.74901867
9.86078548
6.00588369
5.48627472
6.09019566
8.69019604
25.46470261
14.09411526
12.80784512
19.11568832
15.75098133
14.13333321
11.97843170
22.83725166
25.50392532
17.40000153
20.26666641
18.47646713
9.21176434
6.75098133
5.92549038
5.32156849
7.81960821
18.48627663
19.66470718
12.16078281
15.93529510
17.54901886
15.03137207
12.44705963
17.35490036
25.25097847
20.50980568
19.33529472
20.31176567
9.07450962
6.56078339
6.12352943
5.86862755
6.42549038
11.68627453
23.42744827
13.07254982
14.15882683
17.40196228
15.41764545
12.96666908
12.63529396
24.71176338
23.62941170
18.35294342
19.19020081
12.56274605
6.39607811
6.49411726
5.44509840
6.95686340
8.39019680
21.24509811
16.16470718
13.40588284
15.42156982
16.96470642
12.96862602
11.48627472
19.29999924
25.35882759
18.24509621
18.57255173
15.70196056
5.80588293
7.30588198
6.66862679
6.53333330
6.57058859
14.31764793
20.74117279
12.19804001
14.89608192
15.63333416
15.31176281
10.53725624
13.12941074
25.59412003
20.31764603
18.43137741
16.59019661
7.66078520
7.06862831
7.37843037
6.00196171
5.30392218
10.65294266
21.29019547
14.38823605
12.90588093
12.86666775
16.50392151
11.79215908
11.31372643
23.28627396
21.65882492
17.24117851
16.55882263
10.62353039
6.15490150
7.91568756
5.89215755
5.47647095
8.87647247
17.09803963
17.48039055
11.13921738
11.49804020
13.65490150
14.82353115
11.39803982
17.51764679
24.36667252
15.87058926
18.38235474
11.92745018
6.07058811
7.70196152
6.66862822
5.36274576
5.63333321
11.67254734
20.29019928
12.66666603
10.44509792
10.19999981
16.91764641
11.22549248
13.30392075
23.61372757
17.98431396
17.50980759
14.03725624
7.95294142
6.33725548
6.57058811
5.50980520
3.66666722
9.75098228
18.61372375
13.69215584
9.41961002
8.82156944
14.69803905
13.66274357
12.54117489
20.33333015
21.01568413
15.21372414
17.40000153
8.82352829
5.66274595
7.32941198
4.53333282
4.90000105
7.13137293
13.66470623
16.60196304
10.83137321
7.75294113
11.02353001
15.04117775
11.36470604
16.62352943
22.57842827
14.90784264
16.55098152
10.91960812
6.01372671
7.78431416
4.40392208
5.57451010
4.15686274
9.31764698
17.88823700
13.63529491
6.07451010
7.98823595
15.55882359
11.25490189
14.06274509
20.60588264
17.14509964
15.69411850
11.81764603
7.75882435
6.67058897
5.40980482
4.66470575
4.06666708
7.33529377
14.10784149
14.35098171
8.59999847
6.15294123
12.68039417
13.55490208
11.95490265
18.04509735
19.57058907
15.47843075
13.35490227
9.15882492
5.54509830
6.89019585
4.15686321
4.33529425
5.72156858
10.35294247
14.51372528
11.85490227
5.42352915
8.65098000
14.91960812
11.28823662
15.34902191
20.65882683
17.44314003
13.14509678
10.95686436
7.89019632
6.00588322
4.75882387
5.11176586
4.27058840
5.71764755
15.11176491
12.77647018
6.06274509
5.37450981
14.95882511
12.04510021
12.29019547
18.51568413
20.32352829
12.21960831
13.01372528
10.70980358
5.69215631
4.73333359
5.49607754
3.72745109
5.87843227
12.09999847
12.88627434
8.98627472
4.92745066
9.19804001
13.55490208
11.84902191
15.03137302
19.74705505
14.20980453
13.09411907
11.56078625
8.02745247
4.95882368
5.01176548
4.40000010
5.07058716
9.06862736
13.15294266
13.21176434
3.99215722
5.93725491
13.69803810
10.41960716
12.11960697
19.84901810
15.39803886
12.43725491
12.23921871
11.60392284
4.79999971
5.09607887
6.01764774
3.87451029
5.35294104
14.03137302
13.74705887
6.02941132
4.51764774
11.20000076
11.13921738
10.52549076
16.02353096
19.08431244
11.70980263
13.63137150
12.22745132
6.63333368
5.40392256
6.45294094
4.39411736
4.93921566
10.97646904
11.92156887
9.90980148
4.02941227
7.59215689
11.84705448
10.61764908
13.09804058
19.23725510
13.46078491
13.64313698
11.40195942
10.01568699
6.56862783
8.08235359
5.21764755
4.09215689
6.30196095
13.29019642
12.30392075
3.87647104
4.26666689
11.00196171
10.59019756
12.38235378
16.58235359
16.29215431
12.22941017
13.63725758
12.24313736
6.93333387
7.90000105
10.00784206
3.13333344
4.13333368
12.22548962
11.87254906
6.11568689
3.92941213
8.39019680
11.06666756
11.28823566
14.48039246
18.22549248
12.67059040
13.92157078
13.04902172
7.13137245
9.60784245
11.76274395
4.82156944
4.04705906
8.92352962
11.77059174
9.90980434
3.88627481
5.49019718
12.17058659
10.92745209
13.14313889
19.95882225
14.62549210
12.96666718
13.49019814
9.65097904
9.35490227
10.28823471
8.70588112
3.55686307
4.13137341
13.80392265
12.35098076
4.00392151
3.65686274
11.62353134
10.59803867
13.73137283
17.87450981
18.42941284
12.75686264
14.04313755
11.97058868
6.01960802
11.59019852
11.46470356
3.26078463
4.07647085
10.77843285
11.82941246
7.07058907
3.71372604
8.29019737
12.19019508
12.58431339
15.70392323
19.28627586
14.92352962
13.35294056
11.43529320
8.51372623
9.50784302
11.67058563
6.29019690
3.18627453
7.15490246
12.03137493
10.91961002
3.40000010
4.21960831
14.45294285
11.22157097
14.17843151
19.38039207
16.23529243
13.15489864
11.39215660
11.35293961
6.32745123
10.98235416
9.29803944
2.66274548
3.40588260
12.26666546
11.65490150
4.50000048
3.42353010
12.22157001
11.40588188
12.81372643
18.28039169
17.04117775
14.19803810
12.51960754
13.42745113
5.96470594
9.89019489
10.47450924
3.93137288
3.12156892
8.56862831
10.31568718
6.90980482
3.92353034
6.42745161
13.23529625
12.45686340
15.68627644
17.75686646
15.69215679
12.68627548
13.67451191
8.22745228
7.69607878
10.12352943
7.95293951
2.67058849
5.08039236
11.06470490
8.52745152
3.41176486
2.76862788
14.90784550
10.39019680
13.06862640
18.29999924
15.86470604
14.21568489
13.03333378
11.69019699
5.45294142
9.87058926
10.75882435
3.45882368
3.06862783
10.52156830
9.13333511
3.93137360
3.44313788
11.00980473
11.67058659
11.92156887
16.86274529
15.92549133
15.67450905
13.62549019
14.07646942
6.28431273
9.13137245
11.97451019
5.82156801
3.10588288
7.88235378
9.65294170
6.21568680
2.95098066
3.82549047
18.48039055
8.74901962
14.88235283
16.82156944
16.96862793
14.57058907
14.73921680
8.93333435
7.31960917
11.92352962
9.26470852
2.67254901
3.54901981
11.68823719
8.75686359
2.92549014
2.84509802
14.82156754
10.97058773
11.96862793
17.70588303
17.48627663
16.93333435
15.17058945
11.97254848
5.40196085
10.22941399
11.70980263
3.52549028
3.33725500
9.18039417
9.09019470
4.78235292
2.98823571
8.78627586
15.82745075
9.04313850
16.77647018
17.33529663
18.58039474
16.26470184
13.97255230
5.68627405
8.60196114
11.15882301
7.06470680
2.71372604
6.63725471
9.88039112
7.45294094
3.16078424
2.43529463
17.29607773
10.93529415
13.26666546
19.42157173
20.17647362
16.17255020
15.30588245
7.72549057
7.44509888
9.72549057
10.50980473
3.04117680
3.29019618
10.79803848
9.39607906
3.31176496
2.49215698
11.22156906
14.32745171
12.18235397
18.50196266
20.13333702
18.02353287
15.41764450
10.16470528
5.26862812
9.88039303
10.79019547
4.68431377
2.83921623
8.54901886
9.27254963
5.71176529
2.90980363
5.25098085
16.53529739
11.69607925
17.08431244
20.87254715
21.11372375
15.28627396
12.22549152
6.25294209
8.05098152
9.92353153
7.97451162
2.79019642
5.24117708
10.34705925
8.51568604
2.57058835
1.80980456
14.61568642
13.69215679
14.74313831
20.46078491
22.59020042
16.09803963
14.22941208
8.54705906
6.69803905
9.77843094
10.24901867
3.18431377
3.29215693
9.54705906
9.59019566
4.24509954
2.13921618
8.81176567
15.35490227
11.85098076
20.04706192
23.07058525
19.10784721
14.60980606
9.54901791
6.50588369
9.18039417
11.64705944
4.76862764
3.24902010
7.38627386
9.60196209
8.07647133
2.45490217
2.72549033
15.47058678
12.28235149
15.65294170
23.92156982
22.42745209
15.47058868
10.60196114
7.37647104
8.31568527
12.11568546
8.00392151
3.56862831
3.35686326
10.97843170
11.23921394
3.46078515
2.01960802
10.27843094
14.86862755
12.56274509
21.91176224
24.54902077
16.96666718
12.79019451
8.23725414
7.45686197
12.37058640
11.51960850
3.39607835
3.13725495
8.68039322
11.06274605
6.87647104
2.45294118
5.78235340
15.26078510
12.22156811
17.82745361
25.22352982
20.43333435
14.75294399
9.40196133
7.40196133
11.04901886
13.82745361
5.14705992
2.81960797
5.60980415
10.40196228
11.40588284
2.42745137
2.35098052
13.83333492
12.13725281
14.24509716
23.59412193
22.77450943
15.78627491
12.46078491
8.38431454
9.01176548
13.99607754
8.42745209
2.56666660
3.17647099
9.50980568
12.05294228
5.71764660
2.67843151
7.94705915
12.89019394
11.78823471
20.13333321
24.84706116
17.38039780
13.86078644
10.69999981
8.43725491
12.67254829
10.23333263
3.52156830
3.14313745
7.16078472
10.66862679
10.37254906
2.48823571
4.00980425
11.47255135
10.95294094
14.93333340
24.18823433
20.42352867
13.55098248
13.09019566
9.55882263
11.94705963
10.56862926
5.22745228
3.10000062
4.30980444
10.49215889
11.85686302
4.35098076
2.38823581
8.67450905
10.76862621
11.31960964
20.58823395
22.45490265
14.54901886
14.04901981
10.62745094
10.15882397
11.60784245
6.82156897
2.78235316
3.13137269
8.58235455
10.01960754
9.53137016
2.26078486
5.40784311
10.18627644
10.20392227
16.14313889
23.61372566
17.51372337
13.87058830
11.91961002
8.99019623
10.70392227
8.32352924
3.26666665
3.14509821
5.95686293
9.46862698
11.32156944
3.52941203
2.45490217
9.73529434
10.01764965
12.40980434
20.38627434
20.44313812
14.46078682
11.33529472
10.69411850
10.12156963
8.29019642
5.01176405
3.03921580
3.22941208
9.17843056
10.72352982
7.19999933
1.85098052
6.45490265
9.98823357
10.62353134
16.58039284
21.13725090
15.09215736
13.40980434
11.17843246
8.56274509
9.47058868
6.20000076
3.35490203
2.97254872
7.31372547
9.18627453
10.78627491
2.70000029
3.58235312
9.41764736
9.54313850
12.60000038
18.45489883
17.10392380
14.67059040
10.97646999
9.42745209
9.32353020
7.53137207
3.88627481
2.93921590
5.81568623
8.03137302
11.80588341
8.18039227
1.10392165
8.77450943
8.47647095
10.63529301
15.25489902
18.23137474
14.93137264
11.86666679
10.87451172
6.70980358
8.82548904
4.49019623
3.22745109
3.38235283
7.72156811
8.82156849
13.98235416
4.29608011
5.12156916
10.02745152
8.89803982
13.13333225
17.74706268
15.37058830
13.19019508
12.36078548
6.07647085
8.41764736
5.59411764
3.88627481
3.11764717
5.85294104
7.28627348
14.07255077
13.33921623
4.36078453
10.60784149
7.65294218
9.90392113
16.11960793
16.36078453
14.08431530
12.67843246
8.35882282
6.37254953
7.54705858
3.50196123
3.16666698
4.65686274
6.92156887
9.73725510
19.80588150
7.15294075
8.52352905
9.02353096
7.80784321
14.46862793
17.38235474
15.33529282
13.53725624
9.78627491
5.23725414
8.70980453
4.10392141
3.20196080
3.75686312
6.32745123
7.66862726
14.11176491
14.46470451
8.63921738
10.04705811
7.03529406
13.50588322
17.88039398
16.44705963
14.61372566
11.80588436
6.08039284
6.10980415
5.93137264
3.44313765
3.73725581
6.13529444
5.90196180
11.17058849
16.03529358
12.14117908
9.34705830
7.97450924
9.90588379
17.76862907
18.83333588
14.49803829
14.33137417
8.13725471
4.88823557
6.34313726
3.92941213
3.27647066
3.91960812
6.65882301
8.60784340
12.79411697
17.04313660
10.24705982
8.89215660
7.94509888
17.19411850
19.15098190
16.53529358
13.87647247
11.65490150
5.56666708
5.40392160
4.54705858
3.33921599
3.83725500
6.06078482
5.79803944
12.53333378
15.57058716
14.92156792
7.94705915
6.70980358
13.83333588
18.80980682
20.09215927
13.76274300
13.53137207
7.19215584
4.00196123
4.69019699
3.26862764
3.62352943
5.52156878
6.10588169
8.99607944
12.41176414
18.06078339
7.91372538
7.57451010
9.46666622
18.48823547
22.07647324
14.09412003
12.26078510
9.94902039
4.03137398
3.93529463
3.65882421
3.28823566
4.15686274
7.03333378
6.37647104
11.47058773
16.20784378
10.66274738
7.19803905
6.67058849
17.15294075
19.27450752
18.02941132
11.02549171
11.49607754
6.00392151
3.74313784
3.43921614
3.28431344
4.12745094
6.50196171
5.90392113
9.31568718
14.86862755
12.97647190
5.06862736
6.74902010
13.34117508
17.02548981
20.87059021
12.66666508
11.07254887
9.00588512
3.73921609
3.56666660
3.51568699
3.71176529
5.27254915
6.37647104
7.70000029
12.29607677
14.23137283
5.21568584
6.43137264
10.63725567
15.76666832
20.39019394
16.14901924
10.66470718
11.25490189
4.70784378
3.71176529
3.62156868
3.53921556
3.99607873
6.40784359
6.61764717
11.24705887
13.59215546
6.79804039
4.76862764
8.55686188
15.91568565
18.33137131
19.08823586
10.44902134
13.23333549
8.45097923
3.58823538
3.94509816
3.76274538
3.97647071
5.87058926
6.34901953
9.22941113
12.44313812
7.72745180
3.51764703
6.85294199
14.23137283
18.43921471
20.37451553
12.66274643
11.32353210
12.76862717
4.49411774
3.80000019
3.59803939
3.93333387
4.52548981
7.28235435
7.42156792
11.43137264
8.20784283
4.13725471
4.29803944
12.19215775
19.62745285
18.14509964
16.31764603
9.94117737
13.61764622
8.49607754
3.19607854
3.52352905
3.92745113
4.10784340
7.20588160
6.40588236
10.64902020
8.81568718
4.80000019
3.51176453
9.64509773
18.91568947
20.86274529
16.20000076
9.79999924
13.14902115
12.13725662
3.51176524
3.12156892
3.59215736
4.23725510
6.34705925
6.78627491
10.53529358
10.58235264
5.84313726
3.12549090
6.21176481
17.07451057
23.15882301
16.81764793
11.93921566
11.53333569
12.96862793
5.57451105
3.15294147
3.40392208
4.07647038
4.61960745
8.01176548
7.87647057
12.47058868
9.10392189
5.06274414
4.30392170
13.59607792
22.63921165
20.34510040
13.68235302
8.72156906
13.68627548
9.10196209
3.27843189
3.30392146
3.78431392
4.16470623
7.35098028
7.06470490
12.70196247
8.89607906
13.43529415
3.20392203
9.76666737
19.60391998
23.08235550
15.52548981
9.73137379
12.24901962
11.32941055
4.64705801
2.89803934
3.37254953
4.10980415
5.97058773
7.22352934
10.51568794
11.87646961
16.33333588
4.29411840
6.66666651
17.03921509
23.01176834
18.44314003
11.74509811
9.21568680
12.83137226
6.93137312
2.91764712
3.47254896
3.70196056
4.71960878
7.44313812
6.60196066
14.16078568
17.42745018
10.01372433
3.94117641
13.68039322
22.12157059
21.88431358
13.46274376
8.35097980
11.58823776
8.78235435
3.73137283
3.43529463
3.66078448
4.30588293
6.40588331
6.81372499
12.72745132
15.71764660
15.61960888
4.38431406
10.10392094
18.92352867
23.30588341
16.71568680
9.83333588
10.89999962
11.06862831
4.46862793
3.22941160
3.32549095
4.45882368
5.00392199
7.06274557
9.70784378
15.29411888
20.72157288
5.33333349
6.04706001
15.44902039
23.07451248
18.96470833
13.06666851
10.13137054
12.68823528
5.80588341
3.39607859
3.58431411
4.88823509
4.25490284
6.22941113
7.43921661
14.72745037
19.88431740
9.91764832
4.11568689
12.31372547
20.73333168
21.08235168
15.78627491
9.48039246
12.86078453
8.73137188
3.79411793
3.88823581
5.05686331
4.80392265
5.47647142
6.82352924
12.41176510
15.97647095
14.58431244
5.06862736
8.12352943
17.63137436
22.69999886
15.41960716
12.09411812
12.11176586
11.45489979
5.07058811
3.52941203
4.15490198
5.65098190
4.51372480
7.01372576
9.15098095
15.36274242
17.05882072
6.06274509
5.43725538
14.06078529
22.22745132
17.54313660
14.72352982
10.98627472
12.72156811
6.79411745
3.72353005
3.58431411
6.56470537
4.32941198
6.28431368
8.05294132
13.36274338
15.73725510
8.87058830
3.89411759
11.20980549
18.26470375
20.31372452
15.21568680
11.06470490
13.18823528
8.84117889
4.85098124
3.68431401
6.30195999
4.77254915
5.30196095
7.02352905
10.63529587
12.67255020
11.95882416
4.66078472
6.70784283
14.04117680
21.68431473
14.52548885
13.00196171
12.65098190
12.85686398
5.75882387
4.04705906
6.11176491
5.64117670
4.67058849
7.06274509
8.53725529
12.41960621
10.77843094
5.90784216
3.98235369
11.82941151
18.09412003
17.45882607
13.47843170
12.00392342
14.15686417
9.13333321
4.83529377
4.08627462
7.85098124
4.14313793
6.27450943
8.19019604
11.22745037
9.80588245
7.56666708
3.16862774
9.36470604
12.49215698
20.53529739
13.60784149
12.07843399
15.44509888
12.50784492
5.27058840
3.55294156
8.30196190
4.29019737
4.50784302
7.21764660
9.81960678
12.08039284
7.82549095
5.11372519
5.85882425
10.63529587
19.02745438
14.18431473
12.66274548
14.62353134
15.95490265
6.48039246
4.08039236
8.09803963
4.73529434
4.37254906
5.87254906
9.49019718
12.06666470
10.90588379
5.17646980
6.43529415
10.87843132
13.90000153
17.10588264
12.49607658
12.80196190
17.25294304
9.76862812
5.18235302
5.29803944
6.52941275
4.21372557
4.65686274
7.87254953
10.48235512
11.56274605
9.23333454
7.41568661
10.43529415
10.46666622
19.78823471
11.97451019
11.88431263
17.25882339
13.50000000
6.30980253
3.93529463
6.26078510
4.04313707
4.23529387
6.96078444
9.50196171
11.93725586
9.81176376
6.05882359
10.81568527
10.90000153
16.88431740
14.35294056
12.09803772
16.25686264
16.67254829
8.16274452
4.55882454
5.53725433
4.20784330
4.13529444
5.96862698
9.01372528
10.63137245
10.48823738
7.43725538
11.58235073
10.50392151
12.21960735
17.55098152
11.90588379
13.91960907
17.81568527
10.16274643
6.72549200
4.58235312
5.19215727
4.04509830
4.77254915
8.53137302
10.00196075
12.30784321
7.77058887
9.99215794
10.92549038
10.82156849
17.55294037
12.25490284
12.62353134
15.92941284
13.53921700
8.47058964
4.27647066
5.15686274
3.93333340
4.95098066
7.09999943
10.30392265
12.41764736
8.15882492
6.40980339
12.26666832
10.48823643
14.26666546
16.08627701
11.37647152
16.09803963
14.16862869
10.00000000
6.27255011
4.72352982
4.36862803
4.29411745
5.73725510
9.42745018
9.93725491
10.75098038
5.86078405
11.83137321
9.68235397
10.42353058
18.44902229
12.53725529
14.96078396
14.97646999
10.59999943
9.08627510
4.32941246
4.59607840
4.00588226
4.64313650
8.07058716
10.67254829
11.03137207
5.56862783
8.98627472
9.92941093
9.62745190
16.67058945
14.62745571
13.52156925
16.62352753
10.88235188
9.76862907
5.19411802
4.48627424
4.09803963
4.42353010
6.20392179
10.54117489
10.18039227
6.79411936
5.91764736
11.28627586
8.97254848
12.82745075
17.31372833
11.92548943
16.58627510
12.60196400
9.24117756
7.72353125
4.35294104
4.14509773
4.05882359
4.87058830
8.68431377
10.39804268
8.65686226
5.07254934
11.26274681
8.87254810
10.51764774
19.38235283
12.82745075
14.73921776
14.17843056
9.29411983
10.40980530
4.15490198
4.41372538
3.72745109
4.49215651
6.83137369
11.62549019
9.21372604
5.16862774
8.42156982
9.58235264
10.49411964
16.83529472
16.15294075
13.03725815
14.06078243
10.67646790
11.26470375
5.58235455
3.90980458
4.47843122
4.13725519
5.50196123
9.43725491
10.32549191
7.08823586
5.78039169
10.84509754
9.01176453
12.82352924
19.15293884
11.84509754
14.77843285
12.29804039
9.92156982
8.11176586
4.08039188
4.36470556
3.92745137
4.65294075
8.09019661
11.41568756
8.26470566
4.59411812
10.10784435
8.47647095
10.33921814
19.76666641
15.34313679
13.50980473
13.73725510
9.20000076
10.47254944
4.27647066
4.39215660
4.19803905
3.88235331
6.33921576
10.75294304
9.47843266
5.44313717
7.61568642
9.20195961
9.39999866
17.38431549
20.53725815
12.58039188
13.79411602
10.93333530
11.75686169
5.48431492
4.15490198
4.26470613
3.95098066
5.02352905
8.41372681
11.93529510
7.35098028
5.29803944
10.62353134
7.70392179
13.39215851
21.90196228
15.94901848
13.54117584
12.70588398
11.00392056
8.28235435
3.55294108
3.88039255
4.43333340
4.23725462
6.87450981
12.81764507
9.63725471
5.49803972
9.03137302
7.98627520
8.57843113
20.17647171
20.79019737
12.94509888
14.01176739
10.70196247
10.77450752
3.77647090
4.00980377
4.95882368
4.08431387
5.83333302
9.09607887
12.20392323
8.47255039
8.22548866
9.53529453
6.69215631
15.21176624
21.98038864
15.58431530
15.42353153
12.15882683
10.16274643
6.43529415
3.82745147
5.40980339
4.68235350
4.97254896
7.13529491
13.34313583
11.00392246
7.31372595
11.41176510
7.56470537
9.78823757
21.25490189
20.25882339
14.55490208
15.14901733
9.86274719
8.53725529
3.69411755
5.20000029
4.40392160
4.20980406
6.59803867
10.07254887
14.53333473
9.30196095
10.22745228
10.03921700
7.40588284
18.40784454
22.34117317
15.99607944
17.03529739
10.71960831
10.02549076
4.45098066
3.71176481
4.50392151
4.31764746
5.68627405
7.85098076
14.09607983
11.50196362
11.53725719
11.17843342
8.02941227
12.76470566
22.32549286
19.42156792
16.36078644
11.79215813
10.87843037
6.83725500
3.67451024
4.03333378
4.43725491
4.23921585
7.42352962
12.06666756
14.33921432
12.57647038
11.31372547
8.68235207
8.56862736
19.88823509
21.38431549
15.83333588
13.88234901
10.61372566
9.50392151
3.83137298
4.00000000
4.10784340
4.18039227
6.86274529
9.41176605
14.12744999
14.28823376
13.41568565
9.26666641
6.91764784
16.37058830
20.87450981
18.01176834
13.46078682
11.00196075
11.99608040
4.19607830
3.63921618
4.77254963
4.29215622
4.96862793
9.09607792
12.68039417
15.21568584
15.27647114
11.40980625
6.21764708
11.49607849
21.21764565
19.08627892
13.55686092
10.32156849
12.71960926
6.10784340
3.60588241
4.52549028
4.95098162
3.26470637
7.61568642
11.72549057
15.02941227
17.50784302
11.93921757
8.87255001
7.81568718
19.87059021
20.50784492
14.45490074
11.27254868
11.21372414
8.44705963
3.81176472
4.31176472
5.22941208
3.57451057
6.17058802
10.07450962
14.35294437
16.29803848
13.70784473
11.42549038
6.72745037
16.38627625
20.79608154
15.86078739
11.69999981
11.03529549
10.52549171
4.30000019
3.68823600
5.28823519
4.57843113
3.89019608
9.60588264
12.10784340
15.74705791
14.56274796
12.13725376
7.54313755
11.17058849
20.53725624
18.19411659
12.47058868
10.38039303
11.72745323
5.90000057
3.80980372
5.16470623
4.90588284
3.01764727
7.06862831
11.19804001
14.99019718
17.20392418
10.45097923
10.10980606
7.96078444
19.07647324
20.20392036
14.07058811
10.61960888
11.16862774
8.06470585
4.48627472
4.49215698
5.49411726
3.63333344
4.94509745
9.82744980
13.91176510
17.62157249
11.84509754
11.74117756
6.94313717
15.83921719
19.96078873
16.97843361
10.48627377
11.07646942
10.29215527
6.52156925
3.71176529
5.62941217
4.18823576
3.29607892
8.44705963
11.79412079
18.00784111
14.42156792
10.97843266
8.27058792
11.31960678
19.10000610
18.86470604
11.50196075
10.70195866
10.67255116
7.34509850
5.17647076
5.22156954
5.06274557
2.43725491
6.52549124
10.62941170
16.50000000
16.62549210
10.72549152
11.17058849
7.29215717
18.32745361
20.44314194
13.02156925
10.49803925
10.32745075
7.91764736
7.48823500
4.24509811
5.16666651
2.90000033
4.45098066
9.64117622
14.00784302
18.58235550
12.50588322
12.04706001
6.76470661
14.10980415
19.94313812
16.27450943
10.41372490
10.53137398
10.15294361
8.11568737
4.24901962
4.94902039
3.63725471
2.74705911
8.28627396
12.63333416
18.96078873
15.25882339
10.87646866
8.11960697
10.53529263
18.71764946
18.92745209
11.70588207
10.24510002
12.38823605
7.62745094
5.95294094
4.45098066
4.26078510
2.57451010
5.82352924
10.94313622
17.57254791
18.85686684
10.86078358
11.20195961
7.39411688
17.03529549
18.97647095
13.95490360
9.42941093
14.03333569
8.02156830
8.26470757
4.08235312
4.71176529
2.50196147
3.66470575
9.14705944
15.42941380
20.02353096
14.84313869
12.86078453
7.14117622
14.30980682
16.30196190
17.31176567
10.12744999
11.42352962
12.14902210
9.82745075
4.51372576
5.13529396
2.92941236
2.56862807
8.02745152
12.83921623
19.30391693
18.80392265
12.20980453
11.31568813
11.64313507
15.97843170
16.89803886
11.30392265
10.29215622
14.28431511
11.31960869
6.00980425
4.78039312
3.68627453
2.51176500
4.84509802
11.67646980
17.60392380
20.74901772
14.03137302
14.42549133
8.83137226
16.27058983
14.47254944
14.67647266
10.40784454
13.99411964
12.33725548
8.73529625
3.84705901
4.95882368
2.01960826
2.76274538
9.36078548
15.51176643
20.23137093
18.63725471
13.46470833
9.62941265
15.43137360
14.25686169
16.04509926
11.40784264
12.80392075
13.27451134
10.64313507
4.81568575
4.03725529
2.44117665
2.11176491
7.57646990
13.79607964
19.44705772
20.69412041
14.15882397
11.62352848
12.20784378
16.02156830
14.99215508
13.05294228
13.55294037
14.29999924
11.93529415
6.11764717
3.23921609
2.89215755
2.15098071
3.76862764
12.34509850
18.31372833
21.36470795
17.45686722
13.07255077
8.77254963
16.55294228
14.69215775
14.58235264
14.58235550
14.58823586
13.60784435
8.24509811
3.96862793
2.36862779
1.81372571
2.03725529
9.10980320
16.62941170
20.71764755
20.62353706
15.46470547
9.88235474
13.65686512
15.61764908
15.19804001
15.41176414
15.56470680
13.57058716
9.88823318
5.02549028
1.73137283
1.96862757
2.22549033
5.37647104
14.41372299
19.72941208
21.44313049
18.94117737
12.57254696
10.61764717
16.67058754
14.71764660
16.12352943
15.44705772
14.10196209
11.70980358
5.60392141
2.18039227
2.07647085
2.40588260
3.27254915
11.12353039
18.63725471
20.96666527
20.55294228
16.04705811
9.64509773
16.37450981
14.61960602
17.41176796
16.29607773
13.97843361
12.35097885
7.93333340
3.49607849
1.88627493
2.10196114
1.71960807
8.39411831
16.62941170
20.64509773
20.87450981
18.30980682
11.77647114
14.08823586
16.00784302
18.13529396
16.20784378
15.58235264
11.31764793
10.54901886
4.57254982
2.51176524
1.70392168
1.75294173
6.34117651
13.75490189
19.72353172
21.12744713
19.56078339
13.52156925
12.05294228
15.80000019
16.45686340
17.36862755
16.61372375
11.41176796
11.26666737
6.84313822
2.93921638
1.69019616
1.63921595
3.50588298
10.13921547
19.68627357
20.93136978
19.87451553
15.81960583
11.10784245
14.89215851
14.02352810
19.26666832
15.84313679
13.92156601
10.68823624
8.51568699
4.38039303
1.41960800
1.63137293
1.99215698
7.78823566
16.28627396
20.69607735
19.67843437
17.38235664
12.34117985
12.93921661
13.30784130
18.69804192
16.52744865
15.10980511
9.29999924
11.07254791
6.01568651
1.83921623
1.43137276
2.49411774
5.58823586
11.71960831
20.91568565
19.81176567
17.83136940
15.10000038
11.10588264
12.51176262
16.64509773
18.88627243
15.33725834
9.86078453
10.31764793
7.42352867
3.50000024
1.23529434
2.21568656
3.05490232
9.47451019
18.44313812
20.48235703
18.24902153
16.39411736
10.47843075
11.68823528
15.17058849
20.45489883
16.50980568
12.71568680
8.64313698
7.75686359
4.98431349
1.42352974
1.73137271
3.07647061
7.00196075
14.07254982
20.41960907
19.05097961
18.00196075
12.61960697
10.55490112
11.93921566
19.34705925
18.02941322
14.68431282
7.84509850
7.73137140
6.13529396
2.53725529
1.10392165
2.43333340
4.53725529
11.54705906
20.41176605
19.48235321
18.62156868
15.70196152
9.94509888
10.37647247
16.36862946
18.50784492
15.75882339
10.13529491
6.95490265
7.29411745
2.80392170
0.91960812
1.80000007
2.59019613
10.85490227
17.02352905
21.15294266
18.18235779
17.83725739
10.30980301
10.59019566
12.45294189
17.71569252
16.60784149
13.04509830
7.80784321
6.11568689
3.87647104
1.47451019
1.84313738
3.56274533
8.02941227
14.37647152
21.50784302
19.64902306
17.80980110
13.59607792
8.99019623
9.83921719
16.59019852
18.35686684
14.32157040
7.80980396
6.23921633
4.38235331
2.08235335
1.18627453
4.28039217
4.19215727
13.08235455
19.06862831
22.15686035
18.04509926
15.82549191
8.86666584
10.38823509
14.34901905
17.62352753
14.64509678
9.09019661
7.88431454
3.62549043
2.19215703
1.25686312
3.70980382
3.00000024
10.47843075
16.64313698
20.84313583
19.54902077
16.89608002
10.54706001
8.39999962
11.83921528
17.14117813
15.64509964
10.92549229
7.79215717
4.42941189
2.38235354
1.56078494
3.77451015
4.10392189
6.42549086
14.53921700
19.62941360
21.68431091
17.37254906
13.54902077
7.27254820
9.61372757
16.00784492
16.84313774
13.10196018
6.71372509
5.99803877
2.81764698
2.05882382
3.21764684
5.61372614
1.78235304
13.66470623
19.29411888
21.17451096
18.48627663
16.58627510
9.38039207
8.77451038
13.47843361
17.11764908
14.37450981
8.40980434
6.03725529
3.13921642
1.61568666
2.70392179
5.84117651
2.39607859
9.10980511
17.00196075
20.87843323
21.03137207
17.94901848
12.00784111
7.73333311
11.84509850
15.77647305
15.24510002
10.72548866
6.05490160
4.50000048
1.92352986
2.46274495
4.91176510
2.97254920
3.95098066
15.72353172
19.07254982
21.99607849
18.38823700
15.16666603
7.98431492
10.00980377
15.13529491
14.33333206
13.37647057
6.95882273
5.81372547
2.89019656
2.71568656
3.00980425
3.37450981
1.61764765
12.08627415
17.44509697
19.61568451
20.32549095
17.59608078
9.51176453
9.29607964
14.50391960
14.30980301
14.07451057
8.94705868
7.41372585
3.54705930
2.65294147
2.77451015
1.85686302
2.09411812
6.71372557
16.93333435
16.85882378
21.71176529
17.50392151
13.66863060
8.22156906
13.42549229
14.89803696
12.14509773
10.38823605
6.87254953
5.07647085
3.07647109
2.23137283
1.27843165
1.78431380
2.49803948
14.68235207
16.95490074
19.70196152
17.97647095
16.90980530
8.08431435
12.16274548
16.15882301
12.33333492
10.86078644
7.03921604
6.84313631
2.81764722
2.77450991
1.75098062
1.03529418
1.98823547
9.90392303
17.17255020
17.31372643
20.05882454
16.83529663
10.73137188
10.11176491
17.46470451
14.24117851
8.98235416
8.19607925
7.24117756
3.74705911
3.25098014
1.29803956
0.97058845
1.87451005
4.17843151
17.55097961
18.35686493
19.68431282
16.58235359
15.24705982
8.25294018
17.56666756
19.27647209
9.80391979
9.04901886
6.85098028
5.83921623
3.05294132
1.40000021
0.84705901
1.33725536
2.14901972
12.61176777
19.07451248
19.32941055
17.28235435
17.50588226
9.25686359
15.23333359
21.81960869
12.74510002
10.46666622
7.49999952
6.86274529
3.04117680
1.69411778
0.41372550
1.52156901
1.86470604
4.81372547
19.80392265
18.48823547
18.83529472
17.21176529
11.88431549
12.05097961
20.33529282
15.69608116
9.78823662
8.67058754
6.84313822
3.62745094
2.57647085
0.71764725
1.75686300
1.58823550
1.87254918
14.85294151
18.36862946
19.86078262
16.94705963
15.40980530
9.74117565
16.90784264
14.90980625
10.80980206
10.51372528
6.23137331
4.85098124
2.42156887
1.64509857
1.17450988
1.93137288
1.51372576
6.54901981
19.90196228
18.62549400
17.44902039
18.05490112
9.13333225
14.24509811
13.01372528
11.81764889
11.54509735
7.33333302
5.87647104
2.12941217
2.48039269
0.94117677
2.00392199
1.60392189
2.69215679
17.00588417
17.33333397
19.32156754
17.36078262
12.82745361
11.23333168
13.03725624
10.80588150
12.68823528
9.02941227
6.75098133
2.76470613
2.01372600
1.80784309
1.37843144
1.30980420
1.94117653
8.85490227
19.92548752
19.06470490
17.83137512
15.14901924
8.74117756
12.05294323
9.71372795
11.98431492
11.01960754
7.04509783
4.06862736
1.91176498
1.50980389
0.97254944
1.45294142
1.72549045
3.39411759
18.11764526
19.18235016
18.94117546
16.70000267
9.77647018
10.06666660
10.53137302
9.50980377
12.26862526
7.90392256
5.42548943
1.94509828
1.92156911
1.07058835
1.11568642
1.30980408
2.51960850
10.65294075
19.99803543
21.20588112
17.72745132
12.52941322
8.07647228
11.57843208
8.70000172
12.36666489
9.17255211
6.46078444
2.13921618
2.52352977
1.42745125
1.03725505
1.23529434
1.71372581
4.68431377
20.30000114
21.29803848
17.56078720
15.26078320
9.11960697
9.95098114
9.65293980
10.60196114
11.96274567
7.36666727
3.68431401
2.30784345
1.94313753
0.75686288
1.14313757
1.99019623
3.08823562
11.11372471
24.06078148
20.98431206
15.45490456
12.58039379
7.14705896
11.78039360
8.22156906
14.11764812
8.87254810
5.48039198
2.84509850
2.47843146
0.44509804
0.63333350
1.40000033
2.15098047
6.10588264
22.22352791
24.45685959
16.02548790
14.86862755
7.19215631
10.83921528
8.63529396
12.62353039
9.24509716
7.06274605
2.63333344
3.08235312
1.54509819
0.39411765
1.00588250
1.45686316
4.16666746
13.64706135
26.26275063
19.30784416
15.52744961
9.83137131
7.02352953
11.53725529
8.64509773
9.60588264
9.41372585
3.69019651
2.71960783
2.09411764
0.60392171
0.86078441
1.41764724
2.35490203
8.55882359
22.20392418
23.09999847
15.33921432
13.70784378
5.74313784
10.32352734
7.97451019
8.19215679
11.14509964
6.95294142
2.43921638
2.75490260
1.10980427
0.67450988
1.32352960
1.55490232
6.74509811
14.48235321
25.90391922
17.43529510
14.52352905
6.55686331
7.59019661
7.73137236
9.64509773
12.65882301
9.26274490
2.97647095
2.69607902
1.64313757
0.45686275
0.93137270
1.69411778
4.25097990
11.47058773
22.09803963
21.58430862
14.43137455
8.66470528
6.42549086
7.70784330
9.33333302
10.10588264
13.06666946
4.44901991
2.69607854
2.17450976
0.61568654
0.66666675
1.35686278
3.03725481
9.41372585
16.31960869
23.92352867
16.47646904
11.24901962
5.31960773
8.89607811
8.59019661
8.47647095
12.55686378
6.85686255
3.11176515
2.66078472
1.11960828
0.43725491
0.79215693
1.76274538
6.37647057
12.58627415
22.39607811
18.69215584
13.14509964
6.25686312
8.38039112
9.29607773
10.23921585
8.31764698
8.15490150
4.01568651
2.90980411
1.63137281
0.45490196
0.38039216
1.17254925
4.21960783
10.30784416
17.14706039
18.47451591
14.10784149
9.21176529
7.16274595
8.20980453
11.23333263
8.64902020
7.39019585
5.35294199
2.76274538
2.39803934
0.83921605
0.66666687
0.70196086
2.65490198
8.73137188
12.75882339
18.58627892
14.22352886
11.50000000
5.63529396
8.32549000
9.32549000
9.87058830
6.33529520
7.19215775
2.68823576
2.83921599
1.66470611
0.99215698
0.96862745
1.22549045
6.68823528
11.08627510
15.79215813
14.29804039
12.77646923
7.00980330
6.56274557
7.81568623
10.64705944
7.48039246
6.86274576
4.34313679
2.74117708
2.42156887
0.79607844
1.63137281
1.42941201
3.84705901
9.03725624
11.53921604
16.51372719
13.55490112
9.26862717
5.18235254
8.21568584
9.03921509
9.51960850
7.72352982
5.51176453
2.24313760
2.88039207
1.11568654
1.71176493
1.26274538
2.23725510
6.24313784
10.13725567
15.18235302
14.17058754
11.70784092
5.01764727
7.52549028
9.08627415
10.26666927
7.69607925
7.70784283
2.53725505
2.72941184
1.75882399
0.80196083
1.43529451
1.66666687
3.45490217
9.06666565
12.15294361
14.04313755
12.85490227
6.20588303
5.99411869
10.18039322
10.61764908
7.50196123
8.79607868
3.25490212
2.88627481
2.71372581
0.59411770
1.13137269
1.40980422
2.82745123
6.81176472
11.77255058
14.20784283
12.43725586
9.10000038
4.70784330
8.41764832
11.21176434
8.00000000
8.75490189
5.84313774
2.96862769
3.60196114
1.34902000
0.77647084
1.24313748
1.59019625
6.54901981
10.29803848
13.42941284
12.42745018
11.19411564
3.94901943
7.68627501
10.71176529
9.47059059
7.32549000
8.45294189
3.90980387
3.19607854
3.29411769
1.03921592
0.80392170
1.22156870
5.25294161
9.21372700
11.39215755
12.71568584
12.18431377
5.21960783
5.53137207
10.15490055
9.40000057
6.69999981
9.88431454
4.21176529
2.32549047
5.11960745
1.98823571
0.88823551
0.98235309
3.38431382
8.58627510
10.09607887
12.31568623
10.96470642
7.82156849
4.37254953
7.44509888
8.85490227
9.13137341
8.97646999
5.39411831
3.00784349
5.13725471
2.79411817
1.17843175
0.91764712
1.50784326
7.27647066
9.53921604
12.19607735
10.51764774
10.19215870
4.46078491
6.22549057
10.22353077
9.91568756
8.80784321
7.85490227
3.55686283
3.89215684
4.03921556
1.31764746
0.89411795
0.96862757
4.72549057
9.31372547
11.48627663
11.59803772
9.65294075
6.92352867
6.82549047
10.14705944
9.82745171
8.88823605
12.40588284
4.60784388
3.39411807
4.72941208
2.44902015
1.19803929
0.93333352
2.10196090
9.13921452
9.34313774
13.05686378
9.58823681
8.48431301
5.20980501
10.93921471
12.47254944
8.93921566
11.93725586
7.45686293
3.18823552
5.61960793
3.16666675
1.28823566
1.39019656
1.37451017
7.21176529
9.31176376
11.32353020
10.52744961
8.97058868
6.53137302
9.40588188
10.81176567
9.17058754
10.65294075
9.91176414
4.86666632
5.46470594
4.56274557
1.97451019
1.01960814
0.85686290
3.25882316
8.90980339
9.91568661
12.76666451
9.42549229
7.50980473
6.00000048
8.74313641
8.45882320
12.32745171
11.52156830
6.81372547
4.36862707
4.98039246
2.54902005
1.05098069
0.82941186
1.47843170
7.36862707
8.69019604
11.94313812
10.79607964
8.45882416
5.72941208
6.94902039
6.95686340
14.12548923
14.78823376
8.27254963
3.60000014
4.09999990
3.52352977
1.04705918
1.07647085
1.19803941
5.02352953
9.20980263
10.32745171
11.47254848
9.40588379
5.88627386
6.57254839
7.90392208
11.22745132
15.66666794
9.04509926
4.52745199
4.84705973
3.69999981
1.03137267
1.04509819
1.19019616
1.78235316
11.43137455
9.10588360
10.96862602
10.29608059
6.92745209
5.55098057
7.93921614
7.69607878
13.92745304
10.76078510
6.00784349
6.32941198
3.12156892
1.60784340
1.00392175
1.05490220
1.51960814
8.59803963
12.31960773
10.88039207
10.96078300
8.71960926
4.26470613
7.08235264
8.19803905
9.37647057
11.10000229
6.64705896
5.61764717
3.59215736
3.02745128
1.27843153
1.14117670
1.42745137
3.35686302
14.75686264
11.80000114
12.36470413
9.88039017
4.62156820
5.15294123
8.08431339
6.59019613
12.41372681
6.55882311
4.58627510
5.22549057
5.87450886
2.00392175
1.53137302
1.08627462
1.82156897
9.30784321
14.46666622
13.71960831
10.52548981
6.52745104
3.66470623
6.33529472
6.73137236
9.13137245
8.23333454
5.68039274
4.34509897
7.54901886
2.97058845
1.24509823
1.00196099
1.60392189
4.10392189
13.97843170
14.35686111
11.47254944
8.08235264
3.40784311
4.94509888
6.88235426
6.45882368
9.12549019
6.78039217
4.00980425
5.54901934
4.48823547
1.94117653
0.83333349
1.20980418
2.47843146
9.43333340
15.11568737
12.71176529
9.33529568
5.00392151
3.91176510
6.21568632
5.96078444
9.31960773
6.83725643
5.40784311
2.98039246
6.25294113
2.47843122
0.88235319
1.38823557
1.16078448
5.79804039
14.15686417
13.76863098
11.35686111
5.75490236
3.07451010
5.14509821
6.86274481
12.53529453
6.46078348
7.51960850
3.38039231
5.32353067
4.20784283
1.21764731
1.10784340
1.17254925
2.92352986
10.12941265
14.89215469
12.48627472
7.27058840
3.44902015
4.38235283
6.79411840
11.35098171
8.90392113
8.30784321
5.67058897
3.34117699
5.22549009
2.09411812
1.22352958
1.37647080
1.50784338
6.42548990
13.25490284
14.36274624
9.35490227
4.12745094
3.32156920
6.09607792
7.45686245
11.85490322
7.88431358
7.25686216
3.71176577
5.50196123
3.14313769
1.15490234
1.34509838
1.39803958
4.74509811
10.70196247
13.98627281
10.61372566
5.97058821
2.56470633
5.03725576
6.96666622
11.46862888
6.84705925
7.02941179
5.62353039
5.58235312
3.70196080
1.75490224
0.90000010
1.22745109
3.03529453
8.23137283
13.92940903
12.82745075
6.44509840
3.54117656
3.50588274
6.56470585
9.79215622
7.92156839
9.44509983
6.57647085
4.34902000
5.76470709
2.72353005
0.61176485
0.54901963
2.23725510
7.20392227
14.21568680
13.87058640
7.76078558
4.68039179
2.80980444
5.93137217
7.37450886
9.76862717
10.72353077
9.20980358
4.71764660
5.88627529
3.79607916
1.17451024
0.66666675
0.75490206
7.43529415
10.72549057
14.80980206
10.97842884
5.66274643
3.50000048
5.12352991
7.08823586
10.35686398
8.81764793
9.36078358
7.40784359
5.40588284
3.49411774
2.17058849
1.13725507
0.87450993
5.40980339
7.90784311
15.35882187
12.11372662
8.65490150
4.30392218
3.73921609
8.56078529
9.18627644
8.37843132
9.49803829
10.11372662
4.52156878
3.58431387
2.88431406
0.76470602
0.97451019
1.53529441
9.39019680
11.54313755
14.40587902
10.37647057
5.62548971
3.48039269
7.54313707
9.66470528
11.71764851
7.95490360
11.06470490
5.77843189
3.78235292
3.15294170
0.67647088
0.87058842
0.88627464
7.37843132
8.90980339
13.51568604
9.81372452
7.88627481
3.88823509
4.33137274
10.62352943
11.82745075
10.26666546
10.99411774
8.22549057
3.50980449
2.95490193
1.54313743
0.60784322
0.61764711
4.00196075
10.45294189
11.45490456
10.01176548
8.49607944
4.62745142
4.23529434
9.55882359
10.00392342
12.88039303
9.27254963
10.73529434
4.36274433
3.39019608
2.20000076
0.57843143
0.85686296
1.43725502
10.00588226
10.03137302
10.75097942
9.31764698
5.50784302
4.57843256
7.35490179
9.31960773
12.60980415
7.71372557
9.73529434
8.01176548
3.25294185
3.19019628
1.03529429
0.76078445
1.07254934
6.73529434
11.47647190
9.81568623
9.41372490
8.55882454
4.16274452
6.59607792
9.87058830
11.85686207
8.25686264
7.69215679
8.41176414
4.57450962
4.74509859
1.69019604
0.81372559
0.99411780
2.35098076
11.60000229
10.58039284
10.47451115
9.47843170
5.21176529
4.79803896
10.90784359
13.95490551
8.34117699
7.60980320
7.09411764
6.58039284
6.15098095
2.50980449
0.93529433
0.77647072
1.77254915
7.84902000
11.34705925
11.32549286
9.34313774
7.94509792
3.23921633
8.94313717
16.94313812
11.47254944
7.05490112
7.60980415
6.69215775
5.83529425
3.86274505
1.80588281
0.91764730
1.43725526
4.16274548
10.72549057
11.62744999
9.60000038
9.88235378
4.39999962
6.48039246
15.95294189
15.42548943
7.62156868
7.84705782
6.66078472
6.35882378
4.01764727
2.48235321
1.07451034
0.78039235
1.98823571
8.96470547
10.73137283
11.43921757
10.07450867
6.93137217
4.21372604
12.45686436
16.86666679
8.99411678
7.49803925
6.72352982
7.80392075
3.92549014
2.48039222
1.35098064
0.70000017
1.74509823
5.65686274
10.02156830
11.55294132
10.09019661
8.71568680
3.58823586
9.45098019
15.88823605
10.32548904
7.32941294
8.40588284
7.86274481
4.52352953
2.68823528
2.09019661
1.17254925
1.19607866
3.24705911
9.20392227
10.97451115
10.82549191
9.94705868
4.27254915
5.78823614
14.63921738
12.68431377
7.45686245
8.42549133
7.71960783
5.58235359
2.97254920
2.11372566
1.21764767
1.26862776
1.54901993
8.07254887
10.37450981
11.34509850
11.43921375
4.81372595
2.90196061
12.79607964
15.55882549
8.08431339
7.62548971
7.80588388
5.26274538
2.99019623
2.44313741
1.71176493
1.40392184
1.52549052
6.15882301
9.44509697
10.34117699
12.63333511
7.25098038
2.46666741
10.57843208
15.25882530
10.44902039
6.80392218
6.96666718
5.43137217
3.50784397
2.15294123
2.11960793
1.45882380
1.61764729
2.43725538
10.11960793
9.22941113
13.00784016
9.22352886
3.96470594
5.62745190
14.81176567
14.74117756
7.58431387
6.73333359
6.78235340
3.08039236
2.70392132
2.58627510
1.73529434
1.47843182
1.67254949
8.27843094
8.67646980
12.53725624
11.03333378
4.87058926
3.28431368
13.38823223
16.80784416
11.29019928
7.59999895
7.41960859
4.17843151
2.72941232
3.00196147
1.70000052
1.51372588
2.00784326
4.41372585
9.43137169
10.79411697
12.49411678
7.08431339
3.20784354
9.35882473
17.48431396
14.15490246
8.20392227
7.79999876
5.78039360
2.84117675
3.00000024
3.23725510
1.69411767
2.09019613
1.98823547
8.39215851
9.46078396
12.60980415
9.76078320
3.69215703
6.37450981
14.15294170
17.26862907
9.91568661
8.66862774
7.04313803
3.47254920
2.84901953
4.85686302
1.88431394
1.36666679
1.90000021
5.93333292
8.78039265
12.07647133
11.11960602
5.57843113
4.17843151
11.59607887
17.66274643
14.78039169
8.01568604
7.33725452
4.30196190
3.82941198
4.40784311
3.87647080
1.54705894
1.43333364
3.29019642
9.00000000
11.04901886
11.56470299
7.47058773
3.73333383
9.39608002
12.30000019
19.34705925
9.53137302
8.50980377
5.92941189
3.00980425
3.74117637
6.17451000
1.95098054
1.49607849
1.58235312
7.80196095
10.15294075
11.92549133
8.67254829
5.71960926
7.37450981
10.39411736
13.18039322
13.47058773
9.78431511
6.97255039
2.95098090
4.00000048
5.99607897
3.37255001
1.34705913
1.71960819
5.16470671
9.30784512
12.06862545
10.42941284
8.19803905
4.76078463
10.86666584
6.85098124
14.77647018
9.11960793
10.01568604
4.22745085
3.96274543
5.26078463
5.50980377
1.38235307
1.72549033
2.64313745
9.22745228
10.94705868
12.06666756
10.33137417
5.56078434
9.67843056
6.74705935
9.37843132
11.91764736
10.24901962
6.60980415
4.22352982
4.89215755
7.29803896
3.05490208
1.51764715
1.70392179
7.10588264
9.95490265
12.94313812
11.38431549
10.76666641
7.41764641
6.63137245
7.33725548
13.27059078
9.16078472
8.42353058
4.11176443
5.50392246
7.10980320
5.44901943
1.74901986
1.85882378
4.23921537
9.24705887
12.05294037
13.62745094
14.06666660
8.38039112
6.88431263
6.58823538
10.10000038
10.66862679
8.36078453
4.45882368
4.25098085
7.07058668
8.04117584
2.87843204
1.43725526
1.63333356
10.09804058
10.36274624
13.22549057
18.11960983
11.50588417
7.46666527
4.98039246
6.25294065
11.25490475
8.72352886
6.64705944
3.15098047
7.80196142
9.58823776
4.60392237
1.50000072
1.52156866
8.17843056
10.57058811
12.05098152
19.04901695
14.16862965
8.93137169
5.35294104
5.34509754
6.72156954
10.83137226
9.24901867
3.61176515
6.98039246
12.10000038
6.40980434
2.27451038
1.39019632
4.75686264
13.22548866
11.28039265
16.51176453
17.18823624
10.19215679
6.10784340
5.56862736
4.95686293
10.17254925
12.27843285
5.33529425
6.11176491
13.61176586
8.49215889
2.86470628
1.32941210
1.86470604
13.08235264
12.32156944
14.15294266
18.96078682
12.30391979
7.52156782
4.99803972
7.86274433
7.09411716
13.88431358
6.87647104
4.64313698
11.82549095
10.93529510
5.03137350
1.59803951
1.51372576
8.11764717
14.57255077
13.11568737
19.10000229
14.57647038
9.56862736
5.68039227
8.81764698
5.54313755
10.94705963
7.51960754
4.53333330
9.53137302
12.16862679
7.95294142
2.33137298
1.48627472
3.17843151
15.01176453
13.96862698
16.83333588
15.81176472
11.48039246
6.97254944
5.79411793
8.33333302
6.12352943
7.29411793
4.58627510
7.97647142
13.28823471
9.90000057
3.97058845
1.67647088
2.29019642
10.01764679
15.39607906
13.81568527
15.99411774
14.62745190
9.08039188
4.69019556
6.79803944
6.08627415
8.03137207
5.32745123
5.20784283
13.16666508
11.68823624
6.85882521
1.40980422
2.17647123
4.35490227
14.47451115
14.08627510
13.65882206
16.35294342
13.14706039
5.49804020
6.25294161
6.99803877
8.43725491
7.06274605
4.20196104
10.95686054
11.95294189
8.81372643
1.94509852
2.26470613
2.00392175
9.44509697
15.14902115
13.89215946
16.30195999
15.34902191
8.63921452
5.23333359
7.32941151
8.89019680
7.76274538
4.61764717
8.40784264
11.20000076
9.80196190
3.24705887
1.82941198
1.66666675
4.46470642
13.84117603
15.50000191
14.20784473
17.62549210
12.15098095
5.25098038
6.86470604
8.26470566
7.44313765
6.13725615
5.93725491
11.28431416
9.39803886
5.03529358
1.47254920
1.68627465
2.71372533
8.68235397
17.10000038
13.69215775
17.55882454
13.63333416
7.74509764
4.60196114
7.38627434
7.61764669
8.39411736
5.38235235
11.16470528
8.21960926
6.66274500
1.66078484
1.70980430
2.05490208
4.76862717
13.60588264
15.08235550
13.50784397
16.09412003
10.79019642
4.87450933
6.28627491
7.74509811
7.64902067
7.91960859
9.73725414
7.24509764
7.38235188
2.45882392
1.40980399
1.42941213
3.91176462
7.93725491
13.39019585
11.22549057
15.11176586
12.27058792
6.89803934
5.21960783
7.26470518
6.68823576
12.72745037
9.98235226
8.10784245
6.82941055
3.55294132
1.28039229
1.22745144
3.78235340
5.07647085
9.46470547
11.01372719
10.16078377
14.14117813
9.68431282
4.71372604
6.65294123
6.92352915
13.98235321
12.85097980
11.34313679
4.91764736
4.33529472
1.74313736
1.65294147
2.30784321
6.36862707
5.80588245
9.50000000
9.18823433
12.49804115
11.77647114
5.53725529
6.62549067
6.66470623
9.35098076
16.65098000
13.29019737
4.10196114
4.34117699
2.17254901
1.65686297
1.80000031
6.18823528
5.09215689
7.98235321
9.09999847
10.27254868
12.67843246
9.58627510
5.56666803
6.48823500
6.98235321
15.77058983
15.00196171
6.09215784
3.20784307
2.97450995
1.28627479
1.33725500
2.15098071
8.86274719
6.63921547
8.08431435
8.87058926
11.85294151
12.67450905
7.76078463
6.01176453
7.56274509
9.96078396
15.91176319
9.87058926
3.28235316
3.01176500
1.48431432
1.54117692
2.02549052
7.77647161
7.17647076
7.64117622
8.10000038
10.92941189
12.95098114
12.73725605
6.62156868
7.80980444
6.34117651
13.61568832
12.38234997
3.62745118
2.87843156
1.78627479
1.82352984
1.76470613
3.59019637
8.88235283
8.01372623
7.48823452
11.45490170
9.74117661
15.80000019
11.18431473
5.95882320
6.82352877
8.74117661
14.34117603
5.09411716
2.50196099
2.44509840
1.68235314
1.57451010
1.75098050
7.06078434
8.10784245
8.15293980
11.89608002
9.27451038
14.47646999
16.40196037
6.16666698
5.75490236
5.60000038
13.99804115
7.39803934
3.80784345
2.74901962
1.75294137
1.63333368
1.75686312
4.52941179
8.16078377
8.25294113
12.97058868
9.47647095
8.85882282
17.49019623
10.94705772
6.45098114
4.94705868
9.13529396
10.94706059
4.58823586
3.56470633
2.03725529
1.61960828
1.68627465
2.64705896
7.82745123
8.63921642
10.48431396
11.89019394
8.30980396
10.62745190
17.65686607
8.30784225
5.38235378
5.57843161
11.83529377
5.20588303
3.95490241
1.94509852
1.29411781
1.60196102
1.56470609
6.53137159
7.92156744
9.40784264
12.59608078
8.51176453
7.12941170
14.79411697
14.52548790
6.95490170
4.54901981
10.30588341
6.11176395
4.35490179
2.28235364
1.45098066
1.31176484
1.47451007
4.97254896
7.24705839
10.41176510
11.00588417
8.97058868
6.61372519
9.07254982
18.71372986
9.71568489
5.25097990
6.39803982
9.73137093
4.33921528
3.03137255
1.41764724
1.84313750
1.51176500
1.68627477
8.68039322
9.74901962
9.72156906
10.31960964
7.59411812
7.54313803
12.13725567
14.69607925
6.60196066
5.03333282
8.96470547
5.09411764
4.56078434
1.48627472
1.61372578
1.91568673
1.86274529
8.13529587
8.13921642
8.92156792
11.52941132
7.90980339
6.40980387
8.70392132
12.93137264
9.95294189
5.85882330
6.87254858
4.68627501
5.52548981
2.74509859
2.02941203
1.65490210
1.95490229
4.95490265
8.91372585
8.45098019
10.91176414
8.67450905
6.96274471
7.63333368
11.32352829
10.71960640
7.69803905
5.80980301
5.41176414
5.25882244
4.60588217
2.71372557
1.29411781
1.71372581
1.96274519
11.37255096
8.11960888
8.98039246
10.52941227
6.22352886
7.69607830
9.39608002
10.04509735
9.35294342
7.21176434
4.74902010
5.85294104
4.89411688
3.34705925
1.69019651
1.63529420
1.76666689
9.24509811
10.28431511
9.11764812
11.33333302
6.88823557
7.77843094
7.64901972
11.13529587
8.98627472
7.11764765
6.43725538
4.98431349
6.05686140
4.12352943
2.14705896
1.47451019
1.69607854
3.59019637
15.61176491
9.69999981
10.21568584
9.52352810
6.74705839
8.25294113
10.05490112
9.26274681
7.99019575
6.92352867
6.18235397
5.29019594
5.23137283
3.37058806
1.43333375
1.82549047
2.03529429
12.82549191
12.95098209
11.51372623
11.67058945
7.25686216
8.22745132
7.93529463
10.88431549
8.04706001
7.70000124
6.66470623
5.63725471
5.92352962
3.88039279
1.76274526
1.49411809
1.97451007
6.74117661
16.46862793
12.33529472
13.96470642
8.69215679
7.81568718
7.64313889
10.78431225
9.32744980
8.42941189
7.65882301
5.96862793
5.46078539
5.55294180
2.54117703
1.50588274
1.87254930
2.15294123
14.38431168
14.99215698
15.07843208
10.26078701
6.95490313
8.30196190
9.89019489
12.62156773
7.91372538
8.39411736
6.30392122
5.99411821
6.14705944
3.34509826
1.66274536
1.73725510
1.64313757
9.99607754
15.33137131
13.98823929
12.89803982
5.84509850
8.12548923
9.81176662
12.59215641
9.06274509
8.84705925
7.58823633
6.01764774
6.58823586
3.97450995
2.07647085
1.53725517
1.76470625
5.32745075
13.90000153
16.07450867
13.61764812
6.85098076
6.81960821
9.99215889
12.57450867
12.77843094
7.94117546
8.50392246
6.91568613
6.66078472
5.67451000
2.29411840
1.82156885
2.03529406
1.88627481
12.97254848
16.58039474
13.03529263
9.18627644
5.49215794
8.54902077
12.91960907
15.96274567
9.58431339
8.62548923
6.93529320
6.45686293
7.19019699
3.43921614
1.82352972
1.61568666
1.89411807
8.71176529
15.41764641
15.22353172
10.48039055
5.92156839
6.68823528
11.47058773
15.65490246
14.04509830
8.60196018
7.25490141
5.51764727
7.23333311
5.33333397
2.08039260
1.54509830
1.69607866
3.16274548
14.83333397
17.21961403
12.01176453
7.04901981
5.76274490
8.69804001
14.58039379
15.09411812
9.55098152
7.96666765
7.06078434
5.51568699
5.80980349
3.62941241
1.74509847
1.59607887
1.86862767
10.87843132
16.52548790
14.18431664
8.72745323
6.12156868
5.94509792
11.10000038
13.18235016
12.94705868
9.17058945
8.20588303
5.00588274
5.28235388
4.38627481
2.31568646
1.60196102
1.84313738
4.77843189
15.69215584
15.80784035
9.91176510
5.70000029
4.83529377
7.64313698
11.09411812
14.47647190
10.23725414
11.03529263
5.66078520
5.32549000
4.04313803
2.88431382
1.71764767
1.84313774
2.17843175
12.35294247
16.53333282
10.35293961
6.45098066
4.64117575
5.30392170
10.84902000
10.88431358
12.91372776
11.41372681
6.76862717
5.32549047
4.15490246
4.11372566
2.17647123
1.59803951
1.92352962
6.57058859
16.22745323
12.90784168
7.20000029
5.27647066
4.52941227
7.94509840
9.57255077
11.26274586
11.58235359
8.60980511
5.32352972
4.22941256
4.97254896
2.64901972
1.28039241
1.75294149
3.80196166
12.97254944
15.61372757
8.53921604
5.44901896
4.44509792
6.91372585
9.51372528
8.25294113
12.71176434
10.27254868
6.14901924
4.71372604
4.81372595
2.83333349
2.03725505
1.45882368
2.09803915
7.90196133
17.08823776
11.50784302
6.42745066
5.10392094
6.00784302
9.85490227
7.35882330
12.10588264
10.64705944
9.54313660
5.07451010
3.85490227
3.73529458
2.50000000
1.22352970
2.17058825
5.68823624
12.55489922
16.33725357
7.17451000
5.27058792
4.96666670
9.03137302
9.13529491
8.91960812
11.52745247
11.89999962
5.49215698
4.19803953
3.44509888
2.71372581
1.50784338
1.99019635
3.40392160
8.48039341
17.51568985
11.23725414
5.77843237
5.38823605
6.89411831
10.75882435
7.64509821
10.43921757
11.72745132
7.63137197
4.76862669
4.09607840
2.61960840
2.00980425
1.87450993
2.43529487
7.82156849
11.67451000
17.69019890
10.65097809
5.27647018
5.11372566
7.99019527
11.19215870
9.00000000
10.66078377
9.52156830
5.92352915
4.03725529
3.32549071
2.40784335
1.36470628
2.47450972
5.48431444
8.78627586
17.25294304
17.51568794
6.59215641
4.44313812
6.22352934
11.56274605
8.59607983
10.30784321
10.45882511
5.94901991
4.87451077
3.39607835
2.88823533
1.68235314
1.96470618
2.07647109
9.32157040
12.34705925
19.77843094
10.57647228
4.70980453
5.66078520
7.52941132
10.37842941
8.14902020
11.32157040
6.74705935
5.43333340
3.87254930
2.76078486
2.25490212
1.48627460
1.85098088
6.99215651
8.39019585
16.78235245
13.23137188
5.85882378
5.37843180
5.70784330
9.67058945
8.05882263
9.79019737
8.23529434
5.78431416
4.43529367
3.06274486
2.25490260
2.23921633
1.59411800
3.69607878
8.66274452
11.19019699
14.65294266
6.46078491
4.73137331
5.82352924
7.54901981
10.58627415
8.81960773
8.38235283
5.98627472
5.12548971
3.82745075
2.83333373
1.76862776
1.92352962
1.50196087
8.98823547
9.50980473
12.85098076
6.95882511
4.91960812
5.93725586
4.93529367
11.40392113
9.19019604
8.35490227
5.75097942
5.28823566
4.33921576
3.33921599
1.85098076
2.05882382
1.60392165
6.21764803
10.11372662
10.13921642
8.72353077
5.08431339
4.68039179
5.11176538
7.94313765
14.13529396
6.77647066
5.68627405
5.21960831
3.89215708
3.57647109
2.61568689
1.61372566
2.29607844
2.90980387
11.09803867
10.04509926
8.96862698
5.30980492
4.36274529
5.19803953
4.18823528
14.90392113
8.82941151
6.99803972
4.00784302
4.42156887
3.67647099
2.99803948
1.40588272
2.11176515
2.27450967
9.18823528
9.53725624
10.51372337
6.07451105
4.06274509
4.78823566
4.34902048
8.92549133
15.03529263
6.74705839
5.80000067
3.95490193
3.64705920
3.03137302
2.24117684
2.09607863
1.92941225
5.56078434
10.50980377
12.89411736
7.97058868
4.55490208
4.18627453
4.61568689
4.76078415
15.01568794
9.66274452
6.47058821
5.07843161
3.94117641
3.13333368
2.21568680
1.95294154
2.26862764
2.18627477
11.49999905
12.56470871
12.83921432
4.45686340
4.23921585
4.85098124
5.51176500
8.35882378
14.02941132
7.47843075
6.01568699
3.99803996
2.78431392
2.46078444
1.92352986
2.41764760
1.95294130
8.94313622
11.06078243
16.39019775
6.95686340
3.96274543
3.48039246
4.92156887
5.55686331
14.28235340
10.21176529
7.00784302
3.57843184
2.42352986
2.36666679
1.98039246
1.90784335
1.85294139
4.56862783
11.44117641
14.23725510
14.08823490
3.86078429
2.81960821
3.82745099
6.55098104
8.10980415
12.88823509
8.22745132
4.72549057
3.01176453
2.22941232
2.07843161
1.98235333
1.76274550
2.13529444
10.17451000
10.43921566
18.10980415
9.22941208
2.90000010
4.15294123
6.16078472
6.34705830
11.16274738
9.63333321
5.94117737
3.86470580
2.62548995
2.28039241
1.57058835
1.75098062
2.44117689
5.93529415
9.57058811
14.15294075
19.68823814
6.45490313
3.28823519
5.15686274
8.20196056
6.94705868
10.74117661
6.70000029
4.48431349
3.48039246
1.97451043
2.32549047
1.58235323
1.67058861
2.94705915
9.10392284
11.73333263
21.11960793
15.53137207
3.01372552
4.76078463
8.39215660
4.76078367
8.61764908
8.72745037
5.01568604
3.42352939
2.20392156
2.05882382
2.03921628
1.48823559
2.21960807
7.02941227
9.71568680
14.76862907
23.50588608
7.63137293
3.35098076
4.89607811
6.94705915
6.34509754
8.92156792
6.33921528
3.84509778
2.01176500
1.76862776
1.58039236
1.97647083
1.94117689
3.37647080
9.50196171
10.52549171
20.33725548
16.17450905
3.62156892
4.38039207
5.43333292
5.39607859
7.76078415
8.60784245
4.76862812
2.42549086
1.90196109
1.75294137
2.19607854
2.46078467
2.32549024
8.06666660
8.99019623
14.23529530
19.50588608
8.51176357
3.86862779
4.15294075
5.36274481
6.47254848
9.56470490
5.66078329
3.20980430
2.42353010
1.85294139
1.80588257
1.89019620
2.60392189
4.54313755
9.39215660
11.89411736
15.78039455
16.15882492
3.68235326
4.74313688
4.98627472
5.94117641
8.94509792
7.39215803
3.73529410
2.32353044
2.00784349
1.84313774
1.94313788
2.30000043
3.13529396
7.56666756
9.51176453
14.19019699
16.40196228
8.61764812
4.55882359
4.98431396
7.29607821
6.69411755
8.34901810
3.85882473
3.07254958
1.80392206
1.86274540
1.88039243
2.14117670
2.23333359
5.10980415
8.17451096
12.54117680
12.04117584
15.65294170
3.84705901
4.72156906
6.02353001
6.53921556
8.22352982
5.81960821
3.01372600
1.94902003
1.78039229
1.64902008
1.97647083
1.97843182
3.20784307
7.16470623
8.81960773
9.46274567
14.18431377
8.82549000
4.71568680
4.06078482
5.27058840
8.13921547
7.25098038
3.22745132
2.33725548
1.80588269
1.75098062
1.90196121
1.58039248
2.32941198
5.16862774
6.69999933
9.46078300
10.04902077
14.01764870
4.69019604
4.95490217
3.89215708
7.60196066
8.30392170
4.17647076
2.31176472
2.34117627
1.70196104
2.10000014
2.00784326
2.17647076
4.25686312
6.68039227
7.68823481
7.54509830
12.14117622
7.65098047
5.99411821
4.50980520
6.93921471
8.34313774
6.57647038
2.67254949
2.69803977
1.95098066
2.15098047
2.15294147
2.50784326
3.40980387
6.33137131
7.27254915
8.54117775
5.76470566
12.01372528
4.95294142
5.93529463
5.98235178
7.36862755
7.22549057
3.94313717
3.28431416
1.94705880
2.06862760
1.77058852
2.34313774
2.59215760
5.52156830
7.51568651
8.31960773
5.37450981
9.58039284
7.29607821
6.06862783
5.21960831
7.81176424
6.54901981
5.04901934
3.10980415
2.17254925
2.02352953
1.96666670
1.82745159
2.33529425
4.02745104
7.42941284
8.02353096
7.87843227
5.27647066
11.31176472
5.19999981
5.38627625
6.47450972
7.83921528
6.02549076
2.56470609
2.94901967
1.94117689
2.23529410
1.75098050
2.17254925
2.63137269
7.16666603
7.98431396
8.98235512
5.41764688
9.79411793
5.92352915
6.37843132
5.10392141
7.00980473
6.78431416
3.21568632
3.44901943
2.15098071
1.95294154
2.32941198
1.85490215
2.35294127
6.89411831
8.45882320
8.47450924
7.79215765
4.23529434
11.24901772
5.27647066
7.17451000
6.00392103
5.51372480
4.60784245
3.28823590
2.94117665
1.99019623
2.55490184
2.13529420
2.37254906
5.40980434
8.23921585
9.69608116
10.00195980
4.51176548
9.53333378
5.29804087
8.76274490
7.47254848
5.66274595
5.13529301
3.57843161
3.29215670
2.39411783
2.22352958
2.23333359
2.23921561
3.17254877
8.46274567
9.86666679
11.57647038
7.00588179
3.95294166
9.41568756
5.11568642
10.45097923
6.71176434
6.04705858
4.31960821
4.05686283
2.28235316
2.04117680
1.58823550
2.31176496
2.66274548
7.21568775
8.92156887
12.20588112
10.38627720
4.14705896
7.20196104
3.81568670
10.13725281
7.26470709
6.67254782
5.20196104
3.91176486
2.82549095
1.68823552
1.61176515
1.94509816
2.76470613
4.76470566
8.47058868
11.55098057
12.29215717
5.31960869
3.22352982
7.61960793
4.72352934
7.84117699
5.99215651
5.48431396
3.64509821
3.42549014
1.90000010
2.15490246
1.70196128
2.15882373
2.57451010
8.73137379
10.80980396
13.33529472
6.85490084
3.66470599
7.10196114
3.63333344
5.83725548
5.68235397
5.40980339
4.15882301
3.18039250
2.37647104
1.85490203
2.21176481
1.99411821
2.62941217
6.16274595
10.48039246
12.65294266
10.79804230
4.33333397
3.46862745
8.07843304
3.56078434
4.84509850
5.19019604
4.99411726
3.75098062
2.52549028
1.88235307
2.45294166
1.80392194
2.43333364
3.62745094
11.79804039
12.20588493
11.45686531
6.83529472
3.09411836
9.04117680
2.97450948
4.02156925
6.02941132
4.04902029
4.68627453
3.21764684
1.90784335
2.28823566
1.84509826
1.74705887
2.67058849
9.96666718
12.98627567
13.12156963
8.40195942
3.97451067
4.20588207
9.49019623
2.94313788
5.59607840
4.63529491
3.98823524
3.76078510
2.69019628
2.07647109
1.84705901
1.85098052
1.82745135
5.91960812
13.76666546
14.25686359
10.18431664
6.14313841
2.89019632
9.95097923
3.66078448
4.19607878
4.28039265
4.33725548
3.89019585
3.01372528
2.20392179
2.01764750
1.65686285
2.18235326
2.97450972
11.40784168
14.72156811
11.84509850
8.19999981
4.61764669
4.11960793
7.75686359
3.30196118
4.00980425
3.80000043
4.37843180
3.13529420
2.14509845
1.90196085
1.98823559
2.26470613
2.50392199
7.42745209
14.19215775
12.81960964
10.49019814
6.58627510
3.23529410
7.29411793
3.62941217
3.69803953
2.76862812
4.46470642
3.96666694
1.91568661
1.94313741
1.84313762
1.95882368
2.76470613
4.10196066
12.47058964
14.89019871
11.87059021
8.04117775
4.47843266
5.39019680
5.85882378
3.43725538
3.17254972
4.47058821
3.98627448
3.17451024
1.93137288
1.62156916
2.11568642
2.59411788
2.28823543
9.46470547
14.89215660
12.40196323
9.66470718
6.73725510
4.73529387
7.03921604
3.44509864
3.70980406
6.06666708
4.68235397
3.59215713
2.10980463
1.94313753
1.97058856
2.59803915
2.28823543
5.34313726
14.21765137
15.66078281
8.03529453
8.40392208
4.37647104
6.20196056
6.95098162
3.00588274
7.17058849
6.47058868
3.65294075
2.70588255
1.89803934
1.77058852
2.10392189
2.74117661
3.50000000
10.77843285
16.94902420
10.56078911
7.88431358
6.91764736
4.51764727
7.99607849
3.95294118
5.49215746
7.50588179
3.50784373
3.53725481
2.34902000
1.61764753
2.16078424
1.93725526
2.92353010
6.52745056
15.84901810
15.57647133
7.61568642
8.22156906
5.00784349
6.15098047
6.57254887
4.51764774
8.82156944
4.35294151
3.41372538
2.84901977
1.87647092
2.19411778
2.08235335
2.46470618
4.44705915
10.28431511
20.11176491
10.62156773
8.14902020
7.08627319
5.27843237
8.38039303
4.98235273
10.24705887
5.79215670
2.67647076
3.33333373
2.32745147
2.31764746
2.12156844
2.61372590
3.09411764
7.06470633
14.93725395
19.42548943
8.44313717
6.28235435
6.40196085
8.09999943
5.74901962
9.98431396
7.44509888
2.67058849
3.35098076
3.63333321
1.72549045
1.96078455
2.41568637
2.66274571
5.19019747
10.12156868
19.44510269
13.34705830
7.09803867
6.93725538
7.15098000
7.39215660
7.94705868
6.51372623
3.39019608
3.39019608
4.00588274
2.38039231
1.79411781
2.14901996
2.54705906
4.03921604
7.39215708
13.72549057
18.98823738
9.12941265
6.07843161
6.51176500
9.23529339
6.16470623
5.61568737
3.15882421
2.96666670
3.84509826
3.80588317
1.83921587
2.20784330
2.57058835
3.02352977
6.06862736
9.54117680
19.97451019
14.63921738
6.35686350
5.72352982
7.89019680
6.86078358
5.36274433
3.35098076
3.31372595
3.38627458
3.62156892
2.77647066
2.30980396
2.52549028
2.99411798
5.28235340
8.40588284
14.25686359
21.55098152
12.40784168
4.62941170
4.96666718
7.76078463
6.43921518
3.50392175
3.38431334
3.53137279
3.87647033
3.40392208
2.40980411
2.28431416
2.56470633
3.87254930
8.34705830
10.47843170
21.89411736
20.00391960
8.83137226
4.69607830
5.78235197
6.74705935
4.47254944
3.91960788
3.50980449
3.90784287
3.12941194
2.80392241
2.14117694
2.70196104
3.10784364
6.69019556
9.80980396
15.76078320
23.80587769
18.19215775
4.80588198
4.17058897
6.20980406
5.63725567
4.48823500
4.05686283
4.02745104
3.47254896
2.90588260
2.41176510
2.35294127
2.74901962
4.81764746
9.78235245
12.79803944
20.65882874
21.07058716
12.07647038
4.83725500
4.99411726
5.77647066
4.73725510
4.63529444
4.59411764
4.29607868
3.63529491
2.37451005
2.67058873
2.35490203
3.12156892
7.98039246
11.39019585
15.66274643
20.14705849
19.90784645
8.46470547
3.81960797
5.88039112
5.25294113
5.48431349
4.47058868
4.74705982
4.26078415
2.83529401
2.68235302
2.31372571
2.66666698
5.27254820
10.70980453
12.27843380
16.57450867
20.10000038
14.90980434
7.42745256
6.60784245
5.30784416
5.49411726
6.02549124
5.16078568
4.68039274
3.69803905
2.54901958
2.26862788
2.79999995
3.52745128
9.34705734
12.67451000
13.18235207
18.18431664
19.39215660
13.03137207
7.29411745
9.02941418
5.25098085
6.34313679
6.54313707
4.77058840
5.38039255
2.39607882
2.59019661
2.17254925
2.71764755
7.05686283
11.93725491
12.73725700
14.31960773
19.37058640
14.64705753
16.84313965
10.37254810
5.95882463
5.53921604
8.70392227
5.22549009
5.60588264
4.03333330
2.90196085
2.24509811
2.45294118
4.83725452
9.69411755
12.53921413
10.38823605
16.94313812
18.03333473
15.20000076
14.53725624
8.09215736
5.21764708
8.65098000
6.44313765
6.14509821
5.11764860
2.89803910
2.75294137
2.21960807
3.79019618
7.56078386
11.48039150
10.34705734
11.96470642
18.97059059
12.90588188
18.79412079
10.54313850
5.46666718
6.49215651
7.52745056
7.50195980
5.99019670
3.25294113
2.64509845
2.68235302
2.30196095
6.19019699
10.14705944
11.01764584
8.38823605
12.41372490
16.51960754
13.60980511
14.65098000
8.12156963
5.35098124
8.14117718
9.00392246
5.83137369
3.82156920
2.71764708
2.34705925
2.39411783
5.32156897
9.23137283
10.42156982
8.79607964
6.96470547
14.24901962
13.09999943
13.85294151
9.87647247
6.34509754
8.13529396
9.61764812
6.48235273
4.42745113
2.48627496
2.32745123
2.29803967
3.50196123
8.24509716
11.77255058
10.35686302
6.79607964
7.24901915
15.05490398
11.63137245
11.95490360
8.50588226
6.01764679
13.66078663
7.44509840
4.25490141
2.92745161
2.43725514
2.40196109
2.64705873
7.88627434
11.66274452
12.73529434
7.79411745
5.09607792
9.84509754
13.38235283
10.20784569
9.83725452
7.55686331
14.94901848
9.89607811
4.45882463
3.21176529
2.60784340
2.23137283
2.55490232
5.96274519
9.82549000
15.45882416
12.72548962
5.02353001
5.76078415
11.02156734
8.41960716
11.13529587
9.50195980
15.33921528
13.06666756
5.07647085
3.31372595
2.75882387
2.28431368
2.41568661
3.02745128
11.29019642
13.31764793
18.27058792
8.88431168
4.04117727
6.90588188
8.07843113
9.09607983
11.87058830
13.44705963
15.25098038
5.54313660
3.01568699
3.00980377
2.42352986
2.40000010
2.65882397
7.99215603
11.41961098
18.44902039
16.68235397
5.51764822
5.07254982
5.79215670
5.99019623
11.95882320
13.83921623
15.85490131
6.10196018
3.07843184
3.08627510
2.48627496
2.14705896
2.29607868
4.85294151
11.36274433
14.99411774
18.75098038
14.14705849
4.54313755
4.86470604
5.07647085
7.16274405
15.38627148
16.75686264
7.26666737
3.00980377
2.73725510
2.46470642
2.22745132
2.35882401
2.87058854
9.73529434
10.82941437
18.78431511
18.21960831
9.87843323
4.40784359
4.48823500
5.33333349
13.24313736
16.70392227
9.09411907
3.30784273
2.63137341
2.35490179
2.44705915
2.36274505
2.58235359
6.43529367
11.06274414
15.37647057
17.93921661
16.68235397
4.15882397
4.77451086
5.11372566
7.09411812
16.51960945
10.57843208
3.07843208
3.01372623
2.40588236
2.35686326
2.10000038
2.59411836
3.65294147
10.33921528
10.39803886
17.53333473
17.63725471
11.58823490
5.02745104
4.22941256
4.89607811
11.00980282
12.89607811
3.78823495
2.42941165
2.50588226
2.70588207
2.00196099
2.33921552
2.64705920
7.96470594
9.75294209
13.38039303
15.16274738
17.64313889
4.80000019
4.07254982
4.21960831
6.13725567
11.86274529
5.32156897
2.58431387
2.46862769
2.42352962
2.52941203
2.57843137
2.22156906
4.86078453
9.40392303
9.37450981
13.94706059
14.32549000
12.52745152
4.43921614
3.86666727
3.84901977
8.90588188
6.98627567
2.84509850
3.10392189
2.08823538
2.47058845
2.58823538
2.51372600
2.73529410
8.70588303
8.21960735
10.99019718
11.52549171
17.04705811
4.44902039
4.18235350
3.58823586
6.36470604
6.40784311
3.17451000
2.93137288
2.68039227
2.41372561
2.47450995
2.31960797
2.37058830
6.45686197
8.64705849
8.44902039
10.55882454
10.86470604
11.97058868
3.90980458
3.35882425
3.69803953
5.50588322
4.14117718
2.85686326
2.72549033
2.38823533
2.60392141
2.00392175
2.49803901
4.18823528
9.88039207
8.06078339
9.29804039
9.66666794
13.96078491
5.46666670
3.38627458
3.24117661
3.85490251
4.13333321
3.21176505
2.82549047
2.70392156
2.21372604
2.30588222
2.61764765
2.95686293
8.49411774
10.45882511
7.46666622
7.87647104
9.62156773
11.45686245
4.57058859
3.88431454
3.02549028
3.89803982
3.58431411
2.81960821
3.10980415
2.07647085
2.56274557
2.65686297
2.35490227
6.66274595
10.18823528
8.03333187
6.98235321
8.51372528
11.04313755
5.55490208
3.90000010
3.34705949
3.38039255
3.55882382
3.30392122
2.23333383
2.68823552
2.24509835
2.86470604
2.45294166
3.66862798
9.72549057
9.78823471
6.78627539
6.39608002
8.07647133
10.91764736
3.95882368
3.40980363
3.41176534
3.49607873
3.37254953
2.69215679
2.56274533
2.02352953
2.35294127
2.66666746
2.47058845
8.85098076
8.69803810
8.97451019
6.61568642
7.33529472
11.24117565
5.82941151
3.55686307
3.39803982
3.12549043
3.36078453
2.82549024
2.64509797
2.20784354
1.96078479
2.22941184
2.38039255
6.06274557
9.25490189
8.36078548
9.38431454
5.99607849
7.89215612
11.36274815
3.77647090
3.27647114
2.74901962
3.61372519
3.00196123
2.64117670
2.16470623
2.01176500
2.21960807
2.61176443
2.78627467
10.58431530
8.59411907
10.23529434
6.77058792
6.21764612
10.35686111
6.11764812
3.34117675
3.02549076
3.21176457
3.09803939
3.01960802
1.74313748
2.05882406
2.46078491
2.54705930
2.73921585
7.87843132
10.08431625
9.88627529
9.03137398
6.03725433
6.67646980
8.92549038
3.98235321
2.98431420
2.95686293
3.57058835
2.50588250
2.66862798
2.27647066
2.07254934
2.37843180
2.72352934
4.87843227
11.20392323
10.76666737
10.02353096
6.85882282
5.58823538
6.10588264
6.04509783
3.38431478
3.41372609
3.27254939
3.02549052
3.35490298
2.03137302
2.29803967
2.38039279
2.81568670
3.49411774
8.43137264
12.30784702
10.33137226
7.34901905
5.17647123
5.12941170
8.25686264
3.74313807
2.83137321
3.19607878
3.14117670
2.92941213
2.17254925
2.35490203
2.56274581
2.68039250
3.25490212
5.08431435
10.93333340
12.05882168
7.51372528
6.05686235
4.88627481
6.83725548
6.55098152
2.90392184
3.10392189
2.85294151
2.43333340
2.51764750
2.35294175
2.32352948
2.51568675
2.63921571
3.49803972
8.52745152
12.26274300
10.97646999
6.38823557
4.75882339
5.08823538
8.28039169
3.32745075
3.25882387
2.82156849
2.49803925
2.71764731
2.92352939
2.34509850
2.40196109
2.65882373
3.20196056
5.17254972
10.21372414
13.43333340
7.74705887
5.51764679
4.85490227
6.00980473
6.11764717
3.16470575
2.92941189
2.80196095
3.96274543
4.00196123
3.05686307
2.54705882
2.81372547
3.13921642
2.92352939
7.66274452
10.13921738
10.89608002
6.37843227
4.78627443
4.77843142
8.41764641
3.48235297
3.14705896
3.00784302
4.67254925
6.03921556
4.20196152
2.56862760
2.18235326
3.17451024
3.22156954
5.18823528
7.32352877
10.21960640
7.99411821
5.20000076
4.16666698
5.06274557
7.41568661
3.28431392
3.23725533
3.95882392
8.01568699
5.08235359
2.72745156
2.11372566
2.80784321
3.33137274
5.67058897
5.95294094
7.96862698
9.61176491
5.80392075
4.31764746
3.98627472
7.48431444
3.98039341
3.37058806
3.52549052
8.70784378
5.41176510
3.10196114
2.56470633
2.61176491
2.66274524
6.76274586
5.13333416
5.82353067
8.96078396
7.69215679
4.81372547
3.95686340
4.96078491
6.55294037
2.99019670
2.94313741
9.97058773
7.01568699
3.84117723
2.76862764
2.55686283
2.37254906
3.11960840
10.67255116
5.46274471
7.14117718
9.05490398
5.09411812
3.48627424
4.36470604
6.86274481
3.52156901
3.01764727
10.24902153
9.47058868
4.51764774
2.42156887
2.78627467
2.79999995
3.02156901
10.86666679
7.44705820
6.39607906
8.31568623
6.91372538
3.83529472
3.91960788
4.96666718
6.61372709
3.24705911
8.53529453
11.51764870
5.87254906
3.10980415
2.43529463
2.53529406
3.25098109
4.90196133
13.61176491
6.93529367
7.36666632
9.33921623
4.36862803
3.48823547
4.83333397
6.85098028
4.51764727
5.76274538
13.56078434
7.06470490
3.90392160
2.53921580
2.56274509
2.83137274
3.30392170
12.89411736
10.22941017
6.70588207
8.79411602
7.10196209
4.53137255
4.08823586
4.90784311
6.70392132
4.71568584
14.40784454
7.77647114
4.53529406
2.85098076
2.80588269
2.73725462
3.10588288
6.19019651
15.66470432
7.31764507
7.90392160
9.12745094
5.39019585
5.16862679
4.10588264
5.59607887
6.37647152
12.93137169
10.43333149
4.82745075
2.85294080
2.98627496
2.86666703
3.06666660
3.07058883
12.89215565
13.15294075
8.35686302
7.87843227
8.28431416
7.96470594
4.60588264
3.90000010
7.60196114
11.90784168
12.87843132
4.74313736
3.40392160
3.20980406
2.62352967
2.59019637
3.28039265
7.57451057
15.53529453
11.57254887
9.09411907
8.13921547
10.57254696
6.35098028
3.85490227
6.14705944
11.52745056
13.39019585
5.06470537
3.47647095
3.23725510
2.67058849
2.63529396
3.15686297
3.65882349
12.54901981
14.99608135
9.29804134
7.53137159
9.77058887
9.64313698
4.62745190
4.84117651
9.81960773
14.82157040
5.96862793
2.89019585
3.27843189
2.81764770
2.56862760
3.11764693
2.87450981
8.53725338
13.33529472
11.46862793
7.33137274
7.95686197
10.74509811
7.02941132
4.50000048
7.44117785
16.65294266
6.67058849
3.45686269
2.89019608
3.14705873
2.64117646
2.80392170
2.86666656
4.23333406
11.16862774
13.03921700
7.31372452
6.32156801
9.52745247
10.37254810
5.44705963
5.72156858
14.58823586
10.43137264
4.10196114
2.58627486
3.25882363
2.62941194
2.80588245
3.32352972
2.96862769
9.12745190
10.37647057
9.89999962
5.78039217
8.11372566
8.64313698
9.94313622
5.06666660
11.93137264
12.64117813
4.92745161
3.52353024
2.76274514
2.49019694
2.77254915
2.77843142
2.93529463
5.08431387
10.47058868
11.08627415
6.69607687
6.57647085
7.48039103
10.87450981
7.69803905
9.51960850
13.95882416
5.97843170
5.12353039
3.45686221
2.40392184
2.74901986
2.62156892
2.58039236
4.00392151
8.02941036
9.79607868
10.12548828
5.59411860
6.42352962
7.69019604
10.71568966
7.70980501
14.84901905
7.44901896
5.70784330
4.96274567
3.10980439
2.85490227
2.64117646
2.95294166
2.66862798
6.86078453
9.17254829
11.91961002
6.29215622
5.22352934
6.17254877
9.24509811
6.10980415
13.20588303
9.67843151
5.51568604
5.63921738
3.78627491
2.33529449
2.75882363
2.89215684
2.81960797
5.54313755
8.50392151
9.00588322
10.02744961
4.94902039
4.29019594
7.21764851
5.77647018
11.18235397
8.92941284
5.40784359
6.53333282
4.53333282
2.40000057
2.82941198
2.72745109
2.93725491
4.38431406
8.13333225
8.78039265
9.50392246
5.08235264
4.06078434
5.09999943
5.87842989
9.42549133
6.73529339
6.03137350
6.72745085
5.51568651
3.30980420
2.35490179
2.79411745
3.13921595
3.27058840
7.65490103
8.18823624
8.05098057
7.48627472
3.70980430
3.14705873
5.37647104
6.20980358
7.57058907
5.35490131
8.20980453
6.46862745
4.50784349
2.77647066
2.83529425
2.86078405
3.22745132
6.00196075
8.43333435
7.37058926
8.37450981
5.89019632
3.60196161
3.36666679
5.48823500
6.81960821
5.22941208
7.63529444
8.14705849
5.58431339
3.50196099
2.39411807
2.87843204
2.69411802
3.48431420
9.25490475
8.73921490
7.30588245
8.78431416
4.72941113
3.33725524
4.22745085
6.44313669
6.09999990
6.75686312
8.96274567
5.73725414
4.01372623
2.84902000
2.72941184
2.72352982
2.64705944
6.87058830
12.02156925
6.03725481
8.22941303
7.77254963
3.61568666
3.55294180
5.11372614
5.14705944
7.62745142
9.05686378
7.26862812
4.47254944
3.16274571
2.57254910
2.93529439
2.82549071
4.19215727
10.88823700
8.62941360
7.49215651
7.90196085
5.09411812
3.74901986
4.31764746
5.07254839
7.67843151
9.06666756
9.05882454
5.32156801
3.47647095
2.64901996
2.77647066
3.06274533
2.95490265
7.09803915
11.80588150
6.54313707
6.86666679
7.03137255
4.16470671
4.04705906
4.95686293
6.77843237
9.70000172
9.35490131
6.93921614
3.57450986
2.82745123
2.58823562
2.65294123
3.06078434
4.56470537
9.66666698
8.43725491
7.29803896
6.51568604
4.22156906
4.07058859
4.36470652
5.94117689
10.00980377
9.20980644
7.41176558
4.38235283
3.17843127
2.64313769
3.08823538
2.78039265
3.76862764
6.40392208
9.80588245
7.94117689
6.75098085
4.54313803
3.95490265
3.33529449
5.01764679
9.34117699
9.57647228
8.57058907
5.14901972
3.08039236
2.74509835
2.99803948
2.66470647
2.71372581
5.21960783
8.30196095
8.17058659
9.63137341
4.59803963
4.10784340
3.72745085
4.16274548
7.16470623
9.95882225
9.38235474
5.52549076
2.94705939
2.86470604
2.52549028
2.52745104
2.62156844
1.03725493
