21.68627739
22.04901886
22.76078796
22.38823700
21.58824158
22.63333893
22.15294647
21.88235855
23.18823624
23.16863060
22.57843399
23.50588226
22.23921585
23.27254868
23.19215775
22.67646790
22.33530045
22.20000076
21.70980835
23.11961174
22.72744942
22.56078339
23.58431816
22.05489540
22.24314117
23.10195923
23.84313965
23.24706268
23.20589066
23.63137436
21.79216194
23.42157173
21.83726120
22.96862602
23.40784454
21.74117470
21.62157249
22.89020157
21.91960716
22.54706383
22.40783691
21.36470413
22.90196228
22.79215813
23.38235283
22.56863403
23.07451248
21.85490417
22.12549210
21.48431015
20.86666298
23.64313316
20.64509583
20.30784416
21.96078873
21.24117470
21.36274147
21.84705734
20.71960640
21.56470490
22.04706383
22.13529778
21.73921585
22.06078529
21.39411926
21.41568565
20.01176453
19.87647438
20.45686150
20.30588722
19.99999809
21.99020195
22.06471252
20.28038979
21.80588531
21.16666794
21.06274033
20.79804039
21.49215698
22.37647247
20.77451134
21.30000496
20.47843361
18.80000305
20.12941360
19.64901924
19.85686684
19.97254944
21.21569252
23.59999657
19.91765022
20.97647095
22.58039856
21.16274452
20.82940865
21.05489731
21.85098267
20.46470451
21.47646904
20.25098419
20.11176872
18.98039246
20.86666679
19.45490265
19.56077957
21.27058411
22.23725891
22.74706078
20.63725662
22.35294151
21.08430862
20.22352600
22.19215965
20.92157364
20.22744942
22.47255325
20.39019394
21.24705696
19.99607849
20.88039589
20.23137283
21.16862869
22.28431892
21.97843361
23.79215622
21.17647171
22.18038750
21.05882072
19.94902039
22.99019623
21.62353325
20.10588455
22.42156982
20.48627663
21.39215851
20.94313622
20.54705620
21.34313965
20.03725433
25.68235207
25.33529282
23.54313850
23.20392036
23.70392036
20.39804077
21.19999886
22.68823624
23.47059059
19.23529625
21.58431435
21.86667061
21.47450447
23.25098228
21.57058716
21.56470680
20.03333282
27.36274719
28.12549019
25.71961403
22.57451057
24.53921127
22.99999619
23.14706039
24.24706078
24.53333282
21.69804001
21.42353439
23.47450447
21.86862946
24.24509811
24.39019394
21.98823929
21.82744789
26.01176643
30.47843552
28.55882072
23.63529587
25.79215622
26.11175919
25.41568375
25.81568527
26.45294571
24.31176567
25.39019775
26.01961327
23.48039246
23.76470375
25.69019318
24.29607582
23.22548676
26.34509850
29.59607887
27.59999657
26.72156525
26.65098000
28.58039093
29.11176109
28.02352905
28.40195847
27.34901619
28.94118118
29.85686684
26.25490379
24.45490265
26.91764450
25.88823318
25.72352600
27.92156982
25.73332977
25.42745209
24.47450829
27.65098572
28.18038750
30.15294266
29.90000153
31.07843399
28.35686493
29.69803810
29.75098038
28.60587692
27.64901733
28.73529434
25.61176300
27.77059174
26.99607849
24.61568832
20.59803581
22.18823624
28.23137093
24.89019775
25.96862793
30.43529892
31.52941322
30.07254410
29.81176376
29.83921623
30.05098534
28.03921700
29.27843285
27.62548828
26.95882416
26.15685654
24.72745514
16.33333397
20.45686150
25.53529358
24.18235397
20.22745132
27.28823471
30.50195694
30.59215546
30.48823547
29.81764793
29.03333092
28.46862793
29.23137474
27.84510422
26.92156982
27.42353058
25.17647171
16.86078453
17.61764717
21.75882149
23.00979996
19.56078529
22.15293694
26.13333321
24.83725739
27.78235245
29.89804077
28.12548637
27.01176071
26.76862717
26.71764565
30.42156982
27.23137474
24.59608459
19.44902039
15.79804230
18.76667023
22.51372147
19.36078644
21.65097809
21.16470718
18.31175995
20.82941246
26.98823547
26.50195885
22.80588150
26.17058563
24.89999390
28.20785141
27.19411469
23.53921700
20.68431091
15.65097618
18.39019203
19.79215813
19.39019585
22.57254791
23.02352715
16.69019699
16.33529472
20.60000229
24.13529587
20.19608116
22.93725586
22.10391617
24.14509773
25.28627396
22.53921700
19.93725777
15.28431320
18.27647209
14.54313660
20.38823128
22.41764259
27.04509926
17.63725662
13.66274643
20.12352753
22.24705505
18.20392036
18.06470680
21.87647057
20.50000000
23.11960793
21.47843552
16.02941132
15.20784569
16.89019775
15.90392303
17.36666489
20.85294342
26.35098076
21.78039360
14.39215660
19.67254829
21.60784531
18.51568794
15.99607849
20.42941284
17.71960831
18.02940750
20.82156944
17.10391808
12.85882473
16.70784187
18.31960487
15.50784302
19.87450981
23.88039207
25.11176109
15.48627758
16.88823700
23.54509735
18.26666832
16.35686493
18.46666908
17.98627472
15.41960812
16.97254753
18.72941208
12.94117546
15.64705849
19.98823357
17.26862907
18.29019737
20.32156944
25.70588493
18.41568756
15.84117699
22.51372910
19.09803772
16.36862946
17.16862869
20.20784378
13.80392170
14.63137150
14.95686340
14.91764545
15.03921700
20.68039322
21.61372757
16.94510078
21.98627853
21.03921509
19.59019661
18.27254868
18.03529358
21.02549362
16.94313812
15.47451019
22.09607506
16.94901466
13.68431568
13.19804192
14.24117470
17.81176567
19.72352982
22.59412003
20.30784607
22.25097847
17.19411469
18.37647247
21.72745132
17.71176338
19.97843170
16.17843246
15.98235130
21.02941322
21.39999962
16.91176796
12.55294323
13.11764622
19.64117622
20.64705849
23.54705620
26.37059212
19.93921661
20.71764374
18.00391960
18.32548904
19.12745285
18.52941132
16.07451057
15.92941189
21.56470299
19.18627548
24.10392189
13.24117661
13.30195999
17.33725739
22.03529549
25.71568489
30.40588379
20.32549095
23.67255020
19.30196381
16.30392265
20.32548904
16.61765099
17.20980453
16.66863060
19.42549133
16.94313812
27.28627586
17.76274490
13.16666794
14.65294075
20.40588379
27.23137665
27.70784378
25.80980301
20.09803963
21.50784111
17.19019508
19.63529396
18.49215889
16.94313622
17.77450752
17.20392227
17.80196190
22.54117584
24.79019928
13.79411888
13.37646961
18.39019394
24.19215775
23.53529549
30.98627472
21.17450905
18.20000076
16.48039246
20.66274643
20.82157135
18.21176720
21.06470299
20.67254829
18.73333359
16.60000038
27.31372833
16.08823204
13.27843380
15.93921566
17.67450905
23.33725929
25.39608192
27.34705544
15.62157059
15.81961060
19.94313812
22.03333473
19.71176720
22.08431435
26.97843552
23.24313545
14.59215450
22.69019699
20.63726044
12.81960869
14.24902058
14.10196209
25.46666908
19.87843323
27.25882339
18.53921890
14.27451324
14.85490322
23.62549591
20.77059555
19.45098114
27.89411926
29.02941322
15.83529472
18.29607773
21.30392075
13.66862583
13.65686226
14.55686188
26.00392151
20.39215660
18.82745171
24.18431473
13.99019718
14.41176414
20.06274796
21.93333054
17.16470528
23.77646828
30.80000114
19.08431435
15.35098457
20.80980110
16.39411926
13.81568718
14.34705830
21.58431435
27.14117813
13.11372566
22.99019623
14.80980682
14.78823853
17.30980492
20.43137550
18.74117661
21.60392189
25.79019737
24.04706192
14.94117737
17.97647095
19.22941589
13.68431473
14.17843246
17.57254791
27.90391922
14.93333626
18.70196152
16.46471214
14.13333511
14.22156906
20.45882034
19.04117584
20.10000229
22.13333511
25.42549133
15.58235550
15.86470795
20.00392151
14.51372623
14.43725395
17.07450867
21.17058372
19.31568718
15.25490379
18.36862564
14.92549038
14.62744999
20.28039360
16.00196457
19.53333092
20.66666603
20.94117737
20.57843399
17.50000191
18.54313660
17.17843056
14.29215622
18.81960869
17.71568680
17.30980682
15.12353134
18.00980377
16.94314003
14.62157059
16.05098152
20.61569023
16.59215736
18.98235130
17.04509926
19.67058754
20.00588417
16.69215584
19.33529472
15.43529320
23.61175919
17.06470680
14.03529263
15.82941246
16.62352943
19.01372528
14.89999866
15.02548885
21.44705772
16.42941475
16.60980415
17.79216194
15.74705887
20.34902191
16.62353134
18.99803925
17.00196075
25.67843246
16.62549019
15.43725491
15.01176643
16.48823547
17.39215469
15.35686207
14.88627434
16.55686378
26.22941208
23.05098343
16.12549210
16.01960564
17.99411774
17.03333664
18.50980377
18.21960640
22.30391884
20.35098267
19.43921661
15.48431301
16.64509583
16.97451019
15.67450809
14.47647095
14.27059078
25.28431511
31.52941322
19.52157021
17.93529701
16.23333359
16.72941017
17.40980339
18.84706116
18.17058754
22.45098114
24.00783920
16.34117508
16.14706039
16.79804039
16.08627510
14.50588131
14.19607449
18.28823471
31.87254906
29.34509659
21.32941055
15.57647133
16.52549362
17.90196037
17.00000000
16.53725624
17.45686150
27.79804420
19.72745323
16.43529320
17.46862984
16.24313736
15.69215870
14.69999886
15.07451248
25.06470871
29.46863365
28.28431320
18.62745285
16.44902039
19.23921967
16.82941246
16.15882492
14.49803925
23.73333549
24.15098381
17.68235397
17.49411774
17.07843208
15.92940903
15.90000057
15.05490112
19.40195847
23.38823509
30.97059250
23.35686684
16.34117889
19.11176300
16.54117584
16.45686531
16.91176414
16.93529510
26.61372757
17.37647057
17.16470718
17.39019775
16.15294266
15.99215698
14.84902000
16.29607773
22.78627586
25.09607887
26.94509888
15.30196190
18.62941170
16.04313660
17.68235397
19.20195961
14.85294056
24.83137512
15.94901848
16.66274261
17.21960831
16.71568680
16.36078644
14.76862431
15.70980453
20.02549171
18.03725624
26.13921356
15.76666641
16.82941437
17.08235359
17.26274490
17.50000000
19.33725357
22.52352715
15.89999771
16.34510040
16.01764679
17.29412079
16.54313660
15.93921757
15.34313965
16.89999962
16.51176643
20.38039207
16.02549362
16.93137360
15.63137150
16.94117737
16.90000343
22.77254868
19.07843399
17.63333321
15.32745361
15.91176414
16.74509811
17.30588150
16.65098190
14.95098019
15.95882702
15.88039398
16.54706001
17.19019699
15.80196381
15.58431435
16.35294151
16.49215698
19.87254906
19.97842979
17.50588417
14.95294189
17.25293922
16.19803810
16.82941055
16.47647095
15.90392113
15.67254639
15.90980530
15.30784416
17.69215775
16.06274605
15.99803925
15.24902058
17.20980453
15.99411774
19.53333282
19.37843513
13.87843037
17.88823509
15.94313908
17.00784302
16.06274605
16.43725395
15.00980568
15.81372643
15.95686245
17.10980034
16.56862450
17.37058830
16.32352829
18.26274681
15.40392017
17.21176529
22.62745285
13.79215717
16.28235435
17.47451019
16.58039284
15.96471024
16.31176758
14.96078682
15.85686111
16.17647171
16.82156754
17.05686188
17.60784340
16.80588341
17.38039207
18.17254829
14.99411964
25.42745018
14.35490036
17.08431435
17.90588379
16.22745514
17.32353020
16.88627434
15.28431416
15.21372604
15.25098324
16.80000114
17.98431587
17.43137169
16.89607811
16.81764603
20.02744865
14.49607563
21.04705620
16.96078491
15.77843094
20.30588150
16.24509811
17.31176376
19.46078300
15.59608173
14.81961060
15.64509678
16.34509659
18.06078720
16.26667023
18.30195999
16.46666718
19.82352829
15.61176682
15.15097904
20.69999695
14.43921661
19.26274300
17.59216118
17.40980530
20.11372566
16.33725548
14.68039131
15.31372452
16.98823547
17.07450867
16.64117813
17.19607925
17.61764908
17.75489998
18.61568832
14.51176548
19.47450829
14.46274757
17.19215393
19.40000153
17.21961021
17.53333282
17.86470795
15.25489998
15.27451229
16.88431358
16.66666794
17.42549133
16.69215775
17.52548790
16.82941437
19.58039284
16.05490112
15.28431416
18.06470680
15.78235245
20.68627357
16.50196075
17.70000076
17.37647057
15.78823376
14.99607468
16.27843094
17.89803886
17.22940826
16.86470604
17.56274605
17.38235283
16.88627243
19.53137207
14.54313469
18.43529701
15.18039322
19.62352562
17.10196114
17.84117317
17.23921776
16.02157021
15.84313774
15.62941456
17.94117737
17.29411888
17.58235359
16.98039246
18.32744980
16.84705734
19.07254982
16.40000153
16.25098038
16.28235245
17.54117584
18.75882339
17.85490417
17.17647171
16.36862946
15.73333454
16.18235588
17.03921509
17.59412193
17.52157021
17.23921776
18.27254868
17.23333359
18.98235130
17.78039169
14.99608135
17.48823738
15.15686417
20.12549210
16.92941475
17.75490189
16.50392342
16.17450905
15.83725548
16.21176338
17.90588379
17.99215889
16.37058830
17.92549324
18.08627510
21.08039093
19.07254601
15.77450943
15.38039017
15.41764927
18.30588150
17.15098381
18.03333664
17.20784187
16.44902229
15.70980644
16.24510193
17.03529358
18.06470680
17.26470375
17.26078606
17.63529587
21.53333282
23.11176682
16.09608078
14.15686512
15.89803886
16.10392189
19.16470718
17.17059326
18.74901962
16.39019775
16.49215698
15.87451172
16.62352943
16.62156868
17.93922043
17.80784607
17.57059097
18.42745209
28.32745171
18.41568947
14.50980568
14.74509716
15.25882435
19.49608040
16.95882416
18.95098114
17.62549210
16.46274757
16.11764717
15.71960640
16.72745323
16.99215698
17.43921852
17.98235321
18.26862526
28.04314232
23.95098305
14.61372662
13.73136997
15.60196018
17.47451019
17.38823700
18.74117661
18.59999847
16.81372452
15.87255192
15.38039112
17.10000038
16.83529472
16.72353363
18.46862793
18.25686646
24.10784340
28.83725739
17.05686188
14.62156868
14.29803944
15.80980587
18.69607544
18.04705811
19.04117775
17.09019852
16.17647171
15.65686321
16.47843361
17.34313774
17.58627319
18.20980644
18.53137589
21.67451096
27.00588417
22.25294495
14.82745075
14.45490074
15.60196018
18.99803925
18.37450981
18.27255058
18.16078377
16.48235321
16.52941132
15.75686264
17.49215698
17.66470337
17.29411888
19.17451096
19.77843285
22.89999962
26.30784416
15.66470623
15.23725414
14.93529320
17.85490036
18.08823967
18.95686150
18.54313660
16.57450867
17.08431244
15.24509811
17.57058716
16.95098305
16.99215698
19.04902077
19.17254829
21.88039398
21.10588074
18.83333397
15.76862812
15.02157021
16.37450790
18.54901695
18.87647247
18.25294113
16.98431206
16.63725662
15.70392227
17.40784454
16.84510040
16.80195999
18.76863098
19.40000343
21.54706192
15.98431683
21.98235321
15.52941322
15.50196266
18.04509735
18.70391846
17.76862717
18.08235359
17.25882149
16.26666451
16.47843170
17.05686569
17.68039322
16.23529434
17.66078568
19.23529434
20.78235245
18.99999809
19.43529701
16.23529434
16.00195885
18.29607773
18.89215660
18.33921623
18.05294228
17.84313965
17.09607697
15.64117718
16.90391922
18.02941132
16.40000343
16.37647057
18.60195923
18.98823929
23.13725281
14.42156792
19.43725586
15.88431263
15.41372395
20.01765060
20.35294342
18.77058792
17.13921356
17.50588036
16.35294151
16.14706230
18.02352905
17.88431549
16.52549171
18.16274452
19.15686417
24.10000038
13.87254906
18.39411545
15.01568604
16.11176491
20.90196228
18.87647057
18.93921661
18.28627396
17.98627472
16.44706154
15.99803925
16.42941284
17.75686455
17.31568718
17.26470757
18.97843552
24.28038788
16.34313583
15.17450905
16.36470604
15.87451172
18.96470642
18.04509735
19.45294571
19.39999771
17.69804001
17.49411964
15.38823509
16.51372528
17.44705772
18.09215546
16.45293999
18.37058830
22.29215622
21.19803810
12.20588112
17.92156982
15.25686359
17.40980530
18.43136978
19.28627396
20.15490341
17.35686302
17.57254982
15.80980492
16.04705811
17.87647247
17.88039589
17.52353096
17.14901733
21.11176682
25.69804001
11.81372643
15.59803772
15.57646942
16.90392303
18.13529587
19.25294304
18.39411926
19.14510345
17.52353287
16.51961136
15.48039246
16.64313889
17.86274719
18.89608192
17.17646790
19.46470451
25.54705811
14.93921566
12.03921509
17.72549248
15.89607811
18.09607887
18.54510117
19.80391884
18.99019241
17.87255096
17.38627815
15.41568375
16.54706192
17.67058754
21.54509735
17.65882492
18.70783997
24.14706039
19.81372833
12.45882416
16.30000114
15.06666851
17.07255173
19.35882378
22.05490303
18.47647095
18.54902077
18.80980301
16.35882568
16.54706001
16.54117775
23.92745209
18.44117546
18.10000229
22.80980682
23.56274414
12.15490150
13.91568851
16.71764755
16.84901810
16.13921738
25.69999504
18.19999886
18.87843323
18.24510002
20.41764450
16.10588264
16.42745399
25.13921738
20.74901581
18.41961288
20.65489960
25.79411697
14.52745056
12.70000172
16.69019699
15.83725452
16.81372452
23.05686569
22.30000305
18.85882187
19.00392532
20.54509735
16.45882416
16.60588264
24.54902077
26.13528824
18.67450905
19.84705925
23.95686150
21.66078186
12.39215660
14.47451019
15.29803944
16.35882568
18.56863022
27.24313354
18.60980606
19.30981255
18.50000381
20.04510307
17.20980644
20.07254791
30.77255058
20.14902115
18.46274757
23.36078835
26.81764984
12.92353153
12.18823528
16.36862946
16.88431740
16.43529320
27.42352867
20.22352600
19.29019356
18.75490189
20.53921318
17.62157059
19.17255020
27.32353020
23.38235855
18.72549248
21.81764984
27.46666718
16.65098381
11.66470814
13.94313526
16.01176643
16.76666641
21.32548904
25.09215355
18.52549553
18.91961098
19.54902077
18.95686150
16.73137283
23.78430939
26.72744751
19.04705811
20.56862450
25.50784302
22.73530197
11.80392361
11.58627319
15.19411755
17.06274796
17.12353134
29.62157249
19.60980225
19.14902306
18.86078262
20.39215469
17.66666794
21.86862564
25.22745132
20.89608383
20.17647743
24.48430824
27.10784149
13.00000095
11.64705944
14.59607601
15.96862793
16.26862717
26.83921623
24.83136749
19.83137321
18.40196419
21.24706078
18.69804001
20.72549248
19.46470833
24.63137436
19.21372795
23.41960716
29.61372375
14.42745018
11.26470566
13.29019642
15.90784168
16.81176567
21.64118004
28.94706345
20.69608116
19.80588531
20.17842865
21.96274185
18.60196495
19.60392189
22.47843170
18.97451210
22.35294151
28.64510155
17.01372719
10.72941399
11.45686245
16.37450790
15.91372490
18.04705811
30.10392761
23.86666870
20.61568832
20.85097885
26.52352905
17.23921967
20.31960678
17.56470490
21.67451096
20.44510078
26.49019432
22.84509659
10.03333378
10.93333340
14.71176529
15.76666832
17.51764870
25.48627281
28.33725548
21.08823395
20.76666451
25.56078529
23.82157135
21.13725471
16.61960983
22.66078568
19.19999886
25.92549324
27.41176987
11.46470451
10.25490379
12.86274529
15.77647209
18.44117737
19.37254715
30.36470985
23.17646980
20.76274490
23.48235321
29.34902191
23.70195961
18.34510040
19.60000038
21.09412003
25.05686188
28.64705658
13.96470451
10.41960716
11.15686321
14.93921757
17.75686073
16.13333511
27.93725395
27.26862335
21.74118042
22.35882378
29.73529816
28.68823242
20.00196266
18.54902077
23.54117966
22.78627205
27.83725929
19.04509926
10.18823624
11.07451057
13.79215622
15.76667023
17.25097656
21.45293999
30.63528824
22.93725967
22.89019012
26.83921814
31.47059250
24.03137207
20.58823395
21.31372833
21.65686035
28.80588531
20.95293808
10.92353153
12.35882473
12.70196056
15.42549133
17.55686188
16.13137054
27.08039284
26.92745209
25.13921547
24.85881805
30.57255554
29.58234978
16.85490227
20.14117813
23.41568565
25.69019508
24.71176910
12.64313793
11.09607887
13.80196381
14.88627434
16.73333359
15.24705791
22.26470947
30.28431702
27.57647133
25.05489731
29.57450676
31.86078644
17.37647057
21.01372528
21.44705582
22.44313431
25.88235283
17.97843361
10.39019489
12.64901829
13.61372757
15.39804077
16.85294342
16.79019737
27.11569023
31.11765099
26.84705734
28.45685959
31.37450981
20.88627434
20.30196381
19.95293999
22.13725853
27.67843246
20.19216156
10.85490036
10.70392227
13.24705791
15.32745266
17.49607849
13.33529186
22.29411888
30.31960869
29.75294685
26.61764908
30.13137436
25.84902000
16.40392113
19.85686493
22.01176262
26.64314079
23.28039360
11.83137512
10.06470680
12.29803944
15.10980511
16.18823433
14.75686359
16.92156792
27.06274605
31.02745056
26.99804306
28.14509773
29.55882263
15.10196304
19.22353363
20.18235397
23.94509506
24.25294304
15.89215660
10.10588455
11.08627510
14.51372623
15.20980358
16.96274567
16.46862793
21.12157059
31.78235245
27.09607887
27.81372452
27.54902267
16.91568375
18.17647171
19.16470528
24.60196304
24.12352753
18.42941093
11.21764660
10.83333492
13.44117928
15.64705944
17.25490379
15.49804115
18.46666527
28.42353249
29.17843819
26.21568680
25.00980568
19.10980034
15.66862869
18.16470718
24.38235092
26.49215317
19.97450829
11.87255001
11.90392208
11.66862679
15.43529320
15.90980148
15.87255096
16.52352905
23.71568680
30.13529205
26.45293999
23.26470947
19.89803886
14.55294037
15.16862583
24.11176682
27.10784721
20.71372604
15.48235226
11.75882244
10.63137245
14.51568794
15.91568565
16.26274872
15.29019833
19.57058907
29.82157516
27.37058640
22.80392647
18.87450409
15.07646942
14.62353039
20.32941246
28.83137512
22.84117889
16.94117546
11.33333206
10.58627224
12.28039265
17.40980721
17.03137207
14.03529549
18.71372223
25.48039436
29.65294266
23.20000076
17.32549286
14.84902000
15.07254696
16.48431206
27.80980682
26.37843323
17.80588341
11.38235378
10.96862698
10.73725605
16.87450981
16.76862335
15.92941189
16.07058716
20.92156982
30.62745094
25.46470642
16.03921700
14.64901733
15.33137321
13.91372395
24.65489960
27.85882568
18.59411430
14.61372566
10.11568832
9.61176491
14.78627491
17.08039093
16.94705963
14.73333263
18.53921700
26.04706383
27.51568985
16.32744980
13.58823776
15.25686359
13.92941284
19.36078644
28.08039284
21.47058868
15.89607620
10.12549114
9.37058926
12.26274776
17.36862946
17.92549133
14.51764774
15.77254868
21.24313545
28.48628044
18.82744980
13.41176319
14.71764755
14.53333282
15.18039036
27.20392418
24.49411774
16.79411888
10.44902229
10.50392246
10.55490303
15.18627548
18.25098228
16.26274300
14.24706078
18.96862984
26.26666260
22.84706116
13.25686264
14.76666832
14.53137016
13.58039284
24.93921471
25.66274643
16.48431587
13.51372623
9.74509907
10.02548885
13.68627548
18.72745132
17.38627243
12.88823700
17.53529549
22.76470757
26.76274681
13.83333397
12.90588379
16.74117661
12.98627377
20.15294075
28.24705124
18.10784531
15.00784492
10.31568527
9.93137360
9.61372566
17.76862717
19.50392151
13.50000191
15.97843170
20.60784149
26.00980377
17.63333321
12.97254753
16.94705963
13.34117603
16.82745171
28.69411659
20.54313660
16.08039093
10.35490417
11.56274414
7.52352953
15.98431587
18.62745094
15.92549419
15.95686245
20.22352791
23.25490189
21.89803505
12.86470413
15.00392437
16.82549286
14.93921661
25.36667061
25.01176453
14.13921642
14.08235264
9.59803867
9.85882568
13.19019508
17.56666565
18.45882416
15.09803963
18.67646790
20.60784340
26.40196037
14.52549171
13.60980320
18.17254639
14.06666660
20.76470566
29.38823700
16.18627357
16.33921814
9.31372547
10.94902039
8.97058868
18.60588455
19.10196304
14.35882473
18.07843399
20.00588608
23.21372414
18.50783920
15.54509830
16.66470528
15.50588131
17.99411774
29.39412117
20.31176186
17.26470566
10.30392075
11.19411850
7.12745094
16.54117966
19.36470795
16.89215660
16.06862640
19.79804039
19.79803848
20.49215889
16.87843132
14.34117603
19.42941093
16.27647209
25.19215965
25.61960793
14.33529472
14.57647228
10.06078529
9.08627510
12.93137264
19.17255020
17.95098686
15.46078396
19.12941360
19.43725204
19.83529472
15.26274395
14.12745094
20.06470871
17.19607925
21.52352715
27.47058868
14.51372528
16.58039665
11.54313660
10.36862946
9.50784397
19.19020081
19.75098228
14.57451057
17.78431320
19.21764946
17.49803925
16.08823586
15.27254963
17.57647324
18.50392151
19.69019508
25.47843170
18.85686302
16.38235474
11.82941341
11.84117794
9.06470680
16.13529587
20.28628159
16.33529663
15.42353058
19.28431511
17.90392494
15.90980721
16.31372452
14.50588131
21.48039818
18.23529243
24.83529472
21.16862106
12.96862602
14.50195789
11.39999962
9.57058907
12.78823662
19.56470490
18.07058907
15.32353115
19.48039055
18.61960793
15.32353020
17.36078453
14.24313641
21.56863022
18.94313622
24.53333282
22.88039398
13.54509926
15.09803963
10.78431511
9.13333511
9.01764679
18.77255058
20.46470642
15.50588131
16.64313698
20.63333321
15.43333244
17.41960907
15.84313774
19.77255058
19.78039360
23.19607925
23.04510117
16.25686264
14.48823357
11.54313755
9.37843227
7.74509811
15.15294170
21.53725052
16.24510002
14.96863079
20.23137474
17.72941399
15.44509888
17.32157135
17.09607697
22.83725548
21.22941399
23.70195961
17.80588722
12.99803925
14.34901905
9.61176491
7.68431425
11.81960869
21.80980492
18.55097961
15.39804077
19.17451096
18.97059059
15.01568699
16.01764870
14.89803791
23.59607506
21.34313583
23.60588074
20.06862831
12.88039398
15.11568832
10.45490265
7.48235273
8.43333435
20.65882492
23.29804230
14.41764736
15.05882549
21.36078835
15.72353077
15.44706059
15.72941113
20.32353020
23.46275139
22.03921509
20.93725395
14.74509811
13.32157040
13.51961040
8.92745209
6.88235235
16.21961021
26.38039780
16.18431282
13.37058640
21.02745628
17.39804459
14.57646942
16.18235397
17.34313965
24.58431435
22.01764870
21.10980225
16.32941246
13.43137264
15.29411888
8.63137341
7.84117699
10.93921566
26.39215851
22.02156830
13.38039494
16.89607811
19.74118042
15.60784626
16.37059021
15.52549171
25.12745476
21.01764488
20.61176109
18.28431320
12.51764679
13.61960793
10.87647247
8.43921471
7.74509859
21.73725128
27.20392609
14.03725624
12.83333302
20.95294380
15.78431416
15.70784283
15.70588303
22.73921204
23.47843170
19.53137207
18.36274529
12.03333282
12.50980568
12.73529434
9.25882339
7.55294132
15.28235340
27.59411621
17.95686340
12.74509907
18.66470718
17.30196381
14.82744789
16.72352791
18.87058640
24.33137131
20.91764832
18.32549095
13.51176453
11.81568718
13.26274586
10.04313946
8.14313698
11.45098209
25.53333092
22.04117584
13.05882454
15.25490189
19.80195999
14.67647171
16.38627434
16.35294342
25.34509850
21.53137207
20.88039398
15.93137264
11.05882359
13.51568794
11.37058926
9.42745018
8.11764717
21.89608002
23.17451096
17.59804153
12.20784283
20.07058907
14.40196228
15.91960907
15.24902153
23.08627319
22.80391884
21.44117546
18.00588226
11.15686321
12.46470451
13.23333359
9.89411736
8.26274586
15.73529625
21.13725090
20.48039627
12.26666737
17.11176491
16.77647400
14.57450962
16.58039093
19.06862831
24.08235550
21.90000534
18.27843475
13.61176491
12.01568699
13.30784225
10.02549076
8.99804115
10.87647057
20.37058640
20.48431396
14.56078434
13.17843151
18.50392532
16.64313507
16.34509850
16.02940941
25.29019737
20.75294495
19.49804115
15.98039150
11.54313755
14.32353115
10.83137226
8.95098209
8.70980453
18.83137131
19.47647095
18.05097961
11.51764774
18.99215889
19.52745056
15.06274891
16.80196190
21.66666031
21.39019775
19.17254639
15.80392265
14.07255077
14.44901943
12.00588417
8.41176510
8.48627377
15.30000019
18.94902039
18.88431549
13.60392284
18.96470642
18.10784340
17.57255173
18.11960983
17.43333435
23.42940903
18.94902229
16.51764679
17.85489845
13.78627205
12.77647114
9.18039417
8.01568699
10.97451115
20.16666985
18.89411926
15.36274719
15.80784321
18.56274414
20.86078453
16.98235321
14.94509697
24.69215584
19.48039246
16.78823662
19.64118004
12.83921528
14.59607887
10.65098190
7.94901943
8.97451019
17.16470718
18.91568375
17.76274490
14.81568813
18.85294342
22.22941208
16.03333282
17.16470528
20.40000343
22.35685921
17.51960945
17.45882416
13.81568718
15.61176586
12.79803753
8.61176586
7.97254848
14.68431282
18.35882568
16.26470757
15.65685940
19.13529587
19.28431320
18.33725548
18.59607697
17.53137016
24.97058678
19.32353210
14.61568737
15.96862698
14.68235207
14.81960678
9.94313908
8.01372623
10.83137035
19.30588531
14.88235283
16.57451057
17.72352982
18.73333359
22.60784531
17.34117508
15.66666794
25.27647018
21.21765137
14.52156734
17.61764717
13.78431320
14.42549133
12.96274471
8.64901924
10.01176453
15.20980453
14.82549000
16.68235207
18.13529396
19.09803772
25.05097961
15.93921471
17.18235588
20.68823624
22.78235245
16.71764565
17.08039284
14.31764984
14.75882244
13.40196133
9.46470642
10.09411812
12.39804077
15.47843170
15.25098133
17.50784492
20.35686493
23.04313850
20.33921814
16.98431587
17.05686378
23.95882225
19.10980415
15.45490074
15.69411755
16.46274567
12.71960735
11.01764870
9.03725433
11.83529758
15.30196285
14.30588245
17.57254791
20.16274261
21.95098305
23.84313965
16.13333321
15.08627510
24.28234863
20.53529358
14.67842960
16.57843208
17.91176414
13.65882397
11.86470604
8.57254887
11.65294075
12.62745190
15.33725452
16.41176414
20.37059212
22.55882835
24.71568680
16.36862946
15.75882244
20.99803925
20.90588379
16.59411621
16.43137360
16.80392075
16.43137360
12.14705944
8.95686340
10.98235321
10.97058678
15.63921928
16.54509926
18.93137360
23.09803963
23.82745171
19.29804230
16.09215546
17.42745209
22.06666374
19.02352524
14.26666737
17.17255211
17.08235550
13.72549057
12.69411850
8.26862717
12.21568584
14.99215794
15.41764736
17.94117928
22.18235207
23.92156982
22.76274490
15.18627644
15.75882435
23.57058907
20.48431587
13.81372452
17.60000229
17.49216080
14.73921680
16.11372566
9.03921700
13.06666565
12.15490246
15.06862736
16.63137245
21.66274834
24.59803391
24.18039322
15.25686264
15.52156639
21.14117622
22.00392151
16.83333588
16.98823547
18.90392113
14.59019852
16.13921738
12.18039227
13.25098038
10.61764622
14.86078167
15.43921757
20.25687027
23.96470833
23.17255020
18.74313354
15.20980644
16.42745018
22.88823509
19.73921585
14.05882263
20.93725395
14.03529358
15.70000076
16.24117470
9.69607925
13.60980225
14.09804058
15.03333282
18.56863022
22.39608383
24.40196037
21.21764374
13.78235340
13.61568832
21.38431549
22.22352982
13.86274624
19.04901505
15.18039513
14.42352962
17.15294266
12.04313850
14.53921604
11.81960773
15.93333149
17.96471024
21.77058792
24.85293961
22.57058525
14.48431206
12.68039608
18.88235474
21.66666794
16.99019814
15.61176395
17.47058868
14.58823872
15.68627548
16.49411774
15.44117832
10.57451057
16.43921852
17.31372643
20.04705811
23.69803429
23.49411774
18.31568336
12.20196152
15.18627548
21.31176567
20.16863060
13.75098133
18.66274452
14.42941093
14.77451038
18.06862831
16.68235207
12.94313622
13.11372566
18.18823433
18.99019432
22.29020119
24.57451248
21.60196114
12.69215488
12.18823528
20.98431396
21.28627777
14.81960869
17.20000267
14.27450943
14.88235378
18.14509964
18.99999809
14.30588341
10.19215775
16.83137321
19.72353363
20.36666489
23.84510040
22.90784264
15.48823643
12.13333225
17.66666794
20.71568489
17.56470299
15.98627567
15.82941151
15.03333092
17.98235321
17.92941475
16.28627396
9.81372547
15.28039265
19.30196571
19.57843018
21.91960716
23.12744522
18.73137474
13.28431225
13.65686321
20.88823509
20.41176796
15.23725414
17.26274681
14.23529530
16.34509850
19.36274338
16.46078300
12.34313774
11.81568527
19.40784073
18.90784264
19.34902191
23.19607925
22.25686646
13.95490646
11.66078377
19.86078644
20.95490074
16.54117775
16.87451172
14.89215851
13.97451115
21.87255096
16.15294075
15.01764870
9.39803982
17.79216003
19.94117546
18.75686646
21.27843094
23.02157211
15.64313507
13.12156868
15.72549152
19.99803734
18.62548828
16.54706001
16.05098152
14.21372604
19.13725853
18.57451248
16.10000229
11.02157021
14.78039360
20.24117851
17.96862984
18.46862793
22.16274834
18.60587883
13.10980415
13.70784473
18.65490150
20.72941399
16.26666641
17.25686455
14.58823872
15.80195999
21.18823051
14.84313774
14.21764851
12.23137283
19.80392075
17.99608040
17.54314041
20.83333397
21.15098572
13.10980320
13.31372547
17.21176529
19.47647095
17.64117432
17.40196419
15.52744961
13.87058830
21.77255058
14.13725471
15.63921452
10.33725357
19.84313965
19.41765213
16.84313774
19.51764870
22.68823624
15.08235550
13.86666775
15.22549152
16.80588150
18.49215889
18.59999847
16.34705734
13.76274586
18.25294495
16.45490265
14.57843304
12.36862564
15.66274738
21.23725128
16.55097961
17.72156906
20.94901657
19.96666718
12.93137264
13.94509888
16.30392265
17.82353020
19.77843094
16.58039474
14.75882339
14.77843285
19.06666374
13.26862717
14.04509830
11.67843151
21.64901733
17.08627319
17.29412079
19.99019623
21.31372261
14.35882378
14.29411793
15.47843075
15.50588322
19.46862793
17.22941208
16.00000191
12.99803734
21.04706192
12.59803772
13.71568584
10.67254829
19.71764755
18.80980301
16.91960907
17.93921852
21.02941322
16.74901962
15.42548943
13.67254829
13.66862679
16.34117889
20.53137207
16.32745171
12.70784283
21.13136864
15.30784035
12.17647171
12.41764832
14.11764812
20.50196075
16.70980263
17.15882111
18.80980492
18.16862679
15.74509716
13.78235245
12.05098152
13.64901924
19.61176682
18.03921700
14.59607697
18.03137589
18.00392151
10.78235435
14.59607887
10.01372528
19.92353058
17.18039131
16.32353210
16.97451019
18.15882301
16.50392342
14.83921719
11.40980530
11.77058697
18.22745323
18.05686188
16.82941246
14.35097980
20.66666794
10.96666718
14.53333759
9.79411602
17.38039207
16.73333359
15.84313774
16.61764717
16.51176643
16.24901962
16.25294304
13.13529491
11.43137360
14.58235455
19.07451057
17.69608116
11.75098133
21.01764488
14.80000114
12.45098019
12.81960773
14.03333664
15.61568832
15.50980377
16.02941132
16.60587883
15.15686131
16.84705925
14.30784416
11.58431244
11.46470547
20.53921509
17.56666756
12.16078854
17.97058868
17.85882568
11.54509926
15.42745113
9.83333302
16.99215889
13.83333397
15.09411812
15.35294247
15.00784302
17.86274719
15.18627548
12.82157040
9.70196247
17.63137245
19.27059364
14.78235435
14.36078453
19.81960869
11.95882416
15.27647114
9.58431244
16.64313889
12.91176605
15.54706097
15.30784416
14.48823547
14.99411583
18.36274719
14.29607868
10.01568604
12.36666775
21.72352791
16.83529472
11.12941265
20.42548943
14.81176376
13.19412041
12.75686359
14.61961079
12.77647305
13.83725452
16.66470909
13.61764622
15.14706135
19.10980606
14.38235283
10.90980339
10.62941265
19.45490265
19.22941208
12.32157040
17.62549400
16.54510117
12.37058926
15.03333282
10.97450924
13.59607792
11.51176357
16.65294075
13.64313889
14.41960907
18.08823586
15.38823509
12.28627300
9.30392265
17.05097961
20.36078453
15.38235283
14.46666622
18.91960907
11.02941036
15.14509773
8.78627491
14.88431358
9.95490170
15.46862793
15.56666660
13.13921452
16.60392189
17.74510002
13.06862545
9.17843246
13.43725681
22.05097961
17.39411926
11.36274529
19.98039627
12.46078396
12.18823624
11.57254791
13.03137112
11.28039265
13.11372566
16.82941246
12.94509792
13.80000019
21.30784416
13.14706039
10.44313622
11.36078358
19.69019699
19.46274757
11.81960869
17.09215736
14.85882568
11.03921509
12.40000057
10.81372452
13.31372452
9.96666718
15.68039131
13.78823376
11.73921490
20.67254639
14.10392189
12.12549210
10.06078625
16.90196037
19.52940941
14.19608116
13.46862698
16.06862831
11.10392189
14.33529377
8.43725491
14.07843304
8.15098000
13.18431377
16.74510193
10.31568813
17.24313927
17.75686836
11.74313736
9.49019527
11.10784340
20.79803848
14.83137512
11.05098057
16.24901962
12.46862793
13.81372547
10.20588207
12.76274681
9.80588055
9.45882225
19.04902077
11.91764736
11.99411774
21.23137474
10.95490265
10.46470833
9.34117603
19.09412384
16.04509926
10.98627377
14.61960793
13.81176472
12.99804020
12.14901924
11.44705868
12.11372757
6.81764698
17.52941322
14.96470547
10.00980473
19.21372986
13.89411831
11.03921700
9.63921547
16.86862755
17.21764946
12.53137398
11.65490150
13.59215832
11.71176720
14.71960926
9.98627567
13.93921566
7.33725452
12.85490227
16.04509926
10.75098133
14.22941208
18.81568527
10.19804001
8.61568737
14.47450924
19.42549133
12.80980492
11.70196152
11.90784264
12.12941170
13.83725452
10.04901981
14.08235264
9.22353077
9.09215736
14.58039284
10.57450867
10.05294037
21.76666832
9.98823547
10.00784302
12.10588169
18.91372490
15.30392075
11.50000000
11.42353058
11.77255058
12.11960888
11.98627472
13.75098228
11.63725471
6.05882406
14.91764641
9.20392227
8.41372490
17.64117813
13.69804287
9.95097923
10.21960831
17.53921509
16.50000191
12.23333359
11.99215603
10.27255154
9.71960831
13.42941380
13.36274529
14.83529472
6.33137226
12.64117718
9.04705715
9.11960888
11.46078587
17.15293884
9.18235302
9.98235416
14.93333340
17.47647095
14.43137074
11.80392170
9.89607906
9.13137245
13.26862812
12.47058868
16.61372566
8.27843189
9.71568680
11.24509907
8.81176567
7.28039217
18.41764832
9.00392246
10.41568661
11.45490170
17.72353363
14.99803925
11.80784321
10.41176605
8.65098000
12.58235264
11.68823528
15.16862869
13.31961155
6.84313679
13.11568737
7.98627520
7.28431416
13.97058868
12.14509487
9.89215755
9.42352867
16.09215736
15.48627567
11.92157078
11.41568565
8.69019699
10.40980434
12.25490379
13.25686359
17.36862946
6.62156916
11.43529415
7.64117670
8.71764851
9.16862679
15.91960716
8.72156906
9.12549210
13.92941189
16.67254829
11.42156887
10.71176434
9.44706059
9.21372509
13.56274509
12.00784206
16.13137436
9.14705849
8.80784321
10.33725739
8.96078491
7.15686321
14.21960735
10.28627396
10.09019470
9.80784416
16.71568680
12.80784416
9.73921490
9.42352962
8.82745171
13.89019966
12.23137283
15.32156849
12.43921757
6.59999990
11.88235474
8.50980473
8.01372623
10.73333263
11.61764812
10.43333530
7.60588169
15.78431320
13.75490189
9.89215565
10.37255001
8.46274471
12.39803791
12.63137054
14.43921661
16.26274681
5.88431406
11.30196190
8.17451000
9.15490341
8.29411793
14.59411716
9.97254753
8.05490303
13.47843266
14.90980530
10.01568508
11.25882435
8.54901886
10.94705772
13.90000153
13.58039379
16.27255058
8.80391884
8.37450981
10.72941208
9.10980415
9.51372528
11.79804039
12.76274490
9.81960773
9.94705868
16.10784531
10.84902191
10.32941246
9.87647343
9.73333549
14.45882320
13.82745457
15.75098038
12.48235416
6.15490246
12.64313698
9.15098095
10.12744999
10.27058792
14.58039188
10.43137550
7.26078463
16.36666870
12.97451115
9.60000038
9.81372547
9.39411831
14.33725643
12.73333454
15.31176662
15.60000038
6.63529539
11.97058773
9.91372681
9.41176510
10.70196247
15.13333511
11.29607773
7.97647142
14.20196247
15.37255096
9.38431549
10.43921661
10.46666527
12.78823471
12.55882263
13.50195980
16.88823509
7.86470556
10.89607906
11.16274548
10.42745209
12.34313679
11.97254848
13.51568985
8.98235321
10.43137169
18.08039474
11.08235359
10.44313812
12.25686073
12.06274223
13.32940960
12.31764507
15.23529434
11.04706097
8.67451096
12.30784512
11.11568737
12.33333588
9.97254944
15.69607639
9.59215832
6.95490170
18.14901733
14.50392151
9.84705734
12.17646980
13.53725529
14.46666908
11.40588474
13.96666622
14.22156811
6.91960859
11.45882225
10.48823643
11.20588207
12.33529568
14.59804058
11.85098076
5.60588217
14.06470776
17.19019699
10.75882435
11.48235416
14.59215736
15.23333549
11.03921700
13.58823776
15.98235130
6.45686340
8.90000057
11.36274624
11.64509773
12.48627377
11.61372662
15.11372566
7.11568642
10.43137360
18.60980415
11.28235435
12.20980549
14.61372375
14.89804077
12.65098190
12.59607792
14.71960926
8.84705830
7.10392189
12.32352924
12.05490303
10.59215736
11.34509850
16.63333511
9.68039322
7.26078367
18.56666565
14.48823643
12.16862488
13.29411793
15.42745209
14.75490189
11.02548981
14.18039131
12.05097771
6.10392141
10.19411850
13.83921432
10.20195961
11.53137302
14.47647190
13.87646961
6.06274414
14.63725567
18.05686569
12.47451305
12.54509926
16.55098343
16.91960907
10.10588360
13.39215660
14.94705963
6.40980434
6.80784321
14.41372490
12.21960831
10.74509907
11.08039284
16.06470490
6.93529415
10.99019623
17.86078644
12.80784130
13.80784416
16.22353172
17.16862869
11.97646904
12.92745209
14.70980358
9.15686226
6.71568632
10.78235340
15.25294304
8.45097923
10.65098095
14.35882187
10.41568851
7.48431492
17.38235283
14.08823395
13.32157135
15.37254906
16.34902191
15.19804096
11.96274567
14.17254925
11.58039284
7.46470642
7.65490246
14.32353210
11.10980320
10.03333282
12.07058716
12.98431587
7.27450895
13.86470604
16.89803886
13.09215832
13.69019794
17.12941360
17.20784569
10.17254925
13.15686321
13.99019527
7.76274538
5.60196066
13.80588341
12.48431396
8.73137474
10.92745113
13.35097885
9.49803925
10.11568737
17.61960983
13.86470604
14.46666813
17.03333092
16.72744942
11.54117775
12.85490417
13.78431511
8.59999943
5.79215670
10.74901962
13.94901943
9.38039398
9.49607849
12.55882072
12.07451057
7.33333302
17.75294113
14.19411850
15.38235378
15.68823624
16.53921700
14.27058983
12.83529186
12.62745094
9.71372414
6.24117661
7.37254953
14.95490170
12.51764679
9.35686302
10.63529396
12.12745285
9.15098095
13.92745018
15.94705772
15.03333473
14.15490437
16.94705582
16.02549171
13.11764812
12.36078453
11.48627663
6.21568680
5.19804049
14.36274624
15.70392132
8.11176491
9.27451038
12.40980530
10.84705925
9.20392227
16.75686264
14.88039207
15.59607792
16.55294228
16.77843285
13.72549248
13.48235416
11.22941303
7.81372595
5.48823547
11.50588322
16.84705734
9.23529243
8.85686111
10.07058907
12.30784416
7.28627443
14.69019699
15.41568565
17.05097961
15.85882378
16.98039246
14.34117508
14.87255001
11.21372604
9.72745037
6.47647095
8.56078339
15.50000191
12.31960773
9.10588264
7.20980358
13.05686283
8.72941113
11.63333321
15.47843266
16.89019775
15.17450809
17.22549057
15.12549210
16.03921890
12.52352810
9.27646923
8.04509830
4.74509811
14.03137302
14.39411926
8.59803963
8.57254982
10.61568451
11.58039188
8.58039284
15.30588245
16.14705849
16.03529549
17.44902229
15.78431320
16.34117699
14.36666679
9.88039207
8.84705830
4.46666718
11.24705982
14.29607868
8.93333435
9.59804058
8.22941303
12.56470585
6.90784311
13.18431568
15.35882282
16.97843552
16.89803696
15.64118004
16.09999847
16.74705887
10.29019642
8.61176491
5.21960783
7.83725595
13.14313889
11.25686264
9.44313622
6.90588236
12.10392189
7.84117746
10.03333378
14.42156792
16.58823395
15.21176720
16.12156868
14.61764812
17.26667023
12.34118176
8.82156754
6.20980406
6.60588264
10.48627472
12.87646961
8.04902172
9.29019833
9.67843151
9.16274452
8.05490208
14.74509621
15.66274643
14.98627472
14.98431396
13.97254753
17.03333282
15.01960754
9.03137112
7.13921452
4.50000048
10.03137207
13.93921661
8.06470680
9.80980396
6.67058849
11.60000229
7.77843094
11.84313774
17.42549324
15.26862812
12.73137093
13.69607925
16.47451019
16.49019814
10.12156677
7.61764669
5.20980406
7.74117708
12.97843266
10.23137283
9.38235283
6.55882359
12.00784302
7.65294075
8.75686264
18.11764908
16.34117889
11.54313755
13.80588341
15.23333359
16.78235245
11.45294094
7.65098095
4.93333340
6.35294151
11.45490170
12.80784225
6.89607859
8.98431396
9.32352924
9.83529568
7.50196123
14.57843399
16.66078568
12.20980358
13.39411926
14.30784416
16.59411812
13.09411621
6.73921585
5.41764688
5.12941170
8.40784168
15.96862411
7.80196095
8.46666718
6.36862755
10.62941074
7.45490360
10.71372700
16.66863251
13.27254772
12.26274395
13.72353077
16.36862755
14.81960773
7.22156811
6.48235273
3.76078486
6.94705963
15.59803963
9.52353287
7.59803915
5.61176586
10.65686226
8.25490284
8.76274586
15.98823547
14.34705925
11.37255001
14.39999866
15.69411850
16.40000153
8.40588188
6.75294065
4.81568623
4.87647057
13.11960983
13.71568775
6.54117680
6.59411812
9.63725471
7.57451057
9.36862659
13.01176453
15.02745247
11.54901981
14.35098076
14.11176300
17.71372414
10.13725567
6.78235292
5.34705973
3.58431387
9.69607925
16.46274757
7.49803925
7.78823614
7.05882454
9.20784283
8.83529377
9.96666718
15.38431549
12.93529320
12.56274700
14.59607887
17.08235168
13.22745323
7.08627462
5.91372585
3.71372557
7.76862812
16.79607773
8.73725510
7.95490170
6.95490217
10.64901924
8.55882454
7.82745171
15.67255020
14.84313679
11.02156925
14.85882378
15.29803848
16.26078415
8.10196209
6.69019794
4.22549057
5.53333330
16.88823509
12.29803658
6.56470585
8.51372719
10.93725586
8.09215832
7.74313688
12.82549095
16.24705887
11.76862812
14.35882282
13.80784225
16.88431358
10.36862946
8.10588264
4.59215689
4.17843151
15.12156963
16.37255096
6.67058802
8.27843094
12.05686378
7.36666775
7.96078491
10.09411812
16.24313736
13.25294209
12.41764736
15.39412022
15.71961021
13.13921738
8.51568699
6.30980301
3.54117656
9.37451077
20.05489731
10.42353153
7.96274614
12.63921547
8.17647076
7.47058868
8.53529453
15.37254906
13.71176624
10.84902000
16.36862755
15.47451210
15.74313927
9.54705906
6.86862707
3.91372561
5.66666651
19.43137360
16.51764679
7.97058868
12.03921700
9.56862736
7.28235292
7.75686216
12.78431702
15.09999847
11.02549076
16.06274605
15.37843132
16.61176682
10.70392227
8.48039246
4.75686264
5.48235369
13.11960888
21.25098038
9.67451096
10.31176376
11.87451077
7.38235331
7.05686283
10.00784206
14.70588303
12.05490208
14.13529587
16.61176491
16.49019814
12.59019756
10.13725567
6.08039236
4.10196114
8.62744999
21.69411850
12.91960716
9.45098114
12.51961040
8.04313755
7.16274548
7.35686255
13.09803867
12.33333492
12.19019604
17.50196075
15.48627472
14.86666679
9.83529377
8.00980473
4.62941122
6.67451048
17.23529625
16.35294151
10.05098057
13.00588322
9.10000038
7.30392170
7.79019642
10.83529568
13.12745190
10.61960697
15.64313793
15.34509754
16.31176567
10.40588474
9.50392151
4.29019642
6.20784330
10.81372643
20.79608154
10.83529377
13.23921680
11.21568584
7.39411879
8.63137341
8.46078587
13.64313507
10.00980377
13.55490303
16.11568642
15.25490189
12.54313850
10.48431492
6.14509726
4.54313707
8.53921604
21.67058945
13.19411755
14.06862831
12.32941151
8.71960926
7.36862755
7.89411688
12.57451057
10.88235188
11.51764774
16.24117661
13.84901905
14.15098190
10.75686359
9.53333473
4.06862783
7.62156916
16.48627281
19.34509850
13.40588188
15.93725491
10.31568432
6.46666718
7.97450924
10.03137207
12.66666508
10.06274700
14.14117813
14.58038998
13.92548943
11.23333359
11.96666813
4.14313745
6.83333397
12.12941265
23.99999809
14.28823566
17.06078529
12.52548885
6.68823528
8.35490322
6.75490284
13.68235302
10.12549019
12.49803829
14.57843208
13.47450829
12.27646828
12.15098095
6.65490103
4.74509859
9.41568565
21.80392265
20.20195770
14.78235245
15.29411983
9.49215603
7.33529425
6.92156839
11.80196190
11.62156773
11.27842999
14.40588093
13.65490437
12.14705849
11.99803925
9.63333321
4.09411812
6.66470623
17.47059059
25.09411812
12.74509907
15.90000057
12.24117756
5.52352953
9.80980396
7.88627529
13.40784073
10.82744980
14.03921509
13.65294170
11.73529434
11.97058868
11.88627529
4.70588303
5.73137283
13.00980186
21.28627586
15.90980339
12.50784397
12.55882454
6.98039293
10.09607887
6.71960831
13.22744942
12.70980263
12.57451153
13.74705982
11.63333035
11.98823547
11.97843075
6.97843218
4.96078491
7.43137264
17.45098114
19.40196419
10.45882320
12.17647076
8.81372547
7.57451105
8.36470699
11.19803905
14.38431454
12.97058678
14.43725491
10.77058792
10.66862774
12.10391998
9.55686378
4.69607878
7.01372576
11.85882282
17.75490189
12.70196152
10.10784245
10.14901924
5.85686255
10.01568699
8.37843132
14.96078205
14.06666660
14.63921738
10.98627377
10.22745228
11.54705811
11.50392151
5.32156897
5.82549095
8.85686302
14.81176376
14.61568832
9.73137283
10.08039188
6.56666708
8.80000019
6.80000019
15.96470833
14.25294209
15.23725510
12.02353096
9.59215832
10.31568813
11.39019585
6.94705915
4.31568623
7.87450981
13.04705811
14.39607811
11.50000191
9.96862888
10.24510002
6.11568594
7.08235264
13.64902115
14.54509926
16.33921623
13.64901924
8.69607925
9.42941189
9.65686417
9.05294037
4.23137236
7.10784388
10.11372662
14.24509811
13.12549305
10.05294132
13.33137321
5.98039341
7.05882406
9.31764793
15.27058697
17.11176491
15.06862736
9.15686321
8.62548923
8.45294189
10.54901886
5.42352962
5.97451019
7.87647009
13.59019756
12.83529472
11.09411907
14.02745056
8.25097942
6.47646999
5.81764746
15.20784378
16.06078529
16.50000191
11.30391884
9.16862965
6.89019680
10.40588379
7.07058811
4.89411783
6.66666698
11.20588303
13.63333225
12.25294113
13.13921547
10.19215679
7.06274557
5.23921633
12.60196114
14.07058907
18.63921738
12.79411697
9.74313831
7.51176453
8.35882473
9.19411945
5.52353001
5.57646990
8.38823509
13.70000076
13.09803677
13.22941208
11.40196037
6.67058754
6.22156858
9.26274490
13.06862831
18.71764755
14.86078548
9.89019680
8.23333359
6.98235321
10.56666470
6.70000029
5.75098133
7.33137274
11.94313717
14.89215755
13.19999981
11.54902077
7.15294170
6.96470642
7.33529472
12.19607925
17.10000038
16.76274681
10.82352829
8.76078415
7.28039312
10.35098076
8.10392189
5.62156916
6.67647028
13.42941380
14.86666489
13.33725643
13.80784512
6.53725481
7.51568604
7.16470575
11.10588169
13.69215775
18.30980492
12.25294209
10.03725433
7.33333397
8.97843075
9.75294209
6.22745132
7.10588264
14.53921604
14.36274338
14.64509869
13.07254887
8.41568661
7.24705982
7.62549114
9.44901848
12.14509773
17.64901924
13.64902115
10.67058754
7.72549105
7.83725548
10.37058926
7.72941208
7.01960754
9.03529549
18.91568756
15.74313736
12.05882263
9.79411697
7.80000067
7.96666670
9.27058887
10.74901962
15.32353020
14.88823795
10.63529301
8.65294075
7.79411745
9.48823547
8.35293961
7.80588293
5.57843208
19.34117889
15.42353153
12.56078434
9.89019680
7.93921614
8.41764641
10.51568604
11.44313812
10.67255020
16.99607849
10.50588226
9.85097980
7.13529396
8.56666660
8.99411869
7.60392094
6.52352905
13.06470776
17.47058868
12.15686417
10.20784283
8.95882607
9.30588436
8.51764679
14.62549019
8.79607868
16.43725586
12.00784206
10.39803791
7.72548914
7.35882282
9.63333416
7.89803934
7.27058840
6.85098076
22.32353401
11.19607925
12.15294170
7.85490322
10.44705963
7.31176567
16.90196228
10.55097866
14.02157021
13.60784149
10.28039265
9.27254772
7.05294132
9.46078587
8.60784340
8.26078415
4.36470604
20.28235245
19.35490608
11.95294094
8.14117622
8.12352943
8.62941170
15.46862602
14.44705963
11.31372643
15.39412022
9.60980415
10.68039322
6.96078396
8.94313812
9.53921700
8.68431473
5.46274614
11.77058792
26.34117699
17.05882263
10.34313869
5.93333340
9.18431377
11.39215660
18.48823929
10.20196152
16.67255211
9.55098152
10.84313774
8.76862907
8.56666851
9.39215469
8.90980530
5.68039179
7.00196075
26.37647057
23.73921585
11.11568642
6.94901943
8.08235359
9.27058792
17.14901924
11.90392303
15.22352982
11.82353115
9.87843132
10.28627586
8.64117622
9.54901981
8.77254868
6.08823586
4.40588236
19.22549057
27.29999352
13.11960793
8.18431377
7.13333416
8.47647095
15.26470470
13.09019661
12.49019527
13.60588455
10.97058964
10.65294075
8.76470661
9.51764870
9.39803886
6.31960821
4.74313736
12.07254982
22.45098305
17.28235245
9.26666737
7.28823662
7.86274529
13.88431454
12.51372623
11.01568604
14.90784359
11.45293903
10.64902115
10.53333282
8.18235493
8.98431492
7.08039284
4.34509802
6.53137255
13.89803982
25.45489883
9.04313755
7.17843199
8.04509926
10.59607792
12.94902039
11.55294228
12.71960831
11.49607849
11.44117737
10.94901943
9.02941132
6.99019575
7.63529396
5.18431377
4.01568747
12.95294094
21.93921661
14.49411774
7.66078520
7.95686293
8.48039246
11.86470795
11.47647190
11.24510002
12.33725452
11.80784321
10.71176624
10.13529396
6.90784311
7.35882330
6.31764793
4.76862860
11.44117737
14.49215794
22.20980453
8.15686321
7.51960850
7.04313707
10.46862793
10.21372604
12.07059002
11.66470623
13.39215660
11.11176491
11.85294056
8.14117622
6.47843122
7.32941246
5.48431301
5.84901953
15.08039188
17.00392342
12.79803848
7.41568661
6.11960745
8.92157078
9.65490150
12.14117813
11.42549038
14.34509659
12.99019623
11.44509792
10.52156830
6.58627462
6.78823519
5.03529406
4.51176500
15.31176472
10.41960812
18.05490112
8.25098038
5.37647057
6.96470547
8.46862698
12.71372795
11.51568604
13.26078415
14.47450924
11.39215469
11.56470585
6.43725443
6.57451010
5.51372576
4.40588236
10.56470585
11.82353115
15.34117699
10.81764698
6.04509830
5.72941208
7.50588274
11.67451096
12.73137283
11.18823624
15.29804039
11.89215660
10.84706020
7.14705992
7.62352991
4.93725538
3.77058840
4.90000057
15.14314079
8.10784435
15.14902020
7.00980473
4.41176510
6.98431396
9.43529415
12.82353115
9.80588150
15.98431492
12.78823566
10.58627510
8.95294094
7.14117622
5.25294161
3.66666651
4.28235292
12.89999962
10.49215603
14.55098057
9.06078339
4.82549047
5.17058849
7.43529367
12.41568661
10.85882378
15.03529453
14.27254868
10.90392208
9.15882492
6.49607897
6.87254953
3.50784326
4.19019699
8.21764755
17.29019737
14.02353001
12.83529568
6.35098124
4.85686207
6.51960897
9.71176529
12.80391884
14.49215794
15.74313736
11.29411697
9.56862736
6.74509954
7.34117794
3.94313765
3.44509816
4.83137274
18.15686226
19.14705849
15.13137341
8.54901791
4.46274519
5.14313745
7.29607916
13.19607925
14.09999943
15.89411736
13.36862850
9.79411793
8.28431511
6.86078453
4.64705896
2.95098042
4.43137312
11.46666718
24.44117546
17.41568756
10.68627739
5.21764612
4.76078510
5.37254858
11.93333435
13.11568642
16.41176605
14.04706001
10.19412041
9.85294056
6.12156820
5.19999933
3.11176443
3.57647133
6.87254906
22.13137245
18.18823242
12.33725357
6.76862812
4.01372576
5.56666660
8.76666641
12.93921661
16.10784149
15.36666584
10.87647247
9.61176586
7.48823595
5.13529491
3.64705873
3.53725529
4.50392246
16.08235168
16.77843285
12.40980339
8.22548962
4.55098009
5.46470690
6.59411812
13.51176453
15.02548790
15.67646980
12.02352905
10.36666775
8.64313698
5.52156830
3.93921590
2.35294151
4.90980387
12.04705906
14.07058907
11.59803963
9.59019756
5.73725557
5.45098019
6.32352972
11.35686302
14.71568871
16.04706001
13.66470528
10.59215736
9.05882168
6.16862631
4.50196075
1.97647095
4.61372614
9.13529491
16.30196190
10.73725510
9.44117737
6.98431396
5.43137312
7.33725452
8.42156792
13.39215469
17.25686455
13.32353306
10.56666660
9.92549038
6.77450991
4.68627453
2.61372638
3.77451038
4.23137283
18.49803925
13.09803867
9.33725452
7.44509840
5.69803858
6.55686188
7.81764698
11.91568565
16.80784225
13.62352753
10.66666698
10.32941628
7.15490103
6.49019575
2.74902010
1.89803934
6.22549105
10.68039322
17.65097809
11.70196056
7.85882282
6.00980425
5.80784273
8.10784340
9.86274624
15.29411793
15.34705925
10.88235283
9.74706078
8.39999866
6.67254972
4.27450991
1.39411807
6.15686321
5.31176519
19.36862564
12.50392151
10.08431339
5.98627377
5.82548952
8.41960716
8.30196095
13.83333492
16.39608192
11.06862450
10.04901981
8.63333321
6.47843027
5.08039236
2.26470613
4.89215755
4.43529415
13.73725605
15.65686321
11.47059059
8.19019699
5.71764755
6.07450962
8.90588284
12.77254868
15.91960716
12.29411888
10.30196095
8.47646904
6.25882387
5.81764698
4.00196123
2.44313741
6.17058849
8.21960831
18.35882378
13.31372643
9.53921604
5.67450905
5.33333349
9.55098057
10.68235207
15.52157021
13.27646923
9.37058640
9.06666946
6.15686274
6.34901953
5.09411764
1.60392189
5.97254944
6.27058840
16.91568565
17.04510117
10.45882320
7.00196075
6.54313707
7.90588331
9.03529358
15.15294075
14.15882587
8.93137264
9.08235359
6.98627520
6.29999971
5.54705906
2.00000000
4.52352953
4.80784369
15.39803696
20.98627281
12.17058945
8.78039265
6.85882378
6.06078434
8.86470509
13.66862679
14.44901752
9.11372566
8.89608002
8.00980473
6.97451067
5.24509859
3.11176515
2.28431368
6.52353096
11.47647095
21.91960716
15.06078339
10.63137341
5.65294266
7.38431311
8.19411659
10.16862774
15.93725395
10.14509773
8.26274490
8.80392170
7.54705858
6.49803972
4.80784321
1.44117665
6.15098095
6.25098085
23.39804077
19.49411583
11.31372452
6.42941141
7.22156858
7.62745142
7.84901905
13.62156963
13.06862736
7.86470509
9.11372471
6.71960831
8.23529434
5.91960812
2.25686312
5.29215717
4.71372509
19.26470566
22.88236046
12.96666527
8.05686378
6.52941179
6.45294094
8.29999924
9.95490074
13.85294151
9.43921661
8.65098000
7.26274633
8.22745132
6.41176367
3.91568685
3.77450991
7.12352943
10.03921604
23.17646790
18.70000076
9.36862659
5.56470633
6.10000038
9.03725529
8.49215698
11.88823700
12.85686302
8.34117699
7.48627472
7.08039284
7.36862707
5.94313669
3.10000014
7.71568632
5.82549047
15.79019642
24.21176529
12.50588226
6.14509726
5.50980377
7.16470623
8.49019718
11.37451172
15.78431416
8.06078434
7.69999933
6.48235273
7.36274481
6.57843161
3.30980444
7.62156963
4.06470585
10.89803982
18.82157135
18.04313850
8.12941170
5.66078472
5.01960802
7.43921661
10.73921490
16.32156754
11.30980492
7.48823547
6.05098057
7.08039093
7.36274529
3.64117670
5.20980406
6.39019680
7.66078424
12.43333435
18.61960793
11.16274548
6.18431425
4.20196104
6.81568623
10.65097904
15.35294056
14.31568527
8.39215660
6.08039284
5.53333330
8.80784321
5.22156954
3.77254915
6.83333254
4.06078434
13.59607887
12.47058773
15.22941303
6.50980520
4.87451077
5.80392218
8.88627338
14.31764793
16.94705582
9.53725529
7.13921547
4.93921566
9.11568737
7.78235340
3.67450976
6.01764727
3.07450986
11.19607925
12.55294132
13.38039398
9.10392189
4.99607897
4.80784321
7.31764698
11.99803734
17.79803658
12.38627625
8.50196171
4.72156858
9.18627548
9.08235264
3.84313774
5.02548981
4.66666698
5.43137312
14.49019527
10.85097980
12.47843361
4.88039255
3.87254953
7.50784302
10.19215679
15.48431206
15.24509621
9.34313869
5.60784292
6.58235264
10.33333302
5.60784340
3.65686274
5.60000038
3.15490198
14.34706020
12.11764812
12.14901733
6.60784340
3.77450943
6.38039255
9.70588303
12.88235188
15.95882225
10.79607868
6.91372538
4.46274471
9.79411793
8.02549076
3.20392203
4.33137321
3.45490265
11.32941246
14.97451019
9.98431396
10.92353058
4.34705830
4.70196056
8.88431358
11.06666756
15.58823395
12.95686436
8.69215679
4.16078424
7.81764841
9.16470528
4.07058811
3.71176505
4.58627558
8.78235340
12.69804001
10.10392284
11.65882492
6.18627548
4.03333330
7.69411802
9.42941189
14.35097885
15.30588436
10.34509659
5.50784254
5.59607887
8.97254944
6.06274557
3.44313788
4.52353001
3.40980411
13.18039131
10.21372604
11.34901905
8.84313774
3.94705892
6.33333302
8.34117699
12.50392056
16.38627434
12.93333340
7.02745247
4.05686378
7.56666708
8.55097961
3.35490203
3.88627505
2.66470671
11.03529549
10.88431454
9.92548847
9.00588226
5.54313755
4.92353010
7.68039322
10.08431435
15.70588207
15.18235207
8.61176491
3.93921590
6.51764774
10.23921490
4.67451000
3.57843137
4.54117727
6.28823519
11.89803982
8.88823509
8.15294075
7.63333368
3.72745156
5.87647104
9.27647114
12.66470432
15.92353058
11.69804096
5.28235292
4.99411917
10.88431263
7.20784378
4.05686331
5.22941160
2.73137283
11.28039360
9.64705658
7.77254915
7.62352991
4.09803963
4.67058802
7.51960850
11.30588245
14.56274414
13.62548923
7.50588322
4.26078415
8.39411736
10.14117718
5.09607840
4.41764736
3.44902015
11.46666622
9.63725662
8.16078377
6.45098066
5.09607792
4.70784330
5.20196104
10.38823700
13.05294228
14.10196209
9.30195999
3.72941136
6.87843227
10.37058926
6.31568623
4.17647076
4.47451019
8.71568680
9.38823795
7.43921709
8.23137283
5.94509888
4.67647076
3.72353005
8.83725452
10.96470547
14.72941208
10.95490170
5.47058773
4.14117670
9.38235378
7.48627520
4.46078396
4.90000010
2.58039236
12.80195999
7.03333426
10.42352867
6.40784311
4.81960821
3.77843189
7.40588236
8.19999886
13.99019718
12.74510002
7.53529406
3.49215674
8.06078529
8.14705944
5.10000134
4.08431387
3.57451010
8.91176510
8.30588150
9.82745075
8.62941170
5.07451057
4.43333340
5.31372643
7.29607916
13.20392132
12.65294170
8.70588112
4.98823547
5.42745161
9.15294075
6.00000048
4.00784302
3.61960793
4.71568632
10.57058811
8.03333378
11.13333225
4.91372538
4.36666679
3.69215679
7.58039236
9.61372662
12.99607944
9.60196114
5.16666651
4.23137236
8.90392113
7.62352943
4.48627424
4.34509802
1.89803922
11.97058773
8.30980396
10.61568642
4.24509859
4.38235283
3.84901977
6.68235302
7.36274529
12.30196190
10.11764908
6.24313736
4.10196114
6.94705963
8.15490246
5.72352934
3.52941179
1.55490208
7.42156887
11.53529453
9.72548962
4.64901972
3.28627443
3.81568670
4.87254953
7.62548971
10.19411850
10.33333206
7.67646980
4.27647066
4.59607887
9.22156811
6.80588245
3.26666689
2.75294089
2.47058821
10.58431530
10.01764774
7.31568527
2.58627510
3.58823538
4.12156916
8.60980511
7.92352867
9.37058735
8.51568604
4.86470652
3.50980377
7.92941236
7.81176472
3.90980411
3.50588226
1.10588264
7.24705887
10.34313679
9.04705906
2.94509864
3.31176496
3.86862755
8.80980492
7.17451096
7.77843237
8.89411926
5.34313726
3.52353001
6.06862736
8.21764755
4.57254982
2.84705901
1.64509857
4.20980358
10.90196037
9.44901943
4.90392208
2.93529415
4.36470652
4.68627453
8.35294056
7.55490208
7.84509754
7.16470528
3.27451015
4.49215651
8.77451038
5.97843122
2.69607878
1.71176493
4.16862774
10.27647209
10.64313984
7.40588188
2.46470618
4.37647104
3.96470618
7.45882368
7.63333368
7.11764574
7.82745266
3.23921561
3.47254944
8.07843113
7.57647085
3.11372542
3.58627462
1.24313760
10.41372585
11.30392361
11.27058792
4.31568623
3.22941208
4.42352962
6.31176519
6.16862774
8.19804001
7.03333330
4.37451077
2.65882349
5.88235331
8.72156906
4.21960735
4.50000000
3.03725505
6.63333321
10.62157059
12.61960602
7.88039207
2.12549067
5.08627510
3.77843213
5.63137341
8.93921566
6.23921585
5.64705896
2.06666708
4.02352953
8.54901886
6.18627310
4.45098066
4.36666727
4.51568604
9.17451000
9.19999981
12.17450714
3.76078439
3.81960773
3.95882416
5.83921671
7.61764669
6.69803905
6.05098057
2.40000057
3.30588245
6.69019699
7.92353010
3.80784321
4.55882359
1.91372585
8.63333321
8.40196133
9.78627396
6.17843246
2.25098085
5.79019547
4.86274529
5.30392170
7.64901972
6.01372528
3.52549005
2.49215698
4.50784349
8.20784378
4.02745104
3.91960788
3.12549043
6.13529444
7.47647142
6.79411650
6.87058783
2.75490189
4.64705896
4.38431406
3.84901977
7.49607849
5.94901943
4.96078491
1.98235321
3.63921595
7.18431425
5.00000000
3.42745090
2.90392184
4.19803953
7.93725634
5.38431454
6.16470575
3.83333325
1.90000021
5.90784264
4.00000048
5.95294046
5.04117632
5.64509869
2.65686345
2.83333397
5.37450981
6.61372519
3.36274529
3.29215693
1.91372597
7.18039227
5.50196171
4.83529425
4.74705839
1.70980442
4.49607849
5.34705925
5.52352953
4.77255011
5.01960802
3.71372557
2.62941241
2.91568661
7.54509926
4.42941189
3.62745142
2.47451043
4.75098038
6.53137207
4.41960812
5.62745094
2.81568646
1.89215708
6.51960802
5.00392199
6.98039293
4.46470642
4.73333311
2.58823562
1.96666694
6.35882330
6.18235207
3.68823552
2.48235297
4.39019632
6.86078453
7.61372519
6.84117651
3.60392165
1.29607892
5.05294132
6.59411764
6.27843142
5.03529406
4.40980434
3.14902020
1.54117680
5.05686283
6.52745056
4.35882425
3.28039289
2.13137293
9.71372509
7.20195961
12.77058792
4.59019566
1.89019632
2.55882359
6.97254896
5.73137331
6.09804010
4.25882387
3.78039193
2.15490222
3.26078463
6.60784245
4.60392141
3.85294175
1.88823545
10.46470737
8.61568642
15.63137341
7.02548981
1.37843180
1.39215684
5.45490170
4.89803982
6.43725538
4.79411745
4.28039265
2.39803958
1.89803958
6.75686264
4.42745113
3.73137236
2.07058859
6.51176500
15.10196304
13.35490417
12.09215736
1.70980406
0.89607847
3.37254953
4.93137169
4.99019670
4.89215708
4.56274557
2.24313760
2.22941184
5.42549038
5.20196104
4.22549057
1.74705899
2.60980415
15.36666775
13.38627625
11.25294018
3.93529487
0.20000000
2.24705911
4.55686235
2.96274519
5.59019613
3.93333364
2.88039255
2.16274500
4.13921642
6.26470566
4.62352943
1.58431399
2.38039231
8.88235283
15.84509659
6.97451067
6.85490179
0.40392157
0.80784315
3.71764731
2.57843161
5.79411840
3.78627491
3.60980392
1.37843156
2.68823576
6.76666689
4.90588284
1.90392220
1.05686295
6.46862745
15.95490265
8.28431225
5.29215765
2.18039250
0.76470590
2.64117646
2.54117703
4.53137207
5.05686235
3.57843137
1.24901986
1.97843158
5.80980349
4.34313726
3.46862698
0.88235307
3.12941194
16.08235359
10.39215565
4.41176462
3.56274557
1.16862786
3.08235335
2.84117651
2.05294132
6.08431435
3.29803967
1.48235321
1.90392172
3.53725481
5.41568756
3.84705901
0.72156876
3.32941175
9.96666813
11.65490150
6.38627481
4.40392208
2.02549028
3.39411807
3.08235335
1.67254913
5.11960745
4.17647076
2.23137307
2.00588250
2.28431368
4.85490274
4.42352962
1.31568646
1.24901962
4.77647114
12.26274490
8.52156830
5.15882397
2.57450986
3.63725495
4.45294237
1.59607875
2.99607873
5.68235350
2.79019642
1.81568670
2.96274543
4.40000010
3.22745132
2.31176496
0.71568638
3.47254944
8.59607887
9.72352982
6.17843151
3.35882425
3.10196090
5.13529348
2.36666679
1.15098059
5.80392218
3.81176472
1.43529439
3.09607863
4.37450981
3.21764731
2.62549067
0.46274510
2.76470613
5.49607849
8.85098076
7.81568766
4.74901962
2.31764698
5.17646980
2.77254915
1.10784340
3.74705887
4.50980473
2.18039250
2.17254901
4.14313698
4.02353001
2.99215698
0.60980397
0.93725508
4.25294161
7.99607754
10.26470757
3.99019670
2.20392156
4.23921537
3.43137312
2.19019628
2.11764717
4.80980444
2.40784311
1.75294149
3.78823566
4.29019594
3.24509859
1.55098081
0.77254909
2.83333349
7.09999990
9.67450905
5.10980415
3.59019637
2.17451000
3.01960826
3.29607844
1.11960804
4.25294113
3.44313717
1.95882356
2.47843194
5.45686245
3.76470613
1.93921590
0.84117669
1.83333349
5.88431454
8.73137379
6.32549047
3.26470590
2.25294137
3.27058864
2.79803944
1.17254937
2.80784345
4.90392160
2.89803934
2.24509811
4.83921576
4.72549009
2.58431411
1.06862760
1.03137267
3.61568642
8.48039246
6.73725557
3.25882387
3.44901967
2.36862755
1.81568635
1.89607859
1.79215717
5.97450924
4.12745094
1.97254932
4.26470613
5.16078472
3.49411821
1.50588238
1.53725529
2.49803925
6.47254992
6.67451048
4.13921547
2.98431373
2.38039255
1.16862786
3.01960826
1.66078460
4.84509850
5.54117727
2.77843189
3.03529453
5.62352896
4.35294104
2.00000048
1.01764715
1.54705894
4.45490217
7.23529387
5.57843208
2.30000019
2.79607868
0.96078467
2.30980420
2.05490232
2.90784335
6.00392199
3.80784321
2.02549052
5.34313726
5.33529472
2.33921599
1.19411802
1.71764708
1.84901989
7.20392275
6.48235416
3.23725510
3.41960764
0.80784339
1.04313743
1.83529449
2.86862755
4.80196095
4.90000010
1.74901998
4.02352953
6.36274576
3.70196104
1.29215693
1.63921583
1.56274545
4.29999971
7.86666870
4.13921595
3.46078420
1.66666687
0.47647059
1.75882363
2.34509826
3.92941236
5.21568537
2.55490208
3.19215703
5.95686293
4.92745256
1.93529475
1.27058828
1.31764722
3.24705887
7.68823576
5.23725557
3.33137298
3.24509859
0.18431373
1.81960797
2.04313755
3.18431401
5.57058811
3.87254930
2.75490236
4.49803877
5.38627434
3.07254934
1.13725507
1.54705918
1.49411798
9.09019566
6.18431425
3.40196037
4.33529472
0.20980392
0.74117661
2.61568642
2.59607840
4.79999971
5.03921604
3.31568646
3.83333325
5.51176453
4.04705954
1.30196142
1.62156904
1.26274514
7.39215660
7.83725500
4.75098085
4.38235331
0.76078463
0.34901962
2.08235312
1.66666687
4.11764765
6.92745113
2.77254915
3.75098109
5.57647085
4.93137217
1.95882392
1.33921587
0.62352943
3.65098071
9.86862564
7.36470604
3.44313717
1.94509840
0.41176471
0.98431379
2.20196104
4.11176443
6.13529444
3.71764708
3.57254982
4.70000029
5.66470623
2.65098023
1.29215717
0.76274538
1.94313753
7.54705858
9.89804173
3.66862774
2.82941198
1.12549031
0.19607843
2.06470609
4.05490208
3.92352962
5.50980425
3.01960826
4.56078386
5.42353058
3.84313750
1.49803948
1.12745106
2.19411755
4.11372566
9.74901962
5.88823605
3.33921599
1.88823557
0.29215688
1.21568632
3.15882373
3.25490189
5.49803972
2.59215736
4.15098095
5.95294094
4.52941227
3.05686307
1.09411788
1.02745104
3.77058864
6.30196047
6.85294247
2.92352986
2.39019656
1.28431427
0.67647064
2.58627462
3.17451000
3.28627467
3.33725572
2.49215698
4.82156849
5.49019527
3.61960769
1.67451000
0.72156894
1.88039267
6.32745171
5.84901905
3.22941232
1.73725533
1.91372561
0.22156863
2.63333344
2.07254934
1.64117682
3.17843127
1.99607861
3.46470618
4.98431396
4.71176434
2.73529434
0.67647064
1.86274529
4.35294151
5.99019670
4.51764679
1.60392201
1.13529408
0.27058825
1.55490208
1.40784347
2.39803982
2.50980425
2.20588279
2.13137269
4.71372604
4.79607868
4.01568651
0.92745119
1.34313738
3.19607878
6.87450981
5.14117670
2.46470618
0.16274510
0.44313726
0.60784322
1.69607866
2.65098071
2.90980434
2.32549047
2.34705925
3.93137264
4.89803982
4.09999990
2.52352977
0.52745098
2.20588255
6.54509783
6.96274519
2.58627486
0.60392171
0.27058825
0.38431373
0.94117671
2.93333364
2.90784335
1.97254920
2.30784321
3.46078515
4.34117603
4.20196152
3.28039265
0.82745111
2.29215670
4.10980463
7.60392189
2.79607892
1.72745144
0.19607843
0.40980393
0.53921574
2.05882382
2.92352962
1.90196109
2.11372590
2.18627453
3.87843132
4.20392179
3.09607887
1.68627489
1.37647057
2.79215717
5.55490255
4.35882378
4.15098095
0.24901961
0.14705883
0.64509821
1.00196075
2.04117656
1.64509845
1.66666687
1.44705915
3.38627458
4.06666660
3.30392170
1.77451026
0.69215715
2.17647052
4.79215717
5.20588255
3.68823552
3.06078458
0.12156863
0.61764717
0.33921570
2.17254925
1.61960804
1.89215684
1.05490220
1.96666694
3.74902010
4.15098047
2.23725533
0.85490215
2.23725510
3.72941184
5.00392199
3.05294180
5.05098009
0.26862746
0.42941177
0.38431373
1.52941179
2.37647080
1.87254930
1.44313717
0.91176480
3.38627481
4.42745113
2.66470623
1.04901981
1.67647076
2.18431401
6.00196028
3.49607825
3.74509859
0.74313760
0.18431373
0.35294119
1.08431375
2.81960821
1.60392165
2.35098100
0.99607855
1.73529422
4.26666689
3.42156839
1.59019637
0.80392188
2.10000038
5.96666622
3.63137221
2.68039250
1.47647095
0.19803922
0.25686276
0.95882368
2.31568646
1.85882390
3.51176500
1.33529437
0.53725493
3.02549052
4.11960793
2.30784321
1.06274533
2.18431401
3.68823528
5.38627481
2.57254910
1.34117687
0.35294119
0.27843139
0.68823540
1.56862772
2.22156906
4.14705896
2.70588255
0.69019616
1.88039231
3.95686269
3.33529425
0.88039243
2.20784354
1.71176469
6.09803963
2.57058835
1.19607890
0.99803954
0.35490197
0.36274511
1.30588257
1.76078463
4.88627481
3.80784345
1.14705908
1.09019625
3.67451024
3.92156887
1.24509835
1.48431385
1.13333368
6.21764708
3.52352953
1.95490217
0.87843156
0.94117683
0.19019608
0.87254918
1.73333347
3.55882382
5.66274548
1.77843177
0.45686275
1.80588245
4.17058849
1.95098078
0.73137271
1.85098076
4.17451000
4.53333378
2.95490217
2.06470609
0.97843164
0.28235295
0.50784320
1.52156878
0.88627470
7.12745094
2.69607902
0.71568638
0.35882354
3.60392189
2.89607906
0.66470593
1.61372578
2.01960802
6.52352953
2.29019690
4.17254972
1.76078439
0.40392157
0.80196095
0.50588238
1.55686307
5.37647057
4.12941265
0.68431383
0.61568630
2.37451005
3.49607825
0.58039242
1.58823574
1.52941227
6.96666670
3.61568689
4.01176500
3.74509859
0.67647076
0.61176485
0.58431381
1.06078446
2.48039222
6.57451010
1.12549090
0.37843138
1.44509804
3.99803972
1.29607892
1.06078434
2.29215693
4.89803934
7.00980616
2.01568627
5.99803972
1.20196092
0.36470589
0.70588255
0.53529412
0.70588249
6.47254944
2.84902000
0.21176471
0.54117656
4.31176519
2.29607892
0.24705882
2.34117651
1.66078424
10.10392189
2.77843189
4.09803963
2.72549057
0.47450981
0.58823556
0.34509805
0.63725495
3.95490193
4.59019613
0.37058824
0.31176472
2.38431406
4.16862774
0.35294119
1.41764712
0.69411784
7.93529367
5.80784273
2.20588279
3.84313774
0.95686299
0.64313728
0.33333334
0.39803922
2.06078434
5.62941265
0.67254931
0.15686275
1.20588255
3.88431334
1.44901991
0.78823543
1.37058854
4.73137331
8.22941303
2.72352958
2.30980420
2.23529410
0.28823531
0.76470625
0.23921569
1.20784354
5.16470575
2.26862764
0.20000000
0.62549025
3.15490198
2.61568642
0.79019612
1.29607856
1.16666675
9.02745056
4.96862698
1.76274538
2.17450976
0.58235317
0.81568640
0.48823529
1.12352967
3.22549081
4.07058859
0.93333369
0.41960785
2.16470599
3.75490284
0.61372554
0.99607855
0.69803947
7.24901962
5.30784321
2.60196090
1.81372583
0.99803948
0.66274512
0.39803922
0.67254913
1.86862767
4.94509792
1.64313745
0.49019608
1.37450993
3.71176505
1.29411781
0.69803935
1.13725495
4.01372576
6.68431377
3.26666641
1.49411809
1.64901996
0.59607846
0.65490204
0.65294129
1.15294123
3.82352948
3.02352953
0.48627451
0.42156863
3.43529391
2.50588274
0.40196079
1.20000017
0.80392158
8.23921585
3.69019604
3.33921576
1.81568646
0.91176504
1.15686321
0.76666671
0.60000008
3.03725481
3.71960807
0.85490233
0.23725490
2.22156858
3.54117703
0.66666710
0.77254909
0.70000035
6.36862803
5.78431416
4.50000000
2.41176534
2.00980401
1.47647083
0.68823552
0.70196086
1.51960802
4.52941227
1.78627479
0.33333334
1.09803927
3.74509811
1.58823574
0.73921585
0.44117647
3.52549028
7.69607878
4.39411783
4.05490255
3.06470585
1.21568656
1.78431392
0.49607843
0.99411780
3.63921571
3.45490170
0.29607844
0.70000005
2.97451019
2.86078453
0.77058828
0.44509804
0.62352943
8.80588245
4.94509840
4.00392199
4.57451057
1.47058833
2.42549014
0.71764725
0.38039216
3.05098104
4.14509821
0.56078446
0.46862745
2.38627481
3.50000072
0.85882372
0.64509815
0.28627452
5.79803896
6.52157021
4.12745142
4.82549095
2.09803963
2.40588236
1.73529446
0.28431374
2.30392170
3.90000057
1.01960826
0.31960785
1.49215698
4.10784388
1.34901989
0.56274515
0.27843139
2.71176481
7.82941198
3.76274538
4.89411783
3.01960778
2.49019647
2.01568651
0.39215687
1.68039227
2.85686326
1.86274576
0.53725493
0.65490198
3.56470609
2.36666679
0.61960804
0.54901963
0.21372549
7.81960821
4.72156954
4.01372576
3.43137312
2.13921571
2.56470656
0.73333371
0.50784314
3.05882382
2.06274509
0.44705883
0.40588236
2.83137250
2.74509811
0.64901996
0.31176472
0.42156863
5.06862783
6.46862841
3.40392137
3.64313793
0.89607877
3.59215760
1.88627470
0.26862746
1.83921576
2.87451005
0.84902006
0.30000001
1.50196075
3.76078510
1.31568658
0.36274511
0.27843139
2.04313731
7.26862669
4.56862736
3.61372542
0.67843145
2.00392175
3.26666689
0.40784314
0.54705882
2.22352934
2.08039188
0.16862746
0.57450986
3.53333306
2.32549047
0.69411778
0.12156863
0.42549020
6.19607735
6.03529453
3.52745056
0.77254915
0.72352952
3.56470633
1.19607866
0.15686275
1.75294149
2.24313736
0.28039217
0.34705883
2.42745090
2.90196085
0.97058851
0.24117647
0.17450981
3.49019575
6.24705839
5.52745104
1.58627486
0.47254902
2.77647090
2.12156892
0.15686275
0.45490196
2.71764708
1.17451060
0.54313731
1.02549028
3.11372542
1.27451026
0.36078432
0.19019608
1.43529403
5.74313736
8.27254868
1.77647090
0.44705883
1.29607856
3.63921642
0.64901984
0.31764707
1.99803925
2.13137245
0.43725491
0.89019626
2.12352967
2.20196080
0.40784314
0.14901961
0.57450992
3.74705911
8.93921471
3.47058845
0.84509832
0.50392157
3.11960793
2.15098071
0.20588236
1.58235312
2.54509854
0.39215687
1.01960790
1.73529458
2.42156911
0.69411790
0.21176471
0.51568627
1.68431389
6.64509821
6.38235283
1.85686314
0.49019608
1.48823547
3.20196080
0.32549021
1.17058837
2.54117680
1.23137271
0.85098046
1.00392163
2.16862750
1.56470621
0.48431373
0.34705883
0.76470596
4.32352972
6.67254925
1.67254937
2.11568642
0.34705883
2.38039207
1.40980434
0.71568632
2.25882363
2.31764793
0.98431391
1.05294144
1.58039224
1.66274536
0.89019632
0.35098040
0.17254902
3.04117656
5.06666708
3.16078520
1.80000031
0.98627478
0.85098046
1.75686288
0.33137256
2.44705868
2.53137255
1.04117680
1.41176498
1.16470599
1.53529429
1.23725533
0.29019609
0.33529413
1.79607856
4.18823528
4.58039236
1.74509835
2.06666708
0.38039216
1.48431373
0.81960821
1.53725493
2.69607878
0.92549050
1.65490198
0.91568643
1.84705889
1.10196102
0.47058824
0.32745099
1.48235285
3.48431349
4.34901953
4.27058840
2.23333359
0.67450994
0.89215708
1.79411781
0.28039217
2.98235321
0.62745106
1.05098069
1.19803941
2.19411802
1.21176505
0.60392177
0.44509804
0.32941177
3.35098076
4.45490265
5.78235245
3.08627486
1.86470616
0.50196081
1.61176491
0.47647059
1.98823547
1.27254927
0.58235294
1.24117661
1.68823564
1.21568644
0.70196092
0.23921569
0.25686276
3.15686274
4.27843142
5.51568699
5.79019594
2.63529444
0.31568629
0.45490196
1.32549059
0.55882353
2.95098090
0.78235322
0.50392157
1.33529449
1.01372564
0.48431373
0.40980393
0.28823531
1.56666672
5.74313831
4.90196085
7.51764727
3.90392184
0.54901969
0.21764706
1.16078472
0.61568636
2.83333349
1.88627481
0.32352942
0.78039229
0.96078461
0.83921587
0.29411766
0.46470588
0.43137255
5.81372547
5.00196075
6.81568575
6.58823490
2.14117694
0.18431373
1.09019613
0.62941194
1.21568632
3.86862803
0.75882375
0.69411767
1.27254951
0.73137277
0.26274511
0.29411766
0.25098041
2.78039217
5.24509764
5.59803915
7.68431473
5.72352934
0.68039238
0.71764719
0.88823557
0.67254913
3.25098038
1.82549071
0.70980418
1.87843156
0.70588267
0.30588236
0.14313726
0.48823529
0.74901962
4.65098047
4.67254925
6.24901962
9.22156811
2.42352986
0.72549027
0.40392157
0.51372552
1.91176498
2.62745118
1.19215715
1.81568635
1.13725507
0.30000001
0.30392158
0.37254903
0.20196079
3.95294142
4.61372566
5.63529396
8.65882587
4.23333311
0.65490204
0.57450992
0.57058847
1.08039248
2.70392203
1.18823552
2.00392175
1.62941194
0.56862760
0.73529428
0.30588236
0.23137255
2.64313698
5.15098095
5.39607763
8.04902077
4.75686312
1.13137269
0.65686297
0.81176484
0.90392160
1.73921609
1.72745109
1.56078434
2.05490208
1.19803953
1.02745104
0.41372550
0.38823530
0.86078435
5.10588217
5.37843180
6.54509783
5.23529434
2.35882425
0.94313753
0.35686275
0.71960795
1.40000045
1.94117665
0.95882368
1.97254908
1.57058835
0.89019632
1.27647078
0.83529425
0.18627451
4.01176453
4.89803886
4.62745094
6.17254925
2.72745109
1.05882382
0.25098041
0.58235312
0.92745119
1.06078434
1.14509845
1.57450998
2.06862760
1.16862786
1.58627486
0.77450991
0.27647060
2.31176472
5.11568689
3.97843146
5.62941217
3.74313736
0.99411786
0.40392157
0.52745098
0.55098045
0.49411765
1.34902012
0.93921590
2.10392189
2.02156901
1.13137269
0.90196109
0.46666667
0.57647061
5.08627415
3.55098033
4.96274471
5.17647171
2.39803934
0.44509804
0.26274511
1.06862772
0.70980400
1.16078448
0.71176493
1.54705894
2.24509835
0.55882376
1.49019635
0.77254921
0.25294119
3.42352939
4.21764755
3.45294166
6.11176443
3.97058821
0.98431414
0.26078433
1.12352967
0.67058825
1.79607880
0.92745125
1.06862748
2.10196090
1.16470611
0.84509826
1.40000021
0.48431373
1.57254910
4.64509869
3.49215698
4.64509821
5.12941313
2.09411788
0.48823529
0.45098040
0.88823557
2.39607882
0.75882369
0.52352941
1.59215701
1.87450993
0.68039232
1.27451015
0.38627452
0.38431376
4.36470556
4.26470661
3.36274529
5.16470528
3.72156882
0.81568646
0.24705882
0.71960807
1.73725498
1.26666713
0.29607844
0.92352951
2.06078458
0.93725502
0.71568644
0.41764706
0.13921569
3.21568680
4.59019661
3.37843227
4.54509830
4.08627462
2.46274519
0.53529418
0.39803922
1.00392163
1.92549062
0.39019608
0.70392168
1.71176493
0.73725510
0.89019626
0.41764706
0.13137256
1.64705896
4.32549047
3.95098042
3.59803915
4.87254906
4.14705944
0.72352958
0.31764707
0.80980402
1.80784333
0.65882367
0.32549021
1.30392182
0.79411775
0.93529427
0.30000001
0.23529412
0.20392157
4.41960812
3.73921585
3.27647138
4.70196104
4.46274519
3.58039236
0.56666678
0.18235295
1.63333356
0.90392190
0.46470588
0.67843145
0.53529412
1.06078446
0.68823546
0.27450982
0.13333334
2.92156863
4.48823547
2.94509816
3.74313760
3.71176553
6.04313755
1.25686324
0.33725491
0.95490211
1.77843142
0.47647059
0.50000000
0.32156864
0.99607855
1.16862786
0.24117647
0.23333333
1.58235312
4.46862745
3.25686336
3.11372566
2.52549005
4.65294123
4.37647009
0.40980393
0.56666666
2.07451010
0.44705883
0.56470597
0.23921569
0.55490202
1.55098081
0.34117648
0.33529413
0.16078432
4.49607897
4.25098038
3.36470652
1.73921585
3.17254949
6.32745218
0.93137288
0.27647060
1.63333356
0.95882392
0.62941194
0.21372549
0.37647060
1.47254908
0.59215695
0.24509804
0.12549020
2.86274529
4.61372614
4.11568642
2.22156882
2.04509807
5.65490246
2.65686274
0.54509813
0.70588249
1.73529422
0.70000011
0.34313726
0.26470590
1.23725486
0.90392202
0.28627452
0.14705883
1.58235300
4.76666641
4.63529444
2.79411817
1.90588236
3.63529396
5.07254887
0.37058824
0.50000000
1.72745109
0.69607860
0.54117650
0.44901961
0.82156873
1.47843158
0.40784314
0.15686275
0.23725490
4.93921518
4.66078424
3.27058864
1.73725522
2.33333349
6.10000086
1.33529425
0.19019608
1.01764715
1.27451026
0.48039216
0.41372550
0.71372563
1.60000050
0.75098073
0.21568628
0.25294119
3.33921576
5.22745180
3.26470542
1.61764717
1.45686281
4.94117594
3.76666665
0.30784315
0.49411765
1.17647088
0.41176471
0.20588236
0.45294118
1.42941177
1.19803965
0.29019609
0.26274511
1.42352951
5.19607782
4.86862659
1.31372559
0.89411777
2.98235321
5.36078453
0.80392170
0.23529412
0.92549044
0.58823550
0.22745098
0.14313726
0.70196080
1.37647104
0.50000000
0.36862746
0.26666668
3.91372585
6.15882397
1.91372585
1.08039248
1.84313750
5.01176500
1.91568649
0.14705883
0.55686277
0.79411781
0.16862746
0.29803923
0.14509805
0.98627466
0.69215715
0.32156864
0.31176472
1.94509816
6.14901924
3.12745118
1.15490234
1.69019639
3.46470594
3.59999990
0.38431373
0.08431373
0.68235314
0.35882354
0.50196081
0.18235295
0.28039217
0.76470608
0.20784314
0.16078432
0.98627454
4.46078491
5.81176472
1.37451005
1.63529432
1.87058854
5.18823624
1.37647092
0.12352941
0.38823530
0.41960785
0.66666669
0.26470590
0.22352941
0.33921570
0.43921569
0.32745099
0.16862746
3.50392151
6.78431368
2.55686307
1.57647097
1.32941210
4.67451000
3.35294104
0.23921569
0.38627452
0.41568628
0.73333347
0.50196081
0.25686276
0.40588236
0.33725491
0.55686277
0.19607843
2.00392175
6.38039160
4.98431444
0.81764716
1.09019649
2.54509830
4.92156887
0.93137294
0.44117647
0.46470588
0.57058823
0.75686300
0.24901961
0.42941177
0.39411765
0.29411766
0.51764709
1.24509811
4.62549019
6.63333321
1.19411802
0.79803944
1.52745128
4.54705906
1.71176481
0.28039217
0.45686275
0.68039227
0.84901977
0.39803922
0.28627452
0.45686275
0.28039217
0.37647060
0.40196079
3.46862769
6.69607878
2.79019642
1.14313745
0.78235298
3.10980392
2.67254949
0.29215688
0.44705883
0.50980401
0.60980397
0.73921579
0.50392157
0.40392157
0.37843138
0.33137256
0.35882354
2.32745123
4.91176510
5.43137169
0.93333352
0.59607846
1.97254908
2.63921618
0.60980409
0.30980393
0.57254910
0.40196079
0.61764723
0.67843145
0.50196081
0.28823531
0.28627452
0.35686275
1.07843137
3.44902039
7.01960802
2.04117656
0.48823529
0.94313741
2.57254934
1.11568630
0.21568628
0.45294118
0.52352947
0.56274515
0.54705888
0.38039216
0.31372550
0.35098040
0.21372549
0.22941177
2.63529396
6.58431339
3.96078467
0.80784321
0.38823530
2.15098071
1.84705925
0.20000000
0.46470588
0.47843137
0.47843137
0.55490202
0.66470599
0.40588236
0.12156863
0.27254903
0.18039216
1.48627448
5.59607887
5.59607840
1.03333366
0.67843151
1.25294149
2.44117689
0.65686285
0.40784314
0.45882353
0.45098040
0.53333336
0.59215701
0.59411770
0.22156863
0.28039217
0.13333334
0.83137256
4.49803972
6.16078472
2.06470656
0.82549036
0.52352941
2.00784349
1.23333359
0.55882359
0.50196081
0.43921569
0.53333336
0.56078434
0.71372557
0.31176472
0.29215688
0.16274510
0.20588236
2.73333335
6.43529367
3.38431454
0.87647080
0.65686285
1.21568632
1.65294147
0.34705883
0.63725501
0.62745100
0.49019608
0.51372552
0.72745109
0.48431373
0.22941177
0.25882354
0.21176471
1.42745101
5.47254944
5.34313822
0.99019629
0.58627468
0.97254920
2.04902005
0.57254922
0.46666667
0.45098040
0.31176472
0.53333336
0.62549037
0.64901972
0.30196080
0.44313726
0.39411765
0.53725493
3.88823509
5.46862793
2.70196080
0.63921571
0.72156882
1.21960795
1.19411802
0.35490197
0.35098040
0.40980393
0.36666667
0.87843162
0.75294125
0.54313725
0.42352942
0.35294119
0.27058825
2.93529439
4.79411745
4.56274557
0.76078451
0.79019630
0.67647070
0.88039231
0.49411765
0.64509815
0.50000000
0.40000001
0.78627455
0.65686285
0.55098045
0.44901961
0.38039216
0.32549021
2.40588260
4.52549076
6.41372585
1.21372581
0.78039235
0.72745121
0.96862763
0.67254907
0.56078434
0.54705888
0.46666667
0.43921569
0.45882353
0.37254903
0.71176481
0.48235294
0.29019609
0.61764711
5.52156830
6.21176481
3.08823562
0.78431386
0.81764722
0.84901965
0.83529443
0.38627452
0.45686275
0.29803923
0.35098040
0.70392168
0.43529412
0.71372557
0.74705911
0.19215687
0.39607844
4.77058935
5.71176434
4.89019775
0.63333344
0.89019626
0.56274515
0.85490209
0.45882353
0.52941179
0.47647059
0.45098040
0.74313742
0.52352941
0.82941198
0.74705905
0.32745099
0.42156863
3.44313765
5.78823566
5.62745142
1.22745097
1.05294144
0.68627459
0.71960795
0.90196103
0.39215687
0.43333334
0.41764706
0.30980393
0.44117647
0.69215697
0.91568661
0.41568628
0.50980395
1.08039236
7.12745094
6.47647142
2.72745132
0.70784324
0.85686302
0.91764724
1.05098069
0.55686277
0.26470590
0.41176471
0.37254903
0.21960784
0.51372552
0.91176486
0.68823534
0.70000017
0.50196081
6.51372528
7.75490189
4.05882359
1.10196126
0.79019618
1.29215705
1.04901981
0.70000011
0.30784315
0.45294118
0.42352942
0.35294119
0.58431375
0.51960790
0.63333338
0.91372585
0.28235295
3.68627453
9.57450962
5.93333340
1.86470604
0.72745103
1.26666689
1.20000041
0.96862781
0.51568627
0.53137261
0.30980393
0.36666667
0.71176481
0.55686283
0.48823529
0.84901983
0.50784314
0.63725495
9.78627586
7.40784359
3.06666684
1.11764753
1.13921583
1.08235323
1.16274524
0.92549050
0.45294118
0.43529412
0.34509805
0.64117658
0.63333344
0.57450980
0.57843137
0.67451006
0.40784314
7.10784340
8.62745094
4.57450962
1.93725514
0.92745113
1.31372559
0.97254914
1.08823550
0.56078440
0.45098040
0.32549021
0.45686275
0.59215707
0.50000000
0.57058829
0.75490218
0.44901961
4.21372509
9.57647133
6.69803858
2.52941179
1.01960814
1.08235312
0.94705915
1.19411802
0.63137263
0.47058824
0.32941177
0.31764707
0.43529412
0.45098040
0.71960795
1.12156904
0.28627452
0.27058825
11.11764717
9.13137341
3.67647099
0.92745119
1.14313745
1.30392194
0.84509832
0.54313731
0.58235300
0.20784314
0.28039217
0.37450981
0.54117650
0.48627451
1.03725517
0.39019608
0.48823529
6.87843132
12.29019642
5.00784302
1.20784342
0.74705893
1.11176479
0.94901997
0.75294143
0.52549022
0.37254903
0.20980392
0.27058825
0.62941182
0.84313744
0.54313731
0.66470617
0.34901962
3.11176467
12.60784531
7.92745161
2.01176476
0.61764717
1.04901981
1.07647085
0.96862775
0.62941188
0.56274515
0.32549021
0.26666668
0.55882353
0.72549027
0.57254910
0.92156875
0.33529413
0.43921569
10.32157040
11.07843304
3.38431382
0.93333346
0.78235304
1.13333368
1.05686307
1.04313743
0.60392165
0.49411765
0.37058824
0.55294120
0.43921569
0.76470602
0.58823532
0.54705888
0.49215686
5.10196114
12.66666698
5.31568670
1.48039222
0.84117663
1.11960816
0.82549036
1.22745121
0.58431387
0.71372557
0.47254902
0.67058849
0.53921580
0.73529422
0.61568642
0.60000026
0.37647060
1.75490201
9.94705963
8.07647133
2.49411774
1.00392187
0.83137268
0.77451009
1.20980418
1.02156889
0.72549033
0.57450998
0.89803946
0.47647059
0.73333341
0.90784341
0.94509822
0.22352941
0.75098050
6.44313669
9.18235493
3.67843175
1.22156882
0.89803934
0.55490202
0.97058833
1.11960804
0.93529421
0.72156882
0.81176484
0.58235306
0.59215689
0.95098066
0.89411777
0.59215707
0.47254902
3.49215698
8.84705830
5.79804039
1.54902017
0.90588254
0.78039241
0.67254913
1.08431387
0.93529433
0.97254926
0.69607860
0.71176487
0.51568627
0.91176498
0.73137271
0.96274519
0.24117647
1.80392170
6.93529320
7.48627377
2.42549062
1.00000024
1.02156889
0.52549022
1.02352965
1.07058847
0.94509828
0.76078445
0.94509822
0.82352966
0.89803940
0.91764724
1.07647085
0.76862764
0.49411765
5.40784311
7.97646999
3.53333378
1.13725507
0.92156881
0.56470597
0.92156869
1.48627472
0.79803938
0.62745118
1.01176488
0.97451001
0.67647070
1.26666677
1.20196092
1.04313743
0.59215701
3.28823566
7.45882416
4.94117737
1.35098076
0.98431396
0.83137274
0.59607846
1.58235312
1.02745152
0.73725510
0.78823537
0.78039223
0.66470593
1.02352953
1.12156880
1.11764741
0.91372573
1.44901967
6.11176395
6.43921614
2.13529468
1.00980401
1.00784338
0.66274524
1.48627472
1.16666687
0.75686288
0.78235304
0.63137269
0.63921595
0.88235307
0.85490209
1.21176481
1.00000024
0.44705883
4.51960850
6.48039293
3.51960778
0.90784335
1.05686283
0.91372561
1.07254922
1.42352986
0.95882368
0.91960800
0.64705896
0.90196103
0.83921582
0.81960791
1.16274536
1.01372564
0.67254919
2.42352962
5.49019623
4.86862755
1.69803953
0.65686285
1.00000012
0.87058830
1.56666696
1.10392189
0.79607856
0.91960806
0.79019630
0.98431396
0.83725500
1.12156880
0.91176504
1.01176488
1.24901962
4.67451000
4.96274567
2.75882363
0.70784336
1.13921583
0.80392170
1.69019651
0.93529427
0.91764730
0.81764728
0.83921582
1.05490232
0.94117659
1.00392175
1.17450988
0.76470602
0.60000014
4.04705906
4.88039207
3.80196095
0.93725508
1.03529429
1.07843173
1.23529434
1.49607885
0.95098060
0.79607868
0.55882359
0.95882362
1.04705894
0.93137276
1.28039229
0.84705913
0.73921591
2.52352953
4.86078501
4.50980377
1.54117692
0.68235302
0.98823559
1.00784349
1.21764731
1.20392179
0.92549044
0.48039216
0.69411767
1.07058847
1.14705920
1.16470611
1.09411800
0.62156874
1.00196087
4.40000105
4.63137293
2.41372585
0.98039252
1.13725519
0.99803936
0.98235321
0.83725512
0.86666679
0.85882378
0.77058846
0.78431386
1.01372552
1.19215703
1.25490224
0.52549022
0.67451006
3.28627491
4.61176491
3.17254949
1.21960807
1.00000012
1.08823562
1.11764741
0.80196089
0.63137263
0.83921582
1.12352967
0.60196084
1.07058859
1.32156885
0.88235307
0.69019639
0.71372563
2.04901958
4.65098095
4.06078434
1.85882378
1.09411776
1.03725505
0.75882369
1.01372564
0.83921599
0.82352954
1.08823538
0.76666683
0.93333352
1.09215724
0.91960818
0.93921602
0.78627455
0.68235296
4.39803886
4.93333292
2.50196123
1.25294137
0.93137282
0.81176496
0.89411789
1.34313762
0.82745117
0.84705901
1.10588264
1.05294132
1.20196104
1.04901993
0.72156876
0.83333361
0.63137275
3.13725519
4.99019575
3.44313788
1.42941201
1.09607852
0.87451005
0.73921585
1.09019649
1.27254927
0.72156870
1.21176493
1.10000026
1.20196104
1.21176505
0.64705896
0.76470602
0.97058845
1.74705887
4.34313726
4.48823500
2.04705906
1.10588276
1.00392175
0.56274515
1.05882370
1.30392170
0.85882378
1.08039248
1.26470625
1.07254922
1.26274526
0.68039221
0.80588239
1.03921592
1.03529418
3.29607821
5.39019632
2.45686269
1.05882382
0.79019636
0.87254918
0.92549038
1.51764750
1.03921592
1.18823552
1.38431394
1.09607887
1.18431389
0.80980420
0.63333350
1.46666694
0.86666673
2.77647114
4.51764679
2.98039269
1.56274533
0.56862754
0.76274526
1.26862776
1.53921592
1.35882378
1.33529449
1.06078458
1.51372552
0.71568638
0.98431396
1.03725517
1.32156885
0.75686282
2.23921585
4.47058868
3.50588250
1.92156911
0.63529432
0.87450993
1.12941194
1.18039227
1.27254915
1.32549047
1.14705920
1.30784321
0.93725532
1.20784342
1.00392187
0.90392172
0.96274537
1.22352958
3.82549071
4.24313736
2.13725543
0.96862757
0.74901980
0.91568649
1.17451024
1.10980415
1.41176510
1.36274552
0.95098054
1.40980434
1.19215679
1.17254913
0.89019632
1.11960793
1.20196104
2.88627481
4.29607916
2.54705906
1.29803944
0.94117677
0.91176480
0.95490217
1.21764731
1.37254918
1.46274531
1.09411776
1.28235316
1.20000005
1.25882375
1.13921583
0.94313747
1.07058847
1.98235333
4.65490294
2.78627491
1.65686297
1.22156870
0.95098054
0.96470606
1.26862776
1.26078439
1.20196104
1.37451017
1.03921592
1.28823578
0.93137270
1.31764722
0.93529427
0.78039235
1.21372569
4.08627462
3.62156892
2.04509830
1.06078446
1.16470623
1.19411802
0.94313747
1.28039241
1.15882385
1.24117672
1.03333354
1.26470602
1.02745128
1.22352982
1.05882370
0.77843153
1.13333356
2.63137269
3.98235393
2.52745104
0.99215728
1.24117684
1.38039243
1.05490208
1.28039253
0.94901979
1.32745123
0.95294136
1.31764746
1.34705901
1.16078436
1.09215701
0.83333355
1.13725519
1.78235328
3.64313745
2.89215732
1.44901979
0.75490195
1.44705904
1.31568658
1.41176486
1.21176505
1.37843156
0.90392178
1.52156889
1.25098062
1.04117668
1.37647116
1.06274533
1.44509828
1.28039253
3.63725519
3.29411840
2.07450986
0.79607856
1.30392182
1.30588269
1.65882373
1.39019632
1.22941196
1.13725507
1.35882366
1.49803960
1.05686295
0.74705905
1.11764741
1.47451007
1.20784342
2.44313741
4.04902029
2.20000005
1.37254941
1.23333347
1.50784338
1.71960819
1.44705892
1.20392191
1.40000033
0.98039228
1.36862779
1.22352970
0.83529431
1.16470599
1.24901998
1.31764734
1.88039243
3.75294089
2.68235278
2.08039236
1.06274545
1.52156878
1.63333344
1.47254932
1.40784335
1.40784323
1.12352955
1.39215696
1.15882397
0.99607873
1.51176536
1.13725507
1.59607887
1.40392208
3.22745156
3.30980420
2.00000024
1.61764741
1.17450988
1.35098052
1.32549047
1.72549057
1.38235307
1.33725512
1.38039219
1.39607882
1.07254934
1.52941215
1.22156906
1.26078463
1.60980427
2.53529429
3.26666713
2.08039260
2.19803953
1.02549052
1.56862783
1.41176486
1.34901977
1.27647078
1.29803944
1.41764724
1.19411790
1.59215689
1.37450993
1.37254941
1.36666667
1.53333342
1.53333354
2.94705892
2.65490222
2.02745104
1.64117682
0.99411780
1.48627472
1.50000048
1.46470618
1.16078460
1.36666691
1.10980415
1.58627462
1.52352977
1.40588260
1.31764734
1.45686305
1.24901986
3.50980377
3.08627462
2.04509807
1.34509838
1.27451015
1.38039231
1.72941196
1.40980434
1.63529432
1.75294161
0.96666700
1.73921609
1.34117687
1.15098071
1.37451017
1.42549038
1.12156868
2.52745128
3.38823581
2.41568661
1.76274514
1.03921592
1.64509821
1.47451007
1.52549028
1.51372564
1.79019642
1.21372569
1.26666677
1.47451019
1.40980434
1.19607878
1.97647083
1.18823564
1.75686288
3.22156906
2.53725553
2.09411788
1.67058873
1.35882378
1.35490227
1.75882399
1.53137267
1.77254915
1.37058842
1.26078463
1.50196111
1.92549062
1.11568654
1.88431394
1.33725500
1.41568649
3.13137293
2.87843156
2.28627491
1.56078458
1.56470621
1.38431394
1.29215682
1.57451022
1.96470618
1.52156878
1.68823600
1.56666684
1.54901981
1.27843165
1.48627496
1.63921607
1.32941210
2.56078458
3.19019628
2.28823519
1.82549036
1.51764739
1.55098081
1.19607890
1.61764753
1.97647095
1.56470597
1.76274538
1.70392191
1.19215727
1.59215713
1.33921564
1.73725522
1.40980411
1.95882380
3.45686293
2.56078458
1.93137264
1.39019620
1.40392208
1.28039265
1.65098071
1.85294139
1.68039238
1.58823574
1.79607880
1.70980430
1.59411776
1.56470621
1.44313741
1.78431416
1.55294144
3.55098033
2.85294127
1.95098066
1.58235347
1.34117687
1.41568661
1.18235314
1.85686302
2.11568666
1.81960809
1.80784333
1.78235328
1.84117651
1.70588255
1.31176484
1.54313743
1.32352960
2.98431396
3.40980411
1.70980442
1.92352962
1.52352965
1.40196085
1.45882368
1.95686281
1.85882378
1.67451000
1.61960793
1.72549069
1.76666689
1.68627465
1.69215727
1.46666694
1.42941213
1.97451007
3.63725495
2.34705949
1.58039224
1.78823543
1.28823566
1.77451015
1.60588253
1.99607873
1.44313741
1.72549057
1.61568642
1.82941198
1.55490220
1.69215691
1.53529418
1.66470623
1.63921595
3.37058830
2.67647076
1.73921585
1.69215691
1.54313743
1.45490241
1.78039229
2.36862779
1.57843149
1.66666698
2.00980425
1.91568661
1.65294158
1.92156887
1.33333349
1.16470611
1.70392179
2.07647085
3.70784307
2.32745123
2.09803939
1.30784345
1.64509809
1.48039246
2.30000043
2.34705901
1.80980420
1.99803936
1.97843146
1.58039212
1.74705899
1.54705906
1.05294144
1.60000038
1.63137305
3.64901948
2.67058873
2.19607902
1.76862800
1.55294156
1.67254949
1.69411802
2.42941189
1.88431382
1.95490229
1.72156894
1.72352982
1.64313745
1.54509854
1.24705911
1.50196087
1.77058864
2.55490232
3.14509797
2.42352986
2.07647109
1.55098081
1.60784340
1.75490224
2.23137283
2.09411812
1.76078451
1.53529453
1.46274543
1.68431389
1.47843182
1.37647069
1.41568661
1.67843163
1.92745125
3.01764703
2.56274557
2.13333344
1.94902003
1.65098059
1.51764739
2.04705906
2.45490217
1.69803953
1.33725512
1.48039234
1.65882373
1.56274545
1.22352958
1.38823557
1.58627474
1.38431394
2.75098062
2.63921595
1.90000021
1.92156899
1.75882387
1.47843170
1.85098064
2.62156916
2.17843127
1.30784345
1.36862779
1.67058837
1.60000026
1.32352960
1.36078465
1.50980437
1.09215713
2.70784330
2.74117708
2.01372576
1.81176496
1.87843156
1.59411812
1.75686300
2.45882392
2.37647128
1.94313741
1.49019635
1.63529432
1.61568654
1.61764717
1.22156870
1.64509833
1.29607880
2.07647109
3.07647085
2.52352929
1.65294170
1.86666691
1.85882366
1.69215715
2.21960807
2.34509826
2.18039250
1.83725500
1.89803958
1.45098066
1.88823557
1.49607861
1.76078463
1.37451005
1.59215724
2.84901977
2.94313788
1.76470590
1.66078460
1.81176496
1.63137281
2.04901981
2.34509826
2.05098057
1.98627484
1.94313776
1.59607875
1.85294116
1.70980442
1.90588260
1.45490241
1.47843158
2.64313722
2.91764736
2.00588274
1.30196095
1.81176496
1.59607863
1.83921611
2.27254915
2.13921595
2.04705906
1.91176486
1.68627477
1.77451026
1.83137286
1.57450998
1.47647095
1.27254915
2.15490222
2.75686264
2.51764750
1.53333354
1.73529434
1.41568661
1.70196092
2.08039260
2.29803944
2.04509807
1.97058845
2.03921580
1.69803965
2.06666708
1.49215710
1.53137279
1.36666667
1.71764731
2.85490251
2.71568656
2.03137279
1.71176493
1.69803953
1.49803960
2.08235359
2.22156882
2.29803967
1.77254915
2.14509821
1.97254920
1.81372595
1.57058847
1.35098064
1.45294142
1.49411786
2.55882382
2.92156935
1.98039234
1.74117684
1.70784354
1.71568656
1.86862755
2.17451024
2.22352958
1.93921602
2.03529429
1.93333364
1.74117672
1.61176515
1.54313755
1.56078446
1.20392179
1.92745113
2.92941189
2.25294185
1.46470618
1.73333335
1.74117672
1.70588267
1.98627472
2.02745128
2.05294132
1.92941177
1.78235328
1.93333375
1.78235316
1.61176503
1.22352970
1.48823559
1.62352979
2.75294137
2.58627486
1.27451003
1.70000029
1.96274543
1.62352979
2.00196123
2.00000024
2.00588250
1.86470640
1.83725524
2.14117670
1.90784347
1.50784326
1.64509833
1.22549033
1.50000036
2.76470590
2.72549057
1.81176496
1.65882397
1.89215732
1.97058845
1.74901986
2.04313779
2.17254901
2.00000024
1.74705899
2.20196104
1.82745123
1.82156897
1.61176491
1.46862757
1.51960826
2.50588274
3.01764703
2.50000024
1.72156894
1.86862779
1.65686309
1.90980411
1.98823524
1.91960812
2.35882401
1.98627472
1.78823531
1.71568656
1.80196106
1.76078463
1.92549062
2.10000038
1.98431396
3.31372571
2.60980415
1.93921602
1.93333352
1.89803946
1.84509826
1.80784357
1.89803946
2.45882392
1.89215720
1.83333361
1.99411821
1.89019620
1.90980422
1.91372597
2.19215703
2.11176491
3.05294180
2.71568656
2.20588279
1.96666706
2.05686331
2.00588250
1.70392179
2.00000024
2.28823566
1.87451029
2.00392199
1.92745113
2.05098057
1.91764748
1.98431396
1.85686278
2.07843161
2.50784349
2.99411750
2.30000043
2.32156873
1.93137288
1.91176474
2.07647085
2.14901948
2.21176529
2.22745132
2.12156868
2.10000062
1.62941206
2.22549057
2.13725519
1.78627479
1.92745101
1.62941182
3.50196099
2.31764722
2.19019628
2.20784330
1.85098076
1.99607873
2.44705915
2.20588231
2.24705887
2.24117661
2.28431392
1.52352953
2.18627477
1.84509850
1.83529460
1.78039229
1.45490205
2.40196109
3.16666698
2.28627467
2.38823557
2.06862760
1.93333352
2.40196085
2.24901986
2.29607868
2.09215713
2.43137264
1.68235326
1.94509816
2.04117680
2.08039260
1.61568630
1.49607861
1.98235297
3.52941203
2.26274538
2.46862793
1.84117675
2.20588255
2.10784292
2.23529410
2.15490246
2.45294166
2.33333325
2.21372604
1.68235314
2.36274529
1.98235309
1.75686300
1.77254927
2.19411802
3.18039250
2.67451000
2.30392194
1.67058873
1.97647083
1.93529427
2.16078448
1.96078455
2.54313755
2.41176534
2.34705877
1.85686278
2.37843180
1.97647107
1.80392170
1.77254939
2.00980401
0.68235302
