26.82353592
24.49803925
21.59215164
20.25882721
19.46274948
18.72549057
18.59608078
18.40588570
18.59804535
19.57451820
18.52941704
19.58235550
18.70588684
19.12549400
19.99412155
20.91176414
21.52549171
24.48627090
25.05882835
22.64901352
23.94510269
22.18235207
21.46666908
21.34705925
19.59215736
20.47058487
20.51568604
21.12745094
21.11960411
19.66862488
21.28039551
20.31961441
20.71764183
19.64509773
21.75686646
21.13137054
23.99999619
23.74901962
16.71372986
21.59412003
21.39607811
20.70980644
20.69803810
21.02156639
20.86077881
20.93333054
21.54901886
22.01764297
19.74313545
21.75490761
21.03725815
20.48627281
18.32745361
19.75490379
19.70784187
21.57646942
19.97058487
14.63921547
18.16862488
18.62549019
19.21764755
19.71176720
21.14509583
18.72941208
19.97647285
19.38431168
18.84901810
17.22941589
19.26470566
18.33137512
17.07843208
16.07450867
17.72549057
18.07647133
18.66666985
18.75293922
14.48823738
16.35098267
15.69608021
17.22156715
17.35882568
17.32549095
15.19411469
14.78431511
14.08235264
12.05098057
12.79607964
13.72548866
13.35882282
12.88431549
13.77254868
15.24313641
15.94117641
16.21568489
17.94705963
14.08235264
16.03333473
15.88235283
16.14509773
14.58039284
13.35686016
13.77254963
11.26078415
12.65294170
10.60000134
10.54313850
11.69019699
11.36862659
12.73529243
13.54705811
14.54117775
15.38431263
15.85294342
17.60980034
14.73921299
16.19607925
15.96078300
15.68039227
12.18235302
10.77842999
11.58431435
10.32549191
11.92548943
9.52352905
9.38235283
10.34313774
10.34313679
12.67254925
14.22156811
14.68627453
16.39019394
15.56470680
17.86470795
15.31764793
16.50196266
16.01568794
15.63725471
11.56862640
10.31960964
10.78823566
11.28039074
10.77646923
9.39019489
9.15882206
10.48039341
10.86470604
13.54313660
15.62156963
14.83137131
16.50588036
16.12941360
16.83921623
14.77647305
16.25294495
15.78431416
14.90000248
11.16666508
10.04314041
10.32352829
11.28823280
9.68039417
9.64705944
9.66666698
10.93333244
12.84313869
14.54117775
17.03333664
15.39019775
16.20196342
16.80000305
16.48627472
15.00980568
16.00392532
14.72745132
13.83333397
11.15098000
9.94509983
9.67843151
10.60980320
9.58431339
9.97058773
10.16666794
11.82744980
13.74902153
15.20196152
16.91568565
15.85098648
16.79608154
16.40588188
16.61765289
15.90196037
15.11372566
14.60784340
12.45882416
11.14509964
9.73333359
9.39411831
9.92745304
10.05490208
10.73921776
10.72156811
12.27451134
14.05097961
15.53529549
16.13725662
15.47646809
16.11764526
15.77058792
16.22941399
15.94117546
14.72156906
13.47842979
11.96078300
10.53725624
9.53137112
9.53725529
10.11176491
10.35882187
11.14313984
10.90196037
12.19999886
14.57058716
15.33137131
16.62352943
15.76078510
14.82941151
15.69804001
15.18430996
15.84902000
14.59804249
11.74509716
12.11960793
10.40784454
9.50000000
9.16470623
9.99019527
10.60000134
11.54117584
11.17254829
11.95686340
14.86862755
15.50000191
17.46078491
15.79607582
14.74901962
15.55882359
15.98235321
15.95097828
14.76862812
11.77450943
12.00196075
11.11764717
9.20980453
9.19411850
9.39999962
10.54509735
11.46078682
11.53921604
12.29803848
14.66862679
15.87450790
17.39804077
14.89999676
14.36862755
16.03529549
16.66274834
16.71372795
14.89215469
11.92941093
11.93921661
11.52745152
9.08235264
9.28823376
9.40784454
10.41176414
11.27058887
11.78627491
13.46666622
15.09215736
16.22941208
16.69019508
14.89804077
13.96666718
18.91372681
18.40588760
19.62941360
15.15490246
12.53921604
11.76862907
11.19019604
9.30784321
9.23921680
9.30980587
10.47646999
11.19803905
11.99215698
13.53137302
16.26470566
16.49411583
15.90588379
14.87843227
15.26666832
21.97647285
21.32941246
22.47647285
15.20196056
13.00196171
11.68039036
10.76470566
9.22745132
9.36078453
9.67058659
11.22941399
11.95686436
12.07843018
13.79215813
16.46666718
16.52941513
15.65294075
15.22745037
17.53333282
24.41960907
24.63137245
23.67646790
14.89608002
12.88039017
11.72352695
10.93137360
9.33333397
9.66666698
10.27842999
11.56274414
12.00392246
12.41176414
13.88823509
15.57058907
16.54117775
16.69019508
16.45882607
19.38235092
23.90588188
24.68627930
23.42940903
14.75098038
12.66666603
11.81764984
10.86666775
9.39804077
9.59411812
10.16666603
11.66470623
12.52157021
12.46274471
13.85098267
15.31372643
18.24901581
21.74118042
21.54117775
22.50392151
23.36862373
23.99216080
22.54510117
14.19019604
12.05294132
12.08431339
10.86862564
9.51568699
9.17058945
9.70784378
11.26862907
12.86862850
12.44117641
14.24901772
15.32353020
19.88235664
25.65881729
24.73529625
23.95294189
23.00588226
22.72745705
19.95882416
13.74313736
11.74313736
12.32353115
10.17450905
9.34313774
9.02548981
9.56078529
10.72157097
12.66078281
12.35490417
14.40588284
15.25686455
21.06274414
26.00980759
25.49411583
21.74509811
17.45294380
17.50980377
14.94117737
13.65098286
11.58039284
12.79607964
9.99803829
9.47843266
8.86666679
9.46274471
10.87647152
11.80196095
12.45686531
13.47842979
15.00000191
21.59019852
24.24117279
22.84902000
18.18431854
13.32549095
13.35686016
13.28039455
13.73137283
11.79999924
13.23529625
10.60784149
10.16470718
8.20392227
9.19608021
11.44509983
11.01960659
12.72745228
12.71764946
14.72941208
21.43529320
21.64118004
16.85881996
14.66274738
11.44902039
10.76666451
13.85293961
13.97255039
12.10392284
12.56274319
10.70980453
9.90980625
7.52549076
9.09411812
11.41960716
11.08235359
12.42353153
13.21764851
14.18235207
21.63921738
20.46274567
13.40784168
10.63137341
9.76274586
9.70980453
15.21961021
13.62156868
12.52549076
11.75686359
10.42745113
8.80980396
7.79607821
9.01960850
11.74117661
11.00195885
12.25490379
13.21960735
14.60392189
21.61372566
18.77451134
11.78235149
9.07254887
9.15098190
10.05098152
15.63529396
12.73137188
12.42353058
10.75097942
10.46274662
8.80588341
7.82352972
8.23333359
10.62941074
11.10588264
13.11960697
13.15098095
16.62941360
21.99803734
17.22156906
11.15686226
8.34313679
8.51960754
9.96078491
16.71764565
12.74117661
12.38039303
11.69804287
10.40980434
8.82745266
7.59019613
7.70980406
9.30000114
11.73725605
13.09999943
13.27842999
18.21960640
22.00392342
16.21764946
11.34509563
8.43333435
7.71960783
9.91764832
17.03137398
13.37059021
11.98823738
11.19608021
10.51568604
8.77058887
7.70000076
8.33137226
8.97647095
11.93921661
12.93333340
12.77254868
18.58823776
21.24902153
15.13137245
12.15882301
8.94901943
7.81960726
9.25882244
16.33333397
13.71372700
11.50392246
10.75686264
10.72745228
8.44901848
7.01568604
8.45882320
9.07058811
12.93137169
12.48431587
12.46862888
18.67255211
20.13529587
14.55882454
12.96862793
9.41372585
7.90000010
10.36470509
15.90392208
15.28039455
9.77058792
10.88823605
10.66470718
8.23137283
6.55882311
7.98627377
8.92549133
12.52548981
13.19607544
16.20196342
21.51372337
21.07451057
14.44509697
13.90588474
10.64510059
8.80784416
11.47843170
15.53725529
16.03725815
8.92549133
10.77451038
10.16078472
8.02156830
6.32941151
7.84705877
8.97843170
11.02157021
14.57647038
18.20000267
22.50981140
23.22941208
14.27843189
14.52353287
12.96862984
9.77254772
11.46078491
15.17255020
16.68431473
8.59607887
10.89019680
9.65098095
7.57843208
6.30784321
7.13137150
9.85490227
10.85294056
15.06666660
18.20980644
22.25686646
24.01372528
15.03529644
14.36078453
15.24705696
10.86078358
11.49019814
14.60392094
17.45098114
7.96862793
10.75490093
10.33529377
7.42352772
6.45098162
7.11568642
10.67647076
12.31960773
15.47058964
18.75882339
16.94117737
20.72156906
17.96274757
15.67647076
15.81568718
14.98235321
13.72156715
13.22941208
17.37843132
8.19607925
10.69804001
10.79411793
7.56274605
6.18823528
7.64117765
10.89607906
14.99215698
16.32548904
19.88823318
9.63921642
14.52548981
20.15294075
18.91176605
17.37842941
20.37059021
16.21960831
14.19019508
17.55686188
8.93725586
10.59607983
11.24705887
8.00784397
5.74902010
7.93529415
10.45490265
15.68431282
16.85882378
20.26470566
6.64117622
11.06078529
16.66666603
20.42157364
18.19411850
20.82745171
16.94902039
15.73921585
17.47647095
8.70784378
10.38039303
12.58431435
8.75097942
5.56862783
9.32941341
10.18235397
14.42940903
17.57646942
18.88823700
5.18431377
8.45293999
11.63921642
18.89607811
18.62353134
18.47843170
16.40196228
18.97058487
17.17843056
9.27450943
9.98431396
12.66666698
8.75098038
6.15882492
10.26666737
10.67450905
11.83333397
16.81176376
15.64509869
6.31568670
8.81372356
10.79608059
14.45490170
17.62941170
16.60196114
16.44509888
22.04510117
16.26274681
9.75097942
10.23921776
11.38431549
8.85490227
7.08627415
9.88039207
11.67647171
11.56274509
14.22156811
10.99999905
9.73529625
9.14313698
12.94902039
10.94509888
16.16078758
17.44117737
19.00196266
24.21960831
16.05686188
10.64705849
9.62941265
9.83725548
8.87646866
7.62745142
8.70980453
12.00392342
13.01960850
12.20784187
8.35490227
9.96666718
8.68627548
13.56078339
10.51568699
14.71960640
21.62940979
22.78039742
23.49803925
16.17647171
11.88431549
8.65294075
8.29411697
7.84705973
7.58823633
7.33333349
10.28823948
13.63921547
12.73529434
6.32941246
9.54509926
7.88431358
12.91176605
14.65882301
15.57058907
26.33529472
25.92941093
23.55882454
16.58823586
11.84313774
7.24117756
6.78823566
6.98039341
7.12352991
5.97843170
8.45882320
13.19411850
11.77647209
6.59999943
9.16666794
7.57843065
11.73137379
18.72941208
17.25294304
27.26862717
26.09411430
23.61764145
17.33529854
11.75098133
6.02352953
6.13333273
5.69019651
6.18823433
5.37058830
5.54313803
12.41372585
9.12548828
8.13725471
8.47646999
8.84902000
10.84313774
18.39999962
21.37450981
27.07843781
25.23136902
20.28823662
18.11372375
12.47646999
5.18431473
5.71176529
4.36666775
4.52941132
4.47843170
3.00588274
11.11176300
6.86274576
8.62941170
9.17058945
11.66470623
10.88823795
16.84510040
22.87450790
24.62353134
21.65686226
15.31764603
18.05686569
12.79607773
4.64313745
4.27058792
3.72548985
3.05490184
2.65490222
2.00980425
7.92549086
4.32353020
7.69804001
11.39804077
16.57058907
12.56862640
16.07646942
22.01568222
19.93529892
15.17843151
10.48431683
17.37646866
12.75686550
4.46666718
3.24902010
2.83333373
1.56862736
1.24117661
1.81568646
4.80784321
2.85686326
6.12941170
12.79019928
18.21568871
13.69215775
14.34706020
21.06078148
17.20783997
11.25294304
8.76862812
15.00196075
13.50784588
4.63921642
3.27450991
1.09411776
0.76274526
0.76274514
1.69019616
3.80784345
2.82156873
5.45294189
12.31568909
17.06274605
15.48039436
14.66078472
20.76666832
14.67843437
10.00588417
9.11372662
11.85294151
14.11960888
5.21764755
3.20784378
0.71176481
0.29607844
0.53921568
1.54509830
4.28627443
6.13137245
5.90588236
11.46862698
14.38039303
15.51372623
18.41372871
21.70196152
13.74705887
10.72353077
9.53725529
10.17058849
14.32549000
5.10784197
3.29607868
0.94313741
0.25490198
0.56274515
1.51372576
5.09803963
9.73529434
5.73137236
10.18627357
10.59019661
13.24705696
19.32941055
22.48823738
13.63529396
11.82549095
11.11568642
9.77647114
13.55294418
5.67058849
3.78235316
1.07843149
0.48235294
0.49803922
1.56862783
5.75294161
11.05686474
5.75882339
8.29411793
7.96666670
12.07059002
17.91372681
21.55294037
13.81568909
12.13725376
12.08431435
10.39999866
12.89215660
6.64705944
3.35490203
1.82745123
0.77843153
0.26078433
1.92156875
6.85882425
10.41176319
5.80392170
6.69804001
6.91372538
12.53921700
16.49803925
21.74509811
12.15882492
12.18235207
12.21960926
12.17058945
12.07254887
6.58039236
2.51764727
3.01960826
1.03529453
0.10588235
1.39803934
7.28823519
9.54901981
7.00588131
6.46078491
8.67843151
10.94902039
16.93529510
22.39216042
10.37450886
11.41176510
12.25098133
13.02941036
11.45294285
7.14901972
3.08627462
3.38627434
0.94901979
0.11176471
0.71372551
7.05686378
9.47450924
7.55294180
7.21960831
8.60000038
9.00392246
19.26862335
23.80784416
11.70392323
10.90980434
12.61372662
12.15098000
11.09019470
7.12941122
3.23137283
3.57451010
1.37843180
0.12549020
0.74313724
6.01176500
8.98823547
7.21176529
7.76274490
8.52548981
10.19411850
22.18823242
22.57254601
13.03921890
11.11568451
11.77647114
10.67058849
10.16470528
6.92156935
3.76078439
4.27647066
2.20000052
0.13137256
0.60392159
5.01960802
7.79411840
7.06274557
8.25294209
6.90196085
16.90392303
24.33725929
19.60980606
14.63529396
12.85686302
10.45294285
10.24313736
9.56470585
7.49803972
4.48235369
4.63725424
2.36078453
0.15294118
0.33137256
5.01372576
7.41764736
6.08235359
8.19411755
7.27647018
20.96470642
23.44706154
16.10000229
14.14705849
12.88431168
10.43529510
10.18039227
10.01764774
8.46470642
5.47451067
5.38039255
2.54509830
0.11568628
0.19803922
4.81372595
8.34902000
4.30588293
8.06862640
8.21176434
24.09411621
20.59804344
14.30588245
12.62156773
13.17058849
11.31764698
10.87647247
10.27451134
8.19411945
6.27254915
6.05098057
2.56078386
0.14117648
0.33921570
4.11764717
8.76862717
4.10784340
7.44705820
8.69019604
24.49020195
16.57058716
12.84117508
12.05098152
12.65490341
11.59411812
10.92157078
10.24509907
8.06666660
6.72745132
6.83725500
2.23725581
0.11568628
0.24901961
4.17254877
8.13137341
6.72745085
6.92353010
8.28039169
22.09607887
13.05490398
10.87450886
11.72941303
11.90000153
11.51176357
10.95294094
10.96078396
7.74117708
7.20196152
7.45882368
2.32941318
0.15098040
0.23921569
3.97647071
8.78627586
10.35098076
5.91176414
7.40784359
17.80784416
10.86666679
10.65098000
12.24313450
12.14902115
11.60588360
11.25098038
11.12941170
7.70784330
7.99019623
7.84902000
2.44117689
0.25294119
0.20980392
3.57647133
10.57647038
12.82353115
5.32941151
8.07254887
13.93921661
8.44117641
10.74117851
12.04509735
11.89999962
10.96274185
11.48235130
11.84705925
8.59411907
8.44705772
6.98039150
3.09019566
0.28431374
0.13137256
3.13725495
12.25686455
14.90588188
4.89411783
8.37647057
11.13921547
9.78823566
10.89803791
11.77646732
12.13137245
11.43725491
11.27059078
12.23333168
9.05686188
9.18235302
6.12353039
3.96078467
0.29019609
0.13137256
2.46666694
12.14706039
15.31176376
5.48431396
7.86470556
10.33137417
11.71176529
10.54706097
10.92549038
11.85882187
12.37058640
11.64509964
12.91764736
9.33529377
9.86274624
5.61764669
4.57254934
0.41960785
0.16078432
2.23921585
10.82156849
12.95294094
8.91568661
6.90195990
9.89215565
12.40588284
10.77451038
12.22157192
10.57254791
13.02548695
12.50000095
13.76470470
9.32941341
8.96470642
5.59215736
5.52941084
0.56862748
0.12745099
2.26470637
8.79019642
11.82549000
11.08431435
6.21176481
9.61176586
11.55294132
10.71568775
13.24706268
11.09804058
13.97843075
12.67646980
14.00196266
10.46078491
7.67058849
5.00980425
6.44509745
0.52745116
0.11372549
2.51176500
5.90196133
12.97647095
11.94901848
5.16666651
9.76470566
10.81960773
9.96078491
11.89803982
13.25686169
14.44314194
12.96470737
14.55686378
10.84117508
7.52156925
4.82549047
6.46470642
0.79019624
0.23725490
2.92549062
4.81960773
13.77647114
12.67254925
5.26470566
9.80196285
9.91764641
10.35098171
10.80196095
12.18039036
13.79215908
12.97647095
14.34313774
10.71764565
7.49215698
5.19411802
5.86862803
0.89803940
0.35882354
3.20196080
3.92941189
12.65294170
12.35294056
5.90000057
10.57058811
8.44705868
10.94118023
10.55490398
10.27842999
12.28235245
12.32157040
14.45686626
10.54901886
7.26470566
6.28431416
5.98627567
0.72745115
0.46470588
4.12745142
2.50980401
10.81764793
12.42941189
6.80196142
12.23137283
8.56470585
10.39019871
10.46274757
10.41372490
11.17646980
11.66470623
14.40588474
11.37451172
6.87450933
8.25686169
6.29019547
0.75686288
0.56274509
4.88431311
2.87843156
7.74313736
13.49804020
9.26078415
12.74705791
8.92745113
10.57451057
10.32353020
10.90784264
10.69215584
13.15098095
13.20392132
11.85490131
7.83529377
8.96862793
5.65882397
0.69607848
0.45294118
5.23725557
3.88627481
6.03137255
13.54314041
9.75882244
11.87646961
10.12156868
11.01372623
10.70588303
11.52549171
10.83921432
14.96078682
13.38823795
11.70392227
9.23529434
9.46666718
5.13137245
0.47843137
0.60588253
5.66078520
7.30000019
5.48039150
13.23725605
8.83137321
11.40588188
10.42353249
10.97059059
11.89803886
12.60391998
12.20784378
14.88823414
13.58235359
12.29215813
9.32157040
10.39411640
5.24902010
0.72352964
1.15686381
5.70784283
9.68627357
6.42745113
12.11568546
11.48431301
12.04901981
10.91764641
11.10588360
13.48627377
13.08235264
12.54705715
14.79411888
13.31176281
12.59607887
10.01372623
11.29019547
6.11764717
1.18627489
1.96078444
6.26666737
9.78431320
7.19215727
9.55490303
14.64117622
14.25686264
11.46470737
10.76862812
12.43725586
12.73137379
12.81568718
15.05294132
13.52745247
12.46274567
10.58039474
10.78431511
6.99607849
1.30784333
2.55686283
6.47254944
9.05490208
7.66666651
8.45882320
15.19804096
14.96862793
12.58431530
10.72353172
11.49803925
12.29019642
12.14705849
13.89608097
13.15686226
12.21176434
10.13921642
10.05882359
9.10784245
2.50784326
2.75098085
5.35490227
8.51372528
7.19804001
7.33333492
14.10588264
14.76274776
14.36470604
10.80588531
10.21176434
11.16274548
11.81764698
13.22744942
12.71764660
12.17058849
10.07843208
8.74509811
10.58823490
4.22156906
3.01176453
4.57254934
8.38627434
6.60980463
7.24509859
11.60980225
14.23333263
13.92548943
10.60391998
9.00195885
10.43529320
11.90980625
13.79804230
13.87647247
12.67254925
9.96274662
7.38235378
12.10391998
5.24313688
2.87254930
4.21960783
7.82156897
5.75686359
7.65686321
10.40000057
14.23921680
13.39608002
9.47451305
9.10000134
10.83137226
11.77058601
15.02157021
14.12549114
12.63137341
10.10588264
7.06666660
12.58039284
5.67647076
2.16862774
4.12352991
7.58823586
5.55294085
7.98627567
9.84902191
13.97647190
12.05490112
8.81764698
9.20195961
11.16470528
11.49215603
15.08627701
14.29019642
12.41176605
10.54509926
6.89215755
12.84509945
5.82156849
1.82549024
3.96666670
6.41764784
5.53137350
8.28823566
8.28627491
15.15098190
12.05686188
8.22745228
9.76666737
11.08627224
12.14313889
14.59607887
14.79804230
12.74117661
9.64313793
6.54705906
13.21372509
6.14117622
1.54117668
3.87647104
5.56078434
5.31372499
7.79999971
7.40196133
15.83922005
12.79411697
7.76078510
9.53725433
11.19019699
11.72352886
14.84705925
16.07843208
12.45490170
9.48431492
6.23529387
12.04117584
6.17647171
2.29019618
3.62941194
4.18627453
5.61764622
5.80392170
6.90196133
15.45686150
12.93137360
9.12156677
9.08235264
10.39215660
10.78235435
15.48627663
15.96666718
12.67843246
9.85882473
5.62352848
11.48235226
5.93137217
2.58627486
4.05686235
1.47647071
5.97058821
4.86470652
6.78627491
14.34902000
11.77058792
11.40980053
9.03921604
9.16274643
10.58039188
15.87254810
15.97059059
12.96666718
10.20980358
5.18431473
10.67451000
6.26078510
2.16862750
5.65294170
0.26274511
5.37843180
4.66078424
6.25882387
13.96274567
10.07058811
12.92549038
9.96274567
9.44705963
11.92940903
16.43333435
16.57254982
13.06666565
10.11176491
5.61960793
9.75686264
6.43921566
1.92352962
6.11372614
0.14705883
3.54313779
4.39803982
6.26274490
14.41372681
9.83137131
12.02548885
10.36470604
10.08823490
12.03137398
15.38235283
16.18039131
13.26470661
9.60000134
6.13725471
9.05294037
6.38823509
1.51372588
5.24901962
0.09411765
3.18039179
4.19019699
6.82156849
15.19411945
11.45490170
11.95882320
9.68431377
14.47254944
11.23921680
13.91764736
15.24901867
13.66274548
10.31372547
6.80588341
8.92352962
6.37058830
0.98235339
4.16274548
0.18823530
2.73725510
3.89019608
6.85686207
14.58823395
12.10196114
12.95098305
10.93529510
18.14117813
11.03529453
13.64705753
14.99019432
13.33921623
11.23529434
7.78039169
8.30980396
6.20980453
0.74117666
3.59411764
0.12745099
2.84117651
2.91960812
7.35294247
13.16862869
12.75098038
12.60392094
13.18235207
18.52157211
10.72941303
14.06078434
14.60784435
13.24706078
10.51176548
8.33137226
7.65294123
6.00196075
0.57254922
3.33921576
0.17058824
2.91764736
2.94509864
6.93725443
11.98039341
12.63529491
12.61960983
16.22352791
17.51960945
11.11568737
13.32549381
15.58039284
13.81764698
11.34705925
10.01373005
6.62549067
5.04901981
0.49215686
2.61568642
0.21568628
2.28039241
3.10000062
5.94902039
11.41372490
13.24117470
13.61764812
18.20980453
15.29215813
12.54117870
13.49215603
16.21764946
13.48039150
12.55882454
11.81372547
5.77058887
4.67647123
0.53137255
2.29019618
0.49803922
1.89411783
4.25490189
5.51176500
10.13921642
12.98235321
13.83333492
18.05882454
13.31568432
12.23333263
14.15294170
16.89608002
13.68235493
12.32157040
12.61960793
4.63725471
4.76666737
0.82549047
2.56078410
0.53725499
0.90980422
4.97058821
5.57451010
8.21568680
11.11372662
13.84117699
16.88039398
14.10588455
11.30392170
15.50196171
16.09216118
13.69411755
12.34117699
13.12941456
3.85098076
4.83921576
1.70196128
2.55686283
0.61372584
0.12745099
4.95098114
5.35686350
7.52156878
9.82156944
13.90784264
15.23333359
14.53725719
10.65490341
15.26862812
15.29804039
13.49999809
12.73529339
13.59411907
3.42352986
5.05686235
2.57647038
2.52745152
1.01764739
0.11764706
4.52549076
4.82941198
8.11372662
8.92352962
14.04117775
15.42940998
14.79215813
10.45686245
14.35098171
14.68627548
13.42549038
13.77058601
14.67058945
3.53333378
5.49607849
3.06470656
2.33529425
1.77254951
0.20392157
4.12941265
4.80980444
9.27647018
8.36470509
14.61764717
17.66862679
15.32549000
10.71764565
14.56274700
15.14705944
13.45490170
13.88823605
16.55489731
3.76666641
5.91764784
3.42941189
1.36666679
1.63137293
0.33921570
3.80784321
5.19803953
8.83725357
8.13725567
14.18038940
19.81176758
16.66470718
10.55882263
14.26470566
17.01176834
13.98627853
15.08823586
17.93921661
4.30784369
6.01176405
3.39803982
0.52549028
0.80784327
0.48235294
3.31176519
5.01764679
8.06666756
7.58235216
12.90784550
21.83529282
15.96666908
10.88823605
13.38039112
17.06274605
14.03333282
15.28431511
18.55490112
5.36078501
5.94509840
4.12352943
0.27254903
0.47254902
0.54509819
2.75098038
4.93725538
6.86666632
7.22156906
11.07058811
23.32549477
15.23529434
11.90588474
11.70980740
14.57450771
14.08235455
14.48235321
18.20980453
7.03921652
5.91960716
4.79607868
0.35294119
0.38235295
0.53137267
2.32156873
4.93921518
6.74117661
6.98627472
10.01372623
22.99412346
16.37255287
13.84313679
10.29607964
11.93529415
14.56862736
14.63137150
18.10588264
8.15490150
5.22745037
5.02745152
0.32156864
0.30000001
0.59803945
1.88431394
4.81764698
7.82352924
7.16470623
9.62941265
21.76666641
19.53137207
16.13725471
9.89804077
10.66274452
14.62353230
14.55097961
17.68627548
10.00784492
4.21568632
4.66862774
1.30588293
0.62745118
0.50000000
1.05098045
4.94705820
8.50196266
7.53529406
10.93725586
19.09608078
21.05490112
17.92745209
9.94313717
11.01568699
15.75294113
14.87059021
17.42353058
11.87254906
4.09804010
3.70980406
2.37843084
0.79019636
0.37058824
0.91176474
5.11568594
8.74313736
7.66274548
12.25686264
16.70000267
22.69804192
20.96078682
9.07255077
12.28039360
16.90980148
15.22745132
17.48627472
13.82353115
4.17451000
3.69607925
4.08235264
0.63529414
0.69019639
1.63725495
5.68039227
8.60392189
8.41568661
12.95686245
14.82745171
22.82941246
26.43333435
9.16274643
14.19411755
18.13725471
15.65098190
17.34313583
15.70784187
4.23529434
3.48235273
4.40392160
0.50392157
1.40000021
1.99215698
5.75294161
8.51960945
8.63333321
12.35686302
13.84117413
21.87451553
26.99803543
13.02549171
15.56078339
19.71764755
16.27647209
17.89607811
16.48823547
4.51568604
3.57058859
3.73137307
0.22549020
2.05294108
2.10000014
6.14509726
9.15686417
8.91764736
11.23529339
13.88823509
18.93529320
23.79019547
21.42353249
19.67647171
18.79803848
16.96274567
18.34313774
16.62157059
4.93529415
3.70784378
2.76862741
0.91764712
2.52549076
1.90784335
5.60980320
10.55490208
9.64510059
10.63529396
13.67058659
15.78627396
20.81764603
24.82352829
22.57843018
17.11960793
16.86274719
18.24901772
15.60980511
5.10588217
3.79019618
2.74117637
2.25686288
2.76862764
1.30196095
5.04705954
10.55686283
9.22941208
10.07254982
13.16078472
13.34117794
19.00391960
24.83333588
24.23137283
16.60588455
17.08823395
19.15098190
14.63921738
5.71960783
4.01960754
3.24509835
3.41372538
3.31176543
1.48627484
5.18039274
9.70980549
9.59607887
9.20980644
12.16666698
12.76078415
18.27647400
22.88235474
23.31372261
17.84901810
17.52157211
20.80980682
14.94901943
6.17058802
4.48627424
3.61960840
4.34313774
4.42352962
2.30392170
5.20588255
8.00784397
10.26470757
9.42156887
10.01176548
12.71764565
15.88431263
18.79215431
19.98431396
20.82549095
17.67450714
23.11960220
15.25686264
7.10980415
4.49607897
3.67647099
5.50588226
5.19019556
3.07254934
4.97254944
7.07647038
10.20980453
9.23529530
8.85882282
12.31176758
14.57254887
15.86666679
16.89019394
22.06275177
17.53725624
24.26274681
14.75490379
7.36470604
4.02353001
3.36666727
6.92352867
5.13137293
4.24902010
3.85294127
6.88627625
8.87254906
9.53725338
8.95490170
11.91568851
13.97451019
13.79607773
15.28235626
19.68431282
17.85882378
24.76667023
13.63137341
7.89803982
3.96274543
2.50196099
7.19019699
4.93333387
4.49803925
3.83137274
6.70588350
8.35686207
10.11960888
9.24705887
12.09607887
15.00195980
13.13921452
14.63333321
17.35490227
18.00392151
25.48235703
13.39215946
9.04313755
4.34117651
2.32156897
6.33333302
5.64705944
4.32156801
5.13333321
5.86274529
7.97058916
9.77450943
8.81568623
11.74509811
14.29608154
13.98235035
15.50784588
17.34902000
19.56078529
26.18627357
14.69411659
9.50196171
3.80392170
2.21372557
5.46078444
5.79411697
3.97058797
6.29215717
5.11176395
7.67451000
10.13333321
7.97843170
11.50392246
12.95490265
14.81568527
15.48823738
18.39608192
21.05882072
26.95294189
15.12156963
9.91372776
3.76274538
2.18235326
4.78431416
5.05490208
3.82941198
7.31764793
5.14705944
7.38431358
11.15882397
7.34509850
11.33529663
12.67843056
14.67255116
15.59215832
18.90784264
22.41569138
27.32549286
15.41764927
10.50588226
4.91372585
2.40784335
4.73333359
4.43333340
3.63921618
6.97843170
5.61568594
7.47843170
11.30588245
7.00392056
11.19411850
12.55882263
14.51764774
16.63921547
18.36862755
23.47059059
27.25882339
16.18431473
11.18039227
5.62941170
2.67058825
4.67254877
3.61960864
3.03529406
6.90980387
5.68039227
7.83333349
11.05882359
6.62352896
11.41960812
12.26078320
14.59411812
18.13921547
17.41568756
24.26078224
26.42353058
16.36862755
10.94313812
5.98823452
3.15490198
4.42941189
2.85686326
2.67647099
7.13725424
6.19607925
7.26274490
10.26666737
5.88235188
11.46666718
12.36666775
14.49803829
17.85686493
16.64706039
25.56274605
25.45490265
15.79803848
10.73137379
6.45686293
3.84509802
4.36274529
2.70784354
1.87647092
6.87450933
6.64313793
6.39019680
9.27647114
5.25686312
10.70000076
11.89019775
14.57059002
16.44705963
16.11568642
27.25098228
25.69804573
16.85882568
11.20588207
6.78039265
4.15882349
4.19411802
2.44313765
1.47451007
5.86274481
6.50784349
5.96470642
8.72941113
5.08823538
9.37254810
12.59804058
13.92548943
16.01568794
15.34509850
27.35686493
24.99607468
17.27059174
11.59607887
7.64901972
4.08627462
4.13333368
2.36274529
1.20196140
4.59607935
6.22352934
5.76274538
7.94313669
6.62941217
8.72745228
12.43529510
12.60980225
16.28235245
15.36078358
26.83725739
24.51764679
16.77450943
11.91568470
8.64117622
4.06470633
4.12156916
2.91372585
1.08627486
3.71176505
6.40392208
5.60196066
7.41764784
7.62745047
8.80980492
12.69215679
12.64509487
15.93529415
15.67451286
25.44313812
23.84706116
17.27058792
11.93333244
9.46274567
4.03333330
4.48431349
3.11372542
1.29607880
2.84901953
6.45490170
5.53921652
8.03725529
7.93529463
9.29607868
12.99804115
12.69215965
14.64901924
17.04901886
24.84901810
24.59215546
17.16470909
11.16666603
10.32549000
3.65882397
5.28823566
3.46862769
1.26862752
2.33529401
6.37843132
5.55686331
7.92941236
7.99019623
9.85098076
12.63529396
12.83921814
14.17450905
18.37059021
24.56274414
24.70196152
17.46666718
11.47843075
11.90392208
4.55294180
6.52745104
4.06274557
0.85294139
2.10196090
6.71372509
5.31568623
7.26470613
7.51960754
10.05490208
12.08431435
13.92941284
13.00196075
18.20392418
24.96862793
23.98235130
17.22549438
10.93333149
12.02941132
5.93725395
8.00980568
4.83137321
0.64313734
1.66666687
6.68823576
5.76274490
7.27450991
6.67647123
11.32941246
11.31764793
14.35882092
13.52941227
16.64117622
24.89411736
23.74509621
17.41961098
11.35490227
11.36470509
6.56666708
9.43333435
6.33137274
0.99215710
1.31372559
6.33921623
6.58039331
8.45490360
5.88235378
12.43921566
12.81764698
13.66862965
14.17647266
15.00392342
25.10392189
23.27647018
18.03137589
11.00784302
10.85882378
6.46274519
10.13137245
8.16078472
1.18627453
1.50980401
5.97647047
8.23137283
10.09019756
5.73921490
11.90784264
14.62353134
14.16666794
14.00392151
14.56078339
24.02548790
21.52744675
18.38431549
10.73725510
10.54313850
6.90000057
11.09803867
8.85294247
1.37843168
1.70392168
5.40588236
10.71568680
13.00588131
6.19019604
11.34313679
14.37254906
15.30588341
14.57451153
13.86862850
22.06666565
20.23921585
19.09803963
10.90392303
9.56666565
8.35882378
10.81960773
8.65294075
2.44902039
1.53529429
5.10588264
11.88823509
14.60588360
6.61764812
10.48235321
13.49608040
15.42352867
14.59411812
13.81568718
20.20980453
20.01176071
19.50784302
11.00784492
8.59019566
10.43137455
9.59607887
8.39607906
3.93725514
1.84509814
5.05294132
11.72156906
15.31568718
6.96078348
9.02941227
13.89019871
15.62156963
13.41764832
14.29411507
18.10000038
19.35882187
20.33725357
10.43333626
7.94509745
11.75686455
8.35490131
7.35294199
5.88235283
1.80392182
4.95294094
11.16274548
15.46078491
7.23333359
7.90784407
15.00196266
15.88431454
12.76666451
13.71960735
17.41765022
18.48235321
20.49411774
11.54117775
8.28823471
12.49215698
7.01372623
5.84901905
8.21568584
1.34117675
4.34117699
10.31568623
16.06470680
7.75686407
7.90980434
16.21764946
15.05686283
12.84313679
13.45098305
17.55882645
18.43921661
19.70000076
12.33333492
9.44117737
12.92352962
5.82941151
4.93333340
8.47646999
1.20196104
4.20784330
9.45098019
15.50588417
8.65490150
7.76470757
15.40784264
14.61568546
12.78235340
12.97450924
17.05490494
18.09019661
19.28235245
12.64902115
10.68627453
12.78431606
5.18431377
5.10196066
8.03137302
1.36862767
4.39019632
8.88823509
15.31372833
9.56666756
6.39411736
14.72941113
14.07254887
13.58235168
13.77843094
17.23137283
18.28235054
19.24901962
12.72548866
10.49215603
12.82156754
5.16470575
5.91176462
8.00980377
1.16862750
4.14901972
8.00588322
14.25489998
10.46862698
5.68039274
13.36274338
13.74902058
14.73725319
15.60391998
17.28039360
17.82548904
19.24706268
12.92157173
9.74901962
13.32941246
5.85490131
6.56862831
7.89803982
0.91960794
3.97843170
7.06470680
12.43725395
10.81764889
6.36274481
11.50392246
13.73529243
14.08627510
18.45882607
16.94902039
17.88235474
18.31960678
12.83137226
8.93137264
13.29411793
7.21372652
6.80784369
6.35294247
1.63725519
3.93137264
6.41372633
11.62941170
11.47451115
8.59803867
10.03921700
13.03725243
12.88235092
20.37646866
17.94117546
17.98235130
17.52941322
12.64902020
8.61176395
11.24509811
8.80980396
6.52745104
4.78235340
2.64705944
3.87254906
6.48039198
12.22353172
12.57058811
10.32549000
9.29411793
12.16666603
13.25882339
19.49019814
20.59608078
17.43529320
16.59607697
12.52548885
8.92548943
9.05097961
10.47255039
6.23921728
3.87451005
4.42352962
3.22156882
6.29999924
13.53725433
15.00784397
12.52156734
8.12941170
11.84313679
14.27450848
19.04901695
22.29803658
17.14314079
15.90000057
11.74117661
9.10196114
8.67059040
11.26078606
5.89803982
3.50000048
5.80588245
2.42549038
6.44901896
13.46470642
16.62745094
13.99803925
7.67254877
11.19019699
14.28431416
18.79411697
23.50588417
16.80392265
16.49804115
11.60980415
9.73333359
10.07647038
11.60000229
5.87450933
3.39607882
5.95490313
1.61372542
6.23921585
12.58823681
17.27059174
15.07647133
7.48823404
10.37254906
14.11764717
18.22352982
23.31569099
16.04509735
16.72549438
11.93725872
10.28235245
12.78039265
11.83333397
6.18235397
3.65882397
5.26274490
1.18823540
5.56274509
11.10195923
17.02156639
14.80392170
7.38431454
9.68823624
14.15686512
17.52941322
22.80588341
15.80784607
16.48431206
11.23137283
10.35882282
15.70392323
10.33333492
6.25686455
3.84902024
4.61764669
1.30000019
5.17843151
10.90980434
16.44313431
14.82941151
8.42745018
9.06470490
15.22156906
15.51176453
22.11372948
15.94705963
17.13529396
11.37647152
8.92941284
18.30588341
9.15097809
6.70980358
3.97451043
4.31960773
1.42745137
4.75294161
9.93333244
15.59019661
14.68235397
9.66470814
8.57843113
16.28235054
14.06274605
21.39216232
16.17843246
17.09019470
11.94901943
7.79215670
18.91765022
9.32549095
7.54705954
3.85882354
3.85294151
1.97647119
4.17058849
8.13725471
14.43333530
14.73333168
11.20784378
8.60784340
16.64509773
13.17451000
21.05097771
16.57451057
17.22353363
12.70784378
8.01372528
16.87843132
10.78235340
7.40980434
3.79019618
3.38823557
2.70980430
3.86470604
6.78431463
13.28235340
14.20392227
11.93529510
8.62941265
16.47647095
12.14706039
20.75294304
15.80588150
17.44509697
13.29607773
8.79411697
15.49607849
12.25882435
6.81176376
3.30784345
2.85490203
3.39803982
3.67647052
6.52745008
11.84706020
12.99411869
12.15686226
9.06274605
15.43529606
11.57647133
19.80392456
16.27058983
16.72744942
13.74313831
8.79019737
14.27843094
13.16274643
7.33333302
3.50980377
2.96274519
4.10196066
3.10588217
6.18431377
10.38235378
11.96470547
11.40196037
8.43137360
14.04509830
11.69019794
18.72941017
17.82156944
16.64117432
13.64901924
8.84509850
13.75098228
14.74313831
7.40392208
3.73725533
2.93529415
4.87647104
3.23725486
5.39803934
8.93725586
11.64117813
10.78039360
7.93921566
14.69215679
12.52549076
17.17451096
17.92941284
17.08235359
14.26274776
8.93529510
13.16666889
15.22549248
6.71568727
3.82352972
2.75490260
5.07254934
4.15490246
5.21568537
8.20392036
11.57647038
10.59019470
8.30588245
15.01960850
13.04705811
15.75098038
17.53529549
17.21176529
14.67647171
9.37843227
13.52745247
16.46666718
6.41568661
4.62549114
2.80784369
5.32745075
5.13333368
5.25686216
7.22745132
11.14117813
10.29411697
9.54509830
14.77647114
12.59607983
15.44901848
17.85098076
17.05097961
15.06666660
9.34902000
13.84902191
16.83725357
6.51568604
4.94509840
2.83137298
4.57843161
5.83137321
4.99411774
7.30196095
10.51764679
9.89803886
10.77843285
14.46470737
12.71176720
15.48039436
17.41961098
16.42353058
15.43725395
9.20392132
14.11568546
16.22156715
6.58627415
5.36862803
3.58235335
3.39411831
6.90784264
5.62745190
8.22352982
10.21176624
10.04902172
12.10196114
13.33529568
13.14117622
16.25098419
17.61176682
16.21372604
15.47058773
9.10196209
13.71764755
16.30588150
6.97058868
5.46274614
3.79411840
2.81960797
6.69215727
6.09215641
8.87647057
9.41764641
10.02157116
12.15098000
12.71176529
13.88627434
16.91176605
17.79216385
15.89803791
15.88627243
9.48039246
13.04509830
16.60588264
8.02156734
5.43333387
3.89019656
2.87843156
5.77058935
7.13921547
9.37647152
8.21568680
9.80784416
10.48431492
12.42548943
14.88039303
17.45097923
16.62157059
16.44313812
16.48039246
10.12745190
12.39999962
16.85686302
8.76078510
5.20784330
3.84313774
4.27450991
5.22549057
8.07254982
9.97843170
8.31764698
9.63725662
9.57451057
12.81568527
15.13725662
16.84313965
16.72157097
16.00980759
16.38823700
10.48235416
12.09999943
17.69804192
9.20000076
5.09019709
3.64117694
5.64117622
5.19804001
8.25490284
10.15490246
8.87647152
9.06470585
9.79019737
13.66078568
15.18627644
16.85294342
16.81568718
15.42156982
15.14509964
10.28235149
10.81568718
18.18235207
9.66078377
5.24705887
3.47451043
6.03725481
5.57254887
7.62745094
9.04509735
8.33921528
8.79607868
10.13725567
14.60392094
15.60196114
16.99215508
16.72941208
15.62941074
14.23725414
10.07843208
10.73529434
19.37842751
11.15097904
5.29804039
3.67450953
6.47450972
6.52353096
7.81764746
7.54117632
7.94705915
7.79999971
9.80196095
15.16666603
15.26862812
18.50392151
17.05294228
16.37254715
14.58431435
9.76862907
10.25294209
20.23136902
12.83921432
5.21764803
3.82941198
7.34117651
6.92745066
7.53333330
6.87843084
7.98431396
7.15686321
8.94117641
15.69019699
15.76274395
19.23137665
16.18235207
16.62352943
15.79803848
9.95686436
9.57451057
20.76666832
15.18823433
5.26274538
4.48235273
9.48823643
7.28823471
7.31568718
6.46274519
7.78235292
6.37254906
8.94313812
14.51764679
15.71960926
18.79216385
15.24117374
16.77647018
15.59215641
10.56274605
11.26274681
19.87450981
17.74902153
5.57058859
5.29411840
9.74117661
7.06666756
7.90588093
6.69607878
7.60195971
6.13137245
8.80000019
12.68039322
15.64902020
18.01372528
14.58823395
16.49215698
14.83921528
11.18431377
12.85882187
17.60980225
20.44510460
6.55098057
6.30588245
8.43529415
6.93137360
8.72745132
7.27058744
8.26274490
6.60588169
9.25294304
10.47254944
15.50196075
17.41568756
13.55098248
15.84509850
14.54313564
12.00980568
13.12352753
15.93725586
21.63333702
7.68039370
6.82745075
7.81568718
6.91372538
8.96470642
7.42941236
7.77647209
6.47254896
9.45686340
9.16078472
15.31176472
16.13137436
13.75490189
15.95882607
15.36666584
12.63725471
13.33725357
14.71568966
21.55098343
9.28235245
6.53137302
8.46470547
7.56078386
9.04901886
7.34901953
7.56274366
6.63529539
8.92156887
8.36862755
14.79019547
15.62549114
13.90588284
15.46862602
15.34509754
13.70000267
13.45882416
14.07646942
20.97646904
10.81764793
5.69607925
9.00588226
8.33137226
8.71960831
7.31764698
8.51764774
6.63333368
8.38627434
7.66078424
13.62156963
15.18627262
13.62549019
15.07843494
16.31568718
16.28627586
11.30392265
13.44509697
20.24313736
13.64313889
4.66274548
8.48431396
9.15686417
8.76078415
8.49999905
10.22156811
6.25098038
7.87451029
7.86274529
12.51568508
14.72156715
14.14117813
15.58235550
17.34313965
17.25490379
9.71176624
12.86078453
20.03137589
16.78235435
4.09411812
8.35490227
8.74902058
9.68235207
9.06862640
10.72353077
6.78039169
7.70392179
7.70784283
11.34313583
13.72353077
14.94902039
15.65098190
17.52745056
16.10784340
8.81372452
12.10588169
20.05294418
19.81176758
4.82353020
8.14705944
8.37843132
10.01764679
8.91568661
11.23725414
6.89019632
8.00784397
7.50980377
11.19411564
13.06078529
15.05097771
15.73921776
16.69804192
15.41960907
8.75686169
12.54117775
18.92745018
21.12745094
5.64117670
7.73921585
7.70392227
9.52941227
8.37254906
11.77058983
6.85294199
8.52941322
7.51176357
10.90392208
12.72744942
14.58627319
15.35294437
16.07646942
14.75097942
11.36078548
12.64902020
17.44313812
20.94902420
8.48235226
6.69411850
6.75686359
8.63529396
7.71568680
11.27451134
7.28235340
9.08235359
8.00195980
10.79804039
12.88039303
14.76274490
16.22157097
16.48235321
14.43921661
11.08235264
12.17646980
16.69215775
19.83921432
11.34510040
5.32549000
6.24901962
8.25490284
7.49411821
10.84313869
7.29411745
8.51960659
8.22156811
10.96078682
12.45294189
14.04706001
16.86078835
15.74509811
14.68823338
9.01568699
12.42941093
15.05097961
19.38431168
14.55294037
4.16078377
5.88039255
8.65686417
8.50588226
12.06078625
7.51960850
7.60196209
8.29607868
11.13333416
12.50195980
13.67058945
16.85098267
14.15490437
14.93333435
7.45293999
12.45882320
13.44509888
17.90196037
17.04509926
2.90588260
5.36078453
9.10784340
9.77843189
13.42745209
8.39411831
7.17058849
8.11372566
11.17647171
13.23529148
14.39215851
17.33137512
12.75686550
14.87058640
6.77842951
12.47843266
12.16078472
17.23529434
17.96078300
3.50000000
4.76470613
9.35882378
10.64117718
12.60588360
9.30196095
7.29803896
7.88431311
10.62745190
13.50587940
14.85490131
17.20980453
12.02157211
16.18431282
7.33137369
12.99607658
12.43333149
16.14509773
17.59804344
5.66274500
4.36862755
8.93921566
11.40980339
10.61568737
10.22941208
8.17843342
8.32745075
9.95294094
14.81176472
15.39411449
16.29607773
12.04509830
16.08823395
8.15098190
12.63137341
12.92353058
13.93333340
17.20196152
7.29411745
3.95882320
7.92549086
11.26666737
9.88431454
9.99607944
8.84117699
8.78431511
9.50196075
16.53137398
15.43529510
15.22941399
11.91764832
11.90000057
9.21960735
10.22941208
13.40980625
11.40784264
17.30980492
9.23725224
3.51372576
6.79019594
11.14117622
9.18823528
10.31372547
9.66274452
10.08823586
9.41372681
17.77255249
16.14117813
14.21764946
11.90392303
12.21764755
12.55686188
19.30195808
13.70784187
10.41568661
17.79411697
10.53725719
3.29019618
5.63529491
10.80587959
8.50392151
10.41764736
10.05686283
10.41568756
9.39019680
18.18627739
16.94313622
13.59019661
11.85490227
10.90980244
13.53333282
19.21372986
13.09803963
9.58627415
17.96274376
11.29215908
3.27254939
4.83725500
9.74902153
8.57450962
10.00000095
10.24902153
10.52745152
9.25882339
17.66078758
18.59607887
13.53921604
11.84901905
10.54901981
9.27450943
18.90979767
12.37647057
9.61568451
17.88431740
12.10784435
4.11960840
4.47843218
8.76862812
8.95686245
9.33333302
10.14117718
10.57843113
9.33137321
16.56274986
19.58627510
13.45489979
11.71764660
10.35294247
8.44117737
10.75098133
11.71568680
9.30980682
17.32745171
13.98431492
5.48431492
3.80588222
8.71764660
9.04509830
8.55490208
9.63921547
11.30980587
9.48627472
15.25098228
19.13529396
13.51568604
11.98235321
10.00196266
8.03529453
10.98431301
11.70392132
9.59019566
15.75490475
16.44117737
7.25882339
3.04705882
8.55490208
8.98823643
7.98823547
9.16470718
11.29215908
9.71372509
14.93137264
19.08039093
13.54706001
12.89803982
9.86274529
8.40784359
10.99019718
12.98039246
9.53529358
13.63921452
19.19019699
9.74117565
3.00000048
8.12745190
9.01176453
8.10784245
8.80980492
10.25294304
10.51764774
15.49019718
18.85882378
13.06078243
13.84901905
10.17254925
8.31764698
10.64117718
14.19607830
9.93333435
12.32941246
19.60784149
11.79607677
4.39411783
7.43921566
9.21764565
8.67647076
8.54705906
9.58235359
10.97647095
15.37059021
19.12352753
12.27647209
13.37058926
10.69999886
8.32352924
10.15686226
14.60588360
10.43725491
11.52548981
17.57058716
13.50980377
7.05490255
6.65098190
8.78627491
8.68823624
8.57451057
8.96470547
9.73333359
13.86274624
18.59999847
13.08431721
13.13529301
10.90980434
7.02156973
9.66274452
14.56862926
11.48823738
10.87647247
16.17843246
14.74313927
9.79803848
6.32941246
8.82745266
8.59019852
8.47058773
8.61372662
8.85882378
12.30980492
17.57647324
13.88039398
14.53137112
11.20392227
7.18235445
9.15882301
14.38235569
11.82941628
10.10000038
14.72352982
16.23137283
11.51372433
5.81176519
9.15686226
8.43333244
8.52156925
8.92549133
8.21568680
12.33529472
18.30980682
14.26666641
16.49803734
12.17843151
7.87450933
7.12745190
14.62941074
13.16470718
9.44901943
14.05294228
17.11764526
11.84313869
5.26274538
9.62156868
8.88431454
7.50392294
9.21372509
8.16274548
11.48627281
18.08039284
16.05489922
17.54509735
12.89019394
7.73921537
7.57450914
12.54509926
12.90196228
9.10196114
14.92156887
18.04901886
12.12157154
4.87647104
9.80392170
10.46666622
6.57450867
8.77647114
8.77254868
9.63137436
16.81764984
17.78823662
19.01961136
15.43725681
6.85294104
7.37843132
11.77254868
12.08823395
8.64117622
15.57451153
17.67646980
12.83725643
5.15490198
9.61764622
11.35686302
7.22941208
7.84705877
8.43137264
8.96078491
16.92941284
19.19607735
19.23137856
17.34705925
6.85294151
6.35686350
11.40980530
11.39803982
7.80000067
15.71176529
16.13725471
13.72156811
6.69999981
9.98039150
10.78431320
8.79019547
8.39411736
8.24901962
8.53725529
16.76470566
20.65686226
19.10980797
17.67450905
7.17058754
6.76274538
10.83529377
11.40980339
7.08431292
15.81176376
14.80588436
13.81568909
8.29607964
10.06274509
9.80000114
10.01764584
9.92745304
8.31568623
8.86862850
14.90980339
20.36666679
19.31569099
17.87647438
7.79803801
7.71176481
10.31764793
11.36470604
6.16666794
15.12353134
14.53137302
13.22941399
9.96274567
9.18235302
9.11568451
11.34705830
12.36470604
7.87254763
9.43137264
14.16274452
17.47647095
18.47450829
17.21961021
10.78431129
7.71176434
9.93529415
11.36666584
6.14705944
13.54706097
14.91568851
13.95490170
11.35098457
8.73921680
9.30392265
12.38627338
13.84705925
8.79607868
9.57647133
14.84901905
15.84705925
17.16078568
16.80392075
11.58039284
7.48235369
10.02353096
11.45882416
6.04901981
10.95293999
15.98823738
15.70980263
11.76274490
9.05490398
9.19607830
12.79411697
14.50392437
10.05490112
11.02745247
16.11764717
15.41764832
15.63529587
16.75293922
12.22352982
7.51568604
9.54313755
12.72941208
6.09803915
9.16666698
15.95294094
17.64902115
11.81960773
10.43529415
8.97843266
13.38627529
14.57450867
10.84509659
11.19215775
16.54509926
15.52941418
14.51764679
16.81961060
12.82745171
7.59215641
8.67058945
13.14509773
8.63333416
7.97647095
15.80588245
18.86470795
12.22941208
10.97254753
9.80392170
13.74509907
13.61960888
10.80588341
11.40784168
17.26470566
15.54313850
13.69019699
16.82744980
12.89019394
8.43725491
7.99019623
12.73725605
10.33921623
7.42941189
16.16862869
19.05098152
12.87255001
10.96862888
9.65490246
13.50196266
12.30784416
10.06274796
11.45686245
18.08235550
16.47647476
13.72549057
16.55490112
13.69804001
8.88823414
7.47451019
11.60588169
10.59411907
7.20980453
15.47646999
20.08039474
13.48235321
10.80784416
9.88235378
11.11568642
10.64117622
9.60588264
11.70980358
18.16666603
18.15098381
13.71176338
15.51960945
14.17254925
9.01176548
7.30196142
10.61372662
10.40784454
8.32941246
14.75686359
20.23529625
12.56862831
11.80000114
10.55294323
9.83333492
10.59411812
11.45686531
11.71960735
17.99608231
17.91372108
14.12940979
15.01764870
15.03529358
8.03529358
7.43529415
10.09803963
9.57058811
9.22941303
14.18627548
20.01176643
12.70980167
12.27451134
10.42745209
8.95097923
10.75490189
13.59607792
11.54902172
18.76862526
16.48431206
14.49215412
15.32156944
20.69607925
11.73529434
7.88627481
9.78039265
8.74117756
9.07843304
13.32156754
18.63333321
14.63725567
13.41960907
9.92549133
8.52353001
10.66078663
13.12745190
11.49999905
18.21372604
15.81176376
14.96862411
16.26078606
20.02941132
13.17255211
8.51764774
9.56470680
8.37646961
8.15882397
13.97646999
17.91960907
15.99019623
14.93333530
10.20784378
10.10000229
10.26862526
10.74313545
11.66666698
18.22745132
15.04117393
15.50588036
16.27255058
18.99607849
14.57843304
8.89803886
9.98823643
8.73333454
6.31764746
14.77255058
17.60980415
16.22157097
15.53529453
10.78627491
11.02745056
10.22352791
8.86862755
11.83725548
18.01372719
15.40980339
16.04706001
17.00588226
16.46274948
8.87843227
10.21176338
11.00000000
7.94901943
4.89215708
14.96274662
17.40980530
17.24117661
15.43921471
11.56470394
10.76666737
11.33529568
8.65686417
11.47451019
15.37450886
17.96078491
16.84902000
17.36470795
17.20784378
9.26862907
10.46863079
11.86274529
6.46078491
4.70980453
13.87255001
15.40196037
17.32353020
13.61960793
14.15490246
9.46666718
11.78627491
8.18823528
10.80000210
12.66078472
20.89411736
18.18431854
17.08823586
17.00196266
10.14117622
11.37451172
12.68235397
5.72352982
4.29411745
11.63921642
13.80588341
16.95294189
12.44902420
17.37647247
9.15686226
11.96470451
7.75686359
10.12745190
11.10588360
21.81568527
19.22156715
17.48039627
16.46666718
10.87842941
14.11372566
14.47646999
5.42352962
4.30196047
8.97254944
14.24313831
17.01372719
12.75490189
18.26274872
9.95490170
12.67255116
7.57843208
9.25098038
11.42157078
19.64509964
19.85098267
18.15098190
15.71372318
11.45098114
17.62745094
16.06274605
5.25098133
5.13137293
7.59607887
14.49411774
16.36470795
13.32352829
18.91960526
11.42352962
13.69215775
7.73137331
8.93725681
11.70392227
17.52156830
19.93333244
18.39804459
15.27451134
12.39019394
17.83333397
17.46078491
5.64705896
6.26666737
7.33725643
13.87255001
15.45294189
14.01960659
18.88039207
12.62353134
13.10196209
8.04117680
9.15098095
11.87843037
16.88627625
19.04705811
18.35098076
15.41960812
13.29019642
14.40196228
18.55490303
5.81960821
7.50980520
7.04313755
13.48823738
13.74705791
14.80588055
17.69411850
14.48627663
11.30784225
8.81176567
8.98431396
12.25686169
16.35686302
17.35098267
18.14118004
16.19803810
13.60196018
14.05097961
18.68627548
6.11568642
10.25490189
6.72156906
12.78627586
11.68039322
15.72157192
15.26078606
17.01372910
9.27647114
9.17059040
8.93921566
12.91960716
17.64118004
17.34510040
18.43529320
17.46862793
11.97254944
14.17843151
18.53921890
6.71568584
12.21960926
6.34902048
12.40195942
9.67647076
15.12549114
14.37450790
19.01568985
9.20784378
9.48627567
8.81372547
13.07843399
19.05097771
17.23725510
19.60392380
18.07843018
11.18235397
14.52352905
18.28039169
6.62941170
13.23529625
7.52549028
12.01372719
7.46666670
13.75098133
13.97058773
19.83725357
9.38431454
10.43137264
8.75490189
12.83725548
19.27842903
18.77255249
20.89216042
17.77254677
11.29411793
14.71960831
18.13137245
6.43529367
13.27255058
8.99803925
11.75294209
6.79803944
13.55490112
15.28627586
19.38039207
11.27254963
11.28823566
9.32549000
12.46666813
18.79803848
20.11568642
20.64510345
17.86470795
12.49215508
14.53725624
17.81764603
6.78431416
10.87058926
11.62941265
10.48627567
7.96862698
12.69803905
17.02352905
18.14117622
14.98039055
10.86078453
10.06078339
12.47843170
17.19019699
20.05686569
20.57254982
18.20784378
13.56666756
14.23921490
16.33725739
7.25686407
8.53725529
12.42941284
9.51568604
10.64117527
11.71176434
18.90392113
17.65490341
18.10784531
9.42353058
10.24901772
13.05882549
14.91568756
17.94705963
20.00392342
19.16470528
14.06666851
13.38039207
15.68235588
7.90588331
6.82745075
11.03137302
8.04901981
14.05685997
10.50196171
20.44902229
18.77254868
19.19215965
8.38823605
10.33333206
13.22941303
13.73137188
14.77647209
19.05490303
20.72352791
13.93137074
13.03333569
15.49607849
8.31176472
5.80980349
10.07647133
6.61372519
14.85882473
9.64705849
19.78039169
19.75686073
20.08627701
8.89215660
10.08823586
12.08039284
13.42156887
12.80980396
18.16863060
21.29216003
13.79411697
13.03529549
14.95882130
9.34509850
5.16666651
9.09215641
5.64705944
14.04313660
9.24117661
19.11568832
20.59411812
20.78431129
11.63725662
10.13725471
10.46470737
12.84313774
11.08823586
15.74117565
19.92353439
13.99607849
12.68823719
14.11372566
9.00980377
6.02549028
8.56470680
5.26666641
13.53333092
8.78823471
17.17647171
21.05686569
19.49803925
15.28235435
9.87450790
8.95294189
12.16862679
10.46470642
14.34117603
19.40784454
13.99803925
12.08823776
13.39019489
8.93725586
6.89411783
8.33137226
4.60980368
13.00392246
9.60784340
15.44313812
21.27254677
18.99019623
17.60000038
9.94118023
7.52745104
10.20392323
10.37647247
12.80196190
19.17058945
12.65686321
11.22941113
12.82941246
10.44705868
7.09215736
8.12548923
4.04509783
11.24902058
10.46274567
14.58627319
20.72549248
19.63921165
18.97254944
11.27843189
7.01568794
8.80392170
10.73333645
12.80000114
18.36078262
12.24117756
11.39411736
12.40391922
10.76078510
6.23921537
7.86862755
4.70392179
9.36666679
11.81176662
13.09411621
19.95490265
20.85098076
20.59215546
14.34117603
11.45686245
7.87058878
11.18235207
14.30980587
17.06470680
12.39215851
11.09019661
11.88235188
11.23921490
5.26862764
7.23137331
6.39411783
7.66274500
14.56078434
11.35294247
19.49999809
21.27647400
21.76078033
16.88038826
15.47059059
8.30588341
10.73137283
15.09803963
15.84902000
12.53725338
10.42549133
11.45490265
10.68235302
4.20196152
6.18235350
6.86470604
6.00000095
16.52353287
10.95098114
17.43333244
18.95490265
20.62352943
20.23725891
17.86274529
8.99019623
10.85294056
15.02548981
15.86274433
12.62156868
9.70588303
11.21176338
9.68039227
3.64901972
6.29019690
6.62156868
5.16274548
16.50784492
11.76274490
14.30000114
15.91764927
18.17059135
21.92353058
19.51764679
10.15294075
10.99608040
14.15490341
16.41960907
12.84902000
8.99803925
11.24901962
9.21764851
3.62549067
6.69411850
6.70588303
5.13725519
13.67058754
12.46078491
13.09607887
13.86666584
16.99804115
19.86078644
19.76079178
12.30588055
10.63725662
14.06078434
16.98039246
12.68431282
8.43529415
10.63529587
9.65294266
3.68039298
6.10980463
6.87058687
6.50392103
11.06666756
12.57843304
14.20196056
11.96666813
18.85098267
17.93529510
19.22157288
14.07059097
9.74117565
13.60392284
16.41176605
12.75098228
9.23529434
10.15294170
10.29411793
4.07058859
5.18235302
6.74509811
8.00784397
9.67058849
14.27842999
15.13333511
10.42352962
21.60784149
15.44117928
18.58039474
14.17451000
9.19411850
12.40196133
14.26274586
12.83529282
10.07647133
10.47647095
10.26274490
4.74117661
4.74313736
6.20000029
8.16666603
7.94117689
14.59019470
14.60392189
10.44509888
21.62549210
15.57059002
18.06274223
13.83725452
10.32745075
11.78431320
13.38823700
13.38235378
11.13137245
11.11568546
10.33921432
5.85882282
5.07647085
6.02352905
7.05882311
6.23725510
13.42156696
12.87647343
11.63137245
19.74509811
16.85098076
16.92353058
14.71568680
11.56666660
12.30784225
14.17451000
13.53529358
11.77451134
11.04901886
10.68823624
7.55686283
6.15098047
6.07647085
6.22745180
5.94509888
11.96666718
12.65686321
11.59019852
17.63137245
17.27058983
16.79411888
14.91568661
12.28627396
13.48431492
15.25882721
13.11372566
11.90000153
10.25490284
10.63333321
9.13333321
6.70000029
7.91568661
6.76274538
5.97451067
10.43921661
12.78823471
10.29215908
13.62549019
17.71568871
17.64313698
15.62156868
13.57450962
13.87058830
16.91568756
12.47647095
12.47058678
9.46470642
10.46666527
10.40392303
5.53921556
9.29215527
7.15098190
6.95882368
9.31372547
12.67059040
10.61176205
12.05294132
18.39019585
17.21372986
16.47647285
15.56470966
13.23921776
17.88235283
12.67646980
11.53333378
9.19215584
10.82745075
10.85097885
4.37058783
8.92156887
8.12549019
7.21176529
9.56862926
12.72157001
11.36470509
12.04705715
19.27647018
17.52353096
17.33725739
19.57451057
11.83137226
17.47450829
12.48431587
9.79803944
9.14705944
12.20392227
11.13921547
4.03725481
7.93725586
9.04509926
6.28627586
10.61176300
12.70980358
12.44901848
12.47254944
17.74706268
19.29019356
18.51960945
21.26470947
12.14705944
16.26666641
11.85882378
9.38823605
9.28627586
12.55490112
10.86666584
4.28823519
6.88823557
9.54117775
5.78823566
10.35490322
12.11372566
11.84902000
13.49019814
15.60784245
20.80000305
18.98823357
19.96666527
14.04901981
13.57255077
12.00000191
9.81568623
10.25882339
11.78823471
10.14117622
5.06274605
5.94902039
10.27843285
5.37647104
9.60980415
11.92156982
11.77059078
14.33137321
14.80784225
20.13921738
19.31960869
19.24510002
15.72941208
12.97843170
12.42156792
10.17254925
11.49411678
11.70588112
9.11764717
5.83529425
4.88235331
11.06274700
4.68823481
8.31372547
11.75882435
12.44902039
13.86862850
14.63137150
17.62941170
19.81176758
19.05294037
16.78039169
13.14313889
12.95293903
11.32745075
12.14117622
11.98039150
8.53137302
6.54313803
3.96666670
11.36862850
3.71568704
7.46666622
10.76666832
13.10784340
13.26862907
14.35098267
15.30000305
19.62745476
20.59999847
18.37059021
14.31961060
14.11372757
11.82352829
11.78039169
12.12941456
8.66274643
8.09215641
3.85294151
10.70784378
2.68431425
6.64509773
10.43725300
14.06666660
14.55293941
15.34509850
14.59412003
19.18039703
21.28235245
21.60980225
20.00000381
15.80784416
11.81176472
10.78823376
12.41176510
8.63333321
9.78823280
3.58823562
10.02353001
3.64313745
5.87058878
9.86078358
13.47058868
15.64117432
16.95686340
14.79019737
18.37255096
20.65882301
23.87647438
24.41568565
16.91176414
12.19019699
10.02941132
12.84705830
8.04509830
11.69019604
3.57254958
8.80588150
7.97451019
4.66862869
9.60000038
13.19215870
16.98431206
17.81176758
15.69215679
16.80392265
21.12941551
25.16469955
26.60392761
17.60392380
13.66666794
9.89608002
12.84901810
7.34509802
13.19019699
5.30784321
7.48431396
13.14902020
3.00392199
9.23137379
13.86274529
17.13725471
17.54509735
15.66274738
14.73725510
20.95882797
24.97450638
27.48823738
17.47254753
14.91764927
9.71372509
12.27646923
7.52352905
13.18823528
7.29019642
7.15882397
17.83921432
3.20784378
8.94902039
16.94509697
14.92548656
16.99803925
14.70980644
13.87255096
20.62156868
23.68824005
28.12940979
17.20196152
15.70196247
9.75686359
12.33725452
8.29215622
12.82156944
7.81764650
8.59411716
17.07254601
5.68039179
8.16078472
19.83725357
14.41372585
16.69019699
15.15686226
13.48431587
19.67843246
22.67255402
26.98627281
17.33136749
16.67647171
10.28431416
11.82352829
8.52941227
11.96078587
8.23725414
8.64705849
15.39607906
8.39607906
6.49215746
21.06470680
15.35097885
17.00196075
16.13725662
12.90392208
19.37451172
22.98432159
26.36470222
18.47058868
17.63921356
11.07451057
11.33529377
8.41372585
11.17058754
8.54705906
7.57646990
14.66274452
11.18627548
4.64509869
20.51960945
16.96078300
19.50980186
15.39215755
12.94706059
18.93529320
24.48823166
27.16667175
23.04706383
18.58235550
11.85882282
10.29019737
8.65882397
11.86078548
8.47058868
6.09411812
14.02941322
11.80196190
4.14117670
18.00588226
18.31961060
19.86078262
14.58823395
14.63137531
18.47058868
24.08039284
26.80980110
27.56862450
19.01764679
12.93137074
9.91568470
8.70784378
12.27254963
8.57059002
4.60784292
13.67058945
12.34901810
4.08235312
15.11568737
19.89411926
20.50980568
15.30784416
15.92156792
18.74901962
23.50587845
27.69411659
28.49412155
20.23529816
14.90196228
9.70980549
8.80588341
12.72745323
8.94313812
6.40980482
14.22156811
14.05293941
4.10784292
12.81568623
20.46862793
20.22157097
17.16078568
15.92941380
19.68627357
24.45882797
29.50392151
27.33528900
21.94313622
16.83333397
9.90588188
8.60980415
13.64117622
9.76078415
11.81372833
14.19215965
16.35686302
4.76470661
11.10000038
19.29803848
18.57647705
17.89215851
16.18431282
19.87058830
24.96078300
27.55293846
26.22745132
21.78039360
19.27255440
10.94117546
9.09215736
14.69803810
10.40784550
15.75686359
13.07058716
16.39608002
5.44902134
9.27254963
17.47451019
18.37843323
18.08039665
16.18235397
19.17647171
24.85882378
24.21175766
26.43725586
22.07646561
20.50588226
11.89411736
10.16078472
16.36078453
11.47058773
18.71764755
11.25294209
14.48235130
5.58823586
8.15490246
16.13529587
20.16863060
18.07843018
16.06666565
18.56863022
23.96274567
20.92549133
24.68039322
22.16470146
22.22352791
13.61176586
11.60588360
18.11568642
11.92941284
19.70588303
10.66274643
11.02548981
4.99019670
8.34313774
15.14117718
21.05294609
17.10196114
16.17843437
18.21372604
22.74901962
19.88235474
23.61176682
21.78039742
23.08823967
14.55294228
12.01372433
18.62352753
13.58627319
19.30980492
11.01764679
7.34509802
4.80784416
10.07451057
14.73333359
20.00588226
16.56470680
17.29607773
17.61960983
22.21765137
21.08627319
23.03725433
20.50195885
23.10784531
15.26274872
12.64705849
18.69215584
15.38039303
16.49019623
11.86078262
6.29999876
5.22156858
11.12353039
14.99607849
19.28823471
17.29411507
17.39411926
18.33137131
21.34902382
21.83333206
22.79803467
20.03137207
22.58431435
15.94314003
13.54902077
18.96470642
16.00784492
12.37451077
11.80196095
6.19019556
5.56078434
11.01372433
16.02156830
17.91568756
19.19607735
18.05294037
19.90196419
19.94705963
23.97842789
22.87843513
18.00000000
21.68235779
16.89803696
13.57058716
18.84509850
15.85686493
9.60588169
11.52745152
5.70000029
5.00588274
10.41764641
16.37842751
17.06862831
19.27058792
17.23333549
19.85098267
19.44509888
25.90392303
22.96274567
16.07843208
21.25294113
17.86078453
13.53333282
18.66666794
15.32549095
8.22156906
11.31764698
5.20392179
4.58823538
9.88431454
16.22157097
17.66078758
15.89019775
16.83725548
18.37647057
18.70980263
25.18039513
22.13333511
14.70196247
22.00980186
17.62156677
14.76274490
17.84117699
15.46862888
7.37450981
11.37254906
4.81960821
4.59411812
9.27254963
16.49804115
16.64706230
13.41372776
16.33725548
17.37450790
17.27843475
22.70587921
20.57450867
13.66078568
21.39019585
16.59019661
15.72156906
17.52156830
14.99607944
7.38431311
9.71176434
4.37254953
4.23333311
8.57843113
16.22352982
14.46470642
11.81764698
15.49804020
15.93529320
17.21176529
18.34314156
16.39804268
12.77647018
17.84510422
15.47843170
15.60392094
17.92745399
14.96862888
7.91568661
9.27058983
3.80980420
3.80196095
8.35686207
14.74313641
14.52941132
10.29803944
13.61960697
15.52745342
17.58823776
17.22941208
14.76274586
12.97647095
15.49411678
14.26274681
15.22353172
18.73137283
15.58823395
8.96274567
8.22549152
3.54509807
4.20588207
7.90784264
14.51372528
14.77058697
9.78039074
10.93921757
15.30392170
16.85686493
17.38431358
15.01568508
13.52353001
15.09215832
13.84510040
14.82941341
19.07647133
17.16078758
8.86078644
7.57843018
3.38235354
5.20392132
6.77451134
14.64901924
14.31960678
10.54509926
9.96078491
15.03137207
16.40784073
18.38431168
15.54509830
14.56666565
14.83137417
14.69999886
14.92549038
18.71764755
18.82745171
8.73333359
6.60392284
3.88039231
5.26078415
7.32156897
14.30980301
14.55882454
11.35098267
11.00392151
14.81764889
16.86863136
20.00588608
16.91176414
17.52941132
14.50784206
17.33725357
15.37843132
17.42156982
19.43137169
9.03137302
5.64901972
4.24117613
5.21568632
7.43921661
13.34509945
15.55686474
13.12352848
12.73333454
14.98431396
17.50588417
18.67842865
17.92941093
21.09607887
15.31961155
18.68823814
15.70784473
16.98039246
18.75686455
8.87254810
5.26666689
4.08823538
5.89607763
7.08235216
12.18039417
16.60588646
14.86470604
13.87647057
15.10784531
16.36274719
17.87058830
17.64705849
23.07843208
15.74313927
18.23921585
15.85097885
17.26666832
17.93137360
8.94901943
5.62549019
4.00392199
6.20588207
7.65098000
11.21960735
15.60980511
14.47646809
13.56274509
15.52941036
15.41176319
16.53137398
17.18823242
23.44313622
15.39411831
17.22744942
15.43137455
16.79412079
17.99215698
9.27254868
5.54509830
3.57843184
6.27450895
10.48627090
10.27058792
14.10392189
12.42549038
13.02549076
16.24313736
17.40784645
15.45882416
15.71960831
22.55490112
16.52352905
15.75882244
14.44313622
16.34901810
17.83137512
9.97058678
5.68627453
3.62941217
6.10196114
12.21764755
10.29019547
12.36470604
10.37451077
11.06470585
15.72157288
17.50392532
15.44509983
15.32941437
20.43725395
17.27451134
14.30588150
13.53921509
16.31960869
17.16470528
12.15686417
5.96862745
4.32548952
6.11960840
12.96666527
10.47647095
10.83921623
9.69019699
8.20980644
14.45097923
17.15686226
15.05490398
18.02745247
18.64509964
17.67255020
12.81568718
12.94117641
16.53529549
16.17843246
14.43137455
6.03529406
5.69607925
5.35490179
13.35686302
10.46274471
10.72745037
10.24117756
7.17647171
13.64313793
16.78823471
15.93725586
20.58627701
19.85097885
19.08235168
12.84313869
12.89607906
16.26470566
15.34509945
15.39607525
6.01960802
8.90196037
4.84902048
11.55882359
11.48039246
10.40392303
10.20392036
7.34705925
12.40000057
15.81372643
14.96078491
21.16862869
22.02941322
21.34509468
11.76078415
12.66862679
15.20980072
15.04117584
14.91960716
6.82156944
9.32941246
5.28039217
10.55686188
12.46666431
9.97254848
9.88039207
6.97254896
10.52156925
15.27254963
13.16078568
19.46666718
24.28235817
24.06078529
11.13333416
12.11568737
14.78627586
14.80784416
14.11961174
7.78627539
8.39215755
7.18039274
11.51176453
13.57843018
9.85882473
9.11960793
6.77647018
7.98235273
14.11176109
12.54902077
15.84117794
25.70588112
25.51764870
12.13333321
11.54509830
14.60784340
14.63333130
13.49019527
8.75882435
7.88235378
9.35882187
11.70196342
13.70588207
9.77450752
8.66274452
6.76862717
6.57843161
13.07646942
12.26666641
14.37254906
24.18235397
24.49215889
13.15882206
11.25882530
16.03725815
14.34902000
13.19411945
10.29607677
7.58431339
10.27646923
10.83529282
12.74901867
10.98235416
8.97647190
7.06666660
6.50980473
11.34706116
11.88823509
12.86078453
20.41372681
17.18431282
13.98235130
11.25294113
17.45294189
14.81372452
12.78823662
10.93725777
6.55686235
10.26274586
10.07647133
11.61764717
11.73725605
10.00784397
7.04901934
6.30784225
9.66274452
11.56274414
10.49608040
17.28823662
14.17255116
13.39803982
12.14313793
18.02745438
15.35686111
12.14706039
12.06274414
5.51176500
8.80784416
9.44901848
11.16078377
11.15098095
11.17646980
7.03529453
5.69803953
7.99607801
11.13137245
9.13725471
16.00196075
14.69411850
12.24117756
13.53137398
18.85882759
15.75490093
11.93529415
12.65882397
4.47646999
7.35294104
8.23137283
10.19608021
10.42156982
11.58039284
7.36078501
5.67843103
7.54901934
10.16470623
9.41372490
16.03921509
15.75686455
11.85490322
14.59803867
18.61960983
15.89216042
12.17058659
12.78235435
3.57058787
6.14313793
5.88235378
9.28823566
9.67255020
11.60000134
7.60196066
5.56666708
8.11176491
9.81764793
9.76862812
15.73529243
16.50000000
12.28235340
16.46078682
18.18823814
16.11568832
11.74901867
12.35098076
3.59607887
6.16274500
4.41372585
7.96470594
9.46078491
11.89999771
7.09215641
6.12745190
8.86470604
9.77254963
9.60392189
16.14117432
16.68039513
12.42549038
15.61176586
18.85686302
15.74117565
11.09215832
11.91568470
4.86862755
6.44117737
3.93725514
6.91960859
10.36274433
11.80588245
7.18431520
7.25490236
8.86862659
9.69411755
9.46078491
16.56470490
16.91372681
12.17843151
14.45686436
20.47254944
15.70980263
10.26666641
12.21568775
6.15686369
6.47254944
3.97254968
5.99607754
11.40000057
12.63137245
7.69803858
7.96470642
8.30392170
9.03725529
10.22941208
16.03921700
17.00195885
13.23725605
14.91960907
21.65882111
15.16078568
9.36862946
13.42549133
6.77058840
6.29019690
4.58627462
5.03725529
11.09019470
13.73529243
8.11960793
7.69215679
7.80195951
8.31960869
10.77254963
15.95098019
16.57058716
13.43921757
15.70000076
22.38823700
14.76666641
9.31568527
15.10000134
7.61176538
5.42352915
4.96666670
3.99215746
11.65294075
14.91961098
8.59019566
6.47254896
7.01568604
8.24313736
13.00000000
16.26862907
15.75686455
13.25098038
15.25686264
22.01176643
14.31568527
8.57058811
15.53921700
8.39607811
5.10980368
4.95098114
2.90588212
11.61568642
17.11568642
9.66666603
5.52745199
6.62352943
8.39999962
15.85882378
16.42156982
15.20588493
13.76862907
13.77843094
20.19215393
13.76470852
8.51960945
14.78627491
9.47843170
4.70980453
6.68431377
2.38431430
9.18235302
19.62156677
10.67647076
6.14117575
6.34705925
8.26470661
17.32941246
15.81960583
13.40392017
13.59411812
13.44117546
18.53921509
13.10196018
9.35294056
13.71176624
10.05490398
4.41764688
9.22941113
2.96470618
7.07058859
20.16666412
11.00784302
8.32353020
5.84117699
7.18235302
16.62352943
15.73529243
12.66078472
12.85882378
12.83921623
17.74901962
13.35490131
9.43725395
12.65294075
10.30000210
4.25098133
10.62549019
3.44901991
5.49607897
16.56863022
13.79215622
9.85882282
5.98235369
6.40392208
13.82156944
15.11568832
12.28235435
12.74509811
12.29019547
17.16863060
13.13137245
9.21960640
11.71764851
10.55294132
5.41960764
10.90980339
3.66078401
4.31372547
12.66078568
16.12548828
10.35882282
8.67843151
6.56470537
10.91568661
13.37450981
12.13921452
13.12745094
12.38627338
16.67255020
13.38235283
8.92744923
11.33333206
9.97451115
6.35294151
11.58039188
4.61764812
4.30392170
9.73137379
15.21176624
10.65294170
11.68627548
6.89215660
9.08431530
12.32156944
14.30391979
13.30392265
12.23333454
16.42353058
14.19608021
8.90980434
10.89215660
9.01568699
6.66470671
11.23333359
5.71176386
4.27450991
8.32156944
11.86666679
11.08431530
11.48039055
7.09803915
8.41372490
13.54509735
15.02548981
12.10195923
12.16078472
16.48431396
14.92549038
9.12941456
10.81568527
8.29019737
6.67843342
9.63921547
6.56470633
4.55490208
7.85294199
10.12352943
10.98431396
11.19607925
7.57058859
7.74117661
15.26666641
16.53529358
10.80588245
12.80196190
16.58039093
15.89999962
9.50784302
10.88627529
7.93921471
6.53725576
8.05098057
7.53529501
4.88235283
7.96078491
8.93333340
10.70588207
11.67646980
7.58235264
7.72352934
14.94509888
18.10784149
11.84901714
12.87647247
16.90588379
17.37843132
10.25098133
10.67646980
8.40980434
6.92353106
6.87843180
9.82745171
5.02745104
8.39215660
7.72549057
10.55686378
12.82549191
7.98431444
8.56470585
14.80784702
19.20588303
12.24313927
12.13529301
15.69411850
18.70392036
11.37255096
9.63921452
9.89411640
7.95098162
7.45490170
11.36470509
4.68627453
8.08823586
7.68235254
10.53921509
13.84117699
8.43333435
9.09411716
14.36274624
20.32745171
12.61372852
11.55686378
13.52744865
19.41176796
11.46078587
8.43333435
11.11960793
8.89607811
8.79019642
11.86470604
6.78039169
7.53725529
8.46666718
9.96862793
15.51568794
9.94314003
9.53921700
13.39804173
20.51569176
13.12744904
10.98235226
12.34902000
19.10196304
10.72353172
7.63921595
10.76470661
8.95490265
9.36274529
10.25490284
10.29607964
6.79803801
8.32156944
9.34313679
16.81960869
11.49019814
9.13725662
11.90784359
20.71372604
13.98627567
10.51176453
12.11372471
18.28823853
10.32549000
7.42156839
10.04117680
9.80195999
9.18627357
8.25490189
12.37059021
7.17451048
7.89804029
9.99019623
17.29215813
11.74902058
8.11960793
11.09215927
18.93725586
13.97058964
11.45293999
12.06862831
15.67843151
10.31960678
7.65490341
8.60000038
10.41372395
9.02353001
7.95294189
12.39607716
9.61960983
8.86078262
11.11960888
15.78039360
10.46862984
7.94313765
11.32745266
15.69607925
14.12745094
12.09411621
12.62745094
12.96078396
10.58039284
7.75882435
6.80196142
9.86274433
8.49607944
9.14509583
12.65686417
14.43333340
10.00784397
10.92549133
12.37451172
9.89411831
7.42156887
11.49019718
11.97451210
14.88235188
12.58823586
14.33137321
10.79607964
10.21176529
7.54901791
6.46470499
8.88823700
7.91960812
10.07843113
11.44313622
16.77646828
11.44705963
9.67646980
10.71372604
9.90588474
7.64705896
11.67450905
10.37255001
14.93921566
13.21764755
16.30392265
9.90784264
10.48431396
7.60784149
5.86470604
8.58431339
7.20000172
10.37647057
8.35098076
16.27058983
13.05098152
8.27843285
9.65686321
9.55098057
9.19608021
11.90000057
10.38627338
14.78627586
12.86666679
18.19607925
9.66078568
10.44117641
8.65098095
5.85686398
8.73921680
7.21568680
9.98823452
6.84706020
14.74901962
14.56274509
8.18431377
8.64117718
8.37450981
9.92156887
12.11764717
10.67058754
14.24901962
13.65098095
18.50392151
9.68235397
10.80588341
9.07647228
6.29999924
8.56078434
7.30196190
9.22549057
6.72745228
11.93137264
17.21568489
11.80980396
8.63725471
8.41176414
9.47843361
12.34314060
10.14901829
13.37058830
14.58823395
18.34902000
9.95490265
11.19411755
8.77451038
6.72352934
8.54705811
7.12156868
9.15294075
6.68235302
9.73333454
18.60588455
16.04509926
9.95098019
9.25490189
10.27254868
12.04901981
9.72353077
12.36274529
15.54901886
17.75098228
10.43137169
11.06470394
8.93333340
7.39607859
8.43529510
7.09411716
8.50196171
5.83529472
8.89607716
17.54706001
21.69804001
12.34902382
10.27647018
12.01372719
12.68235207
9.60784245
11.50980377
16.23725700
16.87058640
9.88431263
11.05686474
9.93725586
8.23921394
9.43921566
7.61764669
7.49215746
4.99215698
8.14705849
14.55686474
23.53725243
15.19608116
9.96274567
13.03921509
14.19411850
10.12745380
10.42156982
16.01372528
16.93137550
9.49608040
11.68627644
10.97843266
9.32156944
10.65294266
8.00195980
6.75490189
5.13137293
7.06274509
12.27647114
22.01960373
16.95294189
9.92352962
15.08823586
16.40196037
11.35490417
9.67647266
15.53137302
16.97255135
10.41960907
13.36862755
12.19215584
11.93725586
10.50980568
8.06274509
8.55490208
6.71176481
6.48039103
11.67058849
18.48039055
16.38431549
9.53725433
16.62941170
17.60980225
12.62352943
10.04901981
17.01961136
18.29607773
12.05489922
14.32156754
13.21960735
14.40784645
9.47843266
9.73529434
9.20784473
10.00784397
6.46078396
10.65882492
14.07647038
13.66078377
8.12549019
17.34901810
17.42352676
13.75882339
10.49607944
19.81764793
20.12353516
13.43333244
14.93333244
14.16274548
15.54705906
8.32549000
10.99607944
9.10392189
11.49215984
6.59411812
9.67450905
13.28235435
11.59607792
6.78039265
16.04313850
16.01960754
12.99607658
10.47254944
21.06078720
20.70980644
14.55490112
15.08823586
14.30196190
15.82745171
7.48039198
12.97058964
8.67647171
11.88627434
6.84313774
9.05882359
12.79019547
9.68823528
7.28039217
13.62745190
16.34901810
11.42353058
11.76666641
21.33333206
20.32156754
16.15294075
15.18627644
13.90980339
15.17450809
8.36862659
14.16470528
7.84313726
11.07254982
6.63137293
9.47647190
11.79411793
8.51764679
7.33725452
11.84313679
16.73725319
10.89411640
11.91960812
22.45098495
20.65686035
17.68627548
15.21960926
13.79999924
13.95882416
11.24509811
14.61764622
7.32549000
10.00588226
6.47647095
9.83529472
11.57451057
8.33333397
7.18235397
10.19411850
15.48039341
11.94117737
12.89411736
22.54313850
20.47842789
19.44705772
13.78823471
13.77843285
13.72745132
12.48235321
13.99411774
8.57646847
8.41372585
6.68235207
9.58627415
12.51176643
9.61960793
7.29411745
9.87843323
14.69215775
11.98823547
14.28431511
21.98627663
19.47058868
19.50000000
12.77450752
13.71960831
13.45882416
10.14117622
12.37647057
10.98039341
6.30196047
6.50000048
9.76666832
12.85882473
11.97843361
7.82941103
9.24313736
14.45490074
12.43921757
17.12352753
21.41568565
18.99215698
19.00784492
11.30000114
13.29215908
13.15882587
8.45686340
12.16666794
11.67646980
6.12156963
6.15882397
10.29999924
12.01960945
13.17450714
9.31764507
8.58431435
15.00391865
13.70980549
18.74117851
21.32745361
20.85686684
17.34705925
10.84313679
12.53529453
13.48235321
8.08235359
11.40392208
11.17451000
6.98235321
6.25097990
11.14509773
11.66666603
12.84902096
11.53921604
8.00588226
15.61960888
14.35490036
18.65490341
19.58823586
22.45490265
15.34117699
10.17254734
12.00391960
14.46078491
8.43529415
9.46274757
9.05490208
7.70784378
6.55490160
12.09607887
11.77450943
12.51960850
13.76862812
7.92157030
16.21961021
13.75490284
18.94706345
19.56274605
24.20980453
13.64313698
9.00784492
11.88431168
14.70392036
10.71372318
8.01372528
7.82745123
8.03529358
7.26470566
12.47843266
11.48039341
12.62157059
16.03725624
9.60980415
16.20588303
13.84313774
19.82548904
20.18823624
24.55882263
14.04117775
9.49019623
12.03725529
14.49607754
13.60000038
7.49803925
6.94117785
10.41960812
8.63921642
12.81960869
11.79803944
11.85294342
18.18039131
12.66666794
15.32941341
14.77647018
20.50980949
19.92156982
24.16274834
14.04705906
11.19215488
12.37646961
14.33725739
15.17058849
6.77842999
5.86666679
13.13725471
9.56862831
12.86666679
12.17646980
10.50000000
19.02940941
15.17254925
14.36078644
15.54509830
19.53725433
19.59608078
23.29411507
14.52352715
11.83529377
13.44901943
14.80000114
17.35490036
5.71960735
5.78431368
14.18039417
10.51568604
11.57451153
11.36274529
8.98039150
18.14509773
16.50196075
14.13137245
15.80196285
17.92745590
19.17255020
21.70784378
14.64314079
12.29215717
14.93137169
14.89215851
17.99608040
5.75490284
6.13529444
13.19608021
11.57450962
9.54901981
10.41176510
8.35293961
16.90392303
18.89215660
15.51372910
14.55098152
16.13725471
20.53136826
21.08235359
13.77843285
12.55490112
15.82744980
14.96078396
16.33137131
6.92745113
6.80980444
11.47843170
12.32156944
8.07451057
9.70784378
7.51372480
15.04706001
22.56666183
16.61568642
12.86078453
15.13725662
19.83137321
21.38627434
12.38823509
13.83921623
16.03529549
15.05686092
13.29019642
8.08627415
7.04117632
10.31176376
12.52548885
7.35686302
8.98823738
7.79607821
13.06078720
23.89215660
16.96666908
12.13137245
15.21176434
18.58823967
20.71372986
12.11960697
14.41372681
15.14117718
14.78823566
11.20980453
9.80587959
6.88823509
8.71176529
12.42941093
7.27647209
7.45686293
8.59803772
10.73725510
22.95686722
17.37451172
10.86470509
14.95294094
18.48235321
19.22353363
11.84901905
15.24117756
15.34705830
14.55098152
10.44902039
11.79019737
6.81568623
7.85294056
12.27843094
6.86862803
6.31568480
8.45294189
10.15489960
20.53137779
16.87647247
10.99019718
14.64901924
18.74902344
16.65294075
11.54509926
14.97451019
16.06274986
14.69411945
10.15490246
13.45294380
6.40000010
7.72941303
11.39215565
6.26078463
6.40000057
8.87843132
13.68431282
16.80392265
15.32941246
12.39607906
14.65882301
17.77647400
15.55882263
10.57450962
15.20196152
16.53921890
14.88627720
10.50000000
13.99607849
5.98627424
7.54117775
10.04117584
6.03333426
6.46862650
8.99019432
16.84706116
14.42941475
14.15490532
12.93725681
14.56862736
17.43529510
16.35098076
9.49019623
14.68431473
15.75294304
15.06666660
10.92549038
13.21568775
5.95686197
7.16078377
9.07647038
6.33921528
6.57058859
8.49215794
17.95882225
14.03137207
13.56078529
13.30196190
14.33725452
17.51568794
15.97647095
9.32549095
14.43333435
14.46471024
15.72156811
11.43725586
12.67058754
6.00588226
7.44117594
8.30196190
6.83921671
6.58039331
8.46666718
17.31960869
14.17451096
12.44117737
13.45686340
13.33137226
17.93529510
15.31568527
9.47058964
13.47255039
14.43529320
15.76470852
11.16470623
12.65490150
5.97254896
9.48039246
7.43529272
7.00196171
6.82745028
9.90392303
18.37842751
15.34902000
11.18039227
13.63137245
12.73725605
19.39019585
14.22941303
9.71176434
13.40588284
14.44509697
15.25294018
11.14313698
12.17843056
7.30588198
11.11372566
7.32745123
7.17058849
6.32156897
10.43921661
17.57843018
16.37647057
11.24705982
14.01960850
12.66862869
19.33921432
12.98627567
9.37254810
13.54510021
14.38823605
15.04313755
11.07058907
11.68627548
8.87450886
11.81372547
8.26862717
7.50000000
6.39019680
10.60784340
14.55882263
16.94705772
12.76078415
13.85098171
11.81568527
18.70000076
12.89215565
9.53725624
13.77058887
14.19019508
14.58431435
11.12745380
10.50588226
10.30784416
11.64509869
9.86274529
8.90784454
6.90392208
11.76862907
12.77450752
18.30588722
13.77647114
13.27058983
11.27451134
18.14117622
12.66666603
9.68039322
13.44902039
14.34117794
14.17843151
11.25098133
10.01372623
11.85881996
10.84313679
10.56078339
11.02745152
7.97843170
13.23333263
11.24313736
19.99215508
14.41764736
12.45098019
11.52353001
16.26078606
12.76862717
9.83137321
13.40588188
14.64705944
13.83529472
11.66666794
9.46666622
13.58431244
9.75489998
9.81372547
12.43725586
8.10588360
13.07843113
11.30000019
20.51372528
16.11764717
12.29803944
11.77255058
14.33529472
13.74705696
10.17058754
13.67647171
14.48431396
13.64705753
11.72157097
9.32941151
15.35098171
9.19999886
8.71764565
13.29803944
8.62156963
11.64902115
11.80392265
19.62940788
17.32549286
12.88431263
11.28627300
13.73725414
14.19411945
12.45490265
14.79019642
14.32941341
13.99216080
11.57646847
9.40784550
15.46274471
9.57843208
8.67647171
12.08823490
8.64902020
10.35490322
12.22549248
17.14509773
18.30196381
13.51568604
10.63725376
13.56470680
14.20588398
15.86862946
16.23725319
14.44313526
14.57255077
11.86862755
10.12745190
13.96470547
10.16078568
8.89999962
9.85686398
8.86666679
10.19215679
13.08823490
14.51372528
18.63921738
13.22941017
9.87058830
13.39999676
14.15098095
17.45097923
17.11764717
14.26078320
15.00000000
12.29411697
10.57843113
13.03333282
9.89215565
8.81960869
9.03529549
8.40392113
10.17058945
13.92745209
13.58431435
17.48039246
12.20392036
8.86078548
13.38823414
15.16862774
17.81568527
17.05882454
14.15293884
14.60784435
12.71960926
10.79804134
12.39607906
9.10392094
9.47843266
8.75686359
7.67451096
10.37059021
14.25294018
13.78823662
16.27843094
10.81764793
8.70588112
13.05490208
16.89803886
18.38431931
17.72745323
14.15490246
13.17647171
13.59215832
11.17842960
13.10784340
8.70392132
10.43333340
8.31960678
6.92745066
10.13921452
13.49019527
13.46078491
16.92156792
10.10588360
9.28431416
12.09607887
16.80588531
18.52352905
19.23333359
13.92549133
11.86666679
13.81176758
11.57058716
13.03529453
8.35882378
10.97058868
8.47843266
6.92352962
10.34313869
12.51961040
13.03529358
19.58823204
10.20000076
9.27647209
12.47843456
17.30980492
18.42941093
20.73529434
13.85490036
11.76470661
14.09411621
12.37254906
12.67647171
8.26470470
10.93921757
9.13921547
8.01568604
9.86666775
11.67450905
12.48627567
23.43725586
11.08627415
9.65294266
13.34117889
17.29607773
18.49608040
21.13529015
14.45294189
12.56666851
14.23137569
13.58235455
11.03921604
8.38039207
9.62745285
10.15098190
10.27843285
10.90392399
10.40784168
11.76274395
24.86862946
12.23137188
11.31764603
15.06666756
16.20392036
16.80980110
19.67058945
14.67843151
12.86470509
14.85098267
14.11960888
9.25294113
9.24313927
8.67058754
10.51960659
11.71568584
14.00196266
9.74509811
11.73529434
22.38235092
12.18039227
12.37254906
15.82353210
15.63529491
14.11176205
17.59019852
14.72941303
12.27843094
15.92941284
14.31960773
8.84313679
10.71960735
8.43725395
10.89803982
12.60392284
17.95490456
9.23921680
11.91960907
18.47058868
12.56078720
12.73921871
15.92745209
14.02745152
12.11568642
16.06862831
14.82745457
12.12156868
16.36078453
14.97647190
8.68627357
11.89607906
8.78431416
11.56078434
12.73725510
20.13333511
10.76470470
13.53137398
15.64509869
12.28431320
13.62744999
15.01176739
12.18431377
12.04313660
16.08627701
15.92156696
12.55097961
16.47842979
15.75098324
8.96862698
11.87059116
8.85098076
12.32353115
12.43333340
20.94902039
13.65294170
16.00391769
12.56862831
11.03725433
15.53921795
14.29019547
11.70588303
13.05882454
18.31568718
18.57058716
12.57451153
15.59607792
16.88823700
9.81176662
10.41176510
8.96274376
12.04117393
11.22156906
20.35293770
15.10588074
15.68823433
11.50392342
10.12353039
16.38627434
14.54314041
11.51568699
13.62549114
20.15686798
20.43332863
12.74313641
14.63529205
17.36862755
11.02157116
8.89411736
8.90196133
11.47646999
12.08823681
18.26078224
15.66862583
14.16078472
12.38431549
9.97255039
16.22156906
15.20196247
10.84705734
14.81568718
21.48235512
21.12745667
12.43137360
12.86862659
17.67255020
12.86274529
7.48627377
8.53333282
11.11176395
13.63333321
15.58627319
15.75882435
13.37255001
12.03137398
10.07843304
16.09215546
15.79608154
10.80784321
16.25490379
21.35294342
21.44314384
11.51764870
12.33137321
18.08627510
15.07255077
6.81960773
9.12941265
10.67843151
16.16078568
12.31960678
15.10392094
12.65490341
12.27058887
10.60588455
15.66078281
15.39411545
13.90587807
17.38431740
21.64117622
20.99411774
11.84509850
12.21764851
20.31960678
17.74314308
6.52941227
10.37254810
11.61372375
17.01960945
10.76470566
13.51961040
13.46666718
11.89804077
11.56274509
15.13921738
14.39608002
16.89607811
18.90196228
21.75490570
19.65882111
13.13137150
13.41568565
21.32744980
19.95685959
5.91176558
10.65490150
13.16078568
15.60784340
9.69411659
11.62941170
15.79215908
11.51960945
11.78627586
14.89215565
13.88235283
18.52941322
20.73529816
22.19607925
17.12353134
14.74313545
15.42549324
21.24313736
21.20392227
5.76274586
9.11176395
14.14509964
12.65490150
9.90980339
9.79411793
18.69019699
11.82156849
12.05294132
14.15490150
14.13725376
18.70000267
21.41176605
22.08431625
14.69608212
16.25882339
17.70588303
20.42941284
21.03921700
6.50000191
7.59607792
14.71176434
10.30784416
10.90980625
8.85098076
19.06470108
12.13921452
11.78039074
13.18431473
14.80392361
18.62745094
20.66666603
19.88039398
13.69607830
17.58431244
19.06078529
19.75490379
19.84509659
8.71960735
6.00784302
13.62745285
8.05686283
12.31960487
9.20588207
16.85098267
12.65490246
11.48627567
14.02941132
15.92745018
16.82745171
20.19019699
17.16470718
13.39803982
18.20588303
19.49607849
19.23137283
17.56862831
11.47843075
5.81960869
12.21372604
6.89215755
12.42745018
10.30784416
13.79215717
11.87058926
11.29019642
14.41764545
16.06274605
15.09803963
19.46666527
16.61176682
13.37059021
19.55685806
19.43529510
18.65490341
15.32744980
14.57254982
5.47254896
10.37843227
6.57058859
11.29804039
11.94313717
12.41176510
12.48039532
11.01764774
16.04117775
15.60588551
13.62941170
17.63529205
15.89411640
13.83921623
18.91568565
18.97255135
16.78823662
13.84902000
16.90784454
6.00784349
8.66470623
7.12156868
10.40784264
12.51176357
13.77058792
12.97451019
10.64510059
16.00588226
15.25686264
12.79411793
16.00000191
15.14509678
13.60000038
18.83529282
17.23725700
15.47058964
12.94313717
17.80196190
7.68235159
7.16274548
7.97254992
10.00392151
13.07843208
14.76470852
14.29411697
11.65686417
14.48627281
15.14902020
12.63333416
14.27647018
14.23529243
13.31568623
20.20784569
15.58235168
13.60980320
12.16470528
17.22156906
9.55686283
6.48627520
8.24313831
9.50588417
14.90196323
14.46862602
14.75882339
12.11176395
13.76078510
14.81176186
12.88039303
12.74705887
13.25686455
13.29411888
21.97059250
14.71568489
12.23333454
11.46078587
16.46862602
10.98431206
6.54901934
8.23333359
8.59019661
17.21568489
14.05098057
14.45490074
11.60588455
14.47254848
14.39608002
13.12744999
12.79804134
12.52353096
15.41176605
24.17451286
12.80000019
11.92941093
11.06078339
15.88235474
12.53921700
7.28039217
8.00000000
8.02549076
17.15882301
14.23333168
14.80588341
11.81568718
14.09020042
14.09411907
13.70196056
13.49215984
12.96862698
18.60784149
25.52352524
10.92745113
11.76274395
11.31960773
15.07450867
15.50980377
9.65490341
8.72548962
8.87254906
15.31176758
13.98039436
16.20588303
12.64705944
13.80195999
13.95882607
13.87646866
13.09019470
13.46862793
19.42548943
24.11568642
10.14313793
11.06470680
11.26862717
14.58627319
17.40196037
12.08235264
11.40196037
10.45098019
12.86862850
13.24706078
17.54705811
12.31960773
13.86470413
13.92941093
12.63529491
12.83333683
13.50196171
19.27058792
22.60588455
10.22941303
10.79019737
11.49411678
13.64902020
16.88039207
15.72156620
14.94117832
13.66274548
10.13137245
13.27058601
19.80000114
12.07254887
13.34117794
13.87450981
10.37843227
11.96666718
13.77646923
19.02745247
19.24901962
10.60195923
11.10392284
12.59804153
13.13137245
16.24705887
18.91764450
16.96862793
17.70588493
9.16274643
14.01176643
19.59215736
11.95098019
11.75686359
12.97254753
10.38431549
11.10000134
13.35686398
17.94902229
17.44705963
10.77254963
11.46666813
13.86666584
12.50784111
16.46666718
20.27843666
18.94509888
20.13529587
10.66470623
14.18235397
16.71372604
12.43529320
11.84509850
12.24705791
11.10588169
11.33529377
13.58235264
15.81372643
16.00392151
11.81372547
10.98039341
13.90980434
12.27843285
16.66470718
20.05097198
19.52157021
20.24117470
13.26862621
13.97254944
14.71764946
12.63921642
12.21176720
11.58823490
12.12352753
11.39019680
14.03921509
14.91372681
15.39804077
12.81764698
11.39411831
13.63921356
12.93137169
16.08235550
19.21960831
19.27058601
19.45490456
15.95097828
14.08039284
13.03333282
11.73333073
11.50588131
10.17254925
12.46666908
10.61764526
13.94117641
14.06470585
14.62549305
13.42941093
12.22548962
14.39215660
13.88823605
14.88235378
18.49215889
18.20784378
18.09804153
17.59215927
14.50980663
14.69804192
12.41372490
11.89607906
9.28039169
11.44705868
10.90195847
13.88431358
13.20000172
13.84314060
13.16862869
12.95686340
14.48823738
14.18627548
14.45294189
17.01960754
16.15686417
17.01176643
17.55686378
14.66666603
17.17646790
12.77255058
13.33333302
8.91568756
9.30196095
12.11568832
14.21372223
13.03333282
13.74509811
13.12352848
13.61176300
14.56274605
14.57451057
15.00000286
16.27058792
14.44901848
15.41176605
16.41960907
14.61568642
18.85686111
12.83529377
15.80000114
8.85293961
8.61764717
12.71568489
13.53921700
13.75294113
15.14117432
15.16078663
13.88039017
14.32156754
14.15293980
16.98235321
16.47843170
13.13333321
13.66274261
14.45882416
14.07843113
19.00392532
12.75686169
18.62941360
9.45490170
9.06470585
13.80588341
13.35882378
14.36862755
17.84706116
17.33725739
14.27843285
14.20980358
14.42941284
17.76862526
17.06078720
13.77647114
13.45098209
13.13529491
13.53529263
17.63333321
12.31960583
18.86470222
10.03333378
9.24313736
14.21568871
13.15882492
14.31765079
19.36274529
18.20392227
15.21764851
14.45490551
15.54117680
17.99608231
17.43333435
15.28627396
13.72549343
13.64705944
13.02353096
15.43725586
13.33529282
15.88235378
9.30196190
9.29019642
13.59607887
11.99411583
13.90784454
21.09215927
17.93137360
16.10588074
15.15098286
16.38823509
18.16470909
17.38823509
16.00980377
13.46862984
14.91372490
12.91765022
14.36078548
14.99411678
13.88431454
8.50588322
8.99803925
12.79803944
12.22353077
13.99608040
21.85294151
18.80196381
16.56862640
15.71176529
16.74117851
18.49411964
17.90196037
16.10980225
12.65490246
15.38823605
13.05882359
14.07255077
15.97451019
12.20196152
8.12156868
8.56862831
11.76078606
13.24902153
14.80392170
22.97254562
21.32941055
17.07647324
16.14117622
16.53921509
18.24901962
17.88627625
15.67647076
11.62940979
15.15882397
13.76274300
14.59411812
15.30784416
10.65882301
9.27843285
8.36078453
11.43725586
14.96862698
16.62352943
23.91568947
22.69999504
16.76862907
15.67254829
16.79607964
17.53333473
16.76862907
15.36862755
10.80784416
14.89804268
13.53529549
15.29803944
14.85294437
11.00392151
9.80392170
8.63529491
11.94117641
15.79804039
18.30588531
25.46078300
23.50784302
15.56666374
15.40784073
16.72941399
16.53529549
16.12745094
15.58235264
10.20588398
14.31961060
13.75098419
16.12549019
14.49804020
11.21764755
9.69215870
9.00784492
11.65686321
15.36078358
17.91568947
25.80195999
22.41764832
14.89019394
16.38039207
16.26470566
15.53725529
16.71961021
16.94510078
9.98823643
13.80784416
14.92549038
17.28235245
14.99215698
11.95882416
9.72157001
9.90588474
12.26862907
13.97058678
16.53529167
25.03333473
19.22156906
14.20392132
16.82941437
15.37843132
14.80588341
17.47254753
18.66862679
10.14313793
13.20784473
15.33725548
18.15490532
15.56862926
13.90392208
10.29215622
10.45097923
13.92548943
12.86470604
15.26666546
22.17451096
16.87255096
13.60196209
17.57255173
14.99411964
14.87059021
17.22156906
18.92549133
11.24901962
12.89215660
15.06274700
18.39999580
18.62352943
16.69999886
10.76862812
11.67451096
14.93333340
12.62940884
15.54117680
18.23529434
15.59019566
12.94902134
17.08235168
15.01960945
16.01961136
16.57059097
18.58235550
12.48823643
13.68823624
14.84117794
17.79215622
22.82548904
18.12548637
12.35294437
13.41764641
15.41960716
14.04705715
15.55294228
15.60392475
15.05882454
12.73725319
15.49215698
15.25294113
10.73921585
