11.95098305
13.46863174
14.46470833
13.99020004
13.76274681
15.42549038
16.43529320
12.54705906
12.31176186
12.68431282
12.56274605
12.11176586
13.71568680
13.81176662
13.25882626
15.75294209
13.69411945
18.79803848
23.71569061
23.57451248
23.05098152
22.19412422
24.18627167
26.09215546
23.39020157
22.07843208
23.04706383
21.76863098
22.64509773
22.24118042
22.30784988
21.55294228
23.35881805
24.20000076
21.08431625
25.38234901
25.41372681
24.90783882
22.81765175
24.70784187
26.81568718
26.37058830
25.89999580
26.24705696
25.20392227
26.23333549
24.92941284
23.32745361
22.13921738
22.93725777
24.91764641
21.56667137
23.88823700
26.92156792
25.22352409
22.49411774
24.03529358
25.92940903
26.77843475
25.88627052
27.05489922
27.10000229
26.43725586
25.82157135
22.94510460
22.67451477
23.19020081
24.24705887
22.12353325
21.78038788
25.72941399
25.92745590
22.79804230
23.28038788
24.89803505
26.59803963
24.24313164
25.13333130
27.24901962
24.78627396
25.98236084
22.39411163
22.94509506
23.53333282
22.72352982
21.22744942
19.86862564
22.47646904
22.84313774
21.71961021
22.37254715
23.42352676
23.97450829
23.57450485
23.86666107
25.52157211
24.69803238
23.11568832
23.02353096
22.96274567
23.70587921
23.51372719
19.33725739
19.07450867
18.78823471
18.03529930
18.28235054
21.04117584
22.80979919
20.74313927
22.35882950
22.09216309
22.74902153
23.18431664
21.33724976
21.00980568
22.54706001
23.60588264
24.26666260
19.15490723
18.90000153
18.64313889
16.45098114
16.07647133
19.30196190
22.08626747
19.77450943
19.10588455
19.68039322
20.29804039
21.96863556
21.36078262
18.35293961
21.63529587
23.24510002
24.12156677
19.96666527
19.33725739
18.58039093
16.41764832
16.30980110
17.90784454
19.28627396
19.47843170
16.90391922
18.08039284
17.88039398
20.09215355
20.51765251
17.26470947
20.22940826
21.87451553
21.92549706
20.70392609
18.72353172
19.70196342
16.72941399
16.40980530
16.61176682
17.63529205
17.48235321
17.33529282
16.51372528
17.70588303
18.62157059
18.82353210
17.62353134
19.06470680
20.84901810
20.70196152
19.59412003
18.95686531
20.19999886
18.01764870
17.50196266
16.77058792
17.25098038
17.39019775
16.99607849
15.99803734
17.93921852
18.73529434
17.87254524
17.71764755
18.94901848
20.81960869
20.99803925
17.85294533
19.47254753
20.36078644
20.28627396
17.45097923
17.92352867
17.97059250
16.98823547
18.07843208
16.05686188
18.08039284
18.75294113
18.31764603
18.56078148
17.73137093
20.87254906
20.84902000
18.70784760
19.37255096
21.43333435
21.30980682
17.65293884
19.00980568
17.80196190
19.05098534
18.53136826
16.54509926
16.59804153
18.45098114
19.19215775
18.44118118
18.58627319
19.37254715
20.67254829
19.90980148
18.78627777
21.24509811
22.73529243
18.84705925
18.59804153
18.27058601
19.72940826
20.30588341
16.78627586
16.41568565
17.10980225
19.33725548
18.27843475
19.48235512
18.39608002
21.18627167
19.73529053
19.18627930
21.09412003
25.13726044
19.53333473
18.17843246
19.45294571
19.59215546
21.37059021
18.01176453
16.78039169
16.15882492
19.18039322
18.39019585
19.03725624
18.41765213
21.49608040
20.48823929
19.76470566
21.92549133
26.59804153
21.57843208
18.57451057
19.52940941
19.82941628
21.04706573
19.96274567
17.46470642
16.56666756
19.17646599
18.97647476
18.83137512
18.55293846
20.99803925
21.31176567
20.11764908
23.24313736
27.47058487
22.35490036
19.47451591
19.57647133
20.35686111
20.10588264
21.34902382
18.21372986
16.83921432
19.31764603
19.21176529
19.94509888
18.52745628
20.24117851
21.74902534
20.50980759
25.00979996
26.12549019
24.01764870
20.07058907
20.25294113
20.20588112
20.90588188
20.96862984
18.14902115
18.14117622
18.60980797
19.30196381
21.15686226
20.21176720
19.77450752
22.80391693
21.23725700
25.35490227
25.90392303
24.42941284
19.61176300
21.20391846
19.95882416
21.63529778
20.38823318
18.62352943
18.36274529
19.30588341
18.82941437
21.62941170
20.90980148
20.47254944
22.96862793
22.66274834
24.61960793
26.70392418
20.02352905
21.93725204
21.25882721
19.48431587
20.88039017
21.36078644
19.56666946
17.84510040
19.07843208
20.06078339
21.46862793
21.24509621
20.60784149
21.70588684
23.30392075
25.17647171
25.56077957
16.58627510
23.05098152
19.05685997
19.86470985
20.90587807
22.36273956
20.43921661
18.22549057
19.35294342
19.59607887
22.24902344
21.86666298
20.78431892
20.19803619
23.37647438
26.71960449
25.62353134
14.30980492
19.50587845
18.73137283
20.25882339
20.39608002
21.97451019
22.84510040
18.39216042
19.16470718
19.23725700
23.28235054
22.40588379
21.71176338
19.88235283
23.79411697
26.68823433
27.64509583
14.35490227
15.49411678
18.51372910
18.64902306
21.21176529
19.60195923
24.07450867
19.04509735
17.93333435
19.91764832
23.78627396
23.74705887
23.63137436
20.34705925
21.29607773
28.12353134
27.75293732
17.12549019
14.00588131
15.76862907
18.98627472
18.36470795
17.83529472
23.50392151
19.21176529
19.19215965
19.39411926
22.94117928
25.61764908
23.00784302
20.93137169
17.88627625
28.36666489
27.19215393
20.44509697
14.76078510
12.98823643
18.03137207
17.00784492
14.88431358
20.77058792
20.46274757
19.16471100
19.18235397
19.25098228
25.74117470
23.03921318
20.85882378
16.44314003
24.99019623
27.98431396
22.95098305
13.38431454
15.80980492
14.65293980
21.08823776
10.48235226
18.70784378
21.06666756
18.48627663
16.83725929
16.99215698
23.04509354
23.64706802
19.86470413
14.99019623
19.02157021
28.90196037
25.43529129
13.84117603
16.70000267
13.16078377
22.79411888
12.44902039
16.39803696
20.35686111
18.98627472
17.16666794
15.96078205
18.72745323
23.37058449
20.23137665
13.69019508
15.29215908
27.99019623
25.87254906
16.96667099
17.48823547
15.04117489
18.29019737
18.64314461
16.36274529
19.11176682
20.41176987
16.95490074
15.94117737
15.87843132
21.06078720
20.74510002
14.28627396
13.62745094
23.10588074
26.81177139
19.56471062
19.11372375
16.56078529
13.65098190
23.92156982
18.25097847
17.58235168
21.15294075
16.41176605
15.92745304
15.33921719
18.36666870
21.70980644
16.56274605
12.14117622
20.64705849
25.72549438
21.72157288
17.39804077
19.46274567
10.93333244
23.90980148
21.70000076
18.68823814
20.11372757
17.61568451
14.41568470
15.36078644
16.33137321
21.50588226
20.43136978
12.97254848
17.07450867
26.43137360
22.37647820
17.28431511
20.21568680
12.11764908
18.76078415
24.50391769
20.97254944
18.33529282
18.61765099
13.15490150
15.28627682
14.56470585
20.48431587
21.50196075
16.32353210
14.55686378
25.65686035
22.55098724
18.93529701
20.17646980
13.73529434
13.74902058
25.96274948
22.16275024
16.52156639
19.35098076
12.88823509
14.16666794
15.60000038
19.71176720
19.99607849
19.63921356
13.93529701
22.63725090
24.20588112
18.48823738
20.76666641
14.83921719
10.25098038
23.04706001
24.02745056
16.12157059
16.88235092
14.20392227
13.27843285
15.53725624
19.55686569
19.40196037
21.48235321
15.28235245
19.25489998
25.17450714
17.78039551
19.55294228
17.74706078
8.92549038
18.29019547
24.40588570
15.74313736
15.19804001
15.18627071
13.79803848
14.64313698
19.81372261
20.69019699
20.85294151
17.24117470
16.27450943
25.19215584
18.14314079
18.95686531
19.02156448
11.02156734
14.24705982
23.30196190
15.48431206
15.35294151
15.31372547
13.70980453
14.35686302
19.78627586
23.90784264
18.06862640
19.10784531
13.46470642
24.25097847
19.43137169
17.70392227
20.01568794
13.05097961
11.81960964
20.43529320
15.46470356
14.92549038
14.80392265
14.40196037
14.47843170
17.38627434
26.31372643
18.52548599
20.56077957
12.86666679
21.58039284
19.65098381
16.06274605
19.98431587
15.91568756
11.00392246
18.06078529
15.37058830
13.22941303
14.43725491
14.47254658
13.60784435
14.97842979
27.13137245
21.58627701
19.85097885
14.28039360
17.99019814
18.61764908
14.71176338
16.14901924
17.81372452
10.29803944
18.78431511
15.91960716
12.34117794
13.85294247
14.60392284
12.59999943
14.89215755
22.98235321
24.26862907
18.78823280
15.97450924
14.51176453
17.80784035
13.48627281
14.73137188
18.37647438
12.70588207
19.81568336
15.75686264
12.76078606
11.26078606
15.10784340
14.00196171
14.29019356
18.07647133
27.65489388
15.90392208
18.99411392
13.97843170
17.32156754
12.36078262
13.35882568
18.95294380
19.06470490
19.25490379
16.28627396
13.11372471
11.47843075
13.57451057
15.68235397
14.29803848
14.87255001
25.64313698
17.20000267
20.19411850
13.99607849
15.86078548
12.63529587
12.71176529
18.15490341
23.25490189
23.05097961
17.07843399
13.27058697
11.32353020
11.92352962
15.47450924
15.72156906
14.73921490
20.56274223
19.81176186
19.71568871
14.08039188
14.86862946
13.33725548
11.26078606
16.80392075
23.38823891
27.39019775
20.67254829
12.07843113
12.37254715
11.75686264
14.08823586
15.48627281
15.47450829
15.76470566
22.98627663
16.60196114
15.95686245
13.91568661
13.82745552
10.74117661
14.48235416
22.17450905
28.19412041
24.02940941
11.88627434
12.37647057
12.53725624
12.65294170
13.57843208
13.62745190
14.68431473
23.55097961
14.28823376
17.07058907
14.87255001
13.74313641
11.08039188
12.80588150
19.36470985
26.68823814
26.30979919
13.00980377
12.63725567
12.04117680
12.33725548
12.05686378
13.13529301
13.94117546
20.31176567
16.69607925
17.16862869
14.01176167
13.66470718
11.38627243
11.92352867
15.41764832
27.10196114
27.24313545
15.77451324
11.65490246
12.95294285
11.09019661
12.87058735
13.98823643
14.45098019
16.52156830
20.67255402
17.20980263
13.15098190
13.56470585
12.02745056
10.70980549
14.85294151
23.40196419
27.84314346
19.05097961
10.88431358
14.80588531
10.90196133
12.60588360
13.99607849
15.26470661
14.47450733
21.79412079
16.77451134
13.89019585
13.50588322
11.58627415
10.83725548
13.48431396
20.17647171
26.71372223
22.47647095
10.38039303
16.00784683
13.01568508
12.42745018
11.66470528
16.82941246
13.68039036
19.52745056
16.19411659
15.45294380
14.09607792
10.74705887
11.14313889
12.12353039
16.84509659
24.01568413
24.38431168
12.16862774
15.53725433
11.48235416
13.87451172
13.20783997
18.27450943
12.31568527
16.29019547
17.84117699
17.08235359
14.36078644
11.28235149
11.37059021
11.17058754
13.06274414
22.76470566
24.77842331
15.16862965
14.01176357
11.80784607
15.05686378
13.46274757
16.59411812
15.43529320
14.13921642
19.61960602
18.69607925
14.47451210
12.93921471
12.45882416
10.24705982
12.86274433
18.72941208
24.07254601
17.82548714
11.90196228
13.62352753
16.31764603
12.49411774
14.75490284
18.93725967
13.05882359
19.01765060
19.22941399
15.89803982
13.52941132
12.17842960
11.61568642
12.53333378
15.77843094
22.61764336
20.11568642
11.00392151
14.51764774
16.67450905
15.64705849
13.00784302
21.91960716
12.49019527
16.59215736
19.30784225
18.32548904
14.46862984
11.56274414
12.45294094
11.23333454
13.28235149
21.77843285
21.76078224
13.32352829
14.13333416
16.25490379
19.28235245
13.22156811
21.03725624
14.30392265
14.38039303
18.98823738
20.56470680
17.84313774
10.10980415
12.88823700
10.39019775
12.25882149
19.32941246
22.49803543
15.89803982
14.80392075
13.45490265
22.04313850
14.03529453
18.48823357
17.61372757
13.55882549
15.29803944
22.16862679
20.89215851
10.48627377
13.24902153
10.60000038
11.80392361
15.93921661
22.06078720
16.74705887
16.98627472
13.46078491
21.33725357
17.00391960
16.70196152
20.03921890
12.83725357
14.70588303
19.08235550
25.09804344
12.13529587
12.54706192
11.95098114
11.89804077
12.53725433
20.29804420
18.63921547
15.60588455
17.10195923
18.52157021
21.05882263
15.06666470
22.15293884
13.00588226
14.94902039
17.19019699
26.41568947
16.10784531
12.08627701
14.16862583
11.07451057
11.54313755
19.13137054
19.05686188
15.29411793
19.67647362
16.24901962
22.64902496
15.95490074
21.79804230
15.59804058
14.76078606
16.06666565
24.05490303
21.78627396
12.20392323
15.19999981
10.76666927
11.62352943
17.42549324
19.31961441
15.97451019
18.95294189
16.55097961
21.94313431
18.59019852
19.74509621
18.72156525
14.02941322
15.80980492
20.10195923
26.13725853
12.10196114
16.98235321
11.49411678
12.25686455
14.57255077
20.13529396
15.08823490
18.39608002
17.76470566
20.57450867
19.93922043
17.04705811
21.94901657
13.22352982
15.01372528
17.37646866
24.93921280
14.55882263
18.01960754
12.32549000
12.92352867
12.80000019
19.98235703
14.02156925
16.99215698
17.53529358
20.20588112
20.43529510
14.80980396
24.13136864
14.76274586
14.24706078
15.14509964
22.30784035
18.99020004
17.17843056
13.32156849
14.31568623
12.78039265
18.48235321
14.11372948
14.08823490
18.61960983
19.00392342
19.20980072
16.33725548
21.43137360
19.11176491
14.36078548
13.37058926
18.90391922
23.33725739
16.53921700
15.41176605
15.33529663
13.90000153
16.37254906
15.00980377
12.04901981
18.50588417
17.82745361
18.03137016
17.75686455
17.70195961
22.44509888
14.45294285
13.42352962
15.26274395
24.39411736
18.02940750
18.14118004
15.10980511
15.39607716
14.67647076
14.78431320
11.38039303
16.91960907
17.21176529
18.03529358
17.53921700
15.06862831
23.75686073
14.50392437
14.31960678
14.28431320
20.33529282
20.62941170
20.49215698
13.37254906
16.63529396
13.75294209
15.19607735
11.72157097
13.80980492
17.75882530
18.92941475
16.65293884
13.57254982
22.15882874
17.11176682
13.96078205
14.16470337
16.07254982
21.66078568
20.49411583
13.60392189
16.44901848
14.91960716
15.41176414
11.48431492
13.10588360
17.01176643
19.04117775
16.68235588
14.37647057
19.43725586
19.43137360
12.67843246
14.27255058
14.72157097
20.38431549
19.78431702
14.88431168
15.17450905
16.67843246
15.09215736
12.16274738
12.73529339
15.93333435
18.55490685
17.40784454
14.43725491
16.82549095
19.79803848
12.94901943
14.28431511
13.53333473
18.35294342
19.30784225
16.87059021
13.50980377
16.90392113
16.56666756
12.46666718
11.71176434
14.89019680
17.65098190
19.65098190
14.04117680
13.99019527
18.90588188
14.14117527
12.73333454
13.62548923
16.09803963
19.08431244
18.95686340
12.77843189
14.93137550
16.81568718
14.12745190
10.88431549
13.20392036
17.71372604
19.97058868
15.88627720
11.20980453
17.60000610
15.37843513
12.58823586
14.99411774
13.91960812
18.47647285
19.15882301
12.90588188
12.72157001
17.85098076
14.85882378
10.60392189
12.59999847
15.91372585
19.63137245
17.97059059
12.15490150
14.97451210
16.06078339
13.14705849
15.85686302
13.37843227
15.80392456
19.86274529
14.15098095
11.76274395
18.04313850
15.11960983
10.65098095
11.55882359
14.26274681
17.60000229
20.34509277
14.12941265
13.43921375
15.55882454
14.37451172
16.12549019
13.70196056
14.43529415
19.34509659
15.31372356
11.40196228
17.51176643
16.10980415
10.74901867
10.55686283
12.60784245
15.46078300
20.74313927
16.59019470
12.31568813
14.04901981
15.39411831
15.50588417
15.38627052
14.74706078
15.40980721
17.73137474
10.95098019
15.99019814
17.53921890
12.11372757
10.77058887
11.27451038
14.70588303
18.51765060
17.79803848
12.12941170
12.92745209
15.14509773
14.16862774
14.96470737
14.75098038
12.57450867
19.23725510
11.05098057
14.10196304
17.91568756
14.54117584
12.01176453
11.37843227
14.26274395
16.35490036
19.60980034
10.92156792
12.61960697
14.56078339
13.97647095
13.73921967
12.83725548
13.18431187
17.34117699
12.94509983
12.21176624
18.23333740
16.54902077
12.23529434
13.56862736
13.21568489
14.19999981
21.14902115
11.50196171
12.20588017
14.10196114
14.69411945
11.79215527
12.07058811
14.15293884
15.12352848
14.99019527
11.38235283
18.09019852
17.04706001
12.69215870
14.67843437
13.13529491
12.57254791
19.36862755
16.22352791
11.12745094
13.59019566
14.36078548
11.97058582
9.87058926
15.43137455
12.49215698
16.29607773
10.83333302
17.26274681
17.37647247
14.09019566
13.95098305
12.96862888
13.32941246
16.46274567
20.22353172
9.40196037
13.25686359
14.72156715
13.37647152
6.31372643
12.30196190
14.81568623
17.00784683
9.92941093
16.84117889
16.44902039
16.27451134
13.47843170
13.72941303
13.63725662
13.80588245
21.29215813
9.68039322
12.00392151
14.53332901
14.18235207
4.35294199
9.05294228
17.79215622
16.74902344
11.14901924
14.85686302
16.19019890
17.80980492
13.83529472
14.92156601
13.88823700
11.64705753
19.99411774
12.82941437
11.47254848
14.16078186
14.31764603
5.32549000
5.96274567
17.11176300
16.49215698
13.56863022
12.75686359
17.15490341
16.92353058
15.18039036
14.67647171
14.39607811
11.76274490
16.71764946
16.06274605
11.13529396
14.41765213
14.47058868
6.94705963
3.56274557
13.61764812
18.00784302
15.39607906
11.64509869
17.02548981
16.33529282
16.35490227
14.77843285
13.74117565
13.04706287
13.78039360
18.80391884
11.46470451
13.19804001
14.74902058
8.77058601
1.92549038
9.99804020
19.62549019
15.22941399
11.35098076
16.49804115
16.53725624
17.00000000
15.92352962
13.23725414
13.30196095
11.52941132
20.60980606
11.85490227
13.68431282
13.90980530
11.24902153
1.69411802
5.42941141
19.61960793
14.74509907
11.73333263
16.55097961
17.23921585
17.19019699
16.59607887
13.26666546
13.52157021
9.98235321
18.96667099
14.11764812
12.61176491
14.71568489
12.68627357
2.18431401
3.57254934
16.44314003
14.65490532
12.49607849
15.51568604
17.28627777
16.25098038
16.54902267
13.66862774
14.42549038
10.52549171
15.47058868
16.07451248
10.77059078
15.20196152
14.19803715
2.83137345
1.86862779
12.18823433
16.51568794
13.06470680
13.66470528
18.19999695
16.00196075
16.39411736
15.20392227
15.22941303
11.92549324
13.27843189
18.15293884
9.01372528
14.69411755
14.38235283
4.99803829
1.24901998
7.77058887
16.92941475
16.40588379
12.19019508
18.48431778
16.63921547
15.35294056
16.59803963
16.39608002
13.21764660
11.96862793
18.62745285
8.82745171
12.83529472
14.19803905
7.16862774
1.03333354
3.72352958
16.70392036
19.53529167
12.52548981
18.01372528
17.60588455
15.58823395
16.99411964
16.71568680
14.80196285
11.52549362
16.91960526
11.62157059
12.06470585
13.70588207
8.99804020
1.42156899
2.00392175
14.08823681
20.99608040
13.52941322
18.16078758
17.49411964
16.40980530
16.65686226
17.29215622
16.35490417
11.99019718
14.36078548
15.86470509
11.29608059
12.73333549
11.37058735
1.76862752
1.13921595
9.74901962
19.85294151
16.82156563
16.24313927
17.73725891
15.59411812
16.81176567
16.68235397
17.56078529
12.24705887
13.50392151
17.80000114
9.61372566
13.66470909
12.74313736
2.39215755
0.64509833
5.56666708
17.77058792
18.34902000
14.11960793
19.38823700
15.31176567
16.06274605
17.32352638
17.16078186
12.15490341
13.16862679
18.31960678
10.22548866
13.94509888
12.59999943
4.57451010
0.88235337
2.73137236
15.64705849
18.95098495
13.20196152
18.08823586
15.66666603
15.65098000
17.81176567
16.14705849
12.35294151
12.38039303
17.14118004
12.66666889
13.22352982
12.15098000
6.29411697
1.18235373
1.06666672
11.60784340
18.88627625
14.16078377
16.60392189
16.96666908
14.49411774
16.17058945
17.38235283
13.15294170
12.88431263
16.04902267
15.29019642
10.29804134
12.41176510
8.38823414
1.73529446
0.46862745
7.27058840
19.90980530
15.24313545
15.28823471
17.18039322
13.89803886
16.13333702
17.13333321
13.48431206
12.47450829
16.01568794
17.22549057
9.25098038
13.19019794
10.63137341
2.19607878
0.28039217
4.45294142
19.58039093
16.97058868
13.54901981
17.56274414
14.37058926
16.22157097
15.51176453
13.97647095
12.46078396
13.77254868
19.19019890
10.68235397
14.36274529
12.96274376
2.30980420
0.66470599
2.30196071
14.48431396
21.73529053
12.52745056
17.70000458
14.70588303
15.78627491
15.06078529
13.99019718
11.84313774
11.21568584
19.43137741
12.84902191
14.73725414
13.02548981
4.99215603
1.00196111
0.73921579
9.65882397
23.63333321
13.47647190
16.74902344
14.84706211
14.95293999
15.33137321
13.68431568
11.10784149
11.34117699
17.33725929
15.18627357
13.50588226
14.40784168
7.84705782
0.94509828
0.35098040
6.50392199
21.47058868
16.05097961
14.38431263
16.72941589
12.66470623
15.94117928
13.06862926
9.90392208
11.29019642
15.77254963
17.10392570
11.96666718
15.89411736
10.70980358
0.66666687
0.12941177
3.68823528
17.26862717
19.46862793
13.15293980
16.90980721
11.72745228
15.72157001
12.26666737
10.01960945
10.53137493
13.58039188
17.70784569
11.91176605
17.25490379
12.79607868
0.73725516
0.13137256
1.37254906
12.69999886
20.91961098
13.78431511
15.57843113
12.39411926
14.46666527
13.47058868
10.08627415
9.76470661
11.14313793
18.74509811
12.38627434
15.67647171
13.82940960
3.77450943
0.16274510
0.39215687
8.55294132
19.81764793
15.43333626
14.23529434
13.47647190
13.13725471
14.66862679
10.48627377
9.29019642
10.96666718
16.75882339
13.99607944
13.23137283
14.85294056
6.65490103
0.15882353
0.17450981
5.72745132
16.97058678
17.47842789
12.67646980
14.49607944
12.15882301
14.94705772
10.66470718
10.49803925
10.88431358
13.69215679
15.62549019
11.54706001
16.37843323
9.67647076
0.12549020
0.15294118
3.54313707
12.98823547
18.95882607
13.25294113
13.69607830
11.81568813
14.62940884
9.94509792
12.67450905
10.55686378
11.32549095
15.17646980
12.52744961
17.47255135
12.67451096
0.22156863
0.16470589
1.71764708
10.06666756
18.10392380
15.00196266
12.99804115
11.84313774
13.88235474
10.80392265
12.43921471
11.29215622
10.60784245
14.92548847
13.23921585
16.57647133
13.77058983
2.29019499
0.23921569
0.50000000
9.07647133
15.44313908
16.55686188
12.66078472
10.96274567
13.96862698
11.25882530
11.85882378
12.30980396
10.60000038
13.78039169
15.00392246
13.91960716
15.72941399
4.99607754
0.15098040
0.14509805
7.55490255
14.00000191
17.49215508
12.73137283
10.21176529
13.61765003
11.64509964
11.04313564
12.02549171
10.48431396
12.30195999
14.55098057
13.05686474
17.39999771
7.78627396
0.10196079
0.13921569
5.27254915
12.57843208
17.11764526
15.10196114
9.19411850
13.80588055
11.68039131
9.55294132
12.02941227
10.22548962
11.05882454
13.66666698
13.85098171
16.46862984
10.29804039
0.16862746
0.13333334
2.72156858
11.25098038
16.13725281
17.51176453
8.90980530
13.72352982
11.84509754
9.39607906
11.30588150
10.41568661
9.59411812
12.70980167
13.59411716
14.45294189
12.24117661
1.68627608
0.12549020
0.39019608
10.80784225
13.66470814
18.63921738
10.89019775
12.06862450
13.48627377
10.40392017
12.18627548
9.97646904
9.07451153
11.11568642
12.20196056
12.84313869
13.16470718
4.85294008
0.12549020
0.13137256
7.74313736
11.82745171
17.24117851
14.96666718
11.42352962
12.58039188
12.48627663
15.30000114
9.65098190
9.61176395
10.04313755
9.68431473
12.74705982
13.89411736
7.78039122
0.12549020
0.12549020
4.56666708
11.73921490
14.68431377
18.01960945
11.38431549
13.15098000
12.18627548
17.30000114
11.67451191
9.68431473
8.91568661
9.18039227
10.86274719
14.85294056
10.40196228
0.12549020
0.12549020
2.06078434
11.73529339
12.35686302
17.87058640
13.59412003
14.81176472
9.99607849
16.45097923
15.70980644
9.66274738
8.64313698
8.30588150
9.68431377
12.92549324
12.65882206
1.46078563
0.12549020
0.33333334
10.49215889
10.36078453
17.07255173
15.51568604
14.91961098
10.56862831
14.40588188
16.70000458
12.45490074
9.60392189
8.12941170
8.37059021
11.55686378
12.78235245
3.92745042
0.12549020
0.12941177
6.18823576
10.72156906
14.69215584
18.14706421
15.01764965
11.00784302
11.88039303
16.48235512
14.54706001
11.23529434
8.51372528
8.00392056
9.77254868
13.87450981
5.84901905
0.12549020
0.12549020
3.11960793
10.74509811
11.39215660
19.46666718
15.27843189
12.35294056
9.42745209
15.22745228
16.29215622
10.84313774
9.19215965
7.73921680
8.47058773
13.06470394
10.44313622
0.12549020
0.12549020
0.79411763
10.25490189
9.52156925
17.82941437
17.25098228
13.46666622
7.58431482
13.61764622
16.44117737
11.75882339
9.66078472
7.13529348
8.15490150
11.40392113
14.63529396
0.85490203
0.13725491
0.20000000
8.89607906
8.38627625
14.50588226
19.17451096
14.27255058
7.48823547
12.01764679
15.98823547
13.36078358
9.72941399
7.28235245
7.84509802
10.20784378
15.35097980
4.25293970
0.12941177
0.13725491
5.94313669
9.27058887
10.83333492
19.37843704
15.77058792
8.23921680
10.32745171
15.82549286
14.85294151
9.55882359
8.61372566
7.67647123
8.86470509
14.51764965
8.43333340
0.12745099
0.13137256
2.58627462
10.45097923
8.75490093
18.25686646
16.66666794
10.20980644
7.25490189
15.69803810
15.71568489
9.32548904
9.58235264
7.34117699
8.84706020
11.97843361
12.54313660
0.12352941
0.13725491
0.60196078
10.03725624
8.43137360
14.91764641
18.39411736
12.92352772
5.04509830
13.94706059
16.26274681
10.43921661
9.07843208
7.57843161
8.20980358
10.41372490
14.89607811
1.98039305
0.13725491
0.16078432
8.16078568
8.18431377
11.13137341
19.28823853
14.06862736
6.79019690
11.86862755
15.91176987
11.55098057
9.09803867
8.03333282
8.43137264
9.42156792
13.55294228
7.61176395
0.12941177
0.14509805
5.56274509
7.95490074
8.62941265
18.88823891
15.37450981
8.52352905
10.99019623
13.64706230
12.35490227
8.65098000
8.46862793
8.04901981
9.24509811
12.53921795
12.45686245
0.12549020
0.13333334
2.73529434
8.70784187
7.67843151
16.41764832
16.57059479
10.60196018
8.70784473
12.01960850
13.23529243
10.21372414
8.08235168
8.17058849
8.71764851
11.62157059
16.23921585
0.43529412
0.13921569
0.87058824
8.46666622
8.25490284
12.68431282
17.79019547
12.97058678
6.14117670
10.47255135
14.16470718
12.32157135
8.95882416
7.75882339
8.73725414
10.43333244
16.31764793
4.22941065
0.12549020
0.20588236
7.19411850
8.72941113
10.42352962
17.72941208
13.75882339
7.18235397
8.92352962
12.17843056
14.47843170
9.79019547
7.83333349
8.48235226
8.79411888
14.37843227
9.23333263
0.12549020
0.17450981
5.13137293
8.73529339
8.57843208
17.15097809
14.40784168
8.32352924
7.73921585
9.30196095
14.76470566
9.55882549
7.39215708
8.66078568
8.56274509
11.62941265
13.59215641
0.12352941
0.12549020
3.00196075
8.05686378
7.96078396
14.76078224
15.18235397
9.54509926
6.82941198
7.31764698
12.97255039
10.53725529
8.18823624
8.23921490
8.82745075
10.57647133
15.33333397
0.90784335
0.12549020
1.05686283
8.25098133
8.25490189
11.76078510
15.17451096
11.11764812
6.33137274
7.48235178
10.77451229
11.15490246
8.05097961
7.61372614
8.97254944
9.87843132
13.34117699
5.34705782
0.12549020
0.20980392
7.54901981
8.38235283
9.16274548
15.55882549
11.75490093
7.12156868
8.13725567
8.51176643
11.80195999
8.56862926
6.88627577
8.90392208
9.18823624
11.09019566
10.69411659
0.12549020
0.11372549
5.51176453
8.86078453
7.38823509
15.13333607
12.40588379
8.44705868
8.36666679
7.42745209
11.73333263
9.14902020
7.54509878
8.25882435
8.46470547
8.97450924
15.80392170
0.17254902
0.12549020
3.62941241
8.38431358
7.52156878
14.08823776
13.18039227
9.18039322
9.14705944
7.54706001
11.02353001
10.37647057
8.24705791
8.36078358
7.96078587
8.48823643
15.83921814
3.09803820
0.12549020
1.62352955
9.55490303
8.16470623
11.10980415
14.45294189
9.62353134
9.19019604
8.35490322
9.31568718
11.60000038
8.61568737
9.47451019
7.86470699
8.96470642
12.53333378
8.81960773
0.12549020
0.15294118
9.78431320
8.67647076
9.02549076
15.05882359
10.37450886
7.20196009
10.85686111
9.52157021
11.27450943
9.66470528
10.36274433
7.99411726
9.37255001
9.92941284
13.72548962
0.13921569
0.12549020
7.44509888
9.44901943
7.70980501
14.96078587
11.47646999
7.62352943
10.59019661
8.89215755
10.97254944
11.36470604
11.82156849
9.09215736
8.86078453
8.44705963
16.92745018
0.89019626
0.12549020
5.16274500
10.59607983
6.85490179
13.02745056
13.01372719
8.69411755
9.65294170
8.67843151
9.95686245
11.91764641
15.48823643
9.50784397
8.39607906
8.32941151
14.17843246
6.80196047
0.12549020
2.29411769
11.98431396
7.58627415
9.06470585
14.25490379
9.90000248
6.87058783
9.48235321
9.60980511
10.92157078
16.49215698
11.84313774
8.07843113
8.43137264
11.43921757
12.97450924
0.12549020
0.40588236
11.86078548
8.67647076
7.05294132
14.46666718
10.53921700
6.56862688
9.29411888
9.25098038
11.19019699
15.58235264
15.13921452
8.03529358
8.32745266
9.68431568
17.62745094
0.21764706
0.12352941
9.74705791
10.42156982
6.23725510
12.70980453
11.76274776
7.78431416
8.71960735
9.13137245
9.37450981
15.36078644
17.16666603
8.18823624
8.23921585
8.07647133
16.78823471
4.48627377
0.12549020
7.42352962
11.58431339
5.95097971
10.21176434
13.09607983
8.71568584
7.00196123
10.03725529
7.87843132
13.77647114
19.07647324
8.73921585
7.44901991
7.78627539
12.15882492
11.84705830
0.12549020
4.79215622
11.84705830
6.90784264
7.70784283
14.15882206
9.60196209
6.48627424
9.09411812
8.30784321
12.07647228
17.92745399
10.27647305
6.72156858
7.68431520
10.07254982
17.23529625
0.13725491
1.60980392
11.97451115
8.79019356
6.54705858
14.12549210
10.31372738
7.26274490
7.78431463
8.18039227
10.14509869
16.39608002
12.09804153
6.07647085
7.78039217
9.60588360
19.34510040
1.88431418
0.25882354
10.73137379
10.93137360
7.00000000
11.77254868
11.25098038
8.24117661
7.20000029
8.16274548
8.29411793
15.47451210
12.86667061
6.09999990
7.67254877
8.92941093
16.21176529
8.61372375
0.34313726
8.58431435
11.95490360
7.54902077
10.00980473
12.60784245
8.97254848
7.18627501
8.01372528
7.53333282
13.73137379
13.82353020
6.46666813
6.96078491
8.02353001
11.90784264
16.39607811
1.36274493
7.11960793
11.58823681
8.83725548
8.65294170
13.23921490
9.45686531
7.64509773
7.99803972
6.81372595
11.11960793
15.48627567
7.28235292
5.84705925
7.88431358
10.30980492
21.00196075
2.83137274
4.81568670
12.14705753
11.42352962
7.93137264
12.22745037
10.08627796
7.83529377
9.50000000
6.11960745
8.30196095
15.63921738
9.37646961
4.92745209
7.60980415
9.30980396
18.96274567
8.46470642
4.89607954
13.03137398
12.91764736
7.86862755
9.87843227
11.38431263
8.24509716
10.60980415
6.95686293
7.42353106
12.92156601
11.33529377
6.43529510
6.38627481
7.33921528
15.42940998
16.74118042
7.69999981
13.60784340
12.13725281
7.90588236
9.33137226
12.21764469
9.13725567
9.97254944
10.11764812
6.77451086
9.76862526
13.30392265
9.19019413
5.55490160
7.05490208
12.48823547
23.01176453
10.27647114
14.98039150
10.57843113
9.55294323
9.21176529
12.82156944
9.84902191
10.22549152
11.97058773
6.03529358
8.23725510
13.54901886
11.95882416
6.13921642
6.85686255
11.88627434
22.62745094
12.87647152
18.39216042
10.86078644
11.77647018
8.99019623
12.86078644
11.13333321
9.88823700
12.52548981
6.34901953
8.03137398
12.08823395
13.38235378
8.51568699
6.26078415
10.41372585
18.78235245
19.15294266
20.05686188
13.54509830
11.60588169
8.31176376
11.17451096
13.29803848
9.08823681
10.01764774
9.74509811
7.20196152
10.63725376
14.85882568
11.52157116
5.29019594
8.42941189
15.02941036
24.11372948
21.41764450
17.33333206
10.12352848
8.45097923
10.08431435
14.74902058
8.50784397
7.53529310
11.41372395
6.40196037
9.47058678
16.35490417
14.07646942
5.42941189
7.15294170
11.50392151
25.33136940
22.74118042
20.13136864
9.86470699
9.42156696
9.36666775
14.31568527
10.05882359
4.77254963
10.49019814
8.09607887
7.99019575
16.23137283
14.24509907
8.80784225
6.59215736
10.52549171
22.17451096
24.68235970
21.33529854
11.07254982
9.97843075
9.12941265
12.91764641
11.83921528
5.09019613
8.42745304
9.65489960
6.86666727
13.84313679
16.39215660
12.13725185
5.13725519
9.65490246
18.51764679
26.69412422
22.64313698
12.87059116
9.67843056
8.37843227
12.31764793
13.42353058
5.75882483
6.99607944
11.01960754
6.06078434
11.47450924
17.67058754
15.48823738
4.52941179
8.73725510
14.30196095
27.33921623
24.43921471
15.82353115
8.79019642
8.09804058
10.36862850
14.87058926
6.95098114
5.79019594
11.84313869
6.49215603
9.23333359
17.85294151
15.22157001
7.99803877
6.93333435
10.88627434
25.82156944
25.14313126
19.54706001
8.80392170
8.52941132
8.94313717
14.22156906
9.54313755
3.95882368
10.73137379
9.12352753
7.85490274
16.37647057
15.88823509
12.19215679
6.37843180
9.80784225
20.60783768
25.43921280
22.28039169
10.57843018
8.68431282
8.89803886
11.70195961
11.21176434
4.56274557
9.33529472
12.25098038
6.68235302
14.18235302
17.33725548
14.75686455
8.16274452
8.65098000
16.41568375
25.39803696
23.98039246
14.14117718
8.13921547
8.42156982
9.76470757
12.13529396
5.73529434
7.54313803
15.04509735
7.09803963
11.89215851
17.83725548
15.45098114
9.46274376
8.35098076
12.29215622
25.63724899
24.67254639
17.96078300
7.96078396
8.24117661
8.69999981
11.44313717
7.01176500
6.18039274
14.67843151
10.05294228
9.96274662
16.70980263
15.04706192
11.56274796
8.66078568
9.48431492
23.91372108
24.76665688
21.72156715
8.39019775
8.11764717
8.14901924
10.97058773
9.10000229
4.63921547
11.46470642
14.23529530
9.18823624
14.21764851
16.49019623
12.16862869
8.62941360
9.90392017
19.10784149
25.27254677
23.85686111
10.39608192
7.57058907
8.52548981
10.15882397
10.78039169
4.31960773
9.12156963
15.29607868
9.34901905
12.49019623
16.69411850
13.76666927
7.90784359
10.06470680
15.09803867
26.12156296
25.12745094
13.18627453
7.11176491
8.00588226
9.69608021
11.17843056
5.61960888
6.18039227
13.37843132
11.25490284
11.77843285
16.19019699
14.03529549
9.14313793
8.38823605
12.80196095
26.21176529
25.72548866
16.61960793
7.05098057
7.13725519
8.34509945
11.07646942
7.31176424
4.77254915
9.88431358
14.22353077
10.06862736
14.90784359
14.41176319
10.57451057
8.48823547
9.65098000
24.01568604
25.63921928
21.02940941
7.39411736
6.59019661
6.32548952
10.76274490
10.06078434
4.00392151
6.42352915
15.67451000
8.84902000
11.86470699
15.64902115
12.26078415
8.34509945
7.77254963
18.14313889
25.82352448
24.58235550
8.86862755
6.19215631
5.58235312
9.31960773
11.24117756
4.41372585
5.23529339
12.52745056
10.56862926
10.41568565
14.92549038
14.38039017
8.49804020
6.59019661
12.43725586
26.91176414
24.81961060
12.40980721
6.27058840
4.87647152
8.05098057
10.21764755
5.06862831
5.16274643
9.36078453
12.41764832
9.54901981
13.60784149
16.42353058
8.80784225
6.78823566
8.20000076
25.47254944
24.64313507
17.43333244
6.70588303
4.27843189
6.45882416
9.98627472
5.81568670
4.13529396
6.23921537
14.39607906
9.24117756
12.25098038
16.22353172
10.95294189
7.97451162
5.04313707
22.10196495
25.24118042
21.09412003
7.64901972
4.77450991
4.84705877
8.95490265
7.74313688
3.07450986
6.18039274
12.80980492
9.58627415
10.82353020
14.89607906
13.30784225
7.86666632
4.41764688
16.47254944
25.60980415
22.43137550
9.37647057
5.33921623
3.75686336
8.01764774
8.48627663
3.19607878
4.69215727
9.01568699
12.37450981
10.11372471
13.24902058
13.89608002
7.95490265
4.80784321
10.37843132
25.90588760
21.76078606
13.24902058
5.43137264
4.11764812
6.70588303
8.78431416
3.13333368
4.74313736
6.68431377
13.17450905
9.82156849
12.20196152
13.22352982
9.96862698
5.96274567
6.77255011
23.07059479
21.51176453
16.30784607
6.22744989
3.77843165
5.52941179
7.74509811
4.90980387
3.72941208
5.54901934
11.71568775
9.41176605
11.20588493
13.12156773
10.98038960
7.64313698
5.20196056
18.26078606
22.76470566
18.23725510
7.23137283
4.06862783
4.16274548
7.47058821
6.70980406
2.45882344
5.14117718
8.60588264
10.62549114
10.77647209
12.47843266
12.54705906
8.99804020
5.04117680
12.87058926
24.41569138
19.81372643
8.78431511
5.13333368
3.20000005
6.67058754
5.94509745
3.09411812
5.69607925
6.72549057
11.10196209
9.78627396
12.34509754
12.88039303
10.16666603
6.34117651
9.15882397
23.40392303
21.92352867
11.09607887
6.07058859
3.29215717
5.95686245
5.66078472
3.96470642
5.10980415
7.54313660
10.10392189
9.38823509
11.18039322
13.29999828
11.00196171
7.87254953
7.58235312
19.62940979
22.01960945
14.64117527
6.68235254
4.14117622
4.70000029
6.81764793
4.82549047
2.57254910
8.85098076
8.71764755
8.93333435
10.73137188
13.03725529
12.10000038
9.33921623
6.11372519
15.39215660
21.60392380
17.36078453
7.06666708
5.48039246
4.54509783
7.24313736
5.43333292
1.74901986
8.79215622
7.33725500
9.55882263
10.63333225
11.54902172
12.64117622
10.54705906
5.90392160
11.93921471
21.84509468
18.34313583
8.46274471
7.28627443
4.14313745
6.99607944
5.50000000
2.38823509
7.61176491
7.28235388
9.15490246
11.35686302
10.12549019
12.24509811
11.20588017
6.58039236
9.12156868
21.26274490
19.21176338
9.57450867
9.50000095
4.33333349
6.12745094
5.80784321
3.90588284
5.66666698
8.51568699
8.14313793
11.55882263
10.01764679
11.11176395
12.42156982
8.48039246
5.95490170
19.78627396
20.26274490
12.07451153
10.06470680
6.32549000
5.03333378
6.35882378
4.84901857
3.61372566
9.66666794
8.07058811
10.42156982
11.31764793
10.23333359
11.47450924
11.63137150
4.93529463
15.27843380
21.99215889
15.43529415
9.13333321
9.09607697
4.93333340
6.79019594
5.45098066
2.24705911
9.15882397
8.96078587
9.26078510
12.51372528
9.95686245
9.78627491
13.16078377
6.44705868
11.22745228
22.36470413
17.62352753
8.88823414
11.23136997
5.10588264
7.86274481
5.18235302
2.96862769
7.86470604
10.08039188
8.98823643
12.95490074
9.57254887
8.99019718
13.47058868
8.09607983
7.49411869
20.78235435
20.50980568
9.70196247
11.34901905
6.53137255
7.50980473
6.00588274
3.82549095
6.42745113
11.30392265
8.62353134
12.61372662
9.29803944
8.96666718
12.45686150
10.58823586
5.72941303
17.74117661
22.20588303
10.79803658
10.30196095
8.66274643
6.20980406
7.69019556
5.03529501
4.64901972
11.52353001
9.79019928
10.54313755
10.76666546
8.75882530
10.42941380
12.91568565
5.83921576
14.47451019
21.10195923
14.36470699
8.37058830
10.98039436
6.80980444
8.52941322
4.82745123
2.96470618
11.97843456
10.88627529
9.98823643
10.95098114
8.45294094
8.86862755
14.65490150
7.29215717
10.55490398
20.18626976
17.40392303
7.02941132
12.86274433
7.45294189
8.58823490
6.05294132
2.06078458
11.04901981
12.35098076
9.57647038
10.51176453
8.51176643
7.20392227
15.24510002
9.92549133
7.92548990
18.74901772
20.15294456
7.31764793
12.55686378
8.54902077
7.73725462
8.05686283
2.66666722
9.50588226
13.08039379
9.93921566
10.38039303
8.13333321
6.28039122
14.37843227
12.87450886
7.28627539
16.19607735
21.27058792
9.83921528
10.65490341
10.48823547
6.74705887
8.90196037
3.95686340
7.45098019
12.98823547
11.75882435
9.75098038
8.72353077
6.10392141
12.38823509
14.70392132
8.74902058
12.84706020
21.56274223
12.37843323
8.42549038
12.94509792
6.39215612
8.69999981
5.05882311
5.09019661
12.64313602
13.55882645
10.35686207
8.44313812
6.46078491
9.34705925
16.13921738
10.58039379
10.52745152
20.17451096
15.71568680
7.23137283
13.89411545
7.86470556
7.81372690
6.36470604
4.19215775
11.97254944
13.62156868
11.04117775
8.64902020
6.99215746
5.98823595
15.91568756
12.86666679
8.95294094
17.86470795
19.52941132
6.97058725
13.10392189
9.99607849
6.93333483
7.48235321
4.44313765
10.60588264
12.56666946
12.32941151
9.45490265
6.95686340
5.40784311
13.26666641
14.33137226
8.61372566
14.42156982
22.09019661
8.48039341
10.69215584
11.94117641
6.65686226
8.55294132
4.89607811
8.08627510
12.57059002
13.20588207
10.08627415
7.27254868
5.26666594
10.41960907
15.33921623
9.36470413
11.77254772
22.12941170
10.96078491
8.45882320
12.48431587
7.82745123
9.13725281
5.29607821
6.78039312
11.80000019
13.90980244
10.79019642
7.72941065
5.46274519
7.84901953
16.00588226
10.63137436
10.38627529
20.13137245
14.58823586
6.86078501
12.50195980
9.36470604
8.65686417
6.60588217
6.25882339
11.17647076
14.03529358
11.95098019
8.35882187
5.98431396
6.20392179
15.16470623
12.53725624
10.01568699
16.60195923
18.93333054
6.42549038
11.61176586
10.95686245
8.03921604
7.94509792
5.64117670
10.25294113
14.04509830
12.42353058
9.47647095
6.92353010
4.86666679
13.10000134
14.51960659
10.06470585
13.12156773
21.55686569
8.04313755
10.01764774
11.96666908
7.18039227
8.98627377
5.34117651
9.18627548
13.99411774
13.12941170
9.76078415
7.82156944
4.98039246
9.49215698
16.02745056
10.30980587
11.62352943
21.46078491
10.57451153
8.09215736
12.40784454
7.26470470
9.21372509
6.12156963
8.37451077
12.39803982
14.56274223
9.80784416
8.62549114
5.70392275
7.06078482
15.93137360
10.34902096
11.48823547
19.21372414
12.65686417
6.52352905
11.59411812
8.57450962
8.09411907
7.60588264
6.85686302
11.53333378
14.35882378
10.44902039
9.56666851
6.57254934
5.83137226
14.46470451
11.96666718
10.44117546
15.07058907
15.52549171
6.31568670
9.85686302
9.80196190
7.55294132
8.22156906
6.04705763
10.98823547
13.68627453
11.46666622
10.02156830
7.37647057
4.87450933
12.84313774
13.90588284
8.94509697
11.64705944
17.09803963
7.59803915
7.57058907
10.44509792
7.06078386
7.85490084
6.01960802
9.78235245
13.30588341
12.22548866
9.15490150
9.47058773
4.68823576
10.69803905
14.24313831
8.96078491
10.95490360
16.07451057
9.23725414
6.22549057
10.50980568
7.00784302
6.91764736
5.81176472
9.18627453
12.14706039
13.16666603
8.59607887
10.64117718
5.56274509
8.53921509
13.80000114
10.03529549
10.19019699
14.88627434
11.07451057
5.16470623
10.34509850
7.65686226
5.91372442
6.40588236
7.94509792
11.12549019
13.81568813
9.12157059
11.38235283
6.06274462
7.00000000
12.15686417
12.30980396
8.69804096
13.39804077
12.83333302
5.95490217
9.08039379
8.42156982
5.38235283
6.12549019
6.82156897
11.27843285
13.48627377
9.55686378
11.57058907
7.39607859
5.41568661
10.21568775
13.93529320
7.34509897
11.71568680
14.03333473
7.27058935
7.32941198
9.97843075
5.21960735
5.16078424
6.23921680
11.02156830
12.16666698
10.74901962
11.24313831
8.72549057
4.82941151
7.18431425
13.95882416
8.15686321
10.59019661
13.79803944
9.10000134
6.24313784
11.17451096
5.72549152
4.94901943
5.51960754
10.60980511
10.94117546
12.20000172
10.22549152
9.59803867
4.65882349
5.76470566
12.21372604
9.77058792
9.32352924
13.09803963
10.82549000
5.42352915
11.83529377
6.76274633
4.56078434
5.89215803
8.72745037
10.94117546
13.45686340
9.56470680
10.81764889
5.70588303
4.63921595
10.30588341
11.11372662
7.47647047
12.22156811
13.29607868
5.65294075
10.83333397
7.64117718
4.63725519
5.98235321
7.10588217
11.26862812
13.34705830
8.73921585
12.22157001
7.16666603
3.63333368
7.94509840
12.69215870
5.88823557
11.69411755
13.75882530
7.67451096
8.76274586
9.06274509
4.49019670
5.86078501
5.99411821
11.39019775
12.11176491
9.32744884
12.65098190
8.09607887
3.38039207
5.59019709
13.32745075
6.57647038
10.25882530
13.50588322
9.36470509
6.75686359
10.76666641
4.88627529
5.29411840
5.05490255
10.52745056
10.74313736
11.55882549
11.47451115
9.46470642
3.83137250
4.61176395
11.39411736
8.22745132
8.32745075
12.48823452
11.01176453
5.52745104
11.31176567
5.94509840
4.53529501
6.00000095
7.70784330
10.51960754
12.19019794
9.06470490
12.58039093
4.63137341
3.91372561
8.99019623
9.78039360
5.97254848
11.74313736
12.17254829
5.45490170
11.49019718
6.97647095
3.82549000
6.72352982
5.91176510
10.37450886
11.76862812
7.18627453
14.34902000
6.08627415
3.06666684
7.19215631
10.68431377
4.94117641
9.87255096
12.79019547
6.78823566
9.53333282
9.38039398
3.68823552
6.54902029
5.10000038
9.33137131
10.62549019
8.05098057
12.87843323
8.05882454
2.99019647
6.28823566
10.44509697
5.31764746
7.55882311
13.59215832
8.22156906
7.27254963
11.15882587
4.62549067
5.97843218
4.72745132
8.50000095
9.08235359
9.97647190
9.59411812
10.77254963
3.67254925
5.05098057
9.44509888
6.59215689
6.20980453
12.81960678
9.92549229
5.95294142
12.35098076
5.78235340
4.60980415
6.03529358
6.90588284
8.91372585
11.03529549
7.24313784
12.14117622
5.25882387
4.01568651
8.24705887
8.26666546
5.36862850
11.42156792
12.26470566
5.51960850
11.80784321
7.21372652
3.54313731
6.45098066
5.76862812
8.76274490
11.16078472
5.88823652
12.97647190
6.99019480
2.83921576
8.15686321
9.69607830
4.84705877
8.73725510
14.46470833
6.57647038
10.01176453
8.93921471
3.68235302
5.91960764
5.13137341
8.42745113
9.59804153
6.60392237
12.87058830
9.01568699
2.80000043
7.23137283
10.20392036
4.99019623
7.04509878
14.60587883
9.18431473
7.40392208
10.78823471
4.49607849
4.60588217
4.57646990
7.63725567
8.48823357
8.67451096
10.65098000
10.86274529
3.81764722
5.78431368
10.38039207
6.29999924
6.32745123
13.58235455
11.94705772
5.39019585
11.74902153
5.62353039
3.93137264
4.86862803
6.61568737
8.10980511
9.71568680
8.28235340
12.30195999
4.92352962
4.77058840
10.34705925
8.03137302
5.69411755
11.57450867
14.10784245
5.51568651
10.80000114
7.43725538
3.94705939
5.10588264
6.30980492
7.58823442
9.86078453
6.29411840
13.60196018
6.49607897
3.70196080
10.51568604
9.61764812
4.97254896
9.16862774
15.04509735
7.44705963
8.78823471
9.25098324
4.46274519
5.02941132
4.66862774
7.60588217
9.38039207
6.19019651
13.50980473
8.50980473
3.80784345
8.90196133
10.29215717
5.33921528
7.57451057
14.44313812
10.33921623
6.41568613
10.24510002
5.47058916
4.96862745
4.26666737
7.74901962
8.57058811
7.93529320
10.90588379
10.39019585
4.33137274
6.55882359
10.90392113
6.35098171
6.60784435
13.06470680
12.46274281
5.00392199
10.69019890
6.78627396
4.23921537
5.11176538
6.51960802
8.20588112
8.75098038
9.06666660
11.48627472
5.14509869
5.74509716
10.39999962
7.85490322
6.13725471
11.00980473
14.29019547
5.95686388
9.68039227
7.62352943
4.00980377
5.23725462
5.39803982
7.83529377
9.94509792
6.69804001
11.89019775
7.37647009
5.37450981
9.44509792
9.10588264
5.40588236
9.73137283
15.71176434
7.97450876
7.95294142
8.32745075
4.52745199
5.07450962
4.47647095
8.19019508
10.16078281
6.40980339
11.63921833
9.46667004
5.37451077
7.93725443
10.38627625
5.50196028
9.16666698
16.04902077
10.20000076
6.58627462
9.00000000
5.25294018
4.66274500
4.10000038
7.72745037
9.88823414
7.94509745
9.95490170
11.51568699
5.82352877
6.20000172
10.56666565
6.54705906
8.58823490
15.04901981
13.28039455
5.80784273
9.11960793
6.68823576
3.58627462
4.81764698
6.55490208
8.96078491
9.51961040
8.81372547
11.28627396
7.55294228
5.64705896
9.92352867
8.06862640
7.70588303
12.40784454
15.75294304
7.06862831
8.80195999
7.44313717
3.41372561
4.74705935
5.29607916
8.79607868
10.32549000
7.55098009
11.61568546
9.56274605
5.13921595
8.78039169
9.96274471
6.49607849
11.25098038
16.37255096
8.46274567
8.03137302
7.73333454
3.75294137
4.50196123
3.94313717
7.61568546
10.63921642
7.28039122
11.00392151
11.89804077
5.46862793
7.00588322
11.25490570
5.68627501
10.84117603
16.20196342
10.25882339
6.27255011
8.19019699
4.68823481
3.55686307
3.60392213
6.77646971
9.35686302
8.52941036
10.18039227
11.90000057
7.16078568
5.50392151
10.82156754
6.79411745
9.88627720
14.99803925
12.34705925
5.24117613
7.81960821
5.38039207
3.18235326
3.56078434
4.84509802
8.84117794
9.31372738
9.16862965
12.26666546
8.83529568
5.01764679
9.64313698
8.87843037
7.73725557
13.96862984
13.88431454
5.73529339
7.34313726
6.07451010
2.85294104
3.78823543
3.66666675
7.09019661
10.62745190
7.81960821
12.46470642
10.89803982
5.48823595
7.60000038
10.98823452
6.16470671
12.66274643
15.10196304
7.12941170
6.06862736
6.87058830
3.13921642
3.41764712
3.56274509
5.13725471
10.08823776
7.51960850
12.46862984
12.96274281
6.42941189
6.23725557
10.97647095
6.54117584
10.97450924
16.30000114
8.72745132
4.99215698
7.45098114
4.00196123
2.93529415
3.70980406
4.10392189
8.99803925
6.87254953
11.80392170
14.39411831
8.87450981
4.90588236
9.32157040
8.73529339
8.97058964
15.57058907
11.10784435
4.91372633
7.41372585
4.83333397
2.34705925
3.71960783
3.71960783
7.69019604
6.66470671
10.96666622
14.94901752
11.55097961
4.91372442
7.43921614
10.54313660
7.22156858
14.10195923
12.92745304
5.53333282
6.54509783
5.74117708
2.32156873
4.03921556
2.59215689
6.04705858
7.74705982
8.65882397
14.80391884
14.23725605
5.47843170
5.82941246
10.75686455
7.30196142
11.87058926
14.27451134
6.67647028
5.47254944
6.55098009
2.83529449
3.53725481
2.18235326
4.21764708
8.38627434
6.12352943
14.58235264
14.98823452
7.36274576
4.71176481
9.88235378
8.44313717
9.77451038
14.74509907
7.85294151
4.95882320
7.10784292
3.57451010
2.50588274
2.44117665
3.08627510
7.63529491
5.71176529
11.97843170
15.26470757
9.99607849
4.23529482
8.41176510
9.72352982
7.93529463
13.70980453
9.92549038
5.24901867
6.29215717
5.05294037
2.14509845
3.32941270
1.65686285
6.10000038
6.69019604
8.90588284
15.19411659
12.64705944
4.81960869
6.15098000
10.85490227
7.70392179
11.38823700
12.50000095
6.01176500
5.38627386
6.06666708
2.23137259
3.92352915
1.37843120
3.77843189
7.34117699
6.21764708
14.19804001
14.82157135
6.00588179
4.37450981
11.08823681
8.22352982
9.99019623
14.68039131
7.34117794
4.61764717
5.98627424
2.47450972
3.64901996
1.96078467
2.07254910
6.65882349
5.04313850
12.68431377
15.49411869
7.66274500
4.12745142
9.61176682
9.61960888
8.58431435
14.82549000
9.50784206
4.82941246
5.76470566
3.31372571
2.78431416
1.99215710
1.61568666
5.50000000
4.59607935
10.13725376
15.28627300
9.80000019
5.13725519
7.21372604
10.68823719
7.54705763
13.38235283
11.97058678
5.88039255
5.84901953
4.18627501
2.41176510
2.48627472
0.90000021
4.15882349
4.73921633
7.40980339
14.64117908
12.52745247
5.77451038
4.95294094
11.14902210
8.16862774
11.63725376
13.88039207
7.11568642
5.55882359
4.77843189
2.73921585
2.79019642
1.16274524
2.22352934
5.29215670
5.31568623
12.99411774
14.91764832
5.44313765
4.22352982
10.27254963
9.62941170
9.85882282
14.66862774
9.29804039
5.82352972
5.10784340
2.76666713
3.13333321
1.04705906
1.04117668
5.09803915
4.88431406
10.31176281
15.79607964
6.89215851
3.25098014
8.26470470
10.55294228
9.32745266
13.49999905
11.95098114
6.47058868
5.60196161
2.93725514
2.98039222
1.32549047
0.91960818
4.04901981
4.61764717
7.43725538
15.64117622
9.09019661
3.45098090
5.87843084
10.86470509
9.19607735
12.62352943
14.25882435
7.09803963
5.80980301
3.63137269
2.49607873
2.15882397
0.74705905
2.89411783
4.19019604
5.49019623
13.99019814
12.00392056
3.60000014
3.54901981
10.92745304
9.72156811
11.69804096
15.50588417
8.95686340
5.48039246
4.11372566
2.03137302
2.42941213
1.08627462
1.77451015
4.31568670
4.93921566
10.91176510
14.48235416
3.80784297
2.79803944
10.01372623
10.44901848
11.05882263
15.59411907
11.54313755
6.01176500
4.74509811
2.14901996
2.22156906
0.93921572
1.59215701
4.35490179
4.70980406
8.05686283
15.30392265
5.31568623
2.12549043
8.37255001
11.58823681
10.96470642
15.21372509
14.63725662
6.73333406
6.11960745
2.38235331
2.27843165
1.04509878
1.33529449
3.73137259
4.33921576
5.79803944
14.95686245
7.40392113
2.37843180
5.78431368
11.94117737
10.41960621
14.92352867
17.21568680
8.79607868
6.06470633
3.17450976
1.99019659
1.67647099
1.52156866
2.47058821
4.33137274
5.27647066
12.21176529
10.02745152
2.99803925
3.66078424
11.57843208
10.71568489
13.60588074
18.49804115
11.59607887
5.92156887
3.58039260
2.09803963
1.62352967
1.73333347
1.24313736
4.81568718
5.72353029
8.79019547
12.27647018
3.30392170
2.65882397
9.62548923
11.71568871
12.23725510
18.41176414
14.07254982
6.44705915
4.16470575
1.70784330
1.73529410
0.85490197
2.06274533
4.15294170
6.23529387
6.00784397
13.98235321
4.49607801
1.91372561
7.27843189
12.45882416
11.01764679
17.50980568
16.96666908
7.13137245
4.67843199
1.99803948
1.69019616
0.51960784
2.43333387
2.51372552
5.77254915
5.16862822
12.49019432
6.56078339
2.07843161
4.75098038
12.26666832
10.59999847
15.40392017
18.86274719
9.21372604
4.94117641
2.28039265
1.70784366
1.19019628
2.41568637
1.51176500
4.39607859
6.38039255
9.65294170
8.30588341
4.12745094
2.79215693
10.63333321
10.38431549
13.18431377
19.45098114
11.91176796
5.67058897
2.88431382
1.56862760
1.74117672
1.70392156
1.83725500
3.71960831
6.32745075
7.23137283
10.35882378
4.80000019
2.62352943
8.40980434
10.85686302
11.49019623
18.96862411
14.38823700
6.88431311
4.05294180
1.70980430
1.78039241
1.04117656
2.26862717
2.77254891
6.48431349
5.76470566
12.20980263
5.18431377
3.60392165
5.60392189
10.59411621
10.65294170
17.22549248
16.58627319
7.87058783
4.70196056
1.83529460
1.97647083
0.69019639
2.51372576
1.88627481
5.17058849
6.74313736
12.20980453
5.73725557
4.98823547
3.68431401
9.50588226
10.79803944
15.49411869
17.95490456
9.35882378
5.81960773
2.07058859
1.92156863
1.16274536
2.13333321
1.70196116
3.60392165
8.62941170
9.54313660
8.17254925
5.22156858
2.86078453
8.01176643
11.02745152
13.24313927
18.77647591
10.91961002
6.56274605
2.64509821
1.31568658
1.63529444
1.49411774
1.92156875
2.72156882
9.07450771
7.00196171
10.72745132
4.77450943
2.70196080
6.13921595
10.67451000
11.58039284
18.49215889
12.83529568
6.83921623
3.43921566
1.27254915
1.31176507
0.99019605
1.76666713
1.65686285
8.34509850
6.08039236
12.75098133
5.17450953
3.85098028
4.12745094
9.20784473
10.85686398
17.67450905
15.69804001
7.04313707
4.11960888
1.36470628
1.07451010
0.44313726
1.78627503
1.27450991
5.72549105
6.77647161
11.98235321
6.67647123
5.36274576
2.73333335
7.64705801
11.45882607
15.13333511
18.12353325
8.21568584
4.48431349
2.05490232
0.48235294
0.63921577
1.54705906
0.82941186
3.27254915
8.15098000
7.78823614
9.30392265
5.24313736
3.14901996
6.58823490
11.65882492
13.49019718
18.70000076
10.51764870
5.16862726
3.03137302
0.54705894
0.54509813
1.01764727
0.53333336
1.66470623
7.82745171
5.47450972
10.88039398
4.75294113
4.52352953
5.79411793
10.87450886
11.59804058
18.68039703
12.43529415
6.26470518
3.37843180
1.36078477
0.51960784
0.42352942
0.74117661
0.54509807
6.07843161
4.82941151
11.15098190
5.99803972
5.63333368
4.80392218
9.32745075
11.00000095
17.24901581
14.58235168
7.19803953
3.81372595
2.17451024
0.60588241
0.19411765
0.84901989
0.59215695
3.47450972
6.57058859
8.81764698
8.07058811
6.83333302
3.68235326
8.52745056
10.95294094
15.27450943
16.81960869
8.34705925
4.86666632
2.79019618
0.71372557
0.17254902
0.46274510
0.75490212
1.89607847
7.67450905
6.26274586
10.06862640
6.54901981
4.44901991
7.65294075
10.63529396
13.53725529
18.01176453
10.02744961
5.93921518
2.99019647
1.26078475
0.28627452
0.20392157
0.49607843
0.80588275
6.74509811
4.55098104
11.71960735
5.84313726
6.00392294
6.28039265
9.89215755
11.51764584
17.74509811
11.80000114
6.78823471
3.53333354
1.75294173
0.52745104
0.11960784
0.19607843
0.85882378
3.69215703
5.29607916
10.69411850
6.97647142
6.92352962
4.29411745
9.20000076
10.63333321
16.47647095
12.95098114
7.05490208
4.69215727
1.88235319
0.72156882
0.16862746
0.15294118
0.88039231
1.72941172
5.47843266
7.37843132
9.39019775
7.38627434
3.69215751
8.41176510
10.40588379
14.71372604
13.94509888
8.13529396
5.45098019
1.88823569
1.05686295
0.23529412
0.17450981
0.76666677
0.81372553
5.52352905
4.32941151
10.76274586
6.99803972
4.49607849
8.09607887
10.10196400
13.33333206
14.09411812
9.64902115
5.56078434
1.87647080
1.12745130
0.38823530
0.20784314
0.32745099
1.02549028
3.74705839
3.94901943
11.17058849
7.18235350
5.64313698
7.21568632
10.01372623
11.37058926
13.79215813
11.37647247
5.56862736
2.43137312
0.84509826
0.53529418
0.16666667
0.21372549
1.15686297
1.95098054
4.86274576
9.08431435
8.36470509
6.93333292
5.09607887
10.50784492
10.52353096
13.46274567
12.10000134
6.53333282
3.10196114
0.59803933
0.56666678
0.20196079
0.28431374
0.68431371
1.21176481
4.64901876
6.68627548
9.95685863
7.25490189
3.95098066
10.05882359
10.50392056
12.41176510
11.92941284
8.28039360
3.89803958
0.83725512
0.61960793
0.22352941
0.27254903
0.31176472
0.65490204
3.50196075
5.14117670
11.26274681
7.33333349
4.19019556
8.10196114
10.72745037
11.35686398
11.55686283
9.80588436
4.71960831
1.39607894
0.86274523
0.34705883
0.13137256
0.48235294
0.36470589
2.21568656
4.35294151
11.31568527
7.05686378
5.90392160
6.02352905
10.77647114
10.43529320
11.19803810
10.64509773
5.38235378
2.09607887
0.90000021
0.56862766
0.11372549
0.53921568
0.34901962
1.55882382
3.99019647
9.34117699
7.75098085
7.20588112
4.52156878
10.55686283
10.36078358
11.07451057
10.13725471
6.33137274
2.78235316
0.90784341
0.83333361
0.13529412
0.19411765
0.88039243
1.13333356
3.51764774
7.38431454
8.90196133
7.28039217
4.30000019
8.93137264
11.35098076
10.59607887
9.82744980
7.46274519
3.57254958
1.21176493
0.59803921
0.36862746
0.21372549
0.94117671
0.81764722
2.93921614
4.97254944
10.00784397
7.24313688
5.38235331
6.97647142
11.91764832
10.04313660
9.50196171
8.53529549
4.51176453
1.19803953
0.47058824
0.42745098
0.17254902
0.64705890
0.84705889
1.77647078
3.84313750
9.42156887
7.28823471
6.81372643
4.95490217
12.14902020
9.91960907
9.24705982
9.08431530
5.03137350
1.53725541
0.49019608
0.32156864
0.10196079
0.45686275
0.51568627
1.39607871
3.05882406
7.86470604
7.55686235
7.43333292
4.19803953
10.51568508
10.90000153
9.18627548
9.20588207
5.84117699
2.10196090
0.63529432
0.37843138
0.14705883
0.16274510
0.57647067
0.90980405
3.10588241
5.63137245
8.04313660
7.10196018
4.54509878
8.14901924
11.39019680
9.25098038
9.09804058
6.59999990
3.03529453
0.95686316
0.41764706
0.17647059
0.16078432
0.34901962
0.71960801
2.56862760
3.30392170
8.77254963
7.14117622
5.69607782
5.13921547
11.24902058
9.70588303
8.52548981
7.75490141
3.47843170
1.14117682
0.35686275
0.36862746
0.21372549
0.27843139
0.48235294
1.76078451
3.23921561
7.66666794
7.48431396
7.35294151
4.38431358
9.77647114
9.70196152
8.56862736
8.55294132
4.09019613
1.08431399
0.34901962
0.48627451
0.17254902
0.58235300
0.40588236
1.29215705
3.96862745
5.91176510
7.44705915
8.97647095
4.38039255
8.37450981
9.96078491
8.57451057
8.40980434
5.43921566
1.08431399
0.50196081
0.62549043
0.13137256
0.76666701
0.70392174
1.01960790
3.74313736
4.44705915
7.99215651
9.24313736
4.79607821
7.09803963
10.15490341
8.61176491
8.08039284
6.07843208
1.59411812
0.48823529
0.72941190
0.12549020
0.72549027
1.20588243
0.96274537
2.87254953
3.69215679
7.81764698
7.73725510
6.86078548
5.14901972
9.86666775
9.21568489
7.92156792
7.37646914
2.50588202
0.58823544
0.53725499
0.19607843
0.57450986
1.31176472
1.77451026
1.55098057
3.38823628
7.23137283
6.71568680
7.48627520
4.18235302
9.00196075
9.52941227
8.72157001
7.75490189
3.88235354
0.49215686
0.36078432
0.16666667
0.36666667
1.01568639
2.86274552
0.51176476
3.92353010
5.59215641
6.85490179
7.51176548
3.43529439
7.82352877
9.82156944
8.69019604
7.63333321
5.10000086
1.11960804
0.10588235
0.30392158
0.12549020
1.51960814
2.55882406
0.90392184
2.99607873
3.98039246
7.08431435
6.79019594
4.27254868
6.11176491
9.88039303
8.35686302
7.53725624
5.99215698
1.98431432
0.20588236
0.33137256
0.12549020
1.93529463
1.91372550
1.25686312
1.56274521
3.70196104
6.01568604
6.52156830
5.67058802
4.04117632
9.67450809
8.98039246
7.28627396
6.95686197
3.09411788
0.23921569
0.41372550
0.12745099
1.99607873
1.59019637
1.08627474
0.48627451
3.80000067
4.47843170
6.96470547
6.29215717
3.23725533
8.47843075
9.44509888
7.70784235
7.26470757
4.56274509
0.44509804
0.34509805
0.12156863
1.32549024
1.48431444
1.06470609
0.61960787
2.89019608
3.67058873
6.48235178
6.83725500
3.58823562
7.55686283
9.03529644
8.41176510
6.67451000
6.06666708
1.03529441
0.21176471
0.22745098
0.12549020
2.31372523
0.91764730
0.53725493
2.02745104
4.17451000
5.42745066
7.30980396
3.72352958
6.64705944
7.97058916
8.32941055
6.41960812
6.89607906
2.02549052
0.18627451
0.14509805
0.18823530
2.22549033
0.53725499
0.35098040
1.47647071
5.52156878
4.57254887
7.14509678
4.93725491
5.09019661
7.45098019
7.26470661
7.01372576
7.34902000
2.86274529
0.17058824
0.17647059
0.14901961
2.22549057
0.74509835
0.30392158
1.65294123
4.66862774
5.51764727
6.52156925
5.95490170
3.60588264
7.17254829
7.20392275
7.76666689
6.94902039
4.09803867
0.26862746
0.18431373
0.16862746
1.10588241
1.34705925
0.56274521
1.38627470
4.46078444
6.21372700
5.64705944
6.57451010
2.91960812
7.18039179
7.13333368
7.78431463
6.27058887
5.64313793
0.80196100
0.15686275
0.21176471
0.12549020
1.48627460
0.88431388
0.93333352
4.33921528
7.05294037
5.12156820
6.69803858
3.11568666
6.92745066
6.85490179
6.68039227
5.87451029
6.73529530
1.53921604
0.11176471
0.22352941
0.12549020
1.35882378
0.90980417
0.60196084
2.97843122
8.03137302
5.04705906
6.15882444
4.21764755
5.47843170
6.93333340
6.50000048
6.06862831
7.30196095
2.33137345
0.14117648
0.16078432
0.12549020
0.88627452
1.19019639
0.42156863
2.34509826
7.26078415
6.08235312
5.44117689
5.32745075
3.70784354
6.61372519
6.98431349
6.99999952
6.64705801
4.10588217
0.18431373
0.14509805
0.12549020
0.73529416
1.32549047
0.60784328
2.31568646
5.33921623
8.01176548
5.00588226
5.31372643
2.82156873
6.27646971
7.18039227
7.50196028
6.16470575
5.83921528
0.30196080
0.19019608
0.10784314
0.12549020
1.78823555
0.81372571
1.27647078
4.38823509
9.49215794
4.17451000
4.41960859
3.00588298
6.27647114
7.06274462
7.33921623
6.39411783
6.73333359
1.24117744
0.14117648
0.12549020
0.12549020
1.44509828
0.77647090
1.00784326
3.30000019
8.81764793
4.68039274
3.92745066
3.74705911
5.12156820
6.60000038
7.03529501
7.05686235
6.72745085
2.34705949
0.12745099
0.13921569
0.12549020
1.42941177
0.70392168
1.14509821
2.21960831
6.82549095
5.94117785
3.73137236
4.04117680
3.82745099
6.15882397
6.91568708
7.00196028
6.25686312
3.66666651
0.12549020
0.14117648
0.12549020
0.99019611
1.09019637
1.22352934
1.87058830
4.19215679
7.40980291
3.41568637
3.74117661
2.83137274
6.15097952
6.97843075
6.77058840
5.65294075
4.64705944
0.24705882
0.13725491
0.12549020
0.12549020
1.68235338
0.52156866
2.28823519
3.39019632
7.47450972
2.84705925
3.88823581
2.23725510
6.03921652
6.90196037
6.24313641
5.67254925
4.87647009
0.66078442
0.12549020
0.12549020
0.12549020
1.66470635
0.41568628
2.10000038
3.19803977
6.42745066
3.47450995
3.89803910
2.41372561
4.95686293
6.44705772
5.74313736
6.11764669
4.72352934
1.51568687
0.12549020
0.12549020
0.12549020
1.39803934
0.53529412
1.88235307
3.01372576
5.06470585
5.37647057
3.49607849
2.98823524
3.66470599
6.42548990
5.80196047
6.44901943
4.25882387
2.31568694
0.12549020
0.12549020
0.12549020
0.69019616
1.05686307
0.89607847
3.21372628
4.28627491
6.63333321
3.50392103
3.61568642
3.55686307
5.98039198
6.56470585
5.61372614
4.46862841
3.12156916
0.13333334
0.12549020
0.12549020
0.12549020
1.35686326
0.30588236
3.10392165
3.79411793
6.71372604
4.05098057
4.10588264
3.72549057
5.26274538
6.92549038
4.95294142
4.58627462
3.75882363
0.12549020
0.12549020
0.12549020
0.12549020
1.35686314
0.30980393
2.37254930
3.82352972
5.92156982
5.42941284
3.80000043
3.60000014
5.22745180
6.23725367
4.54117680
5.39999962
3.67451024
0.42549020
0.12941177
0.12549020
0.12549020
0.91372555
0.65490222
1.45294118
4.30588293
5.25098085
6.32549095
3.47843146
3.07058811
4.92548990
5.45098066
4.92352915
4.80588245
3.18823576
1.02156925
0.13333334
0.12549020
0.12549020
0.42745098
1.03333390
0.95490199
3.81568623
4.30784321
7.22548914
2.99215722
2.98823524
3.99803925
4.87058783
5.50392151
4.05686331
3.25686312
0.99607867
0.14901961
0.12549020
0.12549020
0.12549020
1.22941196
0.58627456
2.91568661
3.89019585
7.10196018
3.78235364
2.73137307
2.91960835
4.41960859
5.50392199
4.17451000
3.59215665
0.96666706
0.14901961
0.12549020
0.12549020
0.12549020
0.85686290
0.60784322
2.19019628
3.60196114
6.15098047
5.17647076
2.80196142
2.26078439
4.48235321
5.17647123
4.02549076
4.15294170
1.39215744
0.14313726
0.12745099
0.12549020
0.12549020
0.64705890
0.69607854
1.24117661
3.65294194
4.12941170
6.40392065
3.28627443
2.42156863
4.26274538
4.98823500
4.92745161
3.94313765
2.27843189
0.16274510
0.13137256
0.12549020
0.12549020
0.38235295
0.69803941
0.60196084
3.25490212
3.49803925
5.86666679
3.80980420
2.85294151
4.27254915
4.35294104
6.33725500
4.09411812
3.10000014
0.18039216
0.14901961
0.12549020
0.12549020
0.12549020
0.84901977
0.41176471
2.65686297
3.00784349
5.49607849
4.27647114
2.75686312
3.90000033
4.65882397
6.87451029
4.29607773
3.80000019
0.67647099
0.12549020
0.12549020
0.12549020
0.12549020
0.53137255
0.40000001
2.02156878
2.94117713
5.51764679
4.88039255
2.94902039
3.53137255
5.09607840
6.10980320
4.51372576
4.70196104
0.84901989
0.13137256
0.12549020
0.12549020
0.12549020
0.38039216
0.32941177
1.23137271
2.77647066
5.42745113
5.72156954
2.82352972
3.63725543
5.22549009
4.44313717
5.40784216
5.11568642
1.11372590
0.17254902
0.12549020
0.12549020
0.12549020
0.29803923
0.21372549
0.70588243
2.72156882
4.49411821
6.73921633
3.12352991
2.99411821
5.37843180
3.91568661
5.93921566
4.91176462
1.68235290
0.35098040
0.12549020
0.12549020
0.12549020
0.12549020
0.22156863
0.16862746
2.76862788
4.11176491
6.67647171
3.67058873
2.81960821
5.22549009
4.68823528
5.35098171
4.89215755
2.71176553
0.29215688
0.12549020
0.12549020
0.13333334
0.12549020
0.21764706
0.13529412
1.03921568
5.09215689
5.97843075
3.92549062
3.02745056
4.02941132
5.32156801
4.71372509
5.02941179
3.84313726
0.18823530
0.12549020
0.12549020
0.13725491
0.12549020
0.27058825
0.16470589
0.15098040
5.04117727
4.59215736
4.92745113
3.12352967
2.64313745
5.19999933
4.31176472
5.57254934
4.09607840
0.41764706
0.14901961
0.12549020
0.14509805
0.12549020
0.15686275
0.28235295
0.13725491
4.59019566
3.79803896
5.21372461
3.10392165
2.28627491
4.42352962
4.34313774
5.69019556
4.29999971
1.05686295
0.17254902
0.12549020
0.12941177
0.13725491
0.12549020
0.21764706
0.12745099
3.29803920
4.31764698
5.72549057
3.19411755
2.54117680
3.89215684
4.08235312
5.82941151
4.26862812
1.46274543
0.16274510
0.12549020
0.12549020
0.12549020
0.12549020
0.17254902
0.12549020
1.82156885
4.62941217
5.76078367
3.78823590
2.34705925
3.22352934
4.33137226
5.42156887
4.60000038
1.95098066
0.22352941
0.12549020
0.12549020
0.12549020
0.12549020
0.14313726
0.12549020
0.52352941
4.46274614
5.01372576
4.74705839
2.26470613
2.62352967
3.99411750
4.77843189
5.32352972
2.76862741
0.16666667
0.12156863
0.12549020
0.12549020
0.12549020
0.13137256
0.11960784
0.22156863
3.81372499
3.84313726
5.50784349
2.56470609
2.37647057
3.23137307
4.37450981
5.68823576
3.68823552
0.34117648
0.15686275
0.12549020
0.12549020
0.12549020
0.12549020
0.12745099
0.12745099
2.32941175
4.62941217
5.99607801
2.84509850
2.48039269
2.60196090
3.69803953
6.06666708
4.02353001
0.74117672
0.24509804
0.12549020
0.12549020
0.12549020
0.12549020
0.12941177
0.12549020
1.20392156
5.31568670
5.37843180
3.82549047
2.23333383
2.40784383
3.55686259
5.65686321
4.44117641
1.32352972
0.26470590
0.14509805
0.12549020
0.12549020
0.12549020
0.11176471
0.12549020
0.37450981
5.06862831
4.74313736
5.05882454
1.96862769
2.05294156
3.41764712
4.90392208
4.75294161
2.53725529
0.17843138
0.22941177
0.12549020
0.12549020
0.12549020
0.11960784
0.11372549
0.16078432
4.48039246
3.76078463
5.94705868
2.08627510
2.21176481
2.76862764
4.39019585
5.33529520
3.15490198
0.52549028
0.21764706
0.12549020
0.12549020
0.12549020
0.12549020
0.14901961
0.12941177
2.70196080
4.14509869
5.82745123
2.76078439
1.65490198
2.50000000
4.00980473
5.50980425
3.38235307
0.95882398
0.29803923
0.12549020
0.12549020
0.12549020
0.12549020
0.13725491
0.11372549
1.53921580
4.34509802
4.79803991
3.29803896
1.66078472
1.88039207
3.88039231
4.88823509
3.65098071
1.18823564
0.48235294
0.13725491
0.12549020
0.12549020
0.12549020
0.12745099
0.10392157
0.29607844
4.78823471
3.56078434
4.61176491
1.23137283
2.18823576
2.99607849
3.90000033
4.00392199
1.08235312
0.90392178
0.15490197
0.12549020
0.12549020
0.12549020
0.12549020
0.12352941
0.13333334
4.12941217
2.41176534
6.14509869
1.22745121
1.69411778
2.91176486
3.00392175
4.13333321
1.27058852
1.17843175
0.14313726
0.12549020
0.12549020
0.12549020
0.12549020
0.12941177
0.18431373
2.36274529
3.16470623
5.33725452
2.09411764
0.65882373
2.14705920
3.35098052
3.90588260
1.57254946
1.56470597
0.16666667
0.12549020
0.12549020
0.12549020
0.12549020
0.13725491
0.20000000
0.83921576
3.85098004
4.19019604
2.96470571
0.50392157
1.09215701
2.87058806
3.23333359
1.60588276
1.78039241
0.73725510
0.14705883
0.12549020
0.12549020
0.12549020
0.15294118
0.17647059
0.15098040
4.81764746
2.82352948
3.99607849
0.77058846
0.53921574
2.05686307
2.82549095
2.38823581
1.37843156
1.21764755
0.20392157
0.12549020
0.12549020
0.12549020
0.12549020
0.17450981
0.12549020
4.36274529
2.46470594
5.13137293
1.13921607
0.21372549
1.43725514
2.87254930
2.75294089
1.18235326
1.18823540
0.23725490
0.12549020
0.12549020
0.12549020
0.12549020
0.12549020
0.12549020
2.91960812
3.34705901
4.76078415
1.56862760
0.34509805
0.90980411
2.62745142
2.81764698
1.04509842
1.49019647
0.30980393
0.11764706
0.12549020
0.12549020
0.12549020
0.12549020
0.12549020
1.38431382
4.58431387
3.68627477
2.01372576
0.52549022
1.26274514
2.18039274
2.54509878
1.20980430
1.39215708
0.57843143
0.24117647
0.12549020
0.12549020
0.12549020
0.12549020
0.12549020
0.17254902
5.46666718
2.50392199
3.38431430
0.59411770
1.18431389
1.67647076
2.08039260
1.72156918
1.38823545
0.96470624
0.17254902
0.12549020
0.12549020
0.12549020
0.12549020
0.12549020
0.12352941
4.62549019
1.79215717
5.08431435
0.74901968
0.62352943
1.48627472
2.15686297
2.52745104
1.00588250
1.19215763
0.43137255
0.13529412
0.12549020
0.12549020
0.12549020
0.12549020
0.12549020
2.77058840
2.88823581
4.63725471
1.15490198
0.57843149
1.01176488
2.28823614
3.32745051
0.82941192
1.55882359
0.40588236
0.13333334
0.12549020
0.12549020
0.12549020
0.12549020
0.12549020
0.94901967
3.92549014
4.13333368
1.55294168
0.81176507
0.55294126
2.37058854
3.59019661
0.87843168
1.72549057
0.22941177
0.17843138
0.12549020
0.12549020
0.12549020
0.12549020
0.12549020
0.15490197
4.10588264
3.09019613
2.91568661
1.12549019
0.60980392
1.98627472
2.39607859
2.16470623
1.53921568
0.60588247
0.16862746
0.12549020
0.12549020
0.12549020
0.12549020
0.12549020
0.12745099
2.92549038
2.43137312
4.65294218
1.39803922
0.39803922
1.48627472
1.60000026
3.24705911
1.49607873
0.81960791
0.17647059
0.18627451
0.12549020
0.12549020
0.12549020
0.12549020
0.14117648
1.25294125
2.86470628
4.83137226
1.54705930
0.85882372
1.46862769
1.25686300
3.40784311
1.49215710
1.10784328
0.43333334
0.16470589
0.12549020
0.12549020
0.12549020
0.12549020
0.12549020
0.60000002
2.65882397
4.39215660
1.88627470
0.86078477
0.98823547
1.74705911
3.03725505
1.83333385
1.23921585
0.59607875
0.12549020
0.12549020
0.12549020
0.12549020
0.12549020
0.12549020
0.11764706
2.70392156
2.97254944
2.73921633
0.77058834
0.86666673
1.21568644
2.15098071
2.92352986
1.31568670
0.55098045
0.15882353
0.12549020
0.12549020
0.12549020
0.12549020
0.12549020
0.11764706
2.06666684
2.13725543
3.19215751
0.77647066
0.60588241
1.01960790
1.32352960
3.47254920
1.02352953
0.52549028
0.21960784
0.12352941
0.12549020
0.12549020
0.12549020
0.12745099
0.13137256
1.18039215
2.17058849
3.08431411
0.79607868
0.83921593
0.63137275
1.66274536
3.04705882
1.04705918
0.84901989
0.17450981
0.12156863
0.12549020
0.12549020
0.12549020
0.12549020
0.14117648
0.57843143
2.66274524
2.55686283
1.67451036
0.98431408
0.74901980
1.15490210
2.99215722
1.37647104
1.15686309
0.41372550
0.21764706
0.12549020
0.12549020
0.12549020
0.12549020
0.14117648
0.16862746
2.97254920
2.11176491
2.39019656
1.10392189
0.87843150
0.71176469
3.07843184
2.11568689
1.01568639
0.83921593
0.37843138
0.12549020
0.12549020
0.12549020
0.12549020
0.14901961
0.15686275
2.12745118
1.88235319
3.12941194
1.12745106
1.02941191
0.48235294
3.21568632
3.14313698
0.99215704
0.81568658
0.46274510
0.14509805
0.12549020
0.12549020
0.12549020
0.13725491
0.12549020
0.82352942
2.25098038
3.44509840
0.91764736
0.49411765
0.76274550
2.74509811
4.08039284
1.05294156
1.17058825
0.48431373
0.17647059
0.12549020
0.11764706
0.12549020
0.12745099
0.13137256
0.26470590
2.26274514
2.79019594
1.60588276
0.27058825
0.84705901
1.98431385
4.09803963
1.48627484
1.17451012
0.82549053
0.17450981
0.12549020
0.12549020
0.12549020
0.12549020
0.12941177
0.13529412
2.06666684
1.78823555
2.46274543
0.33725491
0.68235308
1.30980408
3.74313760
1.89019644
1.14705896
1.04313755
0.22156863
0.12549020
0.14117648
0.12549020
0.12549020
0.12549020
0.12549020
1.82941175
1.42745125
3.03921604
0.55882359
0.51568627
0.79215693
3.05098081
2.50588250
1.22549033
0.83921576
0.32549021
0.12549020
0.12745099
0.15098040
0.12549020
0.12549020
0.12549020
0.90000004
2.23529410
2.99019623
0.96470618
0.53137255
0.66666681
2.59607863
2.65490198
1.11176515
0.87058848
0.59411776
0.12352941
0.12549020
0.15294118
0.12549020
0.12549020
0.12941177
0.65882355
2.28627467
2.40196133
1.61960852
0.80784339
0.43137255
2.12549043
2.90392184
1.10588276
0.82156885
0.69607872
0.22745098
0.12549020
0.14117648
0.12549020
0.12549020
0.16470589
0.37254903
2.28823543
1.29803944
2.26666689
0.93725520
0.17058824
1.81568658
2.34509826
1.43725502
0.77450991
0.90980411
0.31764707
0.12549020
0.12549020
0.12549020
0.12549020
0.16862746
0.13725491
1.92745113
0.84705907
2.29607892
1.07058847
0.25294119
1.28235316
1.53529441
1.89607894
0.91960812
1.03137267
0.43137255
0.12549020
0.12549020
0.11764706
0.12549020
0.11568628
0.11568628
1.07843161
1.24902022
2.23529434
0.73529452
0.39019608
0.82549024
1.67451000
1.85294127
0.99411803
0.82156885
0.69607866
0.16470589
0.11960784
0.13921569
0.13137256
0.09607843
0.14705883
0.55882353
1.45882392
1.39999998
0.83137286
0.19607843
0.58431375
1.33921564
2.12549043
0.94313741
0.65686285
0.45686275
0.21568628
0.09803922
0.13333334
0.13333334
0.13529412
0.19411765
0.24901961
1.47451007
0.78627473
1.38431406
0.30196080
0.29411766
1.44705892
1.71176493
1.30784321
0.49019608
0.67647076
0.21568628
0.15294118
0.13333334
0.12941177
0.20588236
0.16862746
0.24313726
1.00196099
1.29607868
1.17254925
0.44117647
0.30980393
1.06666684
1.61372602
1.57647073
0.61176491
0.90980422
0.18823530
0.16470589
0.21764706
0.12745099
0.14313726
0.27647060
0.33921570
0.93333346
1.22745132
1.06274509
0.44313726
0.30000001
0.63529414
1.68039238
1.62156904
0.82549047
0.74117666
0.16078432
0.17647059
0.22352941
0.12549020
0.12156863
0.25098041
0.38627452
0.66078436
1.42156899
0.67058831
0.71176487
0.26274511
0.31176472
1.64117706
1.59803963
1.05294144
0.54901963
0.37254903
0.16666667
0.15686275
0.13333334
0.14509805
0.14509805
0.30784315
0.44313726
1.39607871
0.65882361
0.80392176
0.33529413
0.21176471
1.44117653
1.37451029
1.10196090
0.62352943
0.47450981
0.14901961
0.13333334
0.13333334
0.17450981
0.17647059
0.30000001
0.22549020
1.57254922
0.71568662
0.89803940
0.40196079
0.13921569
0.59411764
1.63529432
1.12156880
0.73529428
0.32549021
0.23529412
0.18235295
0.15098040
0.12549020
0.24901961
0.30588236
0.31568629
0.89019620
1.11764741
0.89215702
0.45882353
0.27647060
0.46862745
1.55098057
1.23529458
0.91764718
0.28039217
0.21764706
0.14509805
0.12745099
0.15294118
0.18235295
0.22549020
0.36862746
0.82156867
1.05882382
0.48431373
0.68627459
0.32549021
0.17450981
0.80000019
1.67843151
0.53137261
0.70980418
0.42549020
0.15686275
0.14901961
0.16862746
0.10588235
0.13921569
0.42352942
0.55098039
1.35490227
0.52941179
0.93921590
0.44509804
0.25686276
0.44509804
1.34901965
1.16666710
0.78235304
0.72549027
0.17058824
0.37647060
0.14313726
0.27254903
0.14313726
0.40000001
0.47058824
1.60000014
0.69411778
0.61372560
0.78823543
0.33333334
0.33921570
0.91764712
1.53529453
0.89607847
0.78431398
0.31960785
0.18235295
0.21372549
0.31568629
0.17843138
0.44901961
0.57843143
1.02745104
1.10196114
0.49019608
0.60784328
0.40000001
0.28039217
0.76470596
1.43529427
0.66078436
0.80196089
0.41960785
0.12549020
0.10980392
0.20000000
0.14313726
0.25098041
0.42549020
0.62549025
1.26274550
0.50980395
0.62745124
0.45882353
0.32941177
0.59607852
1.07647073
0.88431388
0.74509817
0.35686275
0.16470589
0.19803922
0.11372549
0.13333334
0.17450981
0.29411766
0.39215687
1.24901974
0.53725493
0.92745125
0.23333333
0.46862745
0.41372550
1.09607852
0.69607854
0.80196095
0.42156863
0.22549020
0.18431373
0.14705883
0.19607843
0.28235295
0.30392158
0.29019609
1.22549045
0.66470599
0.89803940
0.33137256
0.39607844
0.32156864
0.87254912
0.80588245
0.78039247
0.37450981
0.50588238
0.20000000
0.20784314
0.21176471
0.22352941
0.43725491
0.38235295
0.95490205
0.70392168
0.77058834
0.32745099
0.40784314
0.39019608
0.79607850
1.06274533
1.02352965
0.64313734
0.55882359
0.24117647
0.30000001
0.27450982
0.22352941
0.22745098
0.33725491
0.58431375
0.93529439
0.82156879
0.53529418
0.37058824
0.47058824
0.40196079
1.44901967
1.20784330
0.59607846
0.51764715
0.26078433
0.24313726
0.22941177
0.20980392
0.22941177
0.39607844
0.35882354
0.80588251
0.90392166
0.65294129
0.55490196
0.40392157
0.49607843
0.94705904
1.35686302
0.70196104
0.58823532
0.29411766
0.18627451
0.21176471
0.20980392
0.20196079
0.42745098
0.47843137
0.56274515
0.68039232
0.62156868
0.43921569
0.60196108
0.32352942
0.98823535
1.03333342
1.01568651
0.64117664
0.48039216
0.19411765
0.23921569
0.23921569
0.18627451
0.29019609
0.50196081
0.67254913
0.84705901
0.53529418
0.36470589
0.47254902
0.21568628
0.79607856
1.35490239
1.09803951
0.68039227
0.55098057
0.33137256
0.31764707
0.25686276
0.20588236
0.18627451
0.33137256
0.67450988
1.05490232
0.62352949
0.51372552
0.39215687
0.21176471
0.82941192
1.38627481
1.31568658
0.65490204
0.56078446
0.43725491
0.32941177
0.29019609
0.25490198
0.25098041
0.35882354
0.44901961
0.86666673
0.71372569
0.72352958
0.38235295
0.27843139
1.09215713
1.26862752
1.33137310
0.91764730
0.75686294
0.44901961
0.36862746
0.35490197
0.28431374
0.34117648
0.37254903
0.32745099
0.91176486
0.64509815
0.74313742
0.32352942
0.49607843
1.05294120
1.05882370
1.43921614
1.28039253
1.17451000
0.59803933
0.45882353
0.18823530
0.38039216
0.39803922
0.28431374
0.60196096
0.58431375
0.76470602
0.75882375
0.43921569
0.36274511
0.88627476
1.41372573
1.86274552
1.12352967
0.94901979
0.79215693
0.64705890
0.21176471
0.19215687
0.29607844
0.31960785
0.49215686
0.57843143
0.74509805
0.60588241
0.65686309
0.54509807
0.86078447
1.13137281
1.70392168
1.30392182
1.09215713
0.68039221
0.34313726
0.37843138
0.23333333
0.39607844
0.14705883
0.50980395
0.66470593
0.83921599
0.78627473
0.64901978
0.54117650
0.78823549
1.03725505
1.31372571
1.60000014
1.22549069
0.58627456
0.35294119
0.28431374
0.27058825
0.28039217
0.27647060
0.45882353
0.55294126
1.03529429
0.81372577
0.64117664
0.47254902
0.70196104
0.66078436
1.11568654
1.81960797
1.34117687
0.80980420
0.40784314
0.15686275
0.31568629
0.35490197
0.33725491
0.34705883
0.64901972
0.84509838
0.66862774
0.76862758
0.50392157
0.43725491
0.45098040
0.96666694
1.97451007
1.28823543
1.27058864
0.47058824
0.26274511
0.46274510
0.58627456
0.36078432
0.40392157
0.57058829
0.98039228
0.72156894
0.71372557
0.55294126
0.50196081
0.64705890
0.86862755
1.81960797
1.33529425
1.41960824
0.75686282
0.40784314
0.56862748
0.60392159
0.37647060
0.73333365
0.58039218
0.79019618
1.16078448
0.87647074
0.58039230
0.72156876
0.73725504
0.87647080
1.78235304
1.40392172
1.54902005
0.88235319
0.61372566
0.56666672
0.38039216
0.67451000
0.82549024
0.63529438
0.67254907
1.15882373
0.90196109
0.88627487
0.89803928
0.70980400
1.08431387
1.47058833
1.87843156
1.42941189
1.03137267
0.94117677
0.36470589
0.65098053
0.63921583
0.74313730
0.66470605
0.49607843
1.14705932
0.86078447
1.05294156
0.96862757
0.54509813
0.71960795
1.58823550
1.98627496
1.48627484
0.88039249
1.09411788
0.61764717
0.61960799
0.57254905
0.65882361
0.70980418
0.61764711
0.91568649
1.07254934
0.92156875
0.74901980
0.80000013
0.69411772
1.27058840
1.60980403
1.45686293
1.08627450
0.98823535
0.76470608
0.64509809
0.60196090
0.40196079
0.99411768
0.88823545
0.78235310
1.27451003
0.68235314
0.96862775
0.95490217
0.87843150
1.00588250
1.44901991
1.42549062
1.28823566
0.90980405
0.83333361
0.52941179
0.71568638
0.56862754
0.81764716
0.99411786
0.75294131
1.19607866
0.90392178
1.10196114
0.82745111
1.10980415
1.11372566
1.12156892
1.47843158
1.43137276
1.01960802
0.88823545
0.48823529
0.62941194
0.81960791
0.59607846
0.92745113
0.60196090
1.04117680
1.18235338
0.92745113
0.75882363
0.99411798
1.26862764
0.99803942
1.51960814
1.56078446
1.06862772
0.91568637
0.42941177
0.91764730
0.81568646
0.42352942
0.90784335
0.80392194
0.88431388
0.97843158
0.69607854
0.67450988
1.33725524
1.03333354
1.11568666
1.57647085
1.38823569
1.11764729
0.95686299
0.54509813
0.79019618
0.89411783
0.70980412
0.67058825
0.79607868
0.93333352
0.93921596
0.66274524
0.57058829
1.50196111
1.15098047
1.06666684
1.39607871
1.34313738
0.97451019
1.20196092
0.64117670
0.65882367
1.01568651
0.78039241
0.56078446
0.88823545
0.83921576
1.17451012
0.97254920
0.59215689
1.20980418
1.20980418
1.10000014
1.31568635
1.26470602
1.30000043
1.08039224
0.73921585
0.74509817
0.92941195
0.88039225
0.64509809
0.73333335
0.79019630
1.35098064
0.94509816
0.78235304
0.96666688
1.39215696
0.93333352
1.24901986
1.50196087
1.29411805
1.01568663
1.37058854
0.82941186
0.93137270
0.73529428
0.53333342
0.83725512
0.85098064
1.21960807
1.00980413
0.88431394
0.88039225
1.29019630
0.95098066
1.12549055
1.64313781
1.24117708
1.17254925
1.43725526
1.01176488
0.74509835
0.61764717
0.77254927
0.74117666
0.70000017
1.13725507
1.02549052
1.24313748
1.11764729
1.19411790
1.09607863
1.12549055
1.46274555
1.87058830
1.49803948
1.15098059
1.20588243
1.16078472
0.66274518
0.76470602
0.74117655
0.68823546
1.02352953
1.16078460
1.24901974
1.30000019
1.02941203
1.12156892
1.09411800
1.45490241
1.84313726
1.57451010
1.26470625
1.14705908
1.64901984
0.80392176
0.85294145
0.90784329
0.81372565
1.06666684
1.43333364
1.07647073
1.50784338
1.07254922
1.09803951
1.15098071
1.28235304
1.57254934
1.45490205
1.23333371
1.20000029
1.55294132
1.06862783
0.82156879
0.87647086
0.92745125
1.20784330
1.49019647
1.00000024
1.47843158
1.22745121
1.32745123
1.19607866
1.28627479
1.45490217
1.34902000
1.22745121
1.21176505
1.26862788
1.28039253
0.88039237
0.78627461
0.91176486
1.21764731
1.33529425
1.04313755
1.08627474
1.32941186
1.36470628
1.27254927
1.08039236
1.42156899
1.62941217
1.34902000
1.20196092
0.87843162
1.22549033
0.89019626
0.85294139
1.05882370
1.08431387
1.25098050
1.32745111
0.88627470
1.21372581
1.16274548
1.26470613
1.10784340
1.47647071
1.58431387
1.54117668
1.15294135
0.75686294
0.93529445
0.92745125
0.80196089
0.88431388
0.90000004
0.84901977
1.30000019
1.10784352
1.41764724
1.04705918
1.20980406
1.23921597
1.41176498
1.71764719
1.62156892
1.22941208
0.87647086
0.96274537
0.93725508
0.98823553
0.94705904
0.94313759
0.83725500
1.14313745
1.08235335
1.19607854
1.30196095
1.37451005
1.21176481
1.43529427
1.75882387
1.55098069
1.30980408
1.33529437
1.10196114
1.09803951
0.77843142
1.19803941
0.96470618
0.75294143
1.50196135
1.03333366
1.11764717
1.26078451
1.24313748
1.33921599
1.21960819
1.50196099
1.52352989
1.32941210
1.30784333
1.31764734
1.16862774
0.99215704
1.21372569
1.01764727
0.94313735
1.15882373
1.29411793
1.16666687
1.12156892
1.15490210
1.20980418
1.50000036
1.12745106
1.36862755
1.47843146
1.07843161
1.40784347
1.10392177
1.17647076
1.51764750
1.09607863
1.02549040
1.17451000
1.29215693
1.24901974
1.20196104
1.41372573
1.20000029
1.56862772
1.20392179
1.59411776
1.32745147
0.95098066
1.49019647
1.16274536
1.26274526
1.49411798
1.19215715
0.94117677
0.97647083
1.50980413
1.12352967
1.25294149
1.72352970
1.35098076
1.58039212
1.38235331
1.69019639
1.34117651
1.25686288
1.33921599
1.51960802
1.21764731
1.36470604
1.04117668
1.03529429
1.07254934
1.20588255
1.22941208
1.31372583
1.35686302
1.34313738
1.57450998
1.53725505
1.43137288
1.55294156
1.54117680
1.33725512
1.39607847
1.28823555
1.07450986
1.06862783
1.45294130
1.65490210
1.19411778
1.12941206
1.20980418
1.08039248
1.35490239
1.38823545
1.32941198
1.46666706
1.59607863
1.66274536
1.19607854
1.00588262
1.41372561
1.07450998
0.98431408
1.25490212
1.58823550
1.13725519
1.24117661
1.09411788
1.32352960
1.23333359
1.11960816
1.40196097
1.47843170
1.38039243
1.37254918
1.47451031
0.95686293
1.37843156
1.28235328
1.30000043
1.22156870
1.29215693
1.37647069
1.15882385
1.20980406
1.33921587
1.28627491
1.51372588
1.20588231
1.33529437
1.62941206
1.44313741
1.54509819
1.25098062
1.14509821
1.14901984
1.16666675
1.14509809
1.34901989
1.29019642
1.24117672
1.40588260
1.43725526
1.38039219
1.36666691
1.57254946
1.51960790
1.30784333
1.51764715
1.11372578
1.29411805
1.20392191
1.30980420
1.35686314
1.08823538
1.36274517
1.12745118
1.66666698
1.06078446
1.37843192
1.76470625
1.27843153
1.80392170
1.55882359
1.51176488
1.26470613
1.55294144
1.21960807
1.15294123
1.30980396
1.35686302
1.35294163
1.41960824
1.17843163
1.36862767
1.69607866
1.23921597
1.72941172
1.25686312
1.51372576
1.35490227
1.53333354
1.47451019
1.47647083
1.43921614
1.35882378
1.37843156
1.50588262
1.19803917
1.32549071
1.50588274
1.45882404
1.68431389
1.34509814
1.54117668
1.36078465
1.09019625
1.10392201
1.36470616
1.54313767
1.36274529
1.52352953
1.34509838
1.81960785
1.35490203
1.48431396
0.89215714
1.38235307
1.52549076
1.34313762
1.46666706
1.53137279
1.48235321
1.42352986
1.07058859
1.27058840
1.78627491
1.50196111
1.60784352
1.30196118
1.74901998
1.26470637
1.37450993
0.79803938
1.42352962
1.60980427
1.21568632
1.77254939
1.61764729
1.28431392
1.55294168
1.16666687
1.27254915
1.76666701
1.74705911
1.50392163
1.16470611
1.47058880
1.54313743
1.45490205
1.10196102
1.03333354
1.74509823
1.39607906
1.80588269
1.74901986
1.34902012
1.40784359
1.22352970
1.17843163
1.61960804
1.74313736
1.60980415
1.32156897
1.37647104
1.57647061
1.52941179
1.28823555
1.23137271
1.63333368
1.71960807
1.64313734
1.46470630
1.67254925
1.31764710
1.34901989
1.19607866
1.58627474
1.77843177
1.71372592
1.33333361
1.52156889
1.45098066
1.71176493
1.35294139
1.37254918
1.53921628
1.71960831
1.32941198
1.73725522
1.50784338
1.40980411
1.33333349
1.54509842
1.47254932
1.82353008
1.56862760
1.49215710
1.68431377
1.40196109
1.37843168
1.53921604
1.13137281
1.64705908
1.24901974
1.65098059
1.35882354
1.69803941
1.39803946
1.53137290
1.40784347
1.49803948
1.50588274
1.57254922
1.63921607
1.43529439
1.73725498
1.43137288
1.32941198
1.18039250
1.73725510
1.06274533
2.09607863
1.27451015
1.53333354
1.59803939
1.69215691
1.35098052
1.44509816
1.33333373
1.46470618
1.51568639
1.71764743
1.72549045
1.47843158
1.48039246
1.36078429
1.56078434
1.51568639
2.15686274
1.32352972
1.58039260
1.34313762
2.00000024
1.51960814
1.43921614
1.55098081
1.29411793
1.43725502
1.96666682
1.76470590
1.46274543
1.54313743
1.51764727
1.41960824
1.91176510
1.69607866
1.69804001
1.67843139
1.33725524
1.75686324
1.63921630
1.45686316
1.54901993
1.31568670
1.55686307
1.82549059
1.45882380
1.71960819
1.37254918
1.35294127
1.21568656
1.57254934
1.96862757
1.74117684
1.72352970
1.43921590
1.68823552
1.60000038
1.53725493
1.66666698
1.12549043
1.65098047
1.63529432
1.15686297
1.60000002
1.07647085
1.14117670
1.10980427
1.34117675
1.95686281
1.79019630
1.86078441
1.45882404
1.87843144
1.50784338
1.59803939
1.59215701
1.11568642
1.61176503
1.86470604
1.17451012
1.51960814
1.00392187
1.26078463
1.24313748
1.45686293
1.64509833
1.99607873
1.88627481
1.45686305
1.68235314
1.51176488
1.67843175
1.66862786
1.53137302
1.69803941
1.65490234
1.38039243
1.42745101
1.54313743
1.18627465
1.36078441
1.56666696
1.63725483
1.84509814
1.82549047
1.53137279
1.54509819
1.40784335
1.81764734
1.68627465
1.74705911
1.73529458
1.67451000
1.66470623
1.43529451
1.66470611
1.40588248
1.25686300
1.47647083
1.77058840
1.72549033
1.67843151
1.62549055
1.63725543
1.55490232
1.54117656
1.64117670
1.59215713
1.86274540
1.62745130
2.06470609
1.47647083
1.65490234
1.38823557
1.33725524
1.49215710
1.55294156
1.77254939
1.61764741
1.43137288
1.97647083
1.64313745
1.52352953
1.60196102
1.47843158
1.70588279
1.62156904
2.15294170
1.71372569
1.65490222
1.41960812
1.41568661
1.49019635
1.43725514
1.86078489
1.45490241
1.35294139
1.83137274
1.65490234
1.84313750
1.66078460
1.14901996
1.77058876
1.59607899
2.00196123
1.86274540
1.80392182
1.55490220
1.53333366
1.67058825
1.72549033
1.77843177
1.61764753
1.33137274
1.68039227
1.74509835
1.71764743
1.72352970
1.50392187
1.55686307
1.53137279
1.94901967
1.99803948
1.81568635
1.79411781
1.54117680
1.70980418
1.69803953
1.85490215
2.02745128
1.38823557
1.92941189
1.71568668
1.69019639
1.43333352
1.64901984
1.60784352
1.59411788
2.06078458
2.01568651
1.80784369
1.77058852
1.59411788
1.63137281
1.45882404
1.64509809
2.03333354
1.60196114
1.84117663
1.76274538
1.85294151
1.33725488
1.56274533
1.73137295
1.40784335
2.00196099
1.88431442
1.72549045
1.81176507
1.90784347
1.52352977
1.60980415
1.53921580
1.57058859
1.65882373
1.65686309
1.71176517
1.80000007
1.57843173
1.90196085
1.55294132
1.60392177
1.78235316
1.80784357
1.69215727
1.93333364
1.89019644
1.42156887
1.43725526
1.50588262
1.81176507
1.79803956
1.72156894
1.55294144
1.65882385
1.69607878
1.86078465
1.65882385
1.62745106
1.63725519
2.11176491
1.73921585
1.80784357
1.75098073
1.53529441
1.43921566
1.43333364
1.94902015
1.72352958
1.97450995
1.17843163
1.69411814
1.45882380
2.14705920
1.64117658
1.70980418
1.72549021
2.25490212
2.08431411
1.72941232
1.60392165
1.74509835
1.44117677
1.57843149
1.62941206
1.89607871
1.90784323
1.24509811
1.62156904
1.62745118
1.57843184
1.93137276
1.87058866
1.59607887
2.50588250
2.31960797
1.65686297
1.73333335
1.63725519
1.42941201
1.32745123
1.84509838
1.90000033
1.91960812
1.48431385
1.39607871
1.80196118
1.58039248
1.71568656
1.85882378
1.89019608
2.12745094
2.11764741
1.83137298
1.56470621
1.72941208
1.48235321
1.47647083
2.02941203
1.43137276
2.18235350
1.54705918
1.45686305
1.56470633
1.42549026
1.72352970
1.87451005
1.75294137
1.98039234
1.94705939
1.96470630
1.73725522
1.63333333
1.69411778
1.62745118
2.11372590
1.34901989
1.94313741
1.76862752
1.49803948
1.42549038
1.37254918
1.48039234
1.85686302
1.59215724
2.20784354
1.86078453
1.85882378
1.93725526
1.79019606
1.70000041
1.65686309
1.93333352
2.04313803
1.31960797
1.90588260
1.72941208
1.61764717
1.34313738
1.58235323
1.73921597
1.50784349
2.13529444
1.73921585
1.83921611
1.89607882
2.03529453
1.66274595
1.69215727
1.95098066
2.18823552
1.27843165
1.85098064
1.94901991
1.60000014
1.67647088
1.81568670
1.76666713
1.89803946
1.88039243
2.09607863
1.77843165
1.69411802
1.60196078
1.78235328
1.71176493
2.01372576
2.07451034
1.58823574
1.94313741
1.81372583
1.73137271
1.90784323
2.05686307
1.67647088
1.77647066
1.59803951
2.13725495
1.91960788
2.01372552
1.55098069
1.85294139
1.74901974
1.80588257
2.21764731
1.88823533
1.82549047
1.84117675
1.86274529
1.84902000
1.88823557
2.01960802
1.63529444
1.66862774
1.94901979
1.82549024
2.05294132
1.83921623
1.71764743
1.92156887
1.51764739
1.76470590
1.85882378
1.62941194
1.96078467
1.86078453
1.94509828
2.13333344
2.15490198
2.06078482
1.80588281
2.02745128
1.68823552
1.85294151
1.72941196
1.61568654
2.04705906
1.36666691
1.64901984
1.27647102
1.82941210
2.18627501
2.02549028
1.82549047
2.22156930
2.24313760
2.17647123
1.80392206
1.94117677
1.42156887
2.04901981
1.80784345
1.66274524
1.91176486
1.74117672
1.72745109
1.48627484
1.49803948
2.21372557
2.14705896
1.85490239
1.79019666
2.22156882
1.99607861
2.00784349
1.90588295
1.65294170
1.83725500
1.95882368
1.69411790
1.74902010
1.83725500
1.60392201
1.56078482
1.47843182
2.01960802
1.77254939
1.82941175
1.81176496
1.90588272
2.26470637
1.99411786
2.10196090
1.71764743
1.77058852
2.03137279
1.86666691
1.59019625
1.77843165
1.40392196
1.55098081
1.63137269
1.90980422
1.56862760
1.78823555
1.78431404
1.75098073
2.29803944
2.25098062
1.84117675
1.70000017
2.04509830
1.98627472
1.81176531
2.04117680
1.87058842
1.77254927
1.85686302
1.35098076
1.50000024
1.84509826
1.88627493
1.63137305
1.56666696
1.66078436
1.96274543
1.99411809
2.05098057
1.71764731
2.26470637
1.61372578
1.85098088
1.86666691
1.85882366
1.99803936
1.35882401
1.51372564
1.93333364
2.05294132
1.81176496
1.71176493
1.81764710
1.48039234
1.89411795
2.21372581
1.96862769
1.95294166
2.01176476
1.63529420
1.74705935
2.14705920
1.69607890
1.96470594
1.72549045
1.90196097
2.19215703
1.76862788
1.79019618
1.91176474
1.70588255
1.94313741
1.91568661
1.86862803
1.95882368
1.93529439
1.91176522
1.68823540
1.79803932
1.47058845
2.00980425
1.88823557
2.28431416
2.31372571
1.79803967
1.90196097
1.71568656
1.84901977
2.19607854
1.87254930
1.92549050
1.76470613
2.36666679
1.82352972
1.68039238
1.83137274
1.71568668
1.88235319
2.22352982
1.94902003
2.40000033
1.82549047
2.08823538
1.42156911
2.15882349
2.03725505
1.91372550
1.98431408
1.82156873
2.10000014
1.74313760
1.74313772
1.89411819
1.73725510
1.97058868
2.02352953
2.05686331
2.18627501
1.96274543
1.81568635
1.54705930
2.23529410
1.73725510
1.76862764
2.16666675
1.76666677
1.92941189
1.73333371
1.96470630
1.98235309
1.52549052
2.09411812
1.66666675
2.23921609
1.76862764
2.03529501
2.02156878
1.59019649
2.25098109
1.80000019
1.99607873
1.91372573
2.08431435
1.89215708
2.16862750
1.83529449
2.23333359
1.85882390
1.69215703
2.13137317
2.13921595
1.56862772
2.20784330
1.99215722
1.80392170
2.04509830
2.08823562
2.07058859
1.86862814
2.32549047
1.81568670
2.40980411
1.88039243
2.13725495
2.19411778
1.26666689
2.07254934
2.03333354
1.88823569
1.73725522
1.99803960
1.91960824
1.76274538
2.20784330
2.14705920
1.52352965
2.06078458
2.00196099
2.02156878
1.86862767
1.92941189
2.14705920
1.46274543
1.92745125
2.09411788
1.57451010
1.40392184
2.08235312
1.91960824
1.58431423
2.12745118
2.04509854
1.76078475
1.70980430
2.00588274
1.96862793
1.71960807
1.76666689
2.35686302
1.76666677
2.16470623
1.92549050
1.54313767
1.94705892
1.91764772
1.92156899
1.61764741
1.71372569
1.92941189
2.10980415
1.69215703
1.94705904
1.94117665
1.87254906
1.54509854
2.38627481
2.00000024
2.18039250
2.01372552
1.68039250
2.24705863
2.03333354
2.06274533
2.06470609
1.49019611
1.94901979
2.13529444
1.64117658
1.96862769
1.80980432
1.99803948
1.83725512
2.23725533
1.80196142
2.10784340
2.25490236
1.92745149
1.63529444
2.23333335
2.09019613
1.99411774
1.70980406
1.84117687
1.90784347
1.97058845
2.08235335
1.79411781
2.10588264
1.92352974
2.26862764
2.07254910
1.85882401
2.23137259
1.85294163
1.72156882
1.95686316
1.75490201
1.88039243
1.65098059
1.93725502
1.84509838
2.10588241
2.06470609
1.99215722
2.13725519
1.94509852
2.29999995
2.10392189
1.85686326
2.06470633
2.06666684
1.84902000
1.77058852
1.58235335
2.08627486
1.66470599
1.76862776
1.94901967
2.23137259
2.02549028
2.07254910
1.96666682
2.07254934
2.04117656
2.07647109
1.75686300
2.03725529
2.25490212
1.83137298
1.96666706
1.71568656
1.87254930
1.79215705
1.75098085
1.88627470
1.91176486
2.04313779
1.77843189
2.01764750
2.06666708
2.20588255
2.14705896
2.03333378
1.89215732
1.90196097
2.14117694
1.91764724
1.63137281
1.77451026
1.84509814
1.68039227
1.76274526
1.76470637
2.04901981
1.74313748
1.70392179
2.13333344
2.17843151
1.92549050
2.08235312
1.85686302
1.99411798
2.35882378
1.72156894
1.67058837
1.57647073
2.13333368
1.61960828
1.85686278
1.71568668
1.83725500
1.81372571
1.69019616
1.84509838
2.21764731
1.98627484
1.89999998
1.88823557
2.09019637
2.28235316
1.62941229
1.88039243
1.43333364
2.26470613
1.81960821
1.63725507
1.79411781
1.89215708
1.94705915
1.74705899
1.75490236
2.14901996
2.17254925
1.90392172
1.91960800
1.80980420
2.48823571
1.64705932
2.03137279
1.58235300
2.00784349
1.92941201
1.50980401
2.07450986
2.14901996
1.82156885
1.88039231
1.88823581
2.07451034
2.48431420
1.93921602
2.04705906
1.77843165
2.08431411
2.13725543
1.85882390
2.05686259
1.82549047
1.79411805
1.87254941
1.90000033
2.08039236
2.06078434
2.07058859
1.81960785
1.91568637
2.39019632
2.28627515
2.08235312
1.89803970
1.65686297
2.27058864
1.84509838
2.36862803
1.80000019
1.70588291
2.12745118
1.75098073
2.08431411
1.86274529
2.41764736
1.48235321
1.74313760
2.32549047
2.23529434
2.12352967
1.79019630
1.81568646
1.90392172
1.69019639
2.18431425
2.16666675
2.20196104
1.88431382
1.79607892
2.04509854
1.89607847
2.12352991
1.74117672
1.54313743
1.92352974
2.14313745
1.77647102
1.77451015
2.18431401
1.88627458
1.57843149
2.13333344
2.17254925
1.98823547
2.06862783
1.82549083
2.11176467
1.77647066
1.87843144
1.79607892
1.71960831
2.10000038
1.97450995
1.80000031
1.61764753
2.02745128
1.75294149
1.84901977
1.96274519
2.02745152
2.02352977
2.45882392
1.78431404
2.00196099
1.58627498
1.86862779
2.03921604
1.75294149
2.15490246
1.82745159
2.04509830
1.69215715
1.98039258
1.79411805
2.10980415
2.07647085
2.10000014
1.74901974
2.28039265
2.02745128
2.00392175
1.58039224
1.71176505
1.98235321
2.09607887
2.15098071
1.98039246
2.07647085
1.70784342
2.07451010
1.94509828
1.94313753
1.48823571
