20.15098190
23.65882492
22.30980301
23.18627548
22.08627319
21.77843285
21.75490379
22.14314270
22.00000000
23.34706116
22.00980759
22.08431435
20.73725319
22.55882645
23.36666870
24.75294113
22.94706345
17.05686188
23.87842941
21.52156448
20.96666718
21.51372910
20.99019623
19.82353020
18.38235283
19.97059059
20.12548828
20.17647171
20.15490532
18.39608002
20.10391998
21.78431320
24.74117279
23.23921776
20.12549019
18.21568871
21.40196037
20.02156830
19.75881767
20.87451172
19.81568909
16.66470718
17.88039398
18.31765175
17.38235664
19.79804420
17.54313850
17.30391884
19.90587997
23.11764717
24.80980301
21.13725281
14.74117565
23.16666412
19.06078720
18.74902153
19.88823509
19.67255211
17.54313850
16.23137283
17.44510078
17.18039131
17.72157097
17.69804192
17.30195999
18.21372795
20.30980301
24.10980415
21.58824158
18.11372566
16.82353020
20.30195808
18.62156677
18.38039207
19.11373138
17.36078644
17.06274223
15.72941113
17.04313660
17.00000000
17.35293961
16.85882187
17.85294342
18.14509964
20.37058640
21.76666832
18.75490189
14.98431301
20.94509506
18.30392265
17.88823509
18.76666451
16.87843513
16.71764565
15.72156715
17.32745361
18.07843590
16.44117546
17.89608002
17.30588150
17.94705963
17.71568489
20.00000000
18.49804306
18.02745438
18.12941360
20.45490265
18.82353020
18.00392723
17.57843590
15.73529720
17.16862869
16.64313889
19.46078300
17.62941551
16.96667099
17.52352905
17.66078377
17.69999886
18.92156601
17.79019547
18.81176758
18.34313583
21.35490417
18.98235512
18.01176453
18.90392303
16.93529701
16.37450981
17.80000305
18.54706383
19.39411926
17.89019775
17.62941170
17.71960831
17.72941208
17.40588379
18.39804077
18.39215851
19.18627548
19.28627586
22.64902115
18.98627663
20.59608078
18.99804306
17.56470490
17.62745094
18.24705696
20.41568184
19.45686340
17.87450981
18.24901962
18.00784683
18.05686569
19.11176300
19.03137398
19.39608192
18.69215584
21.02353477
22.14901733
21.12941360
22.09019089
21.49411964
18.73333740
18.29019928
19.70980263
20.45294189
20.75686455
18.48235321
18.10784721
19.12941360
20.49412155
18.87058640
19.72549248
19.45882607
14.35882378
22.93529701
21.29999733
23.33922195
22.95489883
22.75686264
19.22156715
19.59215546
22.31960487
21.15490150
23.48823547
18.54313850
19.80196190
20.68235207
21.27254868
19.02352905
19.35686493
17.89215851
18.13529396
23.17059135
22.05097771
25.79999924
23.84902000
22.79215622
20.79215622
21.74510002
23.90391922
24.91176224
23.42156982
20.77058792
20.47058487
21.81961250
21.11960983
19.68431473
20.02940941
20.32157326
24.33724785
21.83137512
26.14706039
25.47647476
24.91764450
25.06470680
22.43529510
23.85882378
24.74313354
25.94902229
25.28039169
22.14509583
21.56274414
23.19999695
22.13529205
22.00588799
20.54313850
24.27058601
23.86470413
20.05882454
28.03137207
27.45882416
25.21568108
26.09803772
23.33725357
25.54901886
25.30784035
28.11372948
25.98235703
22.21960449
23.17647552
25.77058220
23.20000648
22.06862831
21.67254829
23.64117622
21.43137360
20.45882225
26.86667061
28.45489883
25.29804039
26.33136940
25.76274490
26.75490189
25.78823280
28.82940865
27.13921738
25.97059250
25.27450943
25.82744980
23.00587845
21.51764679
20.00980377
21.39999962
16.25490379
22.38235283
27.90000153
27.13333702
26.47058487
27.99215698
28.98431396
26.56078339
28.33333588
28.57254601
29.13921547
28.36274529
27.35097885
26.33137131
22.62549210
20.15490723
18.77843475
19.89411545
15.59607697
21.69412041
26.40196228
27.40980148
28.61372757
29.46274567
28.64313889
26.46470833
28.47451591
28.32353020
30.88235092
30.04509926
26.96863174
24.60391998
24.85293961
18.65686417
19.35294151
15.58431339
19.56470680
17.55490112
26.20980453
27.25490189
28.33529854
29.31176376
27.51960754
25.92940521
25.43137550
28.64313507
30.14705658
27.29216003
27.60784149
24.58627892
21.89411736
18.24313736
17.55294037
14.17255020
18.53725243
18.50784492
24.94314003
27.96666718
28.11176109
26.88431168
25.94313049
20.37647438
24.12744522
28.07254982
27.15881920
25.56078339
25.55686188
24.24313736
18.57647133
16.24901772
13.72156906
15.68039131
17.18627167
18.44313622
23.21568871
26.36274338
28.17451477
24.38627625
21.24313927
17.00392151
22.50392151
25.82353020
20.63333321
25.09608078
22.54509735
22.09019470
17.16078377
14.80588245
13.52352810
18.98431396
14.99215603
18.92353058
21.26274300
26.14313698
26.83333206
20.71176910
19.08823586
16.04509735
23.76470757
19.51960564
20.79804230
21.73333168
21.60980797
18.60980225
16.31960678
13.75293827
14.37254906
19.07450867
16.73333549
16.78823662
19.48431587
25.71568680
23.06273842
21.64706039
14.98431683
17.94313812
19.10196304
19.61765289
21.05097961
19.63333511
19.77843666
17.62549210
15.13921738
13.55098057
19.42156792
16.29411888
16.20980644
14.98823547
20.70980644
21.09019852
23.94902611
19.14314270
14.51372433
19.16666794
16.74117470
17.92353058
21.07058525
17.24510002
19.20980453
16.42549133
14.15882397
17.56666756
20.19607544
15.71176529
15.20392227
17.16470718
16.84901810
22.64902115
22.97647285
15.79608059
16.08627510
16.88039589
16.03137398
17.49019432
15.80392075
17.89019775
18.71764565
16.16862869
16.63921547
20.44313812
18.76078415
15.24705601
14.89607620
16.37647057
16.14705849
23.77842522
19.96274757
14.93725204
17.77843094
14.93725491
16.19608116
15.49215889
16.73725510
19.56078339
17.38039207
19.32744980
20.35097885
20.73725700
15.57059002
14.94902039
14.21568584
14.12941456
18.89804077
21.54313469
17.07058907
16.66274643
15.24902058
15.32744980
16.28823471
15.26863289
19.44314194
18.09803963
17.92156601
20.27647018
20.62745094
20.56666946
14.96078682
14.28235245
13.17058659
15.58039379
17.36078453
20.30588531
15.38823509
17.36862946
14.92941284
17.13529396
16.23725319
20.81764793
18.86274338
16.21176529
19.00196075
17.95882416
20.92745209
17.57647133
15.68235397
13.98823643
13.46274567
15.56470394
18.34313965
18.34706116
16.39412117
18.92353058
15.80196190
16.75490379
18.88039207
23.93136978
19.26862526
16.11960602
17.10392380
17.38235283
20.09607887
15.22941113
15.63333702
13.60000134
14.37451172
15.68431187
18.77647018
17.28627205
19.03921700
18.79607964
17.30980492
16.07254791
27.46078491
22.02941132
16.82353210
16.20784569
16.41960907
17.20392227
16.43529701
16.45882416
14.47451019
19.99804115
15.14117527
15.37842941
19.19019318
17.20195961
20.03921509
17.65490341
15.81960773
22.01372719
24.29608154
23.03529549
16.29999924
15.69019604
15.87450981
17.80588341
14.84117699
15.11568546
21.33921814
23.42941475
14.74117851
16.36078453
17.50000381
19.79999924
18.73333549
15.62156677
17.29019737
28.38823700
23.14118004
20.10784531
15.22156620
16.37058830
15.63333225
15.88627243
15.01176357
15.57058811
28.70392227
20.37058449
15.70588398
16.80980110
19.08627510
17.04509926
17.07843781
15.22548866
25.86470795
22.09607697
25.07647324
16.67255020
15.31372547
16.59999847
17.01176262
13.88039303
14.65098286
20.77254868
28.40980530
21.21372604
14.66666794
17.53333473
18.34313583
17.07843018
15.16666603
19.38627434
27.02353096
19.82352829
23.24509811
17.06666946
20.59608078
17.00392342
18.95098305
13.71764565
15.94509983
25.21372604
27.81960869
18.81764984
15.85686493
18.50000000
16.79019547
16.89999962
16.57254982
27.94314194
18.40588188
24.11960793
18.90391922
26.46862793
22.07058525
21.29803658
19.25686264
15.74117851
19.72549248
27.75882530
26.29019547
18.55882645
17.55294228
16.37255096
16.48823738
17.20000076
22.38235664
23.20587921
17.15686226
27.03333473
25.81960678
30.92156982
19.14705849
25.60588074
20.80588341
20.46862793
20.51960754
26.54706001
26.97058678
18.19607735
16.61764717
15.94509506
16.29411888
19.50980568
27.67451286
18.17255211
20.48235130
28.90391922
30.91568756
25.81372452
22.26666641
27.12156868
24.98039436
18.59019470
21.00784683
25.50392342
24.29804802
17.68823814
15.26862717
16.78627586
20.44509888
25.31176758
20.40980530
18.50784111
26.19804001
29.25882721
29.23529243
22.04117203
26.20980263
27.37450981
20.45490265
16.95490074
19.17254829
29.16078568
20.04901505
15.61764812
18.15293884
18.34117699
24.65294266
26.08235550
18.73137093
18.01960754
29.70392036
28.16078377
24.68627930
22.84509850
27.83921432
24.58235741
18.01176834
16.77451134
20.22941208
28.17059135
16.74509621
15.92941284
23.63333130
22.81764984
27.98627663
18.34510040
19.17450905
23.14117813
27.06079102
22.39804077
23.74901772
24.63529778
27.81176567
21.14901924
16.18823433
16.30000305
23.74706078
22.84706116
16.99803925
26.76862717
21.71372604
25.42156792
23.25490189
18.97254753
18.23137474
24.78039169
21.31372643
18.80196190
23.55490685
24.74313736
22.74901772
17.69019699
16.88431358
16.07254982
26.05882454
21.04509544
22.98235321
27.56666565
22.37843323
27.72549438
17.64706039
19.41960907
20.32548904
20.60392189
17.95882607
19.23921585
20.35490227
22.64901733
18.33333206
17.13725471
17.22353172
17.11372757
27.25686264
21.44902229
28.94313812
23.62549210
27.52157021
20.51176262
18.92745399
18.08235550
22.03333282
18.09999847
17.91176224
19.63137436
18.11764717
16.90196228
16.86078453
19.25098038
15.79804230
22.82941628
26.01372528
25.80000114
24.49804497
23.61372566
25.29019928
17.86470604
19.62352753
19.97451401
19.13529396
17.59803963
17.53137589
17.65686226
17.33333588
14.54117775
17.43137169
17.67451286
18.04705620
27.11372757
25.80391312
25.31372643
21.60980606
24.32549095
17.66078186
18.98039436
19.20980644
20.68627548
17.38039017
17.83137321
16.85490227
16.12353134
15.59215832
14.72548962
18.97451401
18.00196266
19.67451096
27.64117432
26.27058601
20.41960907
22.09607506
20.04901695
17.41372490
20.78823662
19.52941132
19.58823013
17.72941017
17.46470642
16.94117737
16.46666718
13.77450657
17.89019585
16.98627663
17.52157021
22.35098076
25.05097389
25.44509697
18.71372604
19.10196114
17.06666756
21.40392303
20.45882034
20.41568565
17.56274414
18.57647324
16.53529167
16.44705963
16.49607849
14.47058773
18.54313850
16.50588417
18.17058945
21.85882568
22.39608383
21.57254410
17.47646904
16.16274261
19.65098000
22.00784302
20.14313889
19.05490303
17.37450981
20.32353401
16.06274605
16.44705772
15.12548828
18.64705849
17.28431511
16.16078568
18.34510040
19.90588379
21.30195808
17.13921547
16.60196114
16.18235207
21.92745209
21.09804153
19.01372337
18.57058716
18.91373062
18.93333626
15.90392113
16.30980873
17.69019699
19.21568298
16.67647171
17.57059097
17.87059402
17.78235435
18.28235245
17.03921890
15.97843266
20.30784035
18.39411736
20.17647362
18.65293884
17.72156715
20.19999695
16.62156868
16.58627319
17.24510002
19.05490112
17.56274605
16.39019585
17.35098076
18.16862869
17.29804039
16.98627281
16.66274452
16.67843056
20.09607697
18.77646828
18.19019508
17.86862946
17.66862679
19.04509926
16.95097923
17.05294228
16.72156906
18.95098114
16.27058983
17.91568947
16.86078262
18.44705582
17.06078529
16.43921661
16.84902000
19.57647324
16.35686493
17.98039436
17.17647171
17.73921585
18.28627205
17.61372566
16.78431511
16.64510155
17.40588379
18.27842903
16.03333282
17.64509773
18.38627434
17.98235130
16.80392265
16.02157021
18.55882263
18.56666565
15.40392208
17.20195770
17.70000076
17.50195885
18.49803925
18.33921623
16.78627396
15.23333359
16.87450981
19.04705620
17.04705620
17.78235435
20.47254944
17.53725624
17.03725624
17.00588417
21.04901886
15.70392036
17.19215775
16.76470757
18.33333397
17.83921814
20.05490494
17.84510040
17.22745514
15.05686665
18.50000381
19.06470490
17.55490112
18.62353134
19.00196075
17.23137283
17.73921776
21.06274986
18.44313812
15.56470490
17.62548828
17.74313736
18.77451134
20.10980606
21.72745323
16.89999771
14.84117889
16.10784531
20.31568909
18.37058449
18.20784760
17.58627701
16.65686226
17.83921242
18.82353020
20.83333397
16.31176567
17.94705963
16.81569099
18.64118004
21.86274529
22.52744865
19.40196419
15.61372566
14.51568508
17.26862526
20.23333549
17.79607391
17.44117737
16.47451019
17.57647133
17.51568604
19.90980530
19.58039474
16.85098076
17.26078415
17.41960716
20.76862717
23.79999733
20.70000076
17.11372375
15.45490360
15.72156906
17.88627815
18.69607925
17.24510193
16.77843094
16.83725548
17.95098114
17.54117966
18.79411888
17.42353058
19.29215622
17.28431511
18.68823624
22.04901886
20.41372108
18.40784264
19.00196075
16.07451248
16.34706116
17.93137360
17.57647133
16.88039207
16.80196190
17.85098457
16.52941322
17.27842712
19.35882568
17.08627510
19.06274986
16.85882568
19.22156906
21.32549095
18.06274414
16.80784416
20.53529358
16.45294380
17.78431320
18.17058945
16.43725586
16.85294342
17.00196266
19.16275024
16.17255020
17.90000153
17.10196304
16.68431473
18.62353134
18.67255020
18.94314003
20.81960678
16.85098267
19.82941055
17.55686378
16.39019775
17.79804039
17.44509506
16.97254944
16.05882645
20.55882454
17.90196228
17.91764832
18.33333588
16.63333130
18.65490532
17.31961250
19.00392532
18.51764870
20.50195885
16.36862946
18.49411774
16.08431435
16.66666794
16.95294189
17.21568680
17.07647133
17.72941399
22.82744980
19.33529282
17.72941399
17.63333511
18.00588608
19.59215355
18.81960869
18.02745056
20.17646980
17.63529396
16.73137283
16.76470757
15.52941322
16.89215851
17.29019356
16.85294151
17.07254982
20.56078148
22.24902153
19.16078186
17.43725586
16.81764221
20.61764336
17.74313927
19.42745399
17.89804268
18.77450943
19.18235397
17.12744904
16.09019661
15.86470413
16.87647247
16.17450714
16.99411964
18.09803963
20.85294151
19.47451019
17.84902000
16.93529510
19.14509773
19.43333626
19.54706192
18.02745056
19.20392036
17.72549057
20.90588760
16.32353020
16.26863098
16.93921661
17.54509735
15.63921547
15.75490379
19.24117851
19.35882187
17.92940903
17.09019661
15.75882339
22.46274185
18.98431206
19.61176872
18.09608078
18.60196114
19.13529587
19.41176796
16.29019356
18.23921394
16.06274605
16.04509735
16.36470795
18.27450943
18.16470718
18.32352829
17.57647133
16.72745323
18.96078682
21.17450905
20.24706268
17.99803734
18.29607964
16.51960754
20.30196190
15.94510078
17.07254982
16.27255058
16.85294342
15.81960678
15.70783997
19.96470642
18.42549324
17.65098572
17.48039436
17.17058754
23.31372643
20.14314461
18.76862907
18.89411736
17.24509621
17.67451286
17.45490456
14.76863003
16.00392151
15.88627529
16.04117775
15.78235435
19.04314041
18.04117393
17.86666489
18.79411888
16.53137398
20.80000114
23.09607887
19.42745590
20.19607925
18.89019966
17.09411812
16.54314041
15.29215717
15.02941036
16.05098152
16.77843475
15.31176662
15.67646980
20.00391769
18.05882454
18.31176758
18.15490150
18.00588417
22.02941322
19.42353249
19.80588150
20.48235321
17.39608002
16.44902039
15.72549057
14.76470852
15.92745018
16.08039093
16.72549057
15.48431301
18.02352905
18.15097809
18.42156982
18.51764679
18.12548828
20.42156792
19.89019394
18.61568451
20.55490112
18.21568489
18.79999733
15.61372471
15.90588760
15.26666737
16.28627586
17.35490608
15.97843170
15.53921509
18.88627625
17.43333435
19.00000000
19.25686073
19.31568909
21.10980225
18.22353172
19.77254868
18.73529434
18.71764755
18.05097961
16.67059135
15.59607887
16.56078339
16.74705696
17.22157097
15.89608002
18.01568604
17.00196075
18.16274643
19.10588646
20.42745209
18.33529472
19.10784149
20.78627586
19.35098267
18.25097656
20.10588074
17.46078682
15.70784378
18.16666412
16.49215889
17.07255173
16.26862526
16.15098190
17.87842941
17.23725319
18.50588417
18.99411964
19.44705582
19.23333549
18.08627510
21.74902344
18.49803925
18.93725586
18.68823624
17.03137398
16.67451096
19.08431244
16.31372643
16.43333626
15.94902039
18.33137131
17.00392151
17.63921547
18.98235321
19.55490303
18.00784492
16.64313507
21.97254753
19.09215546
18.77843094
19.64705658
18.48823738
15.65098190
18.59607887
16.76274681
16.63529205
15.93137264
17.08038902
17.70392227
18.51372910
17.71372604
20.15882301
19.28235245
17.09803963
18.08823586
21.12549019
18.74314117
19.42549133
21.05685997
16.61961174
16.07058716
17.20784378
17.02941132
16.92745018
16.05490303
17.85097885
19.48823357
18.09803772
19.25686455
21.78038597
19.53921700
15.92549133
19.64706230
19.83137512
18.61568832
19.36862564
20.50980186
15.99607849
16.41372490
17.77058792
18.29019547
16.42745399
17.19019699
18.89999962
19.74705887
18.63529587
20.98627853
21.10980225
17.61176682
16.88235474
20.46470833
18.54901886
19.73725510
20.24705887
16.08627701
16.49019814
16.29804230
21.04314041
17.78823662
16.10196114
17.83529472
19.24313736
19.17059135
18.66274452
22.02941132
20.69215393
16.42549133
18.51372528
20.05098343
18.98627472
18.45686531
18.41372871
16.20392227
16.55098152
19.55882454
18.87843132
16.92941093
17.41764641
17.35293770
18.95294571
18.63725471
21.34902191
21.83529663
18.51568985
17.53137398
20.07843399
18.98039055
20.45098305
16.46666718
15.74509811
16.17843246
17.75490570
21.14509583
17.83137131
16.69215775
17.55294037
17.86862564
18.95098114
19.26078606
21.96862411
20.75881958
17.24117661
19.92156792
20.47059059
19.41568375
17.90588570
15.55882645
16.39999962
16.71372604
22.22156906
17.31960678
18.19411850
17.43921852
17.41372108
18.74314117
19.37451553
21.23921204
21.86666870
17.24705505
19.82156944
20.33333015
19.67255020
19.52353096
14.80196095
16.10588455
16.88234901
18.87450981
21.57843018
18.42157173
17.46274376
17.32353401
17.75490761
19.21764946
20.26274490
21.20980453
18.96274567
17.60784149
20.10784531
21.80392647
20.08431625
17.69804001
14.85098171
16.29216003
16.75882339
20.99020004
17.53137207
17.81960678
17.34313965
17.47451019
19.33137131
18.53725624
21.40588188
20.25294113
15.93333244
19.35294533
21.47254944
20.84705925
20.15686607
16.06078529
16.18039322
16.97058868
16.84510040
19.75490570
19.04901886
16.40784264
18.06862831
17.67450905
19.74313736
20.36862755
20.63921738
17.94118118
16.61764908
20.36078262
21.70587921
21.28235435
18.40588188
15.87843227
16.66078568
16.98235321
18.77843285
19.50588036
16.73921967
17.34901810
18.28823662
18.79215813
18.82352829
20.43137932
21.22549057
15.27450943
19.59215546
20.88235092
20.87647247
19.77647209
17.25882530
16.40980530
17.57058907
17.03137398
18.79019928
19.53333664
15.78431320
18.21372223
18.67450905
19.17451286
20.41960526
20.13921356
18.79607391
16.17842865
21.17450714
21.67451096
19.41177177
18.75294495
17.73529434
18.17058945
17.35490036
18.01176453
18.82941437
18.58431435
17.36862946
17.70196152
18.63725281
19.65686417
21.60783958
21.34117508
15.44313622
18.45490265
21.17450714
20.39607620
18.89804077
19.49411774
17.75098038
20.59804153
17.40588379
17.92549515
19.81568909
16.55294037
17.97451210
18.37843704
19.26470947
20.60000038
21.85293579
18.95686340
15.87450981
19.39803696
22.32548904
19.51960945
19.40000343
19.67451477
19.23529625
18.48823738
18.43725777
19.35294151
17.99608040
17.74705696
18.33137321
19.45294571
19.89999962
22.80784225
21.72157097
15.58823586
17.68431473
21.20196533
21.70391846
20.71176529
19.00980759
18.40196228
19.31372452
17.22353172
19.35490227
20.68823624
16.86274719
18.61568832
18.35294151
20.53137207
21.03529358
22.05489540
19.50784111
15.66470337
19.65098190
22.10196304
20.27647018
19.93529510
18.49019623
18.80392456
17.45882416
18.68627548
20.85882187
18.81568718
17.82744980
17.37059021
20.19411659
20.60784531
21.74117279
21.29412079
16.72745132
18.02157211
21.46666718
21.07451057
20.06863022
18.99803734
18.33529854
17.32940865
18.24902344
20.12156868
20.79803848
16.68823624
18.47646904
17.72156715
19.84117508
22.13529205
21.95293999
19.31372261
15.42745209
19.93725586
22.30000496
20.22941399
20.00391960
18.08039093
17.26667023
17.24510193
20.42352676
19.44705772
19.10588455
17.52745056
17.75686073
18.10980225
21.26863098
21.36666489
21.61764526
16.45097733
16.90784454
20.89411545
21.16862869
19.75490570
20.30588341
17.18235397
17.10784531
18.25686264
20.47059059
20.22156906
17.48039436
18.16274452
16.67843056
19.86274910
21.27254868
22.12941360
20.15489960
14.43921661
18.83921242
22.03333282
20.29411888
20.63725471
19.01568604
16.35294151
17.61176300
20.44901848
21.25686073
19.40784454
16.90000153
18.32353210
17.65294456
21.21372223
20.96274376
23.28039169
15.38235188
15.52745152
20.30000305
22.20980644
20.49999809
19.97647095
17.43333435
16.97059059
19.51960754
21.76470566
21.53529167
18.34706116
19.22156906
17.55294228
19.55294418
21.33529472
22.46470642
19.85293579
14.25882339
18.01960945
22.20784569
21.58039284
20.97842789
17.69215775
18.31372261
17.36470604
23.30784416
21.59215546
19.33725739
17.91372871
19.36862755
18.40587997
20.94902039
21.55882263
24.64117813
14.61176300
16.27647209
20.48431778
22.50588226
19.37255096
19.85882568
18.02548981
19.20980453
20.54117584
24.14901733
19.11765099
17.49607849
18.80588531
18.55098343
19.69804192
21.12352753
23.68235016
19.53921700
14.96274567
19.27058792
21.75293922
20.58039093
19.97451019
18.14705658
18.66470909
19.34509659
23.93725586
19.94705963
18.25097656
17.39412117
18.90980339
17.77843094
21.46470261
21.38235855
24.73725700
14.29019737
16.15686417
21.13725662
21.49019814
19.68039513
20.30195999
18.04902077
18.79804039
20.23333549
23.46470451
19.09803963
17.79216003
18.67843246
18.14313889
20.37254906
21.23921585
23.99411964
18.33529282
14.80588341
19.30587959
21.91568756
20.76667023
21.24118042
20.10195923
19.41960907
18.88823700
21.21961403
21.63921928
18.78039360
17.72745323
18.18235779
17.69411659
23.80587959
21.63922119
24.59216118
14.67058563
16.54509926
21.15294456
22.45882416
20.22941208
22.91372490
19.52745247
18.92157173
19.95882034
21.66666794
20.66078568
17.92941284
17.98627281
18.38627625
22.86274910
21.10784149
25.46666718
18.50196457
13.91960716
18.85882568
22.97254753
21.34117889
22.11372566
20.24705696
20.59215546
18.49411774
21.40588188
20.29215622
19.98627472
17.76078224
18.60588074
19.01372719
24.09412003
22.05685997
24.44509506
14.54510117
15.77451324
20.06470299
24.73725319
20.76862526
21.58627319
20.55686188
17.97646904
19.36078835
21.12745285
19.50588417
18.24117661
18.23333740
18.22353172
22.89804077
20.89214897
25.90392303
17.67451477
14.08039379
18.96274185
22.46274567
22.63529587
21.11372185
20.57843399
19.95294189
17.33921623
21.92548752
20.24510193
18.63137436
17.42156982
18.54117775
19.21372604
23.05881882
22.81764603
24.48234558
15.38627434
15.96666813
20.23137283
23.74118042
21.34509468
20.39999962
21.93136978
18.30784225
20.99411774
22.20587921
19.75490570
18.00588226
18.47843552
18.10980606
23.53137207
21.21372414
26.59608078
17.31764603
15.24705982
17.88627625
22.95686722
21.90784454
21.04706001
22.54313278
20.04902267
18.39019775
23.05882263
22.57451057
19.51568985
17.45686150
18.39803696
20.29215622
22.29607773
22.68627357
23.56274986
15.97450829
16.06862831
19.96274567
23.15294266
21.23725128
22.03922081
22.19215775
17.70392227
20.58431816
22.71961021
22.63921165
18.21765137
17.53137016
17.62745094
21.79019547
20.87254524
26.89803696
17.35882759
16.56666946
17.67647171
22.59412003
21.76078606
22.03921509
22.94313622
17.98038864
18.07059097
21.93529129
23.96666908
21.01175880
17.07450676
18.57647514
19.28627396
20.04314041
24.16078568
24.68038940
16.33921623
16.97254944
20.00784683
22.77647591
21.20784569
23.40588760
18.97058487
17.65686035
19.62941170
22.31373024
24.49215698
19.10784149
17.99215889
18.41568375
19.83921814
21.46470833
28.70784569
18.52745438
16.68039322
18.10784340
21.96666908
22.01765251
20.58627701
20.40588379
17.34902000
18.54902267
21.48431396
23.65489960
22.29019737
17.84117889
18.70784760
19.41568565
19.06470490
25.63137817
24.69215775
16.70784378
17.02352905
19.70588303
22.27254295
20.49019623
21.67058563
17.75686455
18.39019394
19.47843170
24.24313164
23.84902000
20.07254791
18.04314041
18.87646866
19.03333282
21.79019547
28.69215012
19.48039055
16.40980339
17.60980415
21.96471024
22.09999847
21.11764908
20.77450943
17.72352791
18.58039474
23.01960945
25.83725357
23.35882568
18.40980530
18.11764526
17.73333359
20.83137131
27.99804306
24.97842598
17.96078682
16.43137360
19.40980530
23.01764679
21.31373024
21.70588112
17.65882492
19.11372948
19.67254639
27.34313583
25.14313507
20.73725510
17.43137169
17.91960907
19.11372375
25.12940598
29.23334122
20.74313354
17.38431168
17.17058945
22.71764755
22.33332825
21.45097351
19.57450867
18.16862869
19.02940941
25.06274796
26.65882301
23.12352562
18.28038979
17.85686684
19.15294075
20.31764793
29.00588799
24.38235092
20.20392227
17.70195961
19.09607697
22.93725586
22.48039436
20.83529472
17.69019890
19.55097961
20.45098114
28.16863251
24.59608269
19.94901848
18.72745132
18.10784721
19.42745018
24.27647400
27.15882301
23.15882111
22.03333282
17.71176720
22.22156715
22.60000229
20.82744980
19.64902306
19.30588150
19.85293770
24.38627434
24.99411583
21.47843170
19.17255211
18.52744865
19.20980453
20.69608307
27.79999924
25.98627472
28.01568794
17.98627281
19.30000114
22.22157478
22.00195694
21.43137169
17.75686646
21.60588455
22.10195923
25.23725510
23.12549210
19.49804115
19.48627663
18.47058868
20.25098038
24.88823509
26.84706116
27.89411545
24.60391808
18.23333168
21.40196228
21.67059135
20.77254868
19.75294304
22.33137703
22.01372910
24.44901657
24.33921051
20.42549324
19.24118042
18.69999695
19.58627510
21.62745094
27.79999924
26.57451057
30.31961060
17.53725433
20.11176300
22.72549438
21.06078529
20.63529396
20.90980530
25.12352943
21.90196228
25.42352486
22.39019203
19.71568680
18.94118118
18.06274796
22.43529510
27.07058716
26.70980072
28.95098305
24.02352524
18.22352982
22.10195923
22.51568794
20.38038826
19.80000305
27.59999847
23.48235703
22.48431015
22.15686035
21.06274414
19.78235435
19.49216080
19.56274605
24.96470451
29.02941132
27.02548981
29.44314003
18.15294075
20.56470490
22.77451134
22.04117393
20.57254791
24.34118271
26.75294685
24.22157478
18.75490570
20.93137360
20.04313469
20.74509811
18.98234940
23.80195808
28.76667023
26.72156715
27.80195999
23.84313583
18.85294342
22.80392838
23.01765060
20.70588112
20.95686340
28.25686073
25.01960182
21.16274452
16.36470604
20.70784378
20.57843208
21.35293388
21.82353020
25.68235779
29.41960144
26.65294075
26.28038597
20.15098000
22.62549019
24.03333473
22.02156830
20.77647209
27.54117966
23.90000153
25.69215775
13.11960983
19.72745132
20.14901733
21.68823433
20.11372566
23.17647362
30.72745323
26.68823433
27.77058601
24.78627396
18.84313965
28.04705620
22.03529739
21.59803772
23.57059097
26.11568832
24.04117584
19.91960716
13.15686321
21.72941399
20.21568680
21.08038902
22.87254906
27.58627510
29.59215546
27.98431206
27.76470566
22.21373177
24.83529854
27.38627243
21.29019356
20.15294266
28.34313774
23.38628006
24.36274719
11.72156906
18.37647438
19.57451057
21.34705544
20.86470795
27.95882797
31.93529510
27.86862946
27.89607620
26.68235779
21.89608002
30.75490761
23.51765060
21.49803543
24.74313736
26.64705849
23.97058678
19.24314117
10.68823528
21.05097961
20.59803963
20.89999390
26.03921509
31.21372795
27.84118080
26.61568832
28.01568222
23.78235054
27.26470184
29.44313812
21.84706116
20.32156754
30.74117851
24.50784874
25.24901581
12.20588112
16.15294266
20.08235550
21.89803886
22.05294037
30.61764908
30.52353096
25.32941055
26.68823814
26.88626862
24.00588226
29.98824310
25.98039436
22.16470528
25.90196228
28.80980110
25.37254906
21.04314232
9.38039303
20.51764870
22.18038940
21.25293732
26.92353439
31.68235779
27.16470718
25.53921318
28.01763916
23.28628159
28.58431435
29.38039398
22.97647476
22.36078262
29.67254639
25.77646828
27.10784721
13.82548904
14.70784378
19.90588188
23.66077805
23.36862183
30.03529358
30.30392265
24.99215317
26.19607925
27.28039169
23.80195999
29.01372910
27.75686264
22.63725471
26.95686531
25.96470451
25.36470985
22.24117661
9.12549114
20.40980148
23.38627434
21.93333435
25.57843018
31.93137360
26.86078453
25.12156677
28.66862488
24.14313889
27.60980415
30.10195923
24.94117928
22.39215660
25.25686646
24.68038559
24.96470070
13.19019413
13.38039303
20.02156830
25.80588913
22.88627815
29.49803925
30.00000000
24.66470718
25.62941170
28.73529243
23.13333511
29.37647247
29.82745361
22.42156410
25.14117432
22.36470604
24.00979996
21.58431435
7.43725491
18.30980682
24.61569023
23.33529663
25.60980606
31.89608002
27.11764526
24.42548752
28.05686188
23.63921738
26.38627625
30.15293694
27.21372604
22.09608078
24.63920975
22.07647133
23.84117508
13.30588341
10.77058792
21.32941246
26.87450981
23.23529053
28.79411888
29.89804268
26.05490303
23.86078262
29.22941399
22.96274757
29.70784569
29.35490417
24.29803848
25.14313889
20.92941284
22.72941208
22.30784225
7.41568708
16.78627396
25.77450752
23.86667061
24.10196304
31.46666718
27.40195656
23.66078568
28.01177025
23.68431664
27.44313812
29.12549019
27.89608002
23.57646942
23.60783768
22.03725624
24.66666412
13.69999981
8.35097980
22.15098000
28.05686188
23.59804153
28.43529510
29.15489769
25.84509659
24.12352753
29.92353058
23.22745323
28.46078491
27.77450943
27.24705505
23.79803467
21.15686607
26.85294533
22.37842941
6.06666756
15.22156811
25.36078262
26.10784149
24.85882378
29.84902382
27.45097733
22.96666527
27.44509506
25.20980644
27.23921585
28.41961288
27.31176186
26.07647514
21.98234940
23.48627472
27.67058563
13.59607887
6.24313831
21.75294113
28.82156754
25.04117393
28.16274643
28.18038940
26.05490494
22.68627548
28.67646980
23.76862717
28.94902039
27.02352524
26.50784492
25.89020157
21.65489960
26.73137283
25.41764641
5.47254848
14.04902077
25.74902153
27.42744827
24.65489197
28.16274834
27.94705772
23.28627396
26.27843094
25.20588303
26.76862717
28.50784302
27.02745819
27.35294151
22.60981178
22.38039398
29.56274033
15.64313602
6.12156820
22.03725624
28.05294418
25.20784760
26.71960831
27.21960258
27.51568985
22.53137207
28.05490685
22.86666870
28.21372414
27.17255020
25.65882111
24.80588341
21.51371956
25.44509697
28.93333626
5.49607897
13.81764793
26.89999390
26.31568718
23.90587997
26.83529282
28.54117966
23.72549057
25.48627472
24.87058830
25.02745056
27.01176262
27.65490341
25.80980301
20.87254906
21.57254982
28.93137550
16.92941284
6.05294180
24.92156982
26.81960487
23.77451706
25.82940674
26.78823853
28.75489998
21.92157173
26.95882034
21.67058754
27.09803581
27.22353172
26.03921509
22.28038979
20.81764603
23.33725548
28.02156830
6.26470709
12.91372585
29.59608269
24.68430901
24.59804153
25.31568718
28.81568718
24.92353058
22.23333168
25.19607544
22.16470528
28.30784225
28.72353172
24.77646828
20.50980759
20.77450943
25.94510078
16.81176758
5.82352972
24.40392303
26.52352905
24.65293884
26.31175613
25.83333206
28.50000381
22.44509506
23.70196342
22.59019661
24.42352867
28.14901924
29.13921928
21.39412117
21.66666794
22.67647171
25.92941093
6.64313841
10.56078434
29.29803848
25.32353210
25.53921318
24.39411545
28.64901924
27.48039246
19.88431358
23.68627357
20.40784454
28.22745132
30.00588036
25.92940521
20.43333435
23.10980225
24.38235474
17.96274376
5.55098152
21.92353058
26.33529472
25.26469994
26.03529549
25.30784225
29.29411507
24.95686913
21.01960754
23.14902115
22.26862907
29.41372871
29.66078758
22.05490112
21.69019890
24.54705620
26.10196304
7.59411716
8.63921547
27.66862488
24.82352448
25.79411888
24.81960869
28.93137169
27.95686150
21.02941513
21.73529625
20.80391884
27.70196152
29.81960869
26.16470909
21.15489960
24.78431320
22.62156868
19.95490074
5.28431320
18.18823433
24.91175842
25.40000153
25.39607239
26.46274185
29.09215164
23.97059059
19.94314194
22.62941551
20.08627701
30.24706268
29.76470566
22.47058487
20.84313774
23.50784874
25.06666565
8.54313755
6.74902010
25.63332748
22.40392685
25.96470261
26.10784149
27.79803658
26.00588989
20.66666412
21.09019470
20.04313660
25.34705925
30.30588341
26.22549438
22.11176300
22.36666870
21.27255249
19.94902039
4.56274605
15.75490475
24.83921432
22.88823700
26.45098114
26.08823967
28.20783997
22.90980911
19.35490036
21.94510078
17.43137360
30.01372719
30.42353058
23.31764984
22.26666641
21.26863289
23.48235321
10.30588245
5.50784349
24.90196609
22.18039703
25.09608078
26.32548904
27.43529510
25.39803505
21.08430862
19.37647057
19.81372452
21.67843246
30.85294342
28.24313545
23.80392265
21.52941513
22.59411621
21.17059326
4.46078444
13.48431396
26.28235245
21.97843552
26.47843361
26.80587959
27.40784264
22.47647667
19.23529434
21.18234825
16.29019547
28.19804001
31.67058945
26.77647400
21.43529701
22.61372375
22.83725739
12.49804211
5.45098066
23.44901848
22.95489883
23.74901581
26.69607925
27.98823357
26.57254601
21.72941208
19.19411850
18.74117279
19.33333397
31.63529587
31.08823395
23.92940521
20.19607925
23.80784607
20.93333054
5.07843113
12.86862850
26.23333168
21.82157326
25.88235664
26.03137398
29.69216156
25.10195923
19.45686340
20.75490189
16.55098343
25.09804153
31.95098114
29.17647552
21.35686302
22.43529510
20.46078491
14.68627453
4.94313717
21.80588150
23.48039055
25.00000000
26.74509811
27.16862869
28.99020004
24.50392151
18.75686455
18.32744980
16.98039246
30.15098000
31.87255096
24.71765518
20.03725815
21.40588760
21.16274261
7.13529539
11.20784378
25.75489998
23.30392265
26.72941780
26.33333397
29.91960907
27.48235893
20.19411850
19.76470757
16.64117622
21.61764717
31.99019623
30.01765060
21.45882797
20.38431358
19.32549667
17.68039322
4.51960802
20.31176567
26.52745247
25.74901581
27.65294838
26.91960907
28.60000229
25.93137741
17.73529434
18.44705963
16.54509926
27.58627701
31.93725586
26.39411926
20.81764603
19.25489807
22.08235550
8.53725719
10.72352886
27.20784569
25.35490036
27.69215393
25.82745171
29.48431206
27.57843018
21.06862831
18.81568336
15.47058868
19.76862526
31.58235359
31.79215813
22.29216003
20.02745247
18.55097961
19.64313889
4.54117632
20.56862831
27.72352982
25.96666145
27.11176872
25.33529663
26.10784149
28.70784569
16.41568947
19.14705849
16.94117737
25.30391693
31.91372681
27.75686646
20.97646523
18.97451210
19.06078720
11.39804268
10.46078491
27.31568718
26.12353134
27.14706039
24.92156982
26.85490417
26.51176453
22.27059174
19.36078644
17.75294113
18.34117699
29.08823395
31.38823509
22.98235130
19.37843323
18.57058716
19.80000114
5.03137302
20.42157173
28.11568451
24.86078072
28.06470490
25.32941246
23.88431358
28.81568336
17.66862679
19.57058907
18.52745438
22.04901886
30.25489807
27.67451477
20.76470947
18.52548790
17.96666908
14.36274815
10.79411793
26.10784531
26.29019165
27.59607697
26.49019432
24.08039093
24.44509697
24.48823738
19.43137550
19.07843018
16.96274376
26.55490303
30.22352600
24.05882263
18.99411583
18.28235626
19.78823662
8.00980282
20.16274452
27.58039665
25.63333130
28.89215469
24.47842789
20.74509621
26.60784531
19.95686150
19.38823318
20.04117203
19.33921623
29.90391731
27.92548943
21.89999962
18.33333206
17.83137131
18.43529320
12.32549095
24.56863022
25.90392113
27.72353363
26.64509583
22.17842865
21.48431587
25.86078644
20.00980377
18.96666527
17.35097885
24.06470680
29.98823929
27.19804192
19.48627472
18.15882301
19.93725395
11.96078587
20.40980721
26.22353172
25.97254753
28.89019012
25.86078072
18.84509277
23.61764526
21.48627281
19.31960297
19.72548866
18.51764679
26.64705658
30.18431282
23.10588074
17.99215889
17.46470833
21.33137131
13.18431473
22.25882339
24.67646980
29.02941513
27.95882416
22.75686646
19.31568718
25.57451248
20.23136902
17.43137169
19.61960602
21.07255173
27.89411545
27.78039551
20.15686798
18.47254944
18.57843018
17.26666832
19.26862335
24.14117050
25.41176414
28.84313774
27.92352867
18.14117622
22.75098038
22.33137703
18.85882378
19.87254715
18.32353020
23.15882683
29.68039322
24.20588112
19.64117813
18.06666565
21.60784340
17.05490303
19.82352829
23.28627396
27.95294189
28.98823547
21.95490456
18.67254829
24.34314156
21.04705811
16.33921623
19.91568947
20.48235512
26.89803886
29.45490456
21.68039131
18.66862869
17.83137321
19.52548981
18.34117508
22.12745285
25.96078300
27.85685921
27.04313850
19.22940826
22.13137245
22.68823433
19.03333282
17.95490074
19.06078148
22.30980301
29.50000000
26.01764488
18.84705925
17.90588379
21.17843246
19.62941360
18.40196228
23.70980453
27.75686646
27.92549133
23.88039398
18.61372566
24.93725586
21.26862717
16.29999924
20.35098267
19.92549324
25.05882263
30.77843475
22.20588493
19.01765060
17.15882301
21.80195808
21.58431053
21.21372604
27.12745094
28.66666603
26.39215469
20.60195923
22.00588036
24.17647362
19.35294342
17.68235397
18.96667099
20.98431206
28.18627930
28.44706345
20.41372681
18.07647133
20.67255020
23.77646828
21.10588455
24.31176567
27.98039627
28.72156715
24.42745209
18.68039131
25.01961136
21.24314308
16.66470718
20.60784340
18.78627586
22.48431396
31.14313698
24.56078911
19.44510078
17.96666718
23.39412117
23.83725357
21.85882950
26.55490494
29.32745743
25.24509430
20.59803963
21.34313583
24.83921432
19.10392761
16.78235626
19.36862183
20.07647133
25.70980453
30.42941284
21.43334007
19.65882492
19.96078300
23.84705734
21.67058945
24.44117928
28.04902077
26.69607925
23.63333511
18.06666374
25.33529282
20.97059250
17.18627167
19.19607925
17.91372871
21.74509811
26.63333511
27.28039360
19.27647209
20.01568985
22.99020386
24.40784073
22.63529396
26.73725510
28.64509392
22.86666870
21.02745438
20.73333168
25.88431168
19.51764870
16.50588226
18.73725700
19.89411926
23.38431168
26.55098724
23.30195808
23.84117699
19.07646942
24.12157059
23.43529701
25.84509277
28.03333282
25.93725586
22.36470222
18.39215469
25.19804001
21.71764755
18.83529854
19.26078415
17.72744751
20.95882416
22.50980759
28.46274567
21.48039246
22.48039055
23.08431625
25.06862640
24.17843437
27.23921204
28.83921432
20.78235245
21.38824081
19.88431358
26.77058792
19.29607773
19.39607811
19.43137932
19.22941208
22.68431854
23.10392189
25.71568871
24.24117470
19.32745171
26.48823166
24.85686111
26.71568680
27.71372604
24.64117622
20.07647133
18.78627396
24.20588112
21.41961098
20.63333511
21.78235054
19.20196152
20.13921356
20.70980453
26.62745094
22.11372566
22.19412041
24.15882492
27.56666756
26.35293770
26.64902306
28.27843285
18.93137169
21.49411392
20.62941170
26.51568222
19.43725777
22.19019699
20.90980911
19.40000153
21.10000229
19.61764908
26.63725281
23.96078682
20.32941818
28.64117813
27.07646751
26.99411774
26.71372414
24.55685997
19.53137589
19.75097847
26.20392227
21.87058830
21.15686035
26.15098381
20.47059059
19.51961136
20.06862640
22.87059021
24.31764412
22.52352715
23.22353172
28.31764412
27.28039551
26.67647171
27.43529129
18.78039169
22.19803619
23.76666832
27.03529739
19.54117775
24.01961136
23.91569328
21.22941208
20.70588303
18.48627472
24.89215279
24.52352905
19.93725586
26.78823471
27.13136864
26.80784988
27.11176491
24.83333015
18.90196037
22.85686493
27.84902000
21.59216118
21.09019279
27.79607582
21.52548599
21.00195694
20.25686646
19.59019852
25.34118271
20.43333435
23.60196304
27.41568184
26.72549057
26.37450409
26.46078682
19.34705544
23.17058754
25.82157326
26.46273994
20.29999733
22.69215584
25.47646904
21.18431473
20.22941780
18.84902000
23.58235359
23.73333931
20.46471024
24.78431320
27.32352638
25.24706268
24.87451172
24.24901772
17.38823509
25.63725281
27.49607849
22.63921928
21.12745476
26.25490189
21.89804268
20.41764641
20.14510345
18.74902153
26.85294151
19.41372490
23.91372299
25.10195923
25.17059135
23.82940865
23.16078568
19.56471062
21.87646675
26.97058296
24.66666603
21.00588226
22.09804153
28.28235817
18.97255135
20.01961136
19.03137207
21.59803772
25.19215393
20.31373024
23.73725510
25.46666336
22.98431206
23.85686302
22.16666412
15.93529224
25.02940941
26.75294876
21.85882187
20.80588341
25.56666565
24.03333092
18.72157097
19.97451591
19.60196495
24.63529396
19.56862450
24.08823204
23.37450790
23.56274796
23.24902344
21.21568489
18.91176796
20.28431129
27.23725319
23.90980148
20.70195961
21.87647247
29.25686455
19.96470451
19.00784492
19.20784569
19.61960793
25.77254486
20.90196037
23.00981140
23.18431473
21.64510155
23.53529358
20.73529434
16.27254868
26.03725815
26.99019623
21.30784225
20.56666374
26.55294609
27.62941360
17.55490494
19.53333473
19.14901733
22.69803619
21.64705658
23.14901924
22.17647362
23.78039360
21.60588074
20.25293922
19.86470795
20.28823471
28.56666946
23.03333664
20.79411888
20.80980682
30.13529587
24.38431358
18.69411850
18.34117317
18.52941132
25.95293808
20.45882416
22.60979652
23.52745247
21.76470375
22.22549438
20.36274529
17.91569138
25.15294075
26.39803886
21.43529892
19.94509888
22.71176910
30.68235397
21.82549286
18.90195847
18.60588837
20.63333511
23.58627319
21.98039436
21.67843437
25.22156906
21.30980873
20.57843399
20.21568871
20.00000000
27.16078377
22.04117203
21.21176720
17.91176605
26.15490341
30.05294418
21.88431168
18.37254524
18.63725662
24.46470451
19.80979919
22.44705391
24.01960754
22.73529434
22.15686035
21.39411926
21.50784111
23.66863251
25.00588417
21.97058678
19.06274986
18.90980530
29.61960793
30.10195732
21.10588837
18.18039322
19.39215469
24.34117317
21.19411850
20.98038864
25.70980072
22.61764526
20.75686264
24.11764908
24.52549744
24.94313622
21.99019432
21.68431473
18.57254982
22.17058945
31.95686340
30.67451096
19.81764603
19.65098190
21.68235207
19.21568871
21.69215965
22.65294075
24.38823318
23.27451324
22.96862984
26.99215317
24.32744980
22.33529663
21.92353058
18.99019814
19.36274338
26.58431435
31.94509888
29.45098495
17.95098114
19.40000343
22.08823395
19.76862526
20.41960526
24.93529320
23.60980415
21.28235054
27.26078606
25.63725471
23.16666412
21.19215775
21.35490036
16.55686188
22.77254868
31.20588303
31.86078644
24.28627777
20.06078339
19.08627510
19.77058601
21.75293922
22.45686340
23.81568527
22.67058754
23.75294495
26.17058563
24.73136902
20.54705811
23.61569023
17.77059174
20.66078568
27.48039246
31.95490265
31.95686340
19.65490532
19.83529663
21.22157097
19.14509773
20.09019279
24.08039665
21.14509964
22.39607811
27.30391884
22.61764526
23.63137245
22.09803581
19.21961021
15.35490417
26.76667023
31.27451134
31.95294189
29.29019928
18.76078606
16.29999924
22.16666412
20.40588379
21.90000343
22.06470680
21.17450905
25.36666489
21.83529282
20.95882797
21.49804306
23.11372757
15.60391998
18.59608078
29.96470833
31.23725128
31.77843094
23.98627472
18.10588074
18.92941284
20.91372871
19.72549057
23.85882378
19.36667061
24.04314041
24.86470032
16.19215965
21.02941513
22.95490646
16.77647209
14.58627415
24.69804192
31.72745323
30.97843170
31.76666832
19.31176758
16.35490036
22.20196152
19.10980797
23.46078300
21.69019699
22.40588760
25.00784492
18.59803963
15.15098381
21.43921471
20.90392113
14.63921547
16.16470718
28.64706039
31.76274872
31.15294266
28.05882835
18.71175957
17.46470833
21.18823814
19.49607658
24.78038979
21.00980377
24.84706306
19.34705925
13.76078510
17.34902000
21.26667023
14.96470547
14.34705639
21.63333702
31.40000153
31.66667175
30.95098114
23.87059212
17.20588303
21.81568909
19.09412003
22.68431282
22.17057991
21.74510193
23.42941284
13.74902058
12.88627434
18.82941055
16.65490341
13.75098133
14.70980453
27.27058983
31.88431358
30.62549019
31.56862831
20.98039436
16.36274338
22.79020119
19.41568565
24.38627434
20.97450829
23.56470680
16.38627434
11.91960716
15.31176472
17.74705887
14.12548828
12.82548809
19.37647247
28.93922043
31.89411926
30.77255058
29.64117813
18.22745323
20.26862717
19.17059135
21.95686531
22.40391731
19.30588531
21.26274490
12.51176643
12.72744942
17.24510002
15.48235416
12.45686531
14.53333378
22.22549438
31.48235321
31.21568489
31.59019661
27.03529549
15.63137436
22.29803848
19.72549057
23.76470566
19.08823586
20.21372795
16.09412003
12.01372528
14.34509850
16.70980453
13.21960640
11.85882282
17.84705925
24.92156982
31.64902496
31.63922119
31.80196381
23.38235855
17.88235664
21.12352943
21.79019928
22.09019470
16.58431244
20.07843208
13.20196056
13.37646961
15.40196419
14.47451210
11.74510002
13.67254829
19.69608116
28.27451324
31.92549133
31.89019775
30.94117546
18.09607887
22.49607468
20.42156982
23.53529739
18.95098114
17.87254715
17.07058716
13.41176510
13.86470509
16.41764641
12.93137360
11.51372528
16.32941437
21.79412079
29.60196114
31.81961060
31.96862793
28.46078682
16.38039207
23.63921547
22.61960983
22.87451363
15.37647057
20.37254715
13.50588131
13.74705791
14.13529682
13.77058887
12.53921509
12.36078358
18.90980721
23.59019470
31.02156830
31.97254944
31.90196228
21.83529282
20.73137283
23.10392761
23.49804115
20.26078415
16.56862640
19.41372299
12.13921261
13.00980186
15.28431416
12.55294228
10.60196304
15.13529301
20.06666565
25.67842865
31.93725586
31.91372681
30.82744789
19.25490379
23.42549324
23.58823395
23.36274529
17.95882416
21.40588379
14.76667023
12.36078548
13.65490341
13.64902020
11.57058907
10.28235245
19.03529358
21.45490265
26.91372871
31.88039398
31.96862793
27.35294151
20.33333588
24.54705429
23.57254791
23.82352638
18.04705811
19.90784645
11.53137207
12.14706039
14.43725586
12.59019661
9.76862621
13.47646999
20.18823242
22.71568298
29.50000191
31.92156982
31.54705811
23.41961288
22.94117546
26.25685501
22.55882072
22.55686188
19.02941132
14.58431625
11.33137417
12.33529472
13.83725643
11.17254734
9.26862717
19.63137245
20.40196609
22.57058907
31.49608040
31.98039246
30.37254906
22.67058754
26.43333435
24.13529968
23.25294304
18.17646980
17.41764641
11.36274433
11.69019890
13.91176701
12.69215584
10.33529377
12.01176643
22.50196266
19.81764984
24.84706116
30.88039207
31.85686493
27.00980759
24.52549744
27.43921471
22.12745285
21.22352791
17.01960754
13.57646942
12.52941132
13.47647095
13.83921432
11.53725624
8.89607811
17.20000076
22.42156410
20.51960754
25.69608116
31.92156982
30.96470451
24.83529854
26.63725662
25.74902153
21.88039398
17.02941132
16.02549171
11.74705696
14.14705849
14.09607697
13.62941265
10.14705849
11.16666889
20.49020004
21.06078720
22.05097771
27.00980377
31.96862793
28.73137283
23.12549210
30.07451057
23.08627701
19.81568527
17.03921700
13.55686283
13.43333340
15.05097961
14.60000038
10.65882587
9.21960926
15.72156811
21.92745018
19.55686378
23.03137207
28.02745056
31.89215851
23.28823471
26.27255058
28.81176758
20.11372757
17.62941360
15.83725643
12.01372623
15.01764679
14.86274433
13.93725586
9.40980434
10.50196075
17.76078796
22.34705734
19.90784645
23.55490112
30.99215889
29.15098190
20.46862411
30.15098190
23.60196114
18.19215965
17.15686417
14.11764812
12.06078339
15.05097961
15.93725491
10.13529491
8.91764736
14.10588455
19.23333168
21.22353172
21.87451172
24.30588341
31.34117889
24.44118118
22.92549324
28.86274529
19.80392265
17.31764984
16.30392456
12.11764717
13.65294266
14.72353172
13.56470871
9.15490341
9.56274414
16.23921585
21.74706268
19.62353134
22.43137741
25.62940979
29.53921509
19.71372223
25.88038635
24.36470413
18.57059288
17.26078415
16.22941017
12.48823452
13.48039341
17.20980453
9.81372643
8.38823605
12.76078606
16.40196228
21.66470718
19.61176682
22.81372643
27.73333359
26.45294189
19.04314232
26.58235359
21.11960983
18.21764946
19.52941513
13.13529491
13.09803963
15.44510078
13.56470680
8.97255135
9.14117718
14.87254810
17.92156792
20.15294266
21.12744713
21.26470566
28.30000496
23.05490112
20.40784454
23.55097580
21.02549362
20.81176758
16.59803963
12.57647228
13.41960716
15.74313736
11.56666851
8.47255039
11.65882206
15.87451172
17.74510002
17.99411583
20.60588264
22.13921356
27.55489922
20.91961288
20.68626976
22.63333321
23.58431435
21.07647133
12.96862411
13.30392265
14.46078587
14.40980434
10.40980434
9.72941208
13.91372681
15.36666870
17.75098038
17.60000038
18.98823547
23.19215775
28.23725319
19.32548904
21.09999847
25.73136902
24.50587845
17.27058792
13.09803867
14.42352962
14.46078587
12.93529510
8.62353039
13.19411755
15.32156944
15.28823662
18.27451324
18.33136940
17.45293999
25.83137512
24.13725471
19.82549286
23.50000000
28.18823624
20.06274605
14.54705811
15.47058868
14.16862774
15.82156849
11.32549381
11.92352867
15.27451038
15.41568661
17.00392151
18.26274300
17.95686531
19.04706001
27.59019661
20.67647362
19.47451401
27.16078377
25.36862946
17.16666794
15.56274605
15.54509926
18.46470451
14.65882587
10.54117680
17.24705696
14.50588226
15.27843189
18.19607925
18.90784645
15.79608154
22.41569138
27.84509659
18.51960945
21.67843056
28.13137436
19.67843056
16.81568718
18.52549362
16.32549095
22.59412384
12.08627319
15.22941399
17.06274605
15.42353058
15.11176300
18.83137703
17.86078644
15.51960850
26.76274300
25.72156715
17.67451286
23.14509964
24.84902000
17.71764755
21.30588341
18.79215813
24.11960793
18.12156677
12.61764908
19.88431549
15.91372299
15.41960812
16.44509697
19.86274529
16.30196190
19.00784492
29.26078415
22.65293884
17.12745285
22.26666641
20.42353058
19.22156715
24.02353096
22.14509583
25.38823509
13.55490112
17.92156982
17.86274719
15.78039360
15.45882416
18.50000381
20.66863251
15.71568871
22.52157021
30.80784416
17.87451172
16.29215813
21.30784416
16.35686111
24.53529358
23.48823547
27.87842941
18.76274681
14.47450924
17.61568642
17.23725510
15.56862640
16.66470718
21.32157326
19.65686035
16.56274414
27.05490112
26.61764526
14.34509850
17.29411888
19.08823586
18.90392303
25.16666603
26.00000191
25.55098534
14.45882416
15.70588398
14.73529530
17.27451134
16.40980339
19.11176682
22.82157135
18.25293732
18.67646790
31.06470680
20.19412422
14.68823624
18.25098228
17.05685997
23.69215393
23.85882378
27.71373177
19.67058563
15.05097961
11.53333473
15.99215889
17.41568375
19.63333130
20.85686302
22.45490646
17.48039246
23.76666641
29.20588112
16.55293846
15.80980301
17.60588455
18.99607849
24.83137512
24.63921547
25.33332825
15.88431072
12.96078396
11.65882301
18.26666451
17.29999924
21.61960793
23.32549095
19.99019814
17.79019737
29.68235397
26.43529510
13.94706059
15.80000114
17.75489998
23.68626976
22.73332977
25.20391846
21.80588341
14.57058907
9.15882301
15.08627415
19.24313354
19.62745094
19.41960716
23.29019928
18.39411926
20.27647400
31.35686493
20.81372643
13.85294151
17.87059021
17.80784225
24.52744865
20.42941284
24.57451248
18.05882454
10.78039169
11.88235378
17.10784531
18.89999962
19.68823814
20.11960411
20.57647133
16.86470795
25.78039169
30.14117813
14.57451153
15.66666985
18.75490379
22.00000000
20.93529892
21.41568375
22.08235168
14.41960812
9.46274662
14.83725548
19.31372643
17.93725777
18.83529663
17.86078453
18.24705887
16.79803848
30.83725739
26.23529434
13.00980473
20.12940979
17.84510040
22.90587807
18.68823624
21.91764641
17.87843704
9.94509888
12.47450924
16.10196114
19.57058716
17.34117699
17.75882339
17.05489922
16.25686455
21.81372643
30.96274757
18.84902382
16.03725624
19.81372452
20.29215813
20.54510307
20.62549019
18.41765213
12.12745094
9.62941265
14.71764660
18.93529320
16.77647018
18.61372566
16.93529510
16.28627777
16.12745094
25.89607811
28.38234711
14.21961021
19.07843208
17.39411926
21.56274414
19.93922043
20.18823433
14.41568756
9.22548962
11.60784149
17.18039322
19.24902153
17.68235397
20.06470299
16.26862526
16.06274796
17.50784492
27.83529472
23.50588417
13.59019661
17.23333359
18.29411697
21.49019432
21.20392418
17.14509964
11.08235359
7.79215622
14.85882378
18.60000229
18.96666908
22.06078339
18.61372757
15.73529434
15.86862850
18.95294189
25.86078072
19.91372490
15.38039112
17.09607887
20.90392303
20.74509811
20.72745323
14.02941322
8.91568661
10.64313793
18.43725395
19.42941284
17.23333740
23.20980453
16.96078491
15.00980473
16.33333397
20.66666603
24.58431244
17.59803772
16.24313927
18.18627357
22.30980682
22.10980415
16.62156868
11.51764965
8.64117718
15.42549133
18.08431244
18.06470680
19.97450829
21.26666641
15.69019890
15.40195942
16.91764832
21.43725777
23.63137436
16.00784111
17.11372757
21.16078568
20.85294151
20.64313507
14.76862717
9.45686340
10.52549171
17.60392570
17.09019661
16.68431282
22.25097847
20.17450905
14.06078625
17.39216042
18.44510269
23.21372604
20.10784340
16.03333473
17.78823471
22.44117165
20.73137283
16.96078491
13.04902077
8.59803963
14.09411812
16.92156982
15.63333321
17.02745438
20.30980873
18.50784683
14.59803963
20.52745056
18.75882339
23.99804306
17.53921509
15.97254753
20.09608078
20.75882339
20.23333359
16.51764870
9.72745037
10.94313717
16.52744865
24.98431206
18.92353249
20.12745285
19.32548904
14.93529510
17.04706001
19.26274109
20.98431396
22.04509735
17.12549019
17.38235283
20.78431511
21.02941132
16.59019470
15.24509811
9.92156982
13.17059040
21.99019623
22.26862717
22.33725357
18.97843170
17.80392838
13.96470833
18.64117813
17.76666832
23.12744522
20.78235435
18.50588608
18.87647247
19.30000114
20.73921776
16.76666832
12.84902000
11.24901867
15.49804020
25.64509392
20.08235550
21.31372833
18.37646866
15.42941284
15.10000038
19.77255440
16.51764679
24.03725624
20.94314003
17.20783997
18.99607849
19.91176605
16.81960678
17.55882454
12.44705963
12.33137226
18.96666718
20.32353020
19.36470413
19.67254639
18.46078491
14.07255173
16.83725548
17.64901733
19.26862526
22.12548828
18.47058868
17.37451363
17.39607620
19.32744980
17.47058487
17.15098190
12.54509830
14.96078491
20.24510002
19.78823471
19.42549324
17.95686150
16.62156868
16.23921394
17.70000267
13.74118137
23.24118042
20.20196342
16.38235283
16.88823700
18.67646980
16.00784111
19.11961174
14.75097942
15.48235416
18.20980072
21.30784798
20.00784111
20.50196075
18.43333244
15.59215927
16.80195618
16.50196266
15.66078377
22.22941589
16.71764946
17.89019775
16.24705696
18.42941284
16.45293999
17.84902191
16.27647209
15.67451096
23.34509850
22.05882645
19.48039627
21.69020081
19.91765213
15.37254715
16.98039246
12.62941265
19.91961098
19.43921661
18.61764526
17.66078568
16.33333588
16.62156868
18.02156639
17.02548981
18.34510040
18.31372643
21.95489693
23.38823318
20.43529320
20.23137093
18.18823433
16.44901657
15.29215813
12.44902039
22.05686760
18.19411850
19.38039398
15.41764641
17.36274529
15.89804173
18.71960831
17.62156868
16.46470642
24.47647095
21.27843285
20.71176910
21.37254715
19.36274719
16.70784569
16.45294189
12.44509888
15.50784302
19.47843361
19.32352829
18.18039131
15.40196323
16.92941284
17.00196075
18.87647438
19.92352676
16.53725433
23.31764984
22.32352829
19.96470833
20.26862717
18.29019547
16.22352982
14.93921661
11.15686417
19.15098000
18.01176262
19.70588303
16.41568947
17.19019699
15.20196056
18.76666641
21.15686226
17.38823700
20.72156334
20.67058563
20.41764832
21.86274147
18.89216042
18.80587769
15.16666412
13.47254753
13.02549171
19.97843170
17.20000076
19.22156906
14.20784283
17.68038940
17.05294037
20.83529854
19.98823738
16.37843132
23.07843208
19.51568604
22.45097923
22.39607811
16.22941399
18.08431435
14.82941055
11.12156963
16.98039436
17.31568527
18.86274338
17.30195999
16.36274719
15.66470718
20.27058411
22.65293884
16.30196190
19.43333626
20.81764984
21.20588112
21.73725510
19.03333282
17.50000191
15.28823471
13.00588131
12.61372471
18.96470642
16.49411774
19.37451172
14.54117680
17.45098305
18.55686188
21.21960831
16.70784569
16.63333321
23.37059021
18.78823853
24.36470222
21.45882607
14.95882416
16.15294266
13.92353058
11.41372490
15.76274490
17.80588341
17.08627319
18.33726120
15.81764603
16.38039017
19.95489883
19.25098038
13.97058868
20.16078568
22.61764526
23.80196190
23.65490341
17.42156601
13.86862469
14.80195808
12.80000019
13.50784206
17.14706039
16.18823624
18.66078377
15.75489998
16.75294113
18.58039665
19.24705887
14.82353210
15.80980492
22.27843094
23.24705887
20.85293961
22.49607849
13.34509754
14.66078472
13.98431492
11.61568451
15.96862698
16.62745094
16.48431396
18.51960754
16.07843399
15.69607735
19.30000114
15.44117737
14.77647305
16.36470795
21.78823280
18.17058754
20.33921432
17.42941093
12.85882282
14.69019699
11.90195942
13.30196285
15.39019680
16.55294228
17.59607697
17.51568794
16.26470757
17.14706039
16.64117622
14.91960621
14.93137264
17.81176567
21.46666336
17.86274529
18.54706001
14.72745323
13.88431168
13.58431244
11.11176300
16.09803963
14.98039341
16.64902115
18.49608040
16.65098190
15.98627567
18.24901962
15.15686226
15.79804039
14.61764622
21.12744713
19.61176491
16.42548752
19.00000000
12.56862926
14.80784225
12.07843113
13.32352829
15.14901924
15.36078644
18.29215622
17.84509850
16.50000191
16.49607849
16.55097961
14.89608097
15.73333549
16.85490227
23.74705696
19.41373062
16.59607697
17.70000076
13.20980453
13.89804173
11.51176643
15.58431339
13.54313660
17.86666870
17.74705887
17.47254944
15.94509602
16.75489998
14.93725586
15.81960773
14.83529472
23.44509888
22.56078339
18.99607849
17.71568680
15.17058849
14.48431587
12.79215813
12.78039265
14.51568794
15.40000248
18.50784492
17.05882454
17.92157364
15.83725643
15.93529606
14.63921642
17.99607658
15.50784206
26.21176720
22.81961060
16.96862602
18.38431549
13.69607830
15.05098152
12.17843151
13.46274567
13.04510021
17.80588341
17.09411621
18.00196266
17.73529625
16.61568642
15.77058887
18.11372948
16.79216003
20.04509735
26.35098267
19.13725662
15.99803925
17.01372337
13.92941284
15.12352753
10.84902000
13.79019547
13.76862907
18.63137054
15.65098190
18.59411621
17.91765213
16.59019661
16.24118042
22.35686493
14.89215851
25.00979996
21.74509811
15.71568871
16.96666908
16.13921547
14.26863003
12.45882607
11.75294209
12.58823776
16.82353020
16.49608040
18.45686150
19.62941360
17.50392151
15.69607830
20.94117928
18.09411812
17.12549019
24.62548828
18.70588303
14.58823586
18.24509811
16.32941246
13.52745152
9.65490246
12.55294228
13.11960793
19.28235435
15.98823738
23.28627586
18.07255173
16.12549210
13.88823414
23.51176071
14.66666412
22.73137283
21.00195694
14.54706097
16.22941208
20.40784073
15.22156811
10.63921642
10.30588245
12.61372757
16.77255249
16.95882607
19.59215927
22.51764679
17.04509735
15.63137341
16.60392189
18.57058716
15.50980568
24.41372299
17.56078529
13.64705849
18.54313850
19.60000038
14.37450886
8.92352962
10.90980339
13.05882263
20.22941399
15.32745266
23.11764717
18.05294228
16.10980988
14.59607983
16.91764832
13.73725605
22.09804153
21.11176300
14.33137417
14.68039417
20.26862526
18.86666489
11.08235168
8.74509716
11.88627625
14.88039398
17.71764374
17.08627510
19.99803925
17.16078568
16.33333588
13.65490246
14.95490265
15.61372566
25.81371880
16.86274529
14.07254887
16.38627625
18.97058487
15.39804173
8.90980434
9.90196037
11.14706135
16.28431129
14.98823643
17.50392151
17.71960831
17.12353134
15.41568661
15.30980396
13.42549229
21.80980492
22.15489960
17.26666641
15.07843304
16.72549248
15.56667042
11.30196285
9.14509869
10.95098209
11.05686283
16.49215698
14.09411716
15.79411697
17.69608116
17.12941170
16.52744865
15.77450752
14.69999886
26.02941513
18.98627281
18.32745361
15.78235435
15.18235397
13.59411812
9.75882339
9.54901886
10.51176548
12.64117718
15.09019184
13.61764908
16.55686188
17.15882492
16.61960793
17.32549286
14.91568947
18.52941132
24.73137474
18.59607697
16.80195999
15.34117508
14.29215813
11.59215832
9.64706039
9.73529530
10.28431511
14.71372509
13.56862831
13.57255077
16.91960526
15.84705734
17.07254982
17.21568489
15.30392265
20.17255020
21.37058830
17.24313927
15.56274509
13.31568623
13.98039150
10.26274395
9.44313717
9.42745113
10.98235130
15.19412327
12.93333530
14.89608002
14.51960754
18.19215584
16.82549095
15.85097885
15.03725433
20.95882416
16.59804153
15.20980453
14.15490246
13.96274567
12.91372776
9.38431358
9.95490170
8.89999962
12.49019718
15.06470490
12.94509983
15.56666660
14.47646999
17.66470528
17.32352829
15.90980530
14.20784473
19.73137283
15.00588417
13.60588169
15.94705772
15.57254791
11.05490303
9.16470623
9.16862869
10.09411907
14.87059021
13.43725586
14.16666603
14.45293999
16.98823547
17.86862755
20.16078568
13.74705982
13.57843018
20.29215431
16.11764717
14.26862621
20.32548714
15.13725471
8.37843132
9.84117794
8.91568661
10.78039360
14.96470737
13.91568375
14.72549057
14.66274738
15.90000057
23.42548752
18.67843056
12.83333397
16.41960716
19.70392227
17.79412079
19.00392342
21.63333511
11.19411850
8.75686264
9.69999981
9.52548981
12.72156715
15.23725414
13.19019508
13.57647133
16.38627434
18.79608154
24.79999352
15.74510002
13.62156868
19.30196190
19.50196075
18.37843132
22.41372299
17.68039131
9.79019642
9.96078491
9.65098190
10.09608078
14.31176472
13.96078491
13.59019661
14.73529339
16.05294228
23.66666794
22.46078491
16.78039551
12.89803791
17.14117622
20.72352982
20.25490189
23.01372528
11.43529320
10.71568298
10.53529263
9.25490189
11.37450886
15.43333530
12.93921661
13.44117737
16.33529472
17.77058983
26.52745247
18.74117661
19.23725128
13.26666546
15.03921700
21.11765099
21.56666946
18.80392075
10.19019699
10.38431454
9.62745094
9.68235397
13.01961136
15.02353001
14.72156906
14.64902115
14.07451057
20.90000153
28.07254791
20.32156944
16.70000076
12.08235168
19.27058792
19.86666870
21.65686035
12.22156715
10.37059021
10.72941208
9.32353020
9.52156925
14.34313774
15.46470737
15.10980320
15.00980186
16.57058907
21.49803925
23.98431206
23.97058678
13.80392265
13.81372547
22.43921471
20.90195847
17.85490036
10.34117699
11.36862659
9.65490055
9.64117718
10.95294094
15.97058868
17.14313889
13.73921680
12.70196056
17.76470566
24.27451324
21.92745399
21.42941093
15.99411964
16.19607735
24.03333092
22.69019318
13.36274624
10.28431606
12.15294170
10.26470661
9.00392056
13.90196037
16.96862793
15.71176529
13.54117489
16.30588341
14.23921204
25.01372719
21.19607544
16.55097961
17.51372337
19.38039017
27.74118042
20.36470413
11.29215527
12.67058754
11.44902134
11.20980358
9.24902058
17.28039169
17.95294380
13.27646828
12.53529263
17.00588417
17.82549095
24.27842712
19.43137360
14.78039265
16.12941170
23.38627625
28.56862640
14.40784454
11.27647018
13.90392208
10.80392075
9.64705944
11.77254963
18.52157211
16.59804153
13.15882397
16.54902077
14.47254848
22.92941475
20.84706116
15.20980263
16.65490150
16.60588264
26.01372910
21.35882759
12.05294228
12.47843170
12.88823795
11.15686417
8.48039150
14.46666813
19.13137245
12.88431358
12.92156887
17.22745132
15.80392361
28.04313660
15.91372299
13.89607811
17.55882454
18.58039093
25.85685921
14.98039246
11.93333530
14.22548962
11.19411850
9.68627453
9.49607849
15.78627586
16.78627586
13.65686417
14.71568680
16.17451096
17.74509811
27.54313660
14.87058640
16.62549019
15.49803829
20.02548981
19.88235092
12.56078625
12.05097961
12.72352695
10.26274395
8.30980396
11.56274509
17.56078529
13.41960812
13.84117508
16.85686493
14.03725529
24.13921547
23.67254829
13.15882492
17.60392380
14.78235245
19.20588303
14.27842999
12.00784492
12.01764488
10.92745209
9.06862640
8.39215755
13.04901791
15.35293961
13.65490150
14.94117737
15.70196056
15.14313984
26.49412346
17.97254753
14.58039379
15.47254944
16.26078415
16.33333397
10.49019718
11.77647018
12.00196075
9.91568661
8.46470642
9.27255058
14.80196381
13.10587978
14.20000267
16.64706039
12.55882263
17.60588074
23.99019623
15.13725662
16.10588264
13.92548943
16.49019623
12.67647362
10.85293961
11.87647057
10.55294037
9.38627529
7.75098133
10.87451077
14.51568699
14.17451000
14.37254906
13.79411793
13.96470547
19.88823318
19.69804192
13.45490265
16.53921700
15.60980606
15.56470680
10.06666660
11.71960640
10.69804001
10.48235607
9.15686131
8.24313736
12.92156792
13.32941055
14.65882492
14.57451248
12.75882339
16.14314079
20.65098190
18.13333511
13.50000095
15.79804134
17.51960754
13.19607925
10.26666641
11.11764812
10.13529491
9.50000000
8.63333321
9.53137398
13.99411678
13.47058868
14.41764832
13.25490284
14.06470776
20.21176147
21.47451210
16.93725395
14.83333397
16.05097961
17.49804306
10.61568642
10.11372566
9.05686378
10.41764832
8.45686340
8.35882473
10.98235416
12.15686512
14.16666698
14.86862946
13.09608173
17.50588226
21.72549248
21.06863022
15.30980492
15.09215736
18.24705887
14.39411926
9.35097980
9.54313755
9.50196075
9.30784321
8.32745075
8.98039246
11.10784340
12.26666832
13.98038864
14.24117756
14.55098152
21.00196266
19.33137131
18.08431816
13.68627262
14.46862698
17.80392265
12.40784359
8.83725452
8.96078491
10.01568699
8.61568546
8.51568794
9.23529530
10.72549152
12.99803925
15.89411831
13.09803867
16.11372757
21.78431702
16.32549095
15.28823566
13.29215717
15.74509811
17.77255058
9.93529510
8.76666641
9.48627472
9.86274529
8.24509907
8.84901810
9.11176395
11.06078339
14.17254829
15.50196266
16.24705887
18.58039093
18.28431511
16.07254982
13.55686378
12.75098324
17.17255211
16.02352905
9.31764507
9.51764774
9.11960888
9.81764793
8.52745056
8.68627262
9.44117641
12.48627281
16.50000191
14.84706116
20.71960449
21.45294189
15.47843361
15.30000305
12.72548580
13.26666737
20.21176529
11.61764812
9.30588341
9.09803963
10.43137264
8.97254944
9.01960945
8.63725662
10.12548923
14.51568794
20.33529663
18.70000076
20.83921623
23.85098076
14.36666679
13.57254887
12.54705906
17.17058754
17.30980682
11.32352924
9.68823624
9.07254887
10.54313755
8.72352982
8.84313869
9.15882206
12.55294228
17.42353249
22.17058754
23.07450676
21.63921738
22.19411659
13.97646999
14.34117699
14.64902115
21.89804077
14.09803963
12.26863003
9.41176319
9.77255154
9.60000038
9.31372452
8.98431492
10.61568451
13.12353134
23.30784607
22.02548790
25.23529434
25.90196228
19.35490417
14.69411755
15.83333206
22.14509964
20.59019279
12.64117527
14.09411716
8.60000038
10.88235378
9.17451000
9.26862907
9.88235283
11.51176548
16.87450981
25.49216080
23.18627357
23.15490150
28.82548523
16.18627548
14.81960964
21.44509506
25.51372910
15.39803886
13.50195980
11.47843170
9.44117641
9.93333435
9.00980377
9.67059040
9.02549171
10.43725491
24.06077957
25.06862831
25.47059250
21.59607887
26.39215660
14.03137207
16.20980453
27.61765289
20.73529434
12.07843304
13.15882301
9.08235264
10.91568470
8.32156849
8.83529472
9.16274452
9.07058907
15.95686436
25.83529472
23.14509583
19.23333931
24.70980453
22.79607773
13.08431053
19.88627625
27.23725891
15.18431473
11.79411697
10.31764698
9.31764793
10.15882492
7.86666727
8.80588341
8.56862831
8.80784416
23.79411888
25.39803886
18.17647362
14.91176414
27.81176567
20.64509583
14.42745113
23.78431320
20.56666756
12.80980492
11.16078281
8.41764832
10.26078415
8.77450943
8.54705906
8.02352905
8.67058849
14.81372547
25.90980530
22.05686378
14.58039093
17.01960945
28.32548714
19.63529205
15.52352905
23.63921738
16.17254639
11.31372452
9.51176739
8.09607792
11.03921509
7.99019670
8.33333302
7.95882463
9.06666756
22.14705658
25.70195770
17.52548599
14.02156830
20.64117622
26.06274605
18.43921471
17.62352753
21.83921623
14.56862736
10.59019661
7.69411850
8.91960812
10.25882244
8.49215698
7.77450991
7.52941227
12.26470661
26.09607315
24.92156982
15.65686226
14.67451096
24.64118195
22.80784798
15.84706020
21.27058792
18.25098228
12.34902000
9.70196152
7.57843113
10.20980358
8.95098114
8.22745037
6.97450972
8.54509735
19.33921242
27.09803772
24.73529053
14.81176662
17.85098267
25.85097694
19.37059402
15.82353020
19.14509773
16.95294380
9.24509907
8.08823490
7.71372509
10.54313755
8.85490227
7.45098019
7.03137302
12.93333340
24.45686150
29.49216270
24.31961060
16.59803963
22.68431091
24.86078072
18.49607849
16.65294075
14.35097885
13.23333454
7.99607801
7.71176291
7.86862755
10.55098057
7.56274509
6.83725548
8.61764717
20.50784111
26.97646904
30.72941017
25.31960487
17.20980263
28.65098000
25.16470337
19.86078262
14.75098133
14.69411945
9.69607735
7.43529415
7.15490198
8.68235397
9.02157116
6.76078367
6.48039293
11.65098000
25.49411774
28.98823166
31.03725433
25.09804153
20.02745056
31.02156448
26.35685730
20.73137283
15.19411945
13.38235283
8.57647133
7.36470509
6.56470585
9.20196056
7.42352867
6.51764727
7.72156906
18.78627586
25.93725204
30.45098686
30.75490189
22.06078529
22.70980453
30.32549667
27.92941284
23.04509926
16.25098228
11.87059116
7.90392160
6.76274586
7.77450943
7.89019585
6.75490236
6.43725395
8.43725491
24.55097961
28.79215813
30.73333168
30.13137627
16.68627357
26.42745590
28.37255096
29.44902229
23.52940941
14.11568737
10.54902172
7.47058916
6.43333340
7.84313583
7.50195980
6.54117680
7.11960840
13.71372604
26.12941360
31.24901962
31.37843323
26.43528938
17.51176643
25.12548828
27.12745476
29.98235893
19.19803810
11.73921490
9.60784435
6.68235207
6.96470594
7.79215765
6.43529320
6.71568727
7.70980358
19.62549210
28.56862831
30.60784340
31.62157249
24.54117584
20.33725166
23.19411659
29.32744789
25.25686264
15.78627586
11.59019756
8.60196114
6.65882254
7.29411697
7.03333378
6.65882349
6.25686359
11.08431339
24.99215698
27.87058640
29.02745056
31.73725700
25.60980797
21.82941437
27.29019928
27.25882912
16.82941246
16.65490150
11.48627472
7.20980358
6.93725395
7.40784359
6.66470718
5.85294104
6.42941141
15.37647247
29.13529396
24.44901848
27.46862793
31.47059059
26.66078568
26.02548981
26.82352829
21.18235397
14.42745209
17.05686378
9.98823452
6.35294151
7.19607925
7.46078348
7.03333378
5.36862755
9.60980606
18.68431473
28.79607773
19.59412003
28.61176682
31.32745171
27.33921432
26.84706306
22.84902000
15.06470585
14.90784264
15.15294170
7.44117641
6.95098162
7.17255020
7.99803925
5.97058868
6.00392151
13.50588226
23.51568985
25.16666412
19.48039055
30.40980530
30.24509621
25.61960793
23.93921661
19.92156792
11.60000038
17.47843170
9.86666584
6.83333302
7.04901981
7.59411860
8.20392227
5.33137274
8.74705887
16.59607697
28.47451019
20.04706192
22.60980606
30.83725548
27.19020081
21.55097961
21.20000267
12.97450733
11.40784359
15.12353039
8.57254887
6.39999962
7.14705849
8.78038979
6.42941141
5.88823509
12.53137398
18.48431015
29.62941170
17.17254829
26.08235168
26.99608040
18.59019661
19.45097733
15.57646942
11.28627491
12.04902172
10.89215851
6.97647095
5.97843170
7.79411745
8.55686283
5.34509850
8.30000019
14.49607754
22.12156868
25.41764832
22.05686188
24.60392189
18.01961136
15.87255001
15.77451229
11.91764927
10.14313889
13.10980225
8.51372623
5.48823500
6.49411774
8.84509563
7.27843237
5.30784321
11.68823624
16.34902000
25.86470413
23.56666183
26.03137779
17.92941284
15.01176453
17.28823853
13.34510040
12.32941246
9.27647018
12.72745132
6.82352972
5.26470566
7.75490379
9.30980396
6.06274509
7.06470633
14.49215698
17.03725433
28.26666451
26.68431091
22.40980148
15.35882092
17.50784302
16.19019508
12.28235245
11.04705906
11.42549133
10.03529549
5.42941236
6.21568632
9.01960945
9.09607887
4.76274443
10.96078396
15.51176071
19.76078415
29.74902153
26.76078033
17.62549019
15.03921509
20.41372871
13.73137093
11.98823452
10.00588131
12.57451057
6.94509792
5.09019566
8.24705887
10.11960697
6.06470633
5.88823557
13.69411755
16.71176338
23.20784378
29.55882645
23.65490341
15.56078815
18.49215889
19.50195885
12.41961002
11.60980415
10.07647038
11.61176395
5.79215765
6.55490208
9.69411850
8.42549038
4.30980396
9.79607773
14.58431530
17.43333626
25.87647057
27.77646828
19.49020004
16.28039360
22.56470680
15.41568375
12.09607887
10.40784359
11.01568699
9.10196114
5.39607954
8.45686340
10.53529453
4.96862698
5.09607840
12.95098019
15.96470547
17.19803810
26.02745056
25.47842979
15.61960793
17.55098152
21.72745132
13.66470718
11.00784302
9.27450943
11.45294094
6.96078396
6.45686245
8.93529415
8.18039227
4.59803915
8.11372566
13.43529320
16.81372643
17.27058983
24.25686073
19.99804115
15.39804173
19.12745094
18.35294724
13.19019413
9.74510002
8.94902039
10.89215660
6.08235407
7.36274529
8.49019718
5.91176605
4.95098114
11.34706020
14.49215698
15.76274681
16.39608002
24.04117203
15.97254944
15.66470909
19.48627663
16.71764565
12.44901943
9.36078644
10.50392246
8.42549133
6.59411860
7.66078520
7.17450953
5.14313793
7.98627377
12.41372490
15.23137188
14.03137398
17.41960716
20.62941742
15.59411812
15.95686340
19.41568565
14.52157021
13.66274643
9.21568680
9.60392189
7.04705858
7.61568642
7.85294104
6.00196075
5.05098057
12.22352982
13.73921585
14.95097923
14.35490322
18.55489922
17.10000038
15.08235264
17.79999924
17.84509659
15.02745152
12.02156830
9.10195923
8.56862736
6.78431368
7.27058840
7.03725576
5.45882511
9.24313736
12.63921356
15.86862946
13.97058678
14.38823509
17.81372452
16.25686455
14.59019566
18.11764717
14.07450771
15.90588474
10.03921700
8.26666641
7.76078367
7.69803905
6.58039093
6.46666622
4.86666632
12.75294304
14.14509487
16.06666565
13.99999809
14.90588570
17.78823662
13.34705734
15.48823738
15.39411831
15.90392113
13.24705982
8.55686474
8.57647038
7.36666727
6.77843046
7.25097895
5.10980415
8.07058811
14.26274681
15.69607830
15.84705925
14.07058811
15.41176414
15.57451057
13.00980377
16.43333435
14.55490017
18.01765060
10.37647152
7.76666737
8.16274643
6.59803867
7.13725519
6.10980415
4.56274557
12.97647285
14.39019585
17.17058945
15.66274738
13.97646809
16.37450981
12.64510059
15.54117775
15.18235111
17.49215508
15.69607925
9.08431530
7.69215631
7.34509850
6.31176424
7.52941132
4.82156801
7.39607859
14.29215431
15.86862659
18.15490150
14.66078377
15.01960659
15.13921356
12.56470776
16.48823738
15.85294151
18.61176300
14.54705906
8.17843151
8.04706001
6.54902077
7.12156773
6.08431387
4.40980387
12.08823395
14.67646980
16.73529434
17.62352943
14.81960869
15.93333435
12.95686340
14.33921623
15.40588284
16.69412041
20.90392303
13.73137474
7.74509859
7.71960878
6.78431320
7.67254972
4.83137226
6.35882378
15.24313831
14.58039474
16.44117546
16.99019814
15.23921585
15.78627586
12.79607773
15.31568813
16.55294228
17.76470375
21.35686684
11.63137245
7.78627443
7.31176376
7.63921547
6.88039255
4.72352934
10.62941170
14.86078262
14.59215927
15.97255039
17.04901886
16.74117661
16.50980759
15.17843151
18.13725471
15.76274490
19.91176605
18.10980034
9.91176414
7.95294046
7.10392189
9.33725548
4.78431368
6.06862736
13.90784168
13.73529339
14.68431568
17.83137512
18.24901390
18.09019470
19.54706383
18.94313812
19.20196152
16.29804039
20.33922005
15.08823681
8.60392189
7.90000010
7.78627491
7.48039198
4.49215651
9.83333397
13.93529320
14.37450981
15.47058773
21.28823853
18.10784531
19.88039207
23.11176491
21.52353287
16.20000076
17.46666718
19.48235321
12.28039360
7.21568632
7.46862650
8.85686398
4.35098076
5.34901953
12.22941113
15.05685997
15.56078339
19.68823051
23.26471138
18.29019547
22.50000000
23.65097809
17.98431396
16.89608002
18.15490532
16.63921547
9.26274681
6.83529425
8.05882359
6.46274567
4.02745152
8.76862907
13.21176529
16.64117622
18.53333473
24.34706116
23.46471024
20.59019470
23.69019508
22.90588570
15.67451096
16.90784264
15.88627434
14.10196018
7.38235188
7.03333378
7.60392189
4.62156963
4.79803944
11.92353058
14.74117565
18.99608040
22.71177101
27.37843132
22.27058601
21.34314346
23.49607468
18.40196419
17.13725662
14.34117699
14.70980453
12.39411831
6.03921556
7.15686274
6.14313745
4.19803905
8.79411697
12.84117889
17.25490379
22.90392685
24.54117203
26.41764450
20.48235703
22.67451096
21.04313660
16.46274376
16.30392075
12.52156830
14.48431492
9.64705944
5.96470594
6.38627481
5.85882330
4.06862736
13.31372452
14.26274395
21.96274757
24.03137398
25.53529358
22.60980225
19.69019890
21.45882416
17.75882339
17.61372757
13.07843399
11.56470680
13.13137150
7.30784369
5.47451115
6.64901924
5.30000162
8.88627338
13.39607811
19.33137512
24.92352676
23.98627281
24.25882339
20.37451363
20.63921165
17.72941208
16.46078491
16.22352982
11.62941170
9.62941170
10.54706097
6.78823519
5.53725481
6.94902039
4.19411755
13.55294228
15.53529453
24.58431244
24.41372490
24.51176453
22.68823433
19.56274796
18.77450943
16.48039436
17.40588570
12.74510002
9.66862679
8.55882454
9.77843094
6.19607735
6.49804020
5.51176500
7.61764669
14.40000057
20.39999962
24.83529282
24.44901657
24.40196419
20.63725471
18.99803543
16.86470604
15.65686321
16.46078682
11.49608040
8.07450962
8.67843151
8.94313622
7.00196075
6.04313755
4.41568708
12.40196133
17.91176414
22.87646675
24.16666794
24.73724937
21.68235397
20.12353516
16.99608040
15.86470699
16.74117661
12.35293961
9.99019623
7.12549067
9.38235283
9.03921509
7.00588226
5.12745142
7.31568623
15.53529453
20.40587807
22.45686531
24.32745361
22.05490494
20.51764870
18.17646980
16.71765137
15.40392303
14.23333073
11.14313793
8.19608021
7.69999981
9.27058983
9.28823471
5.93333530
4.14117670
12.30392265
18.48235321
21.26274490
20.41372871
23.22549057
19.84313774
20.33529663
18.13333511
16.35294342
14.65490246
12.04705811
10.41568661
7.24509764
8.12549114
9.61568737
6.60588217
5.04509830
7.08823586
16.71961021
20.06666946
19.31176376
22.32156754
22.92940903
20.40588188
18.89608192
18.69411659
15.13725471
13.02548981
11.04510021
9.20392132
6.80196047
8.28235340
7.88039303
5.58235359
4.91176462
12.41961002
19.16862869
20.84117699
19.81764984
25.48823547
23.18039513
20.00000381
18.75098038
17.92745209
13.30784512
11.56274414
10.37647057
7.48431396
7.30392075
7.43921566
6.22352982
5.29215670
7.20000029
18.21764565
21.06666565
21.59608078
24.52353287
28.14901924
22.81960487
19.84313583
20.54509926
14.50196075
12.86862850
10.89803696
8.97254944
6.62744999
6.84901953
6.29019642
5.78235245
4.75882292
13.37647247
22.21764755
23.02352905
24.17058945
28.90587997
27.79411888
21.54313469
21.30195808
19.24313927
13.45490170
11.55490303
9.91176510
7.57451010
6.57647133
6.02941179
5.74313688
4.91176462
6.23333406
19.28039551
23.07451057
27.18824005
28.29215240
29.21960831
26.13136864
23.02353477
22.00784111
15.25489807
13.01372528
9.87058830
9.08627510
6.63137245
6.17451000
6.30588198
4.93137312
4.51568556
12.20196056
21.19411850
26.71765137
29.74117470
28.11372185
28.14902496
25.54901886
22.81764793
19.86470604
11.62941170
10.03137493
9.87450981
8.08235264
6.69215679
6.53921604
5.32941294
4.38823605
6.00196171
18.16470528
22.73529243
28.69607735
27.48236084
28.42548561
26.71176338
25.03137398
22.93922043
13.93921566
9.53725433
9.58431244
9.52548981
6.64902020
6.07647133
6.03921509
4.40000010
4.64117718
11.97843170
20.06862068
24.82548714
27.78235245
25.97646713
27.44314194
26.76078796
25.05490494
18.35490036
10.65882492
8.55882359
9.29411983
7.90196037
6.70784330
5.97254848
5.11568594
4.16274548
5.02745152
18.70196152
22.30980682
24.42549133
25.01765251
24.85881805
26.73333740
26.85686493
22.53529167
11.92156696
9.31960964
8.72157001
8.90784264
6.83921528
6.05294085
5.39215755
4.74117565
4.15294123
11.20784473
19.93921661
21.69999886
23.39216042
21.79215813
24.53332520
25.47451019
25.26078224
15.65882397
9.79803848
8.92156792
8.85098171
7.42156744
6.58431292
5.06862783
5.08627510
4.31372643
4.20784330
17.09607887
20.66078758
19.61764908
20.94117355
20.27450562
22.28039169
24.10392380
20.26078796
11.63529396
9.20392132
8.62549019
7.59999895
7.19803810
5.33529377
4.65490198
4.65686321
4.03725481
9.55882263
18.50196075
19.37647438
18.97255135
19.03333664
18.44901848
21.21569061
20.72156906
15.03137207
10.17646885
8.40392208
8.02745152
7.33921576
6.43529510
4.92549038
4.44509840
4.39607859
3.36470628
15.86078644
19.40392113
17.77254868
19.45294380
18.15882111
17.97254753
19.53726006
17.29019356
11.66666603
8.89019680
8.00588322
6.93333387
7.40392303
5.48627472
4.78039265
4.60196066
4.27058840
8.65294170
18.00000000
19.15490150
17.93921471
19.24314117
17.25097847
17.11372757
16.85882378
14.02352905
11.11568451
7.40588284
6.80392218
7.26862812
6.74509716
5.33725548
4.73725557
5.51568747
3.93921566
15.13921642
18.09215736
17.39215660
18.21176529
18.31372452
16.63725662
16.95882416
15.24117851
11.04509926
8.90784454
6.70784378
6.54509878
6.96274567
6.20392132
4.89607859
5.42745066
5.25686216
7.73529434
17.07647133
16.82941246
16.63137436
18.17450905
16.39608002
16.55098152
15.75882339
13.17254925
9.84706020
6.84117699
6.38431358
6.82745075
6.07646990
5.68235302
5.68627453
6.31372499
3.61764765
13.19215775
16.52548981
16.57843018
17.18039131
16.63921547
16.87254715
15.49804306
15.26078510
10.95882607
8.23333359
6.70588255
6.11568689
6.24902010
5.91176462
5.78823566
6.30195999
4.86078548
6.40196085
15.87255001
16.68627548
15.67254925
16.86862946
16.89019585
16.00588417
15.47843170
12.93725586
9.39215946
6.96078587
6.53137350
5.85098124
5.68823576
5.71960783
6.69019556
6.01960802
2.99607897
11.69803905
15.18627453
15.57647038
15.57254887
16.29804230
16.06078720
15.20588398
14.97647381
10.56470871
7.31568575
6.05490255
6.06078482
5.62745094
5.77843189
5.90196085
6.32352877
5.16666746
5.31960773
14.75882053
14.16078377
14.18039322
16.29803848
15.00000000
15.50196075
14.66078377
12.58823490
9.66274548
5.79019547
5.58039236
5.76862717
5.81176424
5.97254944
6.28823566
6.13725615
3.82549024
10.71176434
14.12745094
13.81176376
14.15490437
14.99607658
14.71568489
15.94509888
14.33137321
10.92745209
7.22352982
5.25098085
5.55098009
6.01568604
5.93333387
6.01568604
6.10588169
5.32352924
4.29803991
14.35098267
13.10980225
14.18039131
14.21960545
13.76078320
15.95686245
15.28038979
13.59019566
9.49804020
5.20980406
5.28627443
6.14901972
5.63725519
5.65686226
6.10392189
5.94313717
3.80980420
9.76666737
13.40588284
13.48235321
14.47647095
12.98235321
14.86470795
15.93725204
16.06862640
12.57058716
7.33725405
5.54313707
5.54705906
5.62549019
5.53921556
5.83529377
6.11372566
4.97843122
4.16862774
13.64509964
12.89215851
14.43921471
13.28627396
13.61176300
15.38039303
16.58627319
16.00195885
10.12156963
5.72156906
5.30588293
5.40196133
5.32549047
5.98823452
6.43333340
5.07058811
4.37254906
8.46666718
12.52941227
13.09607697
14.19607639
13.14117622
14.16470528
16.21176338
17.46078682
12.93137074
6.98039246
5.14509821
5.27058840
5.16078424
5.66666651
7.18431377
5.77647018
4.97254896
3.22353005
12.20392132
12.54509830
13.56666565
12.93529129
13.35294533
15.02549171
16.90392113
15.73333645
9.62745190
5.18431377
4.86274529
5.25098085
5.05686331
7.19215727
7.34705782
4.74117661
4.36274576
7.40980434
11.12744999
12.68627548
12.59411716
13.18823624
14.05490303
14.41568661
16.38235474
12.25882149
6.23725605
4.54509830
5.38235283
4.59803915
5.90392113
8.06470585
5.86274624
4.87843180
3.23529434
11.01372433
11.67058945
12.50000000
12.26862717
12.92941189
13.80196095
14.47646999
13.75294113
8.23921680
5.39215708
4.43725491
4.69999933
5.13333416
7.15490246
7.00588226
5.36274529
4.44901991
6.97058821
10.50980663
11.15490150
11.63921738
12.70980263
13.74313736
12.65882015
13.92941093
10.35098171
6.03137302
4.77450991
4.62745190
4.51764679
5.53725576
7.02745104
6.46274614
5.83725405
3.24117661
9.50392151
10.24902058
11.12745094
11.84509850
12.86078262
13.27646923
11.98039436
12.05490112
7.52156830
5.00392294
4.96078444
3.98039246
4.64117670
5.43921566
6.92745018
7.07450962
4.44313812
5.67451048
10.02941322
10.29019547
11.47843361
12.48431396
12.68039131
11.91764450
12.15490150
10.09019375
5.76862764
4.66666651
4.69215584
4.31568718
4.24117661
6.24313784
7.55294228
5.95098114
3.14705873
8.76862717
10.25882244
10.81176472
11.43725300
12.59215736
12.21764946
11.64117432
11.92352867
7.93921518
4.78039217
5.04705811
4.50392151
4.03529406
4.19999981
7.09411764
6.98627567
4.44901991
4.87255001
9.80000019
10.80196190
10.67058659
11.89607716
12.65294266
11.82744980
11.84705830
10.03137016
6.28627443
4.10784292
4.78431320
3.72745156
3.89803934
5.32352924
7.18823528
5.82941246
3.66862798
8.50392246
9.94902039
10.46666622
10.95098019
12.51960945
11.77255154
11.66470528
11.27058792
7.90196180
4.67647123
4.56274557
4.14117670
3.63137364
4.10000038
6.30000114
6.60980320
5.24509859
4.86470604
9.41568661
9.89411831
10.44901943
12.10196114
12.28627586
11.20588398
11.44117928
9.19215775
6.42352962
4.09411764
4.37450933
3.92353010
3.92549014
5.40000010
6.61568642
6.02549028
3.71372557
7.72156906
9.25098038
10.01568508
11.50392151
11.81960773
10.93529320
11.25097942
11.03137398
7.86470509
4.76470566
4.19019651
4.19803953
3.57451057
4.37254906
5.82352972
5.96862745
4.82353067
4.54705906
9.31764984
9.38627434
10.39215755
11.94117928
11.43137264
10.12352943
11.73137093
9.39608002
6.44509983
4.21568632
4.27254915
3.66862798
4.01568651
4.94901991
5.34313869
5.31960917
4.27647161
7.45686293
9.10980320
9.65490437
11.12353134
11.78823757
10.64705944
10.69215584
10.80392075
7.47254944
4.64901972
4.47254896
4.01568651
3.84901977
3.94509840
5.09804010
5.07843161
5.21960783
3.97843194
10.00784302
9.33137321
9.89019680
11.33333588
11.42548847
9.91764641
11.23529530
8.47450829
5.54705954
4.52549076
4.29607868
3.84902000
4.02549076
4.57058859
4.52352953
5.28039217
4.16078472
6.95490217
9.55882549
10.10392284
10.34313679
11.20784378
10.24117565
9.86470699
10.68235397
6.65294170
4.69019604
4.49999952
3.57647085
4.39803934
4.24509859
4.60392141
4.60588217
4.92156744
3.59803915
9.69803810
9.77058887
10.62157059
10.00195980
11.22156811
10.18235397
9.86470509
8.47451019
5.76078463
4.31960821
4.44509840
3.52941203
3.73333335
4.00784302
4.43921566
4.80000019
3.97843218
5.44313765
9.90588093
9.94117737
10.66078568
10.71176529
10.65098000
9.33725548
10.17843246
7.34705925
4.75882435
5.15686274
3.49019623
3.55490255
3.76862788
3.87450981
4.16862726
4.43333244
3.63529420
9.19411850
9.72156906
10.71372509
9.99804020
10.40392017
10.36274624
9.60196209
8.76862812
6.03921461
5.06470585
5.28235388
3.13137269
3.62352967
3.82745147
3.81568694
4.69019604
3.84902000
5.81764698
9.71764565
9.79607773
10.19607830
9.91568661
10.62941360
9.52157116
9.26470566
7.42156935
4.88823605
5.89019632
4.66274643
3.69215727
3.34509826
4.11568689
3.91568708
4.14509821
3.68039227
8.16666698
9.86274338
9.97450924
9.82745075
10.45686245
10.11568642
9.16862679
8.31176472
6.25686312
5.28039169
7.37450933
3.38235283
3.36862803
3.30392218
3.61568618
4.47647047
3.95882368
5.62745142
8.86274624
10.17255020
9.76470566
10.57843018
10.08431530
9.00392151
8.86862850
7.60588264
4.85490131
5.91960812
5.85294247
3.62941241
3.35686278
3.43725491
3.49411798
3.86274505
3.86274529
7.65098095
9.86862850
9.96078491
9.79215908
10.18627453
9.39215660
8.65294266
8.21568871
6.33137274
4.42352915
7.18627357
3.33921599
3.43921638
3.64117742
3.59215736
3.96078444
3.62352967
4.79215717
8.63333416
10.00196266
10.16666794
9.95294094
9.62353134
8.38039303
8.93921566
6.98235273
5.43333387
5.30980444
5.88823509
3.24117684
3.52941179
3.68235302
3.82941198
4.19999981
3.66666746
7.45490313
9.74705982
10.34509945
9.92156887
9.47450924
9.30392075
8.02941227
8.30588245
6.46078539
4.35882378
6.38039207
3.60588264
3.21372581
3.71764708
3.24117684
4.32941151
4.35686255
4.54902029
9.21960831
9.99804115
10.21568584
9.91372585
9.18823624
8.85686302
8.84313869
7.60392094
4.97058773
4.61176538
5.17843103
3.39607930
3.13529444
3.66078448
4.08235312
4.06274557
3.40588260
7.17647076
9.48431396
9.96078396
9.86078358
9.24117565
9.27842999
8.67450905
8.29607773
6.45098114
4.10196161
5.38627529
4.03137255
3.43137312
3.23921609
3.83529425
3.66862845
3.83529520
3.89019585
9.24705887
9.48431492
9.79215717
9.76862812
9.31764603
9.00980377
8.50784397
7.62941074
5.02745152
4.66666651
4.64705944
3.51568627
3.31176519
3.37647104
4.30392075
3.33333325
3.53333306
6.91568708
10.12941074
9.48627472
9.88039398
9.34902000
9.10000038
8.16470528
8.14313698
5.98627377
4.85882378
4.83921576
4.06274557
3.37254906
3.36666679
3.48627496
3.96666718
3.39019608
4.22549057
9.49411964
10.09804058
9.69411850
9.13529396
9.37843418
8.67647076
8.07254791
7.20588350
4.89803934
4.40196085
4.35294199
3.53333378
3.04313755
3.40196109
3.58039188
3.00784278
3.52352953
5.99607897
10.21176147
9.75490189
9.56078243
9.01176548
8.98823547
8.79215717
7.86666727
5.64117670
4.24313736
4.30980444
4.15686274
3.11764741
2.91568613
3.30588245
2.83137321
3.17254972
3.48627496
8.55882359
9.83333492
9.60195923
9.19019699
8.82745171
8.90980434
8.15098095
6.82941294
5.05686331
4.07451010
4.83333397
3.59019685
2.70784330
3.03333449
2.93921566
3.03333402
3.56274533
5.39803934
8.79215908
9.87451077
9.10980225
8.89215660
8.29803944
8.92352867
7.85882330
5.86666775
4.26078463
4.72745085
3.75490284
3.09215736
2.82156849
3.05686307
2.88039255
3.35882425
3.24705911
7.60392141
9.37255096
9.37254715
8.84509945
8.48823547
8.50980377
8.62353039
7.56666708
5.17451048
4.00980425
4.07451010
3.27450991
2.84313750
3.22745156
3.14313769
2.89607882
3.35490227
4.87843132
8.67058945
9.32744980
8.80392170
8.37843323
8.28431416
8.80588150
7.93921709
6.25882339
3.99019647
4.53137255
3.74313760
3.47843194
2.95882368
3.24313688
3.11568666
3.15098071
3.34705877
7.79215765
9.23137188
8.59215641
8.50392342
8.29019642
8.27254868
8.23529434
7.81176472
5.24117756
4.19607830
4.67254925
3.58431387
2.86274529
3.08039212
2.83137226
3.17647052
3.48627496
5.08039284
8.58235359
9.10196209
8.46470642
7.98039198
8.32352924
7.95490170
7.84902000
7.28039265
4.80784321
4.87450981
4.56862783
3.04902029
2.75686312
2.90784311
2.86862803
3.16862774
3.24509811
7.14509821
9.00588226
8.59804058
8.05294132
8.23921585
7.81568718
7.85686302
7.50196171
5.83137226
4.97254848
4.71176434
3.86862707
3.31764698
2.44901967
3.02745080
2.87451005
3.54117656
4.46078491
8.13921642
8.53725624
8.67058849
7.91568756
7.97058916
7.46078396
7.45490170
6.91764736
4.72745085
4.59607887
4.89803886
3.39215684
2.82941198
2.63725519
3.20392179
3.31568646
3.23725557
6.59411764
8.53333473
8.46862698
8.23725414
8.07254982
7.23333359
7.12745047
6.74313688
6.17843199
4.47843122
4.86666727
4.05294132
3.17843127
2.69411755
2.81568718
3.48039269
3.53921556
3.96470618
7.67450905
8.94902325
8.17451096
8.04117680
7.58431387
6.74117661
7.00784349
6.32549000
5.06078482
4.75882435
4.77451038
3.55882382
2.85490203
2.81960821
3.08039260
3.17647052
3.30588245
5.84313774
8.53725529
8.67058849
8.05294132
7.93137312
6.56470680
6.77843094
6.70784378
6.14705801
4.48823500
4.95098019
4.12745142
3.22941208
2.93725491
3.07058835
2.98627496
2.92156911
3.99019599
7.32745171
8.93333435
8.02156925
8.13333321
7.26274395
6.55686140
7.07058859
6.38039255
5.24117708
4.56274509
4.69019699
4.07058859
2.90392184
2.90980387
3.02745104
3.00392175
3.39215684
5.74509811
7.83333445
9.00784206
8.21372604
7.87254858
6.92352915
6.76666594
6.77450943
5.87843180
4.18823576
4.75294161
5.53529453
3.64509892
2.90392184
2.91176510
3.09607935
3.14705896
4.09215689
7.22549152
8.34313869
8.35882282
8.39019680
7.47058678
6.87058830
7.03529406
5.71568537
4.98627520
4.01372576
4.52941179
5.85098076
3.54313755
3.08627486
3.03137231
2.87058854
3.38039207
5.68039131
7.45882463
8.81176567
8.13333321
7.87843227
6.94117689
6.54509830
6.78235245
5.35686302
4.04509783
4.68431377
5.84901953
4.49607897
2.98235297
3.06078482
3.07058811
3.06274533
3.68627453
7.02745104
8.07059002
9.01372719
7.54705858
7.04901838
6.22352839
6.70196104
6.27254820
4.82745075
3.54705906
4.60980415
6.03137207
3.43529463
2.68235326
3.21568656
3.05098081
3.39019680
4.78627443
7.31764841
8.65882301
8.32549000
7.12156773
6.78431320
6.20196104
6.87058783
5.27255011
4.13725519
4.33137321
4.81568670
4.62745094
2.96862721
2.71176481
3.00392199
3.30980420
3.44705915
6.49999952
7.14509678
8.64902115
7.48627472
7.26274586
6.63529348
6.81372547
5.96470642
4.68431330
4.12941170
4.34901953
4.71176481
3.55098104
2.51960802
3.10784340
3.14509869
3.15882397
4.70980453
6.65686417
7.55294132
7.98627615
7.44509745
6.80784321
7.15294027
6.72156858
5.45294094
4.18431377
3.96078444
4.82352972
4.21764708
2.94901967
2.78039265
2.90196085
3.12745094
3.25882387
6.45686293
7.51372576
7.83529472
7.62549114
7.07058764
6.43137360
6.90588188
6.40000010
4.70784378
4.07058811
4.33529425
4.67843151
3.48823547
2.94509840
3.07451010
3.34705853
3.15490222
4.52745104
7.52549076
7.22549057
8.35882378
7.12745142
6.74117565
6.53725529
6.52941179
5.58039188
4.25686312
4.25097990
4.58235264
4.18627453
2.86078453
2.96862817
3.19215679
3.13921571
3.04509830
6.32941198
7.21764612
7.69019508
8.13725567
7.14901972
6.07843065
6.65686226
6.13725519
4.72352982
4.06470633
4.49607897
4.27843189
3.57254910
3.16470623
2.71568656
2.93725467
2.79999995
4.39607859
6.57058716
7.63921595
7.97843266
7.57254887
7.03725576
6.21568727
6.43921471
5.31176424
4.05098057
4.41764736
4.64902020
3.86274457
3.06274533
2.75882339
2.68039227
2.91176510
3.35098076
5.66078520
6.90784407
8.11568642
7.83921528
7.17254925
6.42745161
6.60588264
6.15098095
4.18627596
4.37843132
4.50588226
4.08823586
3.37843180
2.96666694
2.58039236
3.19215703
3.02745104
3.81372523
6.28431463
7.62745190
7.71960831
7.61176491
6.69019699
6.34902048
6.55686188
5.12353039
3.90000081
4.45686245
4.06078482
3.92548990
3.09215665
2.71372581
3.06078458
3.41176486
3.13725471
5.41764688
6.34117603
7.96078491
7.57254887
7.48039246
6.27254868
6.59215641
6.05098152
4.32352972
3.69411802
4.01372480
3.60588264
3.52156854
3.11960793
2.92352962
3.40196109
3.15294194
3.93725562
6.20784283
7.06862736
7.59411716
7.52352953
7.03921604
6.11764669
6.40196037
5.02352953
3.65882421
3.44705915
4.19999981
3.69215703
3.01176548
2.80392218
3.25882387
3.12941170
2.93333411
5.23529434
6.71176529
7.27058792
7.86470699
6.98039246
5.97254896
6.22745132
5.44705915
4.28431368
3.04313731
3.46862769
3.91176486
3.62549019
2.93725467
2.90392160
3.15882444
2.79215765
3.90784335
6.19999933
7.37450886
7.27843094
7.53725719
6.30980396
5.61176443
5.90784264
4.72941113
3.49803972
3.32941198
3.99607921
3.64705873
3.00784373
2.78039241
3.02549028
2.75882387
2.99215722
4.68823624
6.72745132
7.15097952
7.68627405
7.13137293
5.57451010
5.60196114
5.16274452
4.43333435
2.97254920
3.54313779
3.96078444
3.15294147
3.10588241
2.95294166
2.84313750
2.79019642
3.46274495
5.60196114
7.41176558
6.76078463
7.62941217
6.51764727
5.22352839
5.59607983
4.81960773
3.65686321
3.38039207
3.62941241
3.58431411
3.28823519
3.01568699
3.04705930
3.21372581
2.93137288
4.82941198
6.57058764
7.40784359
7.01176357
6.83725452
6.04705906
4.99215746
5.05098057
4.45098019
3.46274567
3.53529429
3.72156858
3.23137259
3.42156911
2.91764760
2.65882373
3.03137302
3.22745132
6.22745085
7.32548952
6.92745113
6.78039217
6.14705944
5.36470699
4.76862812
4.51960754
4.21764755
3.43725514
3.62549067
3.24117613
2.83921576
2.99803925
2.89411807
2.89411807
2.67058825
4.90784359
5.95882320
7.00588083
6.53725481
6.43921614
5.79215670
5.00392246
4.58823442
4.66470575
3.34901977
3.62549019
3.29411793
2.83921576
3.08823562
2.87254882
2.84901977
2.52352953
2.99607873
5.92156935
6.97843218
6.36274481
6.28431463
6.23725510
5.44313717
5.20980358
4.85294104
3.89607859
3.42745209
3.66078472
3.35294175
2.82156873
2.87647104
3.02352953
2.67451000
2.97843146
4.08627510
6.05294180
6.88431358
6.45098066
6.22745180
5.67058754
5.48823547
5.35490179
4.54313707
3.50980425
3.64509845
4.17450953
3.26666689
2.61764741
3.09803963
2.66078472
2.71372581
2.98235321
5.47843075
6.09411764
6.20392084
6.12353134
6.08039188
5.40980387
5.40784311
5.17843103
3.74509811
3.40784359
3.72549033
3.55490255
3.11960745
2.62156892
2.77254963
2.58627486
3.26274538
3.96862745
5.59607840
5.59607744
6.10392141
6.03725481
5.56078529
5.42745113
5.34705925
4.50392246
3.39411783
2.89019632
3.63725495
3.21568656
2.80000043
2.78627467
2.89607859
2.62549043
3.27058864
5.16666698
5.38039207
5.89215660
6.12156820
6.15294123
5.42352915
5.17843199
5.45098019
4.21372604
2.77450991
2.92156911
3.21372533
3.34902000
2.51372600
2.94117665
3.10980415
2.83529449
3.62941194
5.64117718
5.80588293
6.05882454
6.01960802
5.79019690
5.47843075
5.60000086
4.94313622
3.60588264
2.43137312
3.09215689
3.37254953
2.72549033
2.82745147
3.02156878
2.88627434
3.05882406
4.68627501
5.91764736
5.75294065
5.60000038
6.29411793
5.73137283
5.40784264
5.09215689
4.26862764
2.90980411
2.70980382
3.45098066
3.30588269
2.21568656
2.89607859
2.82745099
2.62745070
3.74509835
5.77843046
5.54313707
5.76862717
5.94313765
5.85686302
5.40392208
4.94705820
4.61372566
3.56274557
2.47254944
2.59607863
3.24705863
2.73137259
2.55882406
2.77647114
2.63137245
2.85882401
4.78039217
5.98431444
5.65882397
5.57451057
6.38235283
5.51372480
5.37843180
4.14705896
3.90196061
2.94313765
2.43921614
2.82549095
3.01176500
2.92353010
2.71176505
2.93921566
2.40392184
3.70000052
5.26470613
5.58627415
5.64705944
6.00392151
6.13137388
5.17647076
5.00196123
3.81176472
3.70980382
2.68431401
2.61176467
3.37843227
2.82941222
2.70392179
2.91764736
2.70392132
2.72549057
4.56274509
5.23137331
5.84509897
5.87647057
6.10196066
5.65098000
5.25686264
4.23725605
4.28627491
2.98627472
2.45490217
3.05882359
3.34509754
2.81764698
3.01960826
2.93137264
2.31960821
3.47451019
4.96862745
6.08235359
5.69019556
5.73725414
5.98039198
5.00000048
5.41764784
4.21568632
2.99019623
2.58627462
2.73921585
3.00588274
2.70588279
3.06078434
2.90196133
2.65098071
3.08235335
4.23921585
5.36470652
5.70980453
5.78235292
5.77843189
5.56274509
5.29215622
4.66862774
3.19215727
2.61960769
2.45882368
2.70392179
2.94313765
2.62549043
3.05882382
2.88627458
2.34705949
3.36078501
5.06470633
5.47254896
5.38823605
5.40980387
5.90196037
4.92549038
4.96078444
4.44705868
3.01372552
2.32941222
2.64705920
2.99607897
2.66666722
2.52941179
3.00784373
2.42549038
2.72941184
4.17843103
4.87843132
5.27254915
5.18039227
5.48823500
5.39411783
4.69803953
4.96470642
3.19411802
3.09607816
2.47450972
2.77254915
2.88235283
2.36666679
2.80980492
2.65294147
2.49803925
2.81372547
5.38039207
4.71960783
4.99411726
5.59803820
5.60784292
4.87843132
4.51568651
4.22941208
2.79803967
2.89019608
2.32745147
2.89215708
2.85490274
2.56078482
2.87647033
2.38823533
2.57451010
4.29607821
5.16078472
4.93137217
5.15882301
5.61960697
5.16666603
4.32941151
4.48235369
3.44705844
2.87843132
2.64705944
2.62941194
2.93333340
2.58039260
2.45686364
2.77058864
2.52549028
2.65882397
5.63333273
5.04902077
5.43137217
5.61372471
5.57843113
4.98431396
4.35686302
4.60784340
3.07451010
2.78627467
2.78627491
2.86862755
2.91176510
2.45098114
2.82745075
2.42156839
2.78039217
4.17254925
5.44705963
4.96274519
5.32941151
5.83725452
5.38039207
4.41176510
4.56666613
3.90980458
3.32549000
2.54313779
2.52941203
3.01372576
2.80196071
2.55294108
2.69215703
2.79411769
2.95686293
5.34313822
4.96862745
4.65686369
5.66666651
5.61372519
5.06078434
4.29215717
4.26862764
3.08627462
2.90392184
2.31176496
2.41372585
3.28823590
2.64117646
2.68823576
2.37058878
2.75098085
2.21568656
