20.36078262
20.35294151
21.25294304
19.68824005
18.67058563
17.38039207
17.01960564
17.17646980
18.99020004
18.64509964
18.28039360
19.18039513
19.81764793
19.32744980
18.96471024
17.87450790
17.79411697
19.38039970
19.18823624
19.15097809
18.06471062
17.56470871
17.72548676
17.69804382
16.20588112
14.98235226
14.86862659
19.41569138
18.03333282
17.54706192
19.91372490
19.91568756
18.46078110
16.49215508
17.22744942
16.18039131
18.34510231
18.42745209
17.76666260
17.50000000
15.67451191
15.93725395
18.00980568
18.25686073
15.48431587
16.03333282
18.43137741
19.10980415
17.83333778
20.28824043
19.06078339
15.65686417
15.83333492
16.11372375
15.85490227
17.23137474
18.28823471
17.03137589
16.72156715
14.45882320
15.11176777
18.28235054
19.20392418
16.83921623
15.86078453
15.73137283
18.00196648
17.79215813
17.10588074
14.76666641
12.93333530
16.06863022
15.83333397
16.14509964
16.60392380
18.32156944
17.50980377
16.67646980
14.18235207
15.66666794
17.66666985
17.03921509
16.67843246
14.58235168
15.92549133
15.99999905
16.80980301
15.34705830
13.64117813
13.44117546
16.39411926
15.96470642
16.29019547
17.13137436
17.30784225
17.15686417
15.97058868
14.88431072
16.24706268
15.28627586
15.35490322
16.09411621
14.73529339
15.32941246
15.90392113
15.55098152
15.45686340
14.40392113
15.71764851
15.85882759
16.88039207
16.93333435
18.05097961
17.19215584
17.75686073
16.33529472
15.87450886
16.35686111
15.00784397
14.93921947
15.26078415
15.97843170
14.71372795
16.70784187
15.58823586
15.02745247
14.96274662
17.86470604
15.57254982
17.90784073
18.41568756
17.89804077
17.67843437
17.36666298
16.95294380
17.28627777
15.73725414
15.73333263
15.30392075
15.37059021
16.10588455
15.96274662
16.78039551
16.52156639
14.58823586
17.88235474
17.14313889
15.88235283
18.10392380
19.59608459
18.43333435
18.48431396
17.54706192
16.82941055
17.49411964
16.13333321
16.27451134
15.77647018
16.20588303
15.45490265
17.77842903
17.06862831
16.17255020
15.40980530
20.11568832
15.74706078
17.04313850
17.51764870
21.40588188
19.46470642
19.05686378
18.09412003
17.86078644
17.00980568
17.09411812
16.62745285
16.69803810
17.81961060
17.07255173
18.28039360
18.60980415
15.03137207
15.31176662
21.59215546
17.26470947
18.52941322
19.81176758
21.93725204
20.41568565
20.22941399
17.13725662
18.63333511
17.50784302
16.70392227
17.99020004
18.78823662
17.14509583
17.53529358
19.30784225
19.00000000
13.85097885
17.67058754
20.95882607
21.00392914
20.50980377
21.45489883
21.76863098
21.93333626
20.39608192
17.84117699
19.16078377
17.96862984
17.37254906
18.32744980
19.31372452
16.31568909
18.01764679
18.57843590
17.72549248
15.24901772
20.13921738
21.04902267
23.89411926
21.18627930
22.26274681
21.56078720
20.89803696
21.00000000
20.44901848
18.94902611
18.43333054
17.44313622
18.39804268
20.04117584
18.61764717
18.13137245
18.65490341
16.34509850
17.86666870
21.67647171
23.65882111
24.29216194
21.20980644
22.82549095
21.45293808
21.48823357
21.26667023
24.04901695
19.29607773
18.56274414
18.51372719
19.37647247
19.86078262
22.07059097
19.65490150
19.16862869
18.71176720
24.15098190
23.69607925
27.09608078
22.28627586
20.27254677
21.89803314
20.61568260
23.33529663
22.12549210
23.34510422
19.52549171
18.40588379
19.04902077
20.48431587
20.09411812
24.02156830
21.49019814
20.85685921
27.37843704
29.59216309
22.92352676
28.28627777
19.31960487
18.93529510
19.85097694
20.20784760
24.59215927
23.87059212
22.10588455
20.89019775
19.71568489
19.70195770
22.73921585
23.72353172
24.57843208
22.93137741
26.46078491
30.85687256
27.71764946
22.32549286
26.06862640
17.76078606
17.70980453
16.89215660
20.23725700
23.20195961
24.54705429
21.80588150
21.89608192
21.39803696
24.28039169
23.75098419
28.09804344
23.17843056
23.19803810
29.74314308
28.70979881
22.41960526
23.25098038
23.69607353
18.23725891
17.86078262
15.83137321
18.02941513
18.72156715
21.69216156
24.69215775
22.98431396
26.25489998
26.07058525
25.31176376
29.62352562
22.24901962
21.93529510
28.66666222
24.28039169
19.58823586
23.17255020
19.09607887
20.54706192
15.86078835
15.29411888
14.61568737
15.72353077
18.29215813
24.48823357
25.12157059
27.34313965
24.60980606
25.73529816
26.97843170
19.77450752
21.36666870
22.46470451
18.14117622
21.55489922
18.37058640
14.90588379
21.52352905
12.44509602
14.60392284
13.14901829
15.27058792
16.82548904
22.65293694
25.87058449
26.83137321
22.55882454
23.25098228
22.82352829
17.29803848
17.81764603
16.21568680
15.64117622
24.99411964
13.09608269
13.15686226
19.72744942
11.52353096
13.89019680
13.73529339
15.24705791
16.25293922
17.87059021
25.61568260
23.05294037
15.88235283
19.62353134
18.25882530
15.41176510
14.73333263
13.15686131
19.18039131
23.31176758
10.49411774
11.33921528
17.09607887
10.93921661
13.12549114
15.99019814
15.09803677
16.07646942
15.94509888
22.31568909
15.74117565
13.72745228
17.35097885
15.48627472
17.03529549
13.17058945
12.36470699
23.69411659
18.76666641
9.27647018
11.13333321
12.58039093
11.42156601
12.76666832
19.71568871
17.01961136
14.62941360
14.38430882
17.15882683
11.32745171
12.99999905
16.24902153
13.26470566
18.59804344
10.87254906
16.02941132
24.03921890
13.72745228
9.00784492
9.67647076
10.71960831
12.08627224
13.33333492
22.08039665
19.36666679
13.37451172
13.92744923
15.77647114
12.29215622
13.49607849
14.90392303
11.52156830
16.91765022
11.98235130
21.71371841
18.00588417
12.03725624
9.36274529
9.80000019
10.66666794
11.98431301
15.94705868
22.19019890
19.12548828
12.29999924
13.75294495
15.93137169
14.35097694
14.12549019
11.30784225
10.37451077
12.10588264
18.05490303
22.72941017
12.41960907
10.73921680
10.34901905
10.12156963
10.26274490
11.99607849
19.76078415
22.13529396
15.97254753
12.35294151
13.75294304
18.05098152
13.45490265
15.41568947
9.57647133
11.01568699
12.16666508
22.71765137
19.55490112
12.44901943
9.74313831
10.82941246
10.06470680
10.37255096
13.57646942
20.42353058
23.21372604
11.30588341
11.34705734
14.66470432
16.54901886
11.95686436
15.49803925
10.40196228
10.65686321
13.21568680
21.52941132
17.86470795
10.10196114
9.94313812
12.36862946
10.64313889
11.44901848
15.15686512
19.80980492
23.02745247
8.40196228
10.68627453
13.44117832
12.73333168
13.58235359
14.25490284
12.66470623
8.97646999
15.94902039
17.46470642
16.54901886
10.06862640
10.27843285
12.37058830
11.50784492
12.61764717
16.95294189
19.92548943
21.21569061
8.42941284
10.09215736
9.93333435
9.10000134
16.80195999
15.01960754
11.98235226
10.39019585
19.44314003
12.69607735
15.26862717
10.28235340
10.68235207
12.19608021
11.12941074
14.52941227
16.78431320
20.16274452
21.47843361
9.37843227
8.97450829
9.65098190
7.70784092
19.37059021
15.18431377
10.87059021
15.05294037
18.39999962
10.92745018
13.82157135
10.89411831
10.49411678
11.54117775
11.30980206
15.68627548
16.44509697
20.07647324
23.94901657
12.79999924
8.53137302
9.35294056
7.76078510
21.54902267
12.56666660
16.13333130
20.87255096
14.75882626
13.13921547
12.80000210
11.07058811
10.42745113
11.34901905
11.36470604
16.93137169
17.51176643
21.33529663
27.70195770
13.80784321
9.35882378
8.96078300
11.87254906
20.22941208
11.25098133
22.54313850
23.89804268
12.19019890
13.75294209
11.60980511
10.11568928
10.80784416
11.34509754
11.70980453
17.15490150
18.21960640
20.87451363
28.43725586
14.34313679
9.62549210
8.98431492
15.40588284
19.11372566
14.57647133
25.80392456
21.53725433
11.20784378
15.34117603
10.90784264
9.59215641
11.44117832
10.95490360
11.29804039
15.74313736
17.69215775
19.25294304
27.20783615
14.70196152
10.04705715
9.58431530
16.32549095
18.30980492
19.02352905
25.17646408
15.46666908
11.78823471
16.10391998
10.29411793
9.84313774
11.68235302
11.46470642
11.23137188
13.92744923
14.67450809
18.80980301
25.25490379
12.78039360
11.95294094
11.08235455
14.33725548
15.98823547
21.37646866
20.27647018
11.15686131
11.41764832
18.17842865
10.44117737
8.77254963
12.21372223
10.84902000
10.59803963
12.08627701
12.87254906
17.47647095
23.99608231
11.24313736
12.22745037
13.43529415
11.08823586
14.42549038
19.44118309
13.99215698
10.40784359
11.35882282
20.99608040
10.30588436
9.39607906
11.99607944
11.12941265
10.11764717
10.99607944
11.67843246
15.52157021
21.86470795
10.22548962
11.81176472
13.27058887
10.45490170
15.12745190
13.30392265
10.69215870
10.12941265
15.33921432
20.50000191
9.69019604
9.42549038
12.68627548
12.60196304
8.83921623
10.08823586
11.55098057
13.44705963
19.65294266
9.43921661
11.40392303
13.06862736
10.41764736
16.73333359
12.01372623
9.55490208
9.89607906
19.93725395
18.86666298
9.91764641
9.70784473
12.76862717
12.56078339
9.79803658
10.09019756
10.93333435
12.72941017
18.61372757
9.59999943
13.05882454
11.23921871
10.93725586
17.27647209
11.68627453
9.24705887
10.06666851
25.52156639
17.88627052
8.80784225
10.22352982
11.35686207
11.97646904
9.88039112
10.37451172
10.35490227
12.80392075
18.50392342
9.67254829
15.08627415
10.56078434
11.99999809
16.08627510
11.11960983
9.25490189
13.30588150
24.78430748
16.58627319
8.44509888
11.04313755
10.37254906
11.48431587
9.28235340
10.25882435
10.34509754
12.64117813
18.98235321
10.32156754
14.34313774
10.94902134
16.05098152
13.20000076
11.78823757
8.97058868
15.12157154
23.56078148
16.72156906
8.18235302
10.89411831
11.16862774
11.16274452
8.73333359
9.76078320
10.32353115
13.65686417
20.09412003
13.48235416
11.35882187
10.33137226
18.35098076
12.50980473
10.85686207
9.24901867
16.80000305
19.13529396
16.34902000
8.30980396
11.15882206
11.26666546
10.39803982
9.55490303
9.88039112
10.93529510
15.17058945
21.99803925
17.26274490
8.46470547
9.60392189
17.42941093
12.43921471
9.85294247
12.39019680
16.90784264
22.19019508
15.74117661
8.97451019
10.63137341
11.52745247
9.76862907
10.20000267
10.43529510
12.47058868
16.61764717
24.53922081
14.03921604
7.89804029
11.29019642
13.55294037
12.13725471
9.65294170
14.79607964
18.00000000
19.03333282
14.21176529
8.84117699
10.41372681
11.31372547
9.93529510
10.56078339
10.96274376
13.00588226
16.66666603
22.47646904
9.57647038
9.96274567
12.70000172
9.05294228
10.89804268
10.30588150
16.46274567
21.24901962
15.83333397
12.80195999
8.91568565
10.57451057
11.89803886
10.89803982
10.80784702
11.00392056
14.18627548
16.53921700
15.62941265
10.64509773
12.82744980
11.52156734
7.73137188
10.39019680
11.83921432
14.97255039
13.95490265
15.97450829
11.96666718
9.05098057
10.85294247
13.44313908
10.91764832
11.99019718
10.37843037
14.87646961
16.33333588
9.65294075
17.92745399
10.38039303
9.78235245
8.09215641
11.48627472
14.27843285
13.43529606
11.93137169
15.99803925
10.89411640
9.56274509
11.66862965
14.57647324
11.01176548
11.98235321
10.26862812
15.34313774
13.11176682
10.64117622
18.23333549
9.48235416
8.97451210
10.30588341
13.05686092
16.76862717
11.14510059
11.95686340
17.28627396
10.72157001
9.69215775
11.91568565
14.92352772
11.82745266
10.80000019
9.70196247
15.63529301
12.90784645
13.61764717
15.51372719
9.60391998
9.10980511
11.78431416
13.83725357
16.39215851
11.66078377
10.36862850
18.10195923
10.09019470
10.80588245
12.50784206
13.51372528
12.06078434
10.36274719
9.61372566
16.99215508
14.55686092
15.04313755
12.61372375
10.34902000
10.33333588
11.71176529
15.09019566
13.97058868
12.23137379
9.31764698
18.80980492
9.28235245
11.02156830
11.16666508
15.32941151
10.95294189
10.10588264
11.13333225
17.64902115
16.90588379
13.18039322
10.28235531
10.34117508
11.45490265
13.37843132
15.36274529
11.06274319
12.84117508
8.70980453
17.38627243
8.79999924
10.27058983
11.22745132
15.41764736
10.24313545
10.42156887
12.24313736
17.52941132
15.78235340
11.41372585
10.04313660
10.26862907
14.23725605
13.06470680
15.61372662
9.17843246
13.32156944
8.69803905
15.65490246
13.44117546
9.16078568
12.14509678
15.75294304
9.61176395
10.64313889
12.70784473
18.54117775
15.39215469
10.06470585
10.02156734
10.35098076
16.37255096
12.49019718
14.87451077
10.75294018
12.59019470
7.96666670
15.31372833
15.30784225
10.68627548
13.01176739
15.53333378
9.90000248
10.79215908
13.54902077
19.84118080
13.24901962
9.81764889
10.21764755
10.20588303
15.32941151
13.09804058
14.06078434
11.25097942
10.02744961
8.49215698
15.37451172
16.89803886
12.16274452
12.60000038
15.36078739
11.26862717
9.95686150
14.98235512
20.19607735
11.44509888
10.05686283
10.16078568
10.87450981
13.49999809
13.60784435
12.27647114
11.20392132
8.53529358
9.47254944
16.28235245
14.39411736
12.77058792
13.81372356
15.14509869
11.18627739
9.16470623
16.98627281
17.11372375
11.53137302
10.10196114
9.00980568
10.83921623
13.84117508
14.33529472
11.17451191
10.28627586
8.39215755
9.96078491
16.33137512
11.06862926
12.63333225
13.13921738
14.30784416
10.84705734
9.10784245
18.07647324
14.84509850
11.32157135
9.19608021
9.02941227
10.29215908
13.82156944
13.60980415
11.11960983
9.46862793
7.82745075
10.60588169
16.66470718
9.36274624
12.53725529
12.14706039
14.20196056
10.08823586
9.61176491
17.71960640
11.29804039
10.72745228
9.09019756
8.73529339
10.80784321
12.86666679
12.92156982
10.20980358
10.56862831
7.54313803
11.64509773
16.69803619
8.09803867
13.57451057
10.95882320
14.74705791
10.04117584
10.84902096
16.06078339
9.51176643
10.06274605
8.63137341
9.92745113
11.32156944
13.57647133
12.69804001
8.30391979
11.22549057
8.12941265
12.94706154
14.58431625
9.82941151
13.66274357
11.08039284
13.96078682
9.71960735
13.02941418
14.52156925
9.53725529
9.58039474
8.07451057
11.97254944
11.95097733
13.26470661
9.82745075
9.70000076
8.90588188
9.22941208
13.42156982
13.99411774
14.09019756
14.17451096
11.63137341
13.24117947
9.60196209
15.37451077
13.00784683
9.94313717
9.72549248
8.87451077
12.67646885
11.89411736
12.67058849
6.77647066
10.81176662
8.00980473
9.64509773
14.89999962
13.96666813
15.01960850
14.36470795
11.98627567
12.09803963
11.20392323
18.23333740
11.66470718
10.26666641
9.27647114
9.19607925
10.68431377
13.59215641
11.94313717
5.88823605
9.31764889
7.03921509
10.59019756
15.69019413
17.70195961
14.87647057
13.97843170
13.05098057
12.64901924
12.63529205
19.87843323
9.85490417
10.14706039
9.15294170
10.01176548
11.69803715
14.03137398
10.73725414
6.30392170
7.16078424
7.08627510
10.67255211
18.10588264
19.88235283
13.78431320
12.44902134
14.09607887
12.55882454
13.21568680
18.22549057
9.86274338
10.04313755
9.44902039
10.61764717
12.43333435
13.92352962
8.71372700
5.72745085
7.35098028
7.57451105
10.34117603
19.05882263
19.93725395
13.33333302
11.26470566
14.33921432
11.84117699
14.78039074
15.86470699
9.97450924
9.80392265
9.36666679
11.62353039
12.69411659
13.23725510
7.28235245
4.99019766
7.46274567
7.76470613
10.83333302
23.44313431
15.45490265
13.31372547
11.58627605
14.29411793
12.29215717
15.01764488
13.50980663
9.56862926
9.62548923
10.14313602
12.04117584
12.28823757
11.31764889
6.62156963
5.03725481
6.42548943
8.01176453
13.29607868
22.29411507
13.26274872
12.74117565
11.53921795
16.34902191
12.07254887
14.64509869
11.69019318
9.18431568
9.87843323
10.45490074
12.95882225
11.69999981
10.13921833
6.50784302
5.22941256
6.13137245
8.95490265
15.59607792
18.92941475
13.10196209
12.80392075
11.45098019
18.11764717
12.39607906
13.50000191
9.70195961
9.62549019
9.39019680
11.58823490
14.10980415
12.09607792
8.90196037
5.65686321
6.44509840
6.72941351
8.75294209
15.59803867
17.00195885
13.51568604
12.31568813
12.25882435
19.20588303
12.43529510
15.19607830
10.01568413
9.80392170
9.43725586
12.02745152
16.18823624
12.75686455
7.51176596
4.99019623
7.79411793
7.86470556
7.08235312
23.04705620
17.13529396
12.77843285
12.85882282
15.10195923
19.62941551
11.59411430
17.10980415
10.16274452
10.83137131
10.11764908
12.47450829
20.41960907
13.62353134
5.92352867
6.52941275
8.13921547
7.92941141
8.87646961
24.26274681
15.68627644
13.30980301
13.91568661
16.15490150
18.89803886
10.41568756
17.84902000
9.86666679
10.58627510
10.75294113
12.31372356
21.26666832
12.56078243
5.20980453
8.36470699
7.86470556
7.45294189
14.32156849
23.89215660
13.83921719
14.00980377
14.53725529
15.54313755
16.72352791
10.47843266
18.16078568
12.24117851
10.74705982
11.28431606
12.41764832
18.41765022
10.51568794
5.29999971
7.49607897
7.10588264
7.65882301
16.22941399
22.55686188
13.63529396
14.21764755
13.95490360
15.87255001
14.19019699
11.81764793
18.37647438
15.92352772
11.12941265
11.73333359
12.04117584
15.82549191
8.60980511
5.55686331
6.33921528
6.49411726
11.83921528
14.91372681
22.12156677
13.60980415
13.96862888
14.35686207
15.85490131
12.30195999
12.69607735
20.53529167
19.34901810
11.31176376
12.72745037
12.56863022
15.20196342
6.00196266
5.06666660
7.35686255
7.78431368
10.89019585
16.62941360
20.64510155
14.08823109
14.15882301
15.73725319
15.53725529
10.75098038
14.80392075
22.73530006
18.49019623
15.08235264
13.18039227
13.71764469
14.98627472
4.25490189
5.21372604
7.38431358
12.02352905
6.45294046
18.15294075
19.12157249
14.32941246
14.15490150
15.37647247
13.87058926
10.11372566
16.24705887
22.75098228
18.88039398
20.15098190
14.68823624
15.77843285
14.64117432
4.51372528
5.12549019
9.15882397
10.92156887
7.49607849
20.02156639
17.13333511
14.47647095
12.95294094
15.83333397
11.71764851
10.68235302
17.56078529
21.61372757
22.12157059
21.19215775
17.07647324
17.01960945
13.39607430
4.85294104
5.16666651
12.85490131
7.16470671
10.05490112
20.41568565
15.98823452
14.70392132
11.72941303
15.86470509
10.33137226
10.31568527
18.76862717
20.38431931
23.30392456
22.23137665
17.24509811
17.45097923
11.64509296
4.70784426
9.63725471
9.17450809
6.59215641
10.74313641
20.29215622
14.54509926
14.51372528
11.10980415
15.17058849
9.68235302
11.51960754
19.47843552
20.40784645
21.43333435
21.33922195
17.56274414
17.71176338
8.72549057
5.68235350
12.68431568
5.22156858
6.06274509
16.59607697
20.47058487
13.99608135
14.23725510
11.15490246
14.87255001
10.15294075
13.80392265
21.02157402
19.79019737
19.04705811
20.54313660
19.39607811
18.83137131
6.22156906
8.65098095
9.44705772
5.53529406
6.05294132
20.80980110
18.08431244
13.91764832
14.81372738
11.62941265
13.68431759
11.01960659
16.68627548
22.07059097
18.97451210
16.32745171
22.09215927
21.87450981
18.19803619
5.39019585
11.64509964
7.90588284
5.85098028
14.46666718
23.51764488
15.66666698
14.95490170
13.97646999
12.14313889
12.91176510
11.40196228
18.59411621
22.90195656
19.01372528
15.80392170
25.87059021
24.78431320
16.45686722
10.00196171
5.76470709
9.24706078
14.10196114
16.00784302
15.59803963
16.36666870
14.36078453
12.45098019
11.34117508
12.92548943
10.38039207
20.80392265
23.54510117
19.45098114
17.41372490
28.39215660
24.70784378
14.05686378
10.74705791
5.55882359
15.32352924
12.60784245
9.90980434
16.36078644
15.71568775
14.39411736
11.13921642
10.33333588
11.68823528
13.16666698
22.02745438
24.13921738
19.76862526
18.66862679
28.40196419
22.90196037
21.88431168
8.38235188
15.71372604
10.89803982
6.17254877
11.49607849
14.95882225
14.27450943
14.40980434
10.62745094
10.58235264
11.17255020
16.41764832
21.63137436
23.56078148
19.93333435
20.71176529
26.72745323
24.13725471
18.88627434
14.27647114
11.78627396
5.06862736
7.47646999
13.08431339
14.93529320
13.99215698
13.75098038
10.47255039
11.12745190
11.26666737
17.86862564
19.71960831
23.08627701
19.28235435
21.98431396
26.57647133
25.36862564
16.81176567
7.59999943
6.97058868
5.18039274
9.59215736
12.73921490
15.88431358
14.57647038
12.86470604
10.33333492
12.05294132
10.56862545
17.74510002
18.95294380
21.16666412
19.67451286
22.83921432
25.98038864
24.69215393
6.84313822
4.73921633
6.56862736
5.76666737
10.04117584
12.88431263
15.51764679
14.54705906
11.56274700
10.98627567
11.92549038
10.45490265
17.95882416
17.32353020
18.42549133
19.89803696
22.55686760
24.98039246
13.78431606
4.57843161
4.60980415
6.66862774
7.46470642
10.07451057
13.36470604
13.87254906
13.61568546
10.73921776
11.76274681
12.17646980
11.10588264
17.71764755
18.03137589
17.42941475
19.93529510
22.41568565
23.89411736
10.95686436
3.90784311
6.49019623
6.56274557
8.05882263
10.53137207
13.29216003
14.05490208
13.05882359
10.54509830
11.74510002
12.21764660
12.22941303
17.62157059
18.53725433
17.17058754
19.17450714
21.86862564
22.81568909
7.21568727
3.94313693
7.83137274
5.46862793
9.75686359
10.24901962
12.12548923
15.29411793
12.70392418
12.00784492
11.38627529
10.72352886
14.24117947
18.13921928
18.24901962
18.32745171
18.16666794
21.21372986
21.83333397
3.68431449
4.20392179
8.25882435
5.66078472
10.16470623
9.34902096
11.60000229
16.29019547
11.94706059
13.96078587
10.94313622
10.72156811
15.23529816
17.12549210
18.34706306
18.83137703
17.44509697
20.83137512
17.62549019
4.16862774
3.31372571
7.38823557
6.58431435
9.37255001
10.09607887
12.00588417
16.92745209
11.53529263
15.16666698
9.77450943
12.16470623
16.07058716
17.05098152
19.23725319
18.55097771
17.52353096
21.20784378
13.91176605
2.80392170
3.84509850
6.85490179
7.60196161
9.21568871
10.71372604
12.89804077
17.83725739
11.88431549
15.16078472
9.35294342
13.54901791
16.85686302
18.55686569
20.73529053
18.44901848
18.15098000
21.77058792
9.86862850
2.05098081
5.54117680
5.84117746
8.21176529
8.86470509
10.53725433
13.38627434
18.22352982
11.66274548
14.76666641
9.61372566
14.45098019
16.13529205
20.34509850
21.66470528
20.35490608
17.45098114
19.87647057
6.07059050
2.52352977
6.96470594
5.08627462
9.40980530
8.91960907
9.90196228
14.96274567
17.90000153
12.11372662
14.26666641
9.71764851
15.33529663
16.14901924
22.70196342
19.89999771
21.37451172
16.47647095
16.93529510
2.98431444
3.17451000
7.24313784
5.19215775
9.61568642
10.05686283
8.91176605
17.72744942
17.07059097
11.87058830
13.50588226
12.26862717
16.06470490
18.56862450
24.32156944
17.82549286
20.58234978
17.28039551
13.74509907
2.77254963
3.40392160
6.86862707
5.61568594
10.81960869
9.44117546
9.25294209
19.03529549
16.81372452
11.64117622
11.42549133
15.56666851
15.73137093
20.51764870
23.24902534
17.53921700
19.35686111
18.18039513
10.20784378
3.39607882
3.56078434
6.52353048
6.57058811
11.65882397
8.86274433
10.36666679
21.25098228
17.16666794
12.31568623
11.19215775
15.61764908
15.90784359
19.91372681
21.98039055
18.44117928
18.34117699
18.47843170
6.87058830
3.88235307
4.53725529
5.50980425
7.67647076
11.59607792
8.79019547
13.87058830
22.14902687
18.13333511
12.94509983
10.62745190
14.53725433
17.33921432
17.09411812
21.11175919
18.79607773
18.40588188
17.97254944
4.98823547
4.22941208
4.72156906
5.20784426
8.76274490
10.75490093
7.67058849
17.97647476
23.30195618
18.37450981
12.80392265
10.41372490
15.81764793
17.57451057
16.27254868
20.08823776
18.51765060
19.02549553
15.48431396
3.52156925
4.59607840
5.10196066
6.12156868
9.52941227
9.55490398
8.74901962
21.58234978
24.57450485
17.75882339
12.69607830
11.93529415
16.63725471
16.60588455
16.66274834
19.38431549
19.08235550
18.77842712
12.40196228
2.81176496
4.29411793
4.57058859
6.02745104
11.15490246
8.33333302
11.69411945
22.77254677
25.05293846
16.35490227
12.99215794
13.78627586
16.99411964
14.85098171
19.75686455
19.46274376
20.43726158
17.42745399
10.48039436
2.09019637
3.47843146
5.06862783
6.67451000
10.32353020
8.21764755
14.22549248
24.27254677
24.08039093
16.04510117
13.64902115
14.66274643
16.84509850
15.59607792
20.81176758
19.07647324
21.06862831
16.13921547
8.11372662
1.82352984
4.46470642
5.46078491
7.30588245
9.54313850
8.21960831
15.61568737
25.17450714
23.30784035
15.90000248
12.74117756
16.47255135
16.32941246
17.14117622
20.10783768
18.63137627
20.42745209
15.24705791
5.81960917
2.22352982
4.66274548
5.93921614
6.85294056
8.21176434
8.29803944
16.99804115
25.83921432
22.06666946
15.18431377
12.33137226
17.28235245
16.75294113
19.68627357
19.66470528
18.98823738
20.14705849
14.19607925
3.69607854
2.92941213
5.17451048
5.63529348
6.50980473
7.51960754
9.04117584
18.34313583
26.76666451
20.56666946
14.66862679
12.42157078
17.36078644
18.99999809
22.29216576
19.36862564
17.42549133
19.15490341
12.04509735
2.27843165
2.69019628
4.43529463
5.47058821
7.39607906
7.10000086
10.25882530
20.34902000
26.33333397
19.60196114
14.32941628
12.84313869
16.72745323
19.92548943
23.53137589
19.98627472
16.32353020
19.59999847
10.40392113
2.37058830
2.61176467
5.11372566
5.74313688
7.70588160
7.30195999
12.36862946
20.50784492
23.32157135
19.93137360
14.24117374
13.92941093
14.18431377
22.38235283
23.05882454
20.96470642
16.86470795
20.10391998
9.25293922
2.85882354
4.33333349
5.57646990
6.97647095
7.44705868
7.97450972
14.24705982
19.03921509
23.08823395
19.42745209
13.14902210
15.93529224
14.13137150
23.22744751
22.83725548
21.29411316
17.81372833
21.43137741
8.36078548
2.83529425
4.96274471
6.31764746
6.98627472
7.33921719
8.79215813
15.04901981
17.75293922
22.60588264
18.35882378
13.16470528
16.07254982
14.55098152
24.82353592
22.64706039
21.43725777
18.36667061
21.07842255
7.30588245
3.49607897
5.10000086
6.55294085
6.87254906
6.87058783
10.08627319
16.83921623
17.79019737
22.52940750
17.50000191
14.49019623
16.61176682
15.72156906
25.87843513
22.97255325
21.57254982
18.58823776
20.20196342
5.52745152
3.99803948
4.57058811
5.85294104
7.50784159
6.61372566
10.57647133
17.72940826
17.96666908
21.25294113
16.32941055
16.52353287
18.16274643
17.26862907
25.96470642
24.56666565
22.20588684
17.91765022
17.29803848
4.23333406
3.93921614
4.57254934
5.64705801
9.15882206
7.36274576
11.25686264
16.94705963
19.18431282
20.27647018
16.28823471
17.92744827
18.41960716
18.20980453
26.16666031
24.41764641
22.27842712
16.92941284
14.07647133
5.07843208
4.74901962
5.57058764
7.83921623
8.65098095
7.99804020
12.40588284
16.71960831
18.93333626
18.80392265
16.99215698
18.00588417
17.82549286
19.03137398
23.91568375
24.94509697
22.78823853
16.42156982
10.30195999
6.44313765
6.36666679
4.33529425
9.76470566
7.64901876
8.69803905
13.15294075
15.82549095
19.08039093
18.16470528
17.22549057
17.36863136
16.70195961
20.29019547
21.24509430
25.03725815
21.79216194
15.45490265
7.19411755
7.19215584
6.75686312
4.91176558
9.82549095
7.15294027
9.88823414
13.65490246
15.65686417
19.82549286
17.71176338
17.19803810
17.15097618
15.82548904
20.64902115
21.16470718
24.71764946
19.48824120
14.13725567
6.26274538
6.77647066
6.97058868
5.73725462
10.40784550
7.25097942
9.88039303
14.66666889
15.99019623
21.00196266
17.66862488
17.83333206
17.83529282
17.96666718
17.98823547
22.93333435
25.03921509
19.18235779
12.24509811
6.31764793
5.97450972
7.36470652
7.49803925
10.16078568
8.53921604
10.30000019
14.25686455
15.46666718
20.85490036
17.22157288
18.45882607
17.63725662
19.60195923
15.88823605
23.78235245
26.46078110
16.74313736
10.45882320
7.45686293
5.84509850
7.66470623
8.16078472
9.66666794
9.04901791
12.15882111
12.94117451
15.24901962
20.84901810
16.24706078
19.35686111
16.35294342
19.33921432
14.98627377
24.14901733
26.06078720
15.06862736
9.21568584
8.61568642
8.53725433
5.83333349
8.15490246
8.45490170
9.82941246
12.93921661
12.83725643
14.88823795
21.33333588
15.82156849
18.71960640
17.70588112
16.87255096
14.80391979
22.33333015
24.30784225
14.15686131
8.92549038
7.68039227
9.74509621
5.39019632
9.96078396
7.33921528
10.46078396
13.23137283
13.28039360
14.91764832
20.45097351
16.52745056
15.49607563
18.90784264
15.46274757
13.93529510
22.00196075
23.04510498
14.22352982
8.01176548
7.60392237
18.49019432
5.98431396
11.16274643
7.10000086
11.80392265
11.84705830
12.85294342
16.07451057
19.67647362
17.83529472
12.84510040
18.13921356
15.73529339
12.79607773
20.88627243
22.70392227
14.62941170
7.54901934
7.85098076
18.36274147
6.95490265
11.54901981
7.61372614
12.87843227
11.19607830
14.04117775
16.78235245
18.84705925
16.55490112
15.07058811
16.58823395
15.31569004
13.57450962
19.53333473
21.72745132
13.71176529
8.49411774
10.46274471
15.25686264
8.27843189
10.76862717
10.06274605
12.33921528
10.78431320
13.99803925
17.85490227
18.22745132
15.27058983
17.01764679
15.72157288
15.17450905
13.69803810
18.93333244
21.04902458
13.68039322
9.26666641
8.00392151
6.65490294
11.83921432
9.44706059
12.23137093
11.17451191
10.67451096
14.11764908
18.93726158
17.20980453
14.86666870
17.12549400
16.23725700
14.51764393
13.73725700
19.22156525
20.28039169
13.51568699
8.37646961
8.27254963
8.54117584
13.34313774
8.69607830
12.62353134
9.47255135
11.32745171
13.17843246
19.72745514
16.57254982
16.51764679
17.81961060
16.34313965
13.30980396
14.76078606
20.55293846
19.49608231
13.24510002
7.95882463
9.25882435
9.97058773
13.52745056
8.07843113
12.05490112
9.35490131
11.02157021
14.00000000
19.72353554
16.41764832
18.33529282
16.69804001
16.42156792
13.62745094
17.88823509
20.53137016
18.69803810
11.38823509
8.00588131
10.40195942
10.41372681
11.94117451
10.05098152
11.39999866
9.40980434
11.46470547
15.06862831
19.32157135
15.80588531
20.23529243
15.57647324
15.86666775
14.49803734
21.46862793
20.77450943
15.36078453
10.49607849
8.31372643
11.45097923
12.86470699
8.96862793
12.81372738
11.59804058
10.68431568
12.78431225
15.81372547
18.70196342
16.30980301
19.15686035
16.52549171
16.11372566
15.69215870
23.48235321
20.80196190
11.61176491
11.21960640
9.10000038
11.23921680
14.10980320
7.00784349
14.80000114
11.17255116
12.34117699
14.10195827
17.12353134
18.14509964
19.70391846
17.15882301
17.57451057
19.04313660
16.80588531
24.94509506
20.30196381
8.75882435
11.92745209
11.11372662
12.83529472
13.23333359
9.88039303
13.07647038
11.50980568
12.55490208
14.69607830
18.37843132
17.06862450
21.42549515
17.56862640
17.14313889
21.59215355
17.08627510
25.70588303
18.42156982
7.28431320
12.56862926
13.66078377
15.53921604
10.14313507
13.96078587
11.37842941
10.99215889
12.65098095
15.47843266
19.01372337
17.82745171
21.44313812
17.69215775
16.81568909
22.05097961
17.23921967
25.62548828
15.75294018
6.29999971
13.89215660
15.07059002
16.87647057
7.25686216
16.19607925
13.06470680
9.47843266
13.58823490
15.11176491
18.73921776
19.51568604
19.84509659
18.43921661
16.43725586
21.13333702
19.45098305
23.82353020
13.06274509
6.69019556
17.52744865
16.26078224
15.12941456
8.98627472
17.14313507
12.66666794
10.37451077
14.20000267
14.65294170
18.90196419
20.58235550
16.87254906
21.10588264
16.87450790
21.33333588
20.90196037
22.62156487
11.23333359
7.62156868
19.20196342
15.53725338
12.59999847
14.56470680
15.55686188
11.79607868
11.72156811
13.89607811
14.33137512
19.06666565
21.11176491
14.57843399
24.77843094
16.76274490
21.45882416
22.00196075
21.14117622
11.12352848
8.89608002
18.39803696
14.78627682
11.36862850
20.98039246
14.12548733
11.94901943
11.64902020
13.58431435
14.86862659
19.23332787
19.95098114
14.73137379
25.73333740
16.84117699
21.87843704
22.42744827
20.27450752
11.53137207
10.10196209
17.05097771
12.31764698
13.80000019
21.98431396
14.18823433
12.51960945
12.34901905
12.55294132
16.13725471
19.55490112
17.10000229
17.01960945
24.79999924
16.98627472
21.71372986
22.78235054
19.94117737
12.81764889
11.35294342
14.22745037
10.14902020
18.29411888
21.25490189
13.52549076
12.09019470
12.26666641
12.37843132
17.98039055
19.58235168
15.58039284
18.43725395
23.22745895
17.82941437
21.19411659
23.26863098
19.63137817
12.55686378
12.00784302
11.61176300
12.71960831
21.19215584
19.33529091
13.38039398
10.74902058
10.92549038
14.49215794
17.98431587
19.82744980
14.23529530
20.20980072
22.45882034
18.09803963
19.72744751
22.70392418
19.92157173
10.65686131
12.44901848
10.56274509
15.99412155
23.04314041
15.82745171
12.97843170
10.01568699
12.33333397
15.72549152
18.71960640
19.43530083
14.20588398
22.06079102
22.00000381
17.71372414
18.60196114
23.83136940
18.23921776
10.49215603
12.50000000
10.99411774
19.00588036
21.03137589
15.09803867
11.81176472
11.22156906
13.26666737
16.80588341
19.18039322
18.17843056
14.65882683
23.96666527
22.02549362
18.48431587
17.97058868
23.13725471
16.75098419
11.96274662
10.55882359
13.53725529
17.01372719
19.62941551
13.94509697
10.91568661
11.88039207
13.58431339
17.70392418
19.86078644
16.89019775
16.53333664
24.86862183
20.87450981
18.58235550
17.44705963
23.03921509
13.85490036
11.10980606
10.39607811
14.90784454
15.30784321
17.21960831
12.62941265
9.68627357
12.88431168
14.42941093
18.78431511
20.39216042
17.39607811
19.28823471
23.97254944
20.91372871
20.80195999
17.61176682
20.65098381
11.97646999
9.00000000
9.09607887
14.97647095
14.97451019
15.01764584
10.46862698
9.99019623
13.31372452
14.37450981
18.75882530
21.28823471
19.53333855
19.89019585
23.86078644
21.97059059
20.65489960
18.33333397
16.87451172
11.30784321
8.09803867
9.40000153
13.61960602
14.39019585
14.95490170
10.00784397
10.22352695
12.12156963
15.11176682
18.85098076
21.37450790
21.66667175
17.83529472
24.70000267
22.61568642
18.68039513
18.53725624
16.15686417
10.10196209
8.45490170
10.74705887
11.68431568
12.40588379
15.10588455
11.08627319
10.81960678
10.60392189
16.16470718
19.75098038
20.41176414
22.06862259
17.21176529
23.13725471
23.06274605
17.77255249
19.12941933
16.00784111
9.30000019
9.04902077
12.00195980
11.74509907
12.66862774
12.82745266
11.51176548
11.19607830
10.03333473
17.51176834
20.39019585
20.96470833
22.38234711
16.73725700
22.12156868
22.75294113
19.59019470
20.98627472
13.77451324
8.97647095
9.81176472
12.11764717
10.83725548
13.26078510
10.42352962
12.66666985
11.11960793
10.83137226
18.80588150
21.25097656
21.96274376
22.35686302
17.80784225
23.08235550
21.60195541
22.15098572
22.56862831
10.70588112
9.13921642
10.12353039
12.11176491
11.52352810
12.67058945
12.05294132
11.29215717
10.66666794
12.88039112
20.23137093
22.29019928
23.19019890
23.16862869
19.56666756
24.68627167
22.80195808
23.53333092
22.06666756
7.58823586
9.45882320
10.32549095
10.96274471
13.73921776
12.30980587
13.43137264
10.53333378
11.39411736
14.53333473
20.94313431
22.63921928
23.83137131
24.06079102
20.85882568
26.13137627
23.97646713
22.40784645
18.95293808
6.74509954
9.30588150
10.64117622
9.60980415
15.43333435
11.92157078
14.21176434
10.14705849
11.63137531
17.07058907
21.09215927
21.72940636
24.17450714
24.71176529
22.66274261
26.36470413
23.39215851
21.26470947
15.80196095
5.92549133
9.68235302
10.79019737
9.74705791
15.63137341
12.15490246
14.78235149
10.15882397
11.81176758
18.59803772
21.57648087
21.24901962
25.19019508
24.30195808
22.84117699
24.67843246
21.76862907
19.43725586
12.98431301
6.27254963
9.59215736
11.15294361
10.86078358
16.09803963
14.11764812
12.49215698
10.36470604
12.82548904
19.19215584
21.70391655
21.42940521
26.11764908
24.23136902
22.71765327
23.77647591
20.48235130
18.20392418
10.30196095
7.18627453
10.67254925
10.60588264
12.68627548
15.70784378
15.33725739
11.25294113
11.50196266
13.87451077
19.72744942
21.45882416
21.67255592
27.72156906
22.76274872
23.16078568
25.01764870
20.79804039
16.07451057
9.25098133
7.69411707
11.47646999
10.30588341
13.02353001
14.90000153
16.01960754
11.81176376
11.81764793
15.15686321
19.87450981
21.06470490
22.23333359
27.81372452
22.62745667
22.40195847
26.47255325
21.54510307
13.62941074
9.46274471
8.40784359
11.28039169
10.81568718
13.61568832
13.76862812
15.71176243
12.71176434
11.48823452
16.51961136
19.75490570
20.92549324
22.01372910
27.61176491
24.40196609
19.85293961
26.08627892
21.65097809
12.07450962
10.12352848
9.09019852
11.61568737
11.62941074
14.15686131
15.46666718
14.45098209
11.89803886
11.66274643
17.65686417
19.10980225
19.97646904
21.58431244
27.55097771
23.96274567
15.36863041
24.32745361
20.85098457
10.81568813
9.70784283
10.08039284
11.58627510
12.66666794
14.72156811
16.90588570
12.35882473
11.32157040
12.29607773
18.03921318
18.68627548
19.68823814
21.57843018
27.23921394
23.26666641
13.89019585
21.79215813
20.13333321
9.76470661
9.05686188
11.16470623
11.02941036
12.58431244
15.72745323
17.07646942
10.62548733
10.78823566
13.32156849
17.75686455
18.23137665
19.06863022
22.25882149
28.56862450
23.70195961
12.48431301
19.59411812
19.33726120
8.94117451
8.80980492
11.21568489
10.29411697
14.39803886
16.72549248
16.75098228
9.66470528
10.61568737
13.53529453
17.59608078
18.91176605
18.04117393
23.79411697
29.40981293
23.23529243
11.82941246
18.49999809
18.37451172
8.14117622
8.54902077
11.79019547
10.43137264
16.48235321
18.41176605
13.56666374
10.49804020
10.69215870
14.08823586
16.93725586
18.19215775
18.52156448
26.02549171
28.87843323
21.27647400
13.02156830
17.46078491
16.75098038
7.28235388
8.67058945
12.04901886
11.23921680
17.42745209
18.85098267
11.66666889
11.65490055
10.66470718
14.40392208
17.05686378
17.26078415
18.90196228
27.24706268
26.94117546
18.70784569
14.00392151
16.44902039
14.48039341
6.98235226
9.40588379
11.86862946
13.03333282
17.14706230
17.78823853
11.44706154
11.31765079
10.42745209
14.90196228
16.68627548
16.20392418
20.11764908
26.30784416
24.92156601
17.08823586
13.23137093
14.41568565
13.27058792
7.55294132
10.37058830
11.69804096
15.93921471
16.35490227
16.10588455
10.36862755
10.42745113
10.93725586
14.24313927
16.00392151
15.75098133
20.37843513
24.23726082
23.62353134
16.20588303
12.59607792
13.86666298
11.51176357
7.99607849
11.50784111
11.04509640
17.03137398
16.64509964
14.27647209
8.97254753
9.54901981
12.30392170
13.96078300
16.78235435
15.54509926
18.89804268
24.31176186
22.84509850
16.71764565
12.44313622
13.78039360
10.47647190
7.81568670
12.61568642
11.57058620
16.10980415
15.87843132
12.04706001
9.46666718
9.17058849
13.95882416
13.59607697
16.58823586
16.07058716
19.37451363
24.31764603
24.03921509
16.57450867
12.70784378
13.68823719
10.14509869
7.92549038
13.32744980
11.85294056
14.76862907
14.80980396
10.96666813
11.02941227
9.98039341
14.77843094
14.14509773
15.87451077
16.67254829
20.08234978
23.03529739
24.94705963
16.79999924
12.72156906
12.79411793
9.01372623
8.67843151
12.66274357
11.30000210
14.01960850
14.12352562
10.10980415
11.13333321
10.68627453
14.23921204
15.19215584
15.47843075
16.60000229
19.57254791
22.02157593
25.79607964
16.20392418
12.88431263
10.85098267
7.80980444
9.06078434
10.98039246
12.09411812
13.29019451
12.87254906
9.58823490
9.98431396
11.54901695
13.72352982
15.96862888
15.81176567
16.48235321
18.51568794
20.91372490
25.47451401
15.63921547
12.09803963
9.67059040
7.62549067
9.64313698
9.60980415
12.96078491
12.76078320
10.72352886
9.92549229
9.88431549
12.25686359
13.36862755
16.97450829
15.88039112
17.06078529
18.11765099
20.41961288
23.14313889
15.20784473
10.45686531
9.70195961
7.26274586
11.20784378
9.26862812
12.97254848
11.18431568
9.81568527
10.41764736
9.95882416
12.59999943
13.47843075
16.87843323
16.08039474
18.21568871
18.80980682
19.57843018
21.41960335
15.14313698
9.95490265
9.46470737
7.55686331
11.55098057
9.78039265
11.01960945
10.93921757
10.97255135
9.76862812
10.57647133
12.91176510
14.18823528
15.50196457
17.68627739
17.49411774
19.06274414
16.92156601
20.49999809
14.02353001
10.63725471
8.07647133
8.30392170
12.83137131
10.49019718
10.78627396
10.28039360
11.52353191
9.77058697
11.87058640
11.84313965
14.45490170
14.91176414
19.14509773
18.15882111
18.87254906
16.70392227
18.38235283
13.48627758
10.25098038
6.96862698
10.01176548
12.25882339
12.57646942
12.00392151
9.65686131
12.60980415
9.36862659
11.38627625
10.49803925
13.77647305
14.72156811
21.96274567
20.32941437
18.26078796
17.12353134
16.86666679
14.03725433
9.52941322
7.30784273
11.30196190
13.45882416
12.81764793
11.74705791
9.37255096
12.34313774
9.34509754
11.22941017
10.50588417
13.74705887
16.14705658
25.03333092
20.97843170
17.79607964
17.29804230
16.10588264
13.59215832
9.65882206
7.51960754
12.25294304
14.25686264
10.68235302
10.64705753
10.61960983
11.34901810
9.04313755
10.60784340
10.92941284
14.15294266
18.24510002
27.39019585
21.92941284
18.00588417
16.75293922
15.47843075
12.62941074
9.74705887
7.06078482
11.38235283
12.28235531
10.50392056
9.36862659
11.58039188
11.41176414
9.40196133
10.38431454
10.99804020
14.06274509
19.77451134
28.71372414
23.02352905
17.84117889
16.56274223
14.73921776
11.41764641
9.16274548
6.97843122
10.72157001
10.69607830
11.18235397
9.68823814
11.71568680
11.64117718
9.77646923
10.50196266
11.46470451
15.86666584
21.13921165
29.10392380
23.51568222
16.93333626
15.68235397
14.29999828
10.73921490
8.53137302
7.42941141
9.41960621
10.85490227
12.61960506
11.59607887
10.96862602
11.54313660
9.90392113
10.59803963
12.45489979
17.76862907
20.98431206
29.30195999
23.60588837
16.45294571
15.76862812
13.90784168
9.97058678
8.06274509
7.99019575
8.58235168
12.35882378
13.25882244
12.96274471
11.60588264
12.26666641
9.27451134
10.18039131
13.68627453
18.29412270
21.14313698
29.74509811
25.13333130
16.93529510
16.22156715
14.05489922
9.48235321
7.62941170
7.89804077
9.82744980
14.01372433
13.23921585
14.22941208
12.71176338
11.90000153
9.21176529
10.29215813
15.06274319
19.35098076
24.74902153
30.39215469
24.69019318
17.80000114
15.91372681
13.48235607
8.79607868
7.89803982
9.89215660
10.73725510
14.34901810
13.85098076
14.12156868
14.36078453
10.67647171
9.70195961
10.61372662
16.38627434
20.36862946
29.36666298
29.28823471
23.95686340
18.21176720
14.58038998
12.85098171
8.99804020
7.89608002
11.22156715
12.59607792
15.98431587
12.03921795
14.47842979
14.02745152
10.85686207
9.52156925
12.60980415
16.32549095
21.45686340
30.14509964
29.77451324
23.38235474
18.62745285
14.61176491
12.64117813
9.95294094
7.99803925
11.28431320
15.19215870
15.46078205
10.62548923
13.28235245
13.15098190
11.33529282
9.64313602
13.68431377
17.29215622
22.74706268
31.14706039
29.62353134
22.58431625
21.42745209
14.31764889
12.91960716
11.13921642
8.41960812
12.09803772
15.78823471
12.40980530
11.17843056
12.43725681
12.41176605
10.86470699
9.45686150
15.02548981
18.70000267
22.63921356
31.40392303
26.72352219
23.20196342
21.66078377
14.10784149
13.28431320
10.20195961
8.15098095
14.81568527
15.07647133
10.19803905
11.97843266
14.10392284
10.80588341
9.75882244
9.67058849
15.84509659
20.29607582
21.79803658
28.41176224
24.61176682
24.18235397
20.52941322
15.10980511
12.98039246
8.11176586
9.59999943
16.13725471
13.73333454
9.10980511
12.39803982
15.10784531
10.23333454
9.29411697
10.48039341
15.78039265
19.60000229
20.70980263
24.18235588
25.08823395
24.88823318
18.03333282
15.16078568
11.83333302
7.10392189
11.07451153
15.77647209
12.28039360
9.68627453
12.96862698
14.23529243
11.25686359
8.39019680
11.75882339
15.95686340
17.43725777
20.61764526
20.96666908
25.86470795
23.10391808
16.34313774
15.22548962
10.35686111
6.89019632
12.25294113
15.36862755
10.63921356
10.60000134
14.72352886
12.37254906
11.10196114
8.14117718
13.22744942
16.57254791
16.00588417
21.31961441
19.96470833
26.61568832
20.51176453
15.84706116
14.59215736
9.49019814
7.14313745
12.40196419
14.97058868
10.75097942
10.36862373
17.20391846
10.74509907
11.31764984
9.41764736
15.32157040
17.15686417
15.20784378
21.67255211
19.39607811
25.25490189
19.38627434
15.19804096
13.30392265
9.78627300
7.29019690
12.51568413
14.03137016
10.95490074
9.86078644
18.13333321
11.06862831
10.70980263
11.91372681
15.47254944
17.21568680
16.06078529
21.24118042
17.80784416
23.70980072
18.50980568
15.28823662
12.52941227
8.30392170
8.49215698
12.47843361
12.84705925
10.53921604
10.20784569
18.13137436
12.71764755
9.58627605
12.96274567
15.96274662
16.44902039
16.55294228
19.80392265
17.49607849
22.29607773
17.25490570
14.78823471
11.30980492
6.50588274
9.86862755
12.68431282
11.89019585
12.03333282
11.26862907
16.08823395
12.61960983
9.50784302
12.71960831
16.55490303
15.71372509
17.23725700
19.08431435
18.18823433
22.35294151
16.41960907
13.43725586
10.44902134
5.51372480
9.77451038
12.55490112
10.90588284
14.64117527
11.64313698
15.35882378
12.39803886
9.80784225
12.55097961
16.38823318
16.85882378
20.09411430
20.39215469
18.66078568
22.43529129
15.73921871
11.98823547
9.72745132
5.26666641
9.94705963
12.31176376
11.60392189
14.22745228
13.61764908
15.24509811
12.00392246
10.94509792
13.30588436
16.88431358
20.77646828
27.03725815
19.75490189
18.62549400
20.63137245
15.53333092
12.11960793
9.58431435
5.76666689
10.83333397
11.61961079
13.76862717
13.67255020
16.13137627
14.24313736
12.18823433
12.18823528
14.79607868
16.69215584
24.62745285
29.48431587
18.84705734
18.49019814
19.29411316
16.25490379
11.57451248
9.09215736
6.85882330
12.38431358
10.86666870
14.97451019
12.74509907
17.19804001
13.74901962
12.40392208
13.60000134
15.68235302
15.69411945
26.76862907
28.43333435
18.23529434
19.35490799
18.52549171
15.53529358
11.19607735
7.60391998
8.37058830
14.10784245
10.83921623
15.74509811
11.46274567
17.78431320
13.68627453
12.80195904
15.49607849
16.45686340
16.03137398
25.97451019
27.78039551
19.31372452
20.19019318
16.66078568
15.20392418
9.74509811
6.39607906
8.83921623
17.02156639
11.63921642
13.89215851
11.78235245
20.58627510
12.81176662
14.10980415
16.39999962
16.05294228
17.46470642
24.16863441
25.70785141
20.64117432
18.45097733
15.66274738
14.85098076
8.71568584
7.02352858
10.37647057
16.35686111
12.28039265
12.79803944
14.00392151
19.76275063
13.14705849
15.27843094
16.91372490
15.31960773
18.73137093
23.47059441
24.02353287
21.02745056
18.35490227
15.33921528
14.92549324
8.53725243
6.74902058
11.39411831
14.37450981
12.32156849
13.72549152
15.37843132
19.20392418
14.42157173
16.13921928
16.53137207
14.67450905
20.65489960
23.24117279
24.04118156
21.51372719
16.81568909
15.08823490
13.83921432
8.53137302
6.08627510
12.70196056
12.27058601
15.64510059
11.55490303
16.23333168
21.17843628
16.30784416
16.56470490
15.51176548
15.78235340
21.15294266
22.99019814
24.25098801
20.35293961
16.54509926
14.29803944
10.86078358
8.63333321
7.16666746
12.47647095
11.61372471
17.18823624
10.09803867
18.51372528
19.59019661
18.23137283
15.34313679
14.80588150
16.31176376
22.49999809
24.85098267
23.41765022
19.78627205
17.08039093
12.61372566
8.37255001
8.58431339
9.11176491
11.79803944
10.94509888
16.90784264
10.50784397
19.30392265
17.49608040
17.95882416
14.40588284
13.86862850
16.90784264
23.29803848
24.51372528
23.28431892
19.52745056
16.20784378
11.00588226
8.01176453
8.31372643
9.64313698
11.82549000
13.47254848
16.06862831
12.04117680
19.54509735
17.09803963
16.61764717
14.46470547
13.10391998
18.46666336
23.07255363
24.05686188
24.34901619
20.46470642
14.13725281
10.12353134
7.36078501
8.88627338
9.41372585
13.06274509
17.18431664
14.03333282
13.59215736
19.27059174
18.30000114
16.16666603
14.13725281
14.00588322
19.68039322
23.65882492
24.15490341
25.00980186
20.42745590
13.48039246
8.88823605
7.36666727
9.74901962
9.14313889
15.20392036
18.21960831
11.42549038
15.47254944
18.65294647
19.05882454
15.48431301
14.02941036
15.46274567
21.59804153
22.68824005
25.02941513
25.51372719
19.13529205
11.99607849
8.36666775
8.30980492
10.35294056
9.28235149
15.53333378
16.56274414
11.63137150
18.33529663
17.97842789
18.10392189
15.54901600
13.80980206
16.49607849
22.75490570
22.75098038
26.16274452
25.39999962
17.89804268
11.44705963
7.60784245
9.18627548
10.75882339
9.42941284
15.70392227
15.12941265
12.51372623
18.33529472
18.46470642
16.51176453
15.84902191
13.80784512
17.16078377
23.35098457
23.78235435
26.45098305
24.99216080
18.08823776
11.06274700
7.23725510
8.64313602
12.77254963
9.74509811
14.99215794
15.00000000
13.64705849
16.97058868
17.78431320
16.29019737
14.75294209
13.19215775
18.70784378
23.63333511
24.89411736
25.76078224
26.31764984
16.60588455
10.66862774
6.51764679
7.71176481
12.68431377
10.69019699
14.69019699
13.44117832
14.63921738
16.60588264
15.67843056
15.91568756
13.78823566
13.81764603
21.16666985
23.37843132
25.30392075
24.90980148
25.24902153
14.48823357
10.08431339
5.54117632
7.41960812
12.13921642
9.54705906
13.52745152
10.85098076
15.56078434
15.85294342
15.18627739
15.25882626
13.47255039
14.84313965
23.69412041
23.19411469
24.38627243
23.19215775
22.57059097
13.89411831
9.04117680
5.13333368
9.85294151
10.28627491
9.69607639
12.72549057
9.19019699
15.16078377
14.74313736
15.50195789
15.10980415
12.35490131
17.08431244
24.10391998
21.59411621
23.56274414
24.04509926
21.38824081
12.81372547
7.83137369
4.57450962
10.76274681
9.27647114
11.64705849
10.68039322
10.78039265
14.69999886
13.62745094
14.52156925
15.55294228
14.20392132
17.40196228
23.15881920
20.04509735
23.41764832
24.73529053
19.09803772
11.45882320
6.60195971
3.99803925
10.39215946
10.81764698
11.59215546
9.62353230
12.00784397
15.10784149
13.11176586
14.28823662
14.64117718
14.98431396
17.49607849
21.26274681
18.99803925
22.83921432
23.39411736
16.23921967
10.58431339
5.10784340
2.78627443
12.15098095
11.62157059
10.82549191
9.39215660
13.99019623
14.08235359
13.41176319
14.31764793
13.50784492
15.78038979
18.22353172
18.88235474
19.46470451
23.43529701
22.12940979
15.76666832
9.62941170
4.18823576
3.24117684
14.11764908
10.85097980
9.91372776
10.83137321
13.83529377
13.42941093
13.83725548
14.00784397
14.06470680
15.85686302
17.95098305
17.25882721
20.11764908
23.06274986
20.74117279
15.35882187
8.61960793
3.43333364
6.08431387
13.49607944
9.76078510
10.37450981
12.40588379
13.20392227
13.72352886
13.91960526
13.32548904
15.87843323
15.10784149
16.59607887
17.29019928
20.72352982
23.10000610
18.87255096
14.10784340
8.50392151
3.44509840
8.42549038
12.14509964
9.42352962
10.32157135
13.61764717
13.70588398
13.20391846
13.36862659
13.01568699
16.41372490
14.29411793
16.33529091
17.09607887
21.30980301
22.97254944
17.63725662
13.51960754
8.76078415
3.99411750
9.72941113
11.07059002
10.82156754
10.18823528
14.03529263
13.53725433
12.92156696
12.62941265
13.24901772
15.45686436
13.90196133
16.31372833
18.18039513
20.92745018
23.83137321
16.51765060
13.34509754
8.58431530
3.48039198
11.77058792
10.19804001
12.85294056
11.35097980
12.60588264
13.57451057
12.44313812
11.99803734
13.47647095
13.98823643
13.30588341
16.58039093
18.92941475
20.04509544
22.64313889
16.36078453
12.80392170
7.83921623
3.63921618
12.88235378
11.14705944
14.42745113
12.64901733
11.95293999
12.36274624
12.04705906
11.99803925
13.59411716
11.84117508
13.80588150
17.22156715
18.78039169
19.35490417
21.25882149
16.08235359
11.54313755
6.87254906
4.08823538
13.23529530
14.39412022
14.44117641
13.23921394
12.59019661
10.72549057
10.81176662
12.18039417
12.83921623
11.29019642
14.76666832
18.49411964
17.35882378
18.04706001
19.31568336
15.08823490
10.33725548
6.44509840
5.07451010
14.42941380
16.22941399
13.54901981
11.66078377
12.73333263
11.20000076
10.00196171
12.43137455
12.30588150
11.17842960
15.94902134
18.16470909
16.16666603
17.32156754
17.54509735
13.60980511
9.90980530
6.07058764
5.78235340
16.01568985
15.08235455
13.25490189
10.21568394
12.10000038
14.08235359
9.95097923
12.97058868
10.85490227
11.15490150
16.08431435
17.18431664
15.07647133
16.59215546
16.13333511
12.47647095
9.59019756
5.11176586
6.61960840
15.62156963
13.48039341
11.85686302
10.73725605
11.92745018
14.68627357
10.15686131
12.72941399
9.66470718
11.75882244
16.20588303
15.27255058
14.47450638
16.04313660
14.60784245
12.44706059
8.26274490
5.13137293
6.76470661
15.53921604
12.23529625
11.13137341
10.86274529
12.09411716
13.59019947
10.25882244
11.89607716
9.66666698
13.11960983
17.33529663
13.58431530
14.30588436
16.07647324
13.22549057
12.93333435
7.62941217
5.52353001
6.96862793
14.62156868
12.49411964
9.72156906
10.28627396
12.51176453
10.69019604
10.89607811
11.38431358
9.37647057
14.55098057
17.02156830
13.01176548
14.11176491
14.80980301
12.60784149
12.20980358
8.48235416
5.12352943
8.18627453
13.37450790
12.31960869
9.51764679
9.94509792
12.23333263
8.43333340
12.62156868
9.78431320
9.57647228
15.67254829
15.17450905
13.25098133
14.01568604
14.76274490
11.55098057
10.62353134
9.11372566
4.76862669
9.82156944
12.04117680
11.02549171
8.96470737
10.04706001
11.84901905
8.14509773
12.87647057
8.95686340
10.97843075
16.04117584
14.44117737
13.92745495
15.18627739
14.01765060
9.93529320
9.99607849
8.78823662
5.67058849
10.77647305
11.19019699
10.18431091
8.79215622
11.56470776
10.46862793
9.37058830
11.77647114
9.23137283
12.51568604
16.11372566
13.17646980
15.19804001
15.67843246
12.19804096
9.94705963
9.54901981
7.94313765
8.59411812
10.40196037
11.28823280
9.36666679
9.61764717
12.56470680
9.51372623
10.47843170
10.77647018
8.80392075
13.62157059
15.95294189
12.88235188
15.16666698
15.05686188
11.59019470
9.66862679
8.82744980
7.19607878
8.79607868
11.15882492
10.57255077
8.89215565
11.00000000
12.39804077
9.20588398
10.72745323
9.55098152
8.98823452
14.47843266
14.72941017
13.92549133
13.88235378
15.04901981
10.76078320
9.14313698
8.47058773
7.59215736
8.08235359
12.09019375
9.19999981
8.52156925
11.53137207
11.56078243
10.02353001
9.99411774
9.07451057
9.27843189
14.84902000
13.78039360
14.20980453
14.96078587
13.31764889
10.36470604
8.18823624
8.41960812
6.64509726
9.74705887
10.37058830
8.51960850
9.16862869
10.86862564
10.44705963
11.22156906
8.69019508
9.16274452
9.40784359
14.90588284
13.02941322
13.57647038
15.25882339
10.65098286
9.06078529
7.21764755
8.64509773
5.97647047
12.26274490
8.95294094
9.18431473
10.04705811
9.99804115
9.92940998
10.96862888
8.39411736
8.20000076
10.22352886
14.77058887
12.77843189
13.08627605
14.38823795
10.35882473
8.54902077
6.57451010
8.00000000
6.36470604
12.29804230
9.09215736
9.58235359
10.58039284
8.49411774
11.14509678
10.37646866
9.03333282
8.24706078
10.92156887
13.94117546
11.97451019
13.38235378
14.33137131
11.88039017
8.01764679
6.45882320
7.71960878
7.08627510
10.95097923
10.35882378
10.80980301
10.16666794
7.84509802
11.80588436
9.68823624
9.38235092
8.81960964
12.46078491
12.94509888
11.77058792
13.97254944
14.89804173
11.09019756
7.74313688
6.09803963
8.73725510
9.58235359
10.59411716
12.81176567
13.18823433
8.69999886
7.03725529
11.20392132
9.30196190
8.95686436
9.83725643
13.26863003
12.10588455
12.45882511
15.38627625
13.49803925
10.41568756
7.24313688
6.71960783
11.39215660
12.96666431
14.79019833
15.42156696
12.91176319
7.56862688
7.92941141
11.38431263
8.98431396
8.80980492
9.79215717
13.72745228
11.28039265
12.55686188
16.51960564
12.02941036
10.89215755
5.51568651
7.34313822
14.27255058
14.39411831
19.32157135
15.43921566
11.16078472
8.43921566
9.89215660
11.60196114
10.27647114
8.68431377
10.07843113
12.72941113
11.46078205
13.42549229
15.95490360
10.70784283
9.75098228
4.86666679
8.08039284
16.08039474
14.10196018
21.51568985
15.53137398
10.42941189
9.54509735
9.92156696
11.22352886
11.74705887
7.61764812
11.08823395
11.97058773
11.70588398
13.65097809
14.34313774
9.22745323
8.73921776
4.34705925
7.87843180
16.80588341
16.47058868
19.62157059
16.71960831
10.50000000
9.91568565
10.17058754
10.72352982
11.81568527
7.97450924
11.54117584
12.47058773
13.13725662
12.93921566
12.79607868
10.18823528
6.96274424
3.44509816
9.29804039
18.29411888
18.60196304
17.32548904
16.54902077
10.40392113
10.65294170
9.96666718
10.46078587
10.39803982
9.85294056
11.60392189
12.50588226
13.80980396
11.81372452
11.57646942
10.63725662
6.00196266
4.16666651
11.53529453
17.72941208
18.62548828
17.49019623
15.12744904
9.34509754
10.70195961
9.67843151
10.38823509
9.28235149
10.48039150
12.45882320
11.72352982
13.63921547
11.26470757
10.82548809
10.41372490
4.97058821
5.61372614
13.87647057
17.72156906
17.71372414
16.83921814
13.81372643
8.15098000
10.41176510
8.74313831
10.17843246
9.18627453
10.51372528
13.49019432
12.35097980
12.30000114
10.54117584
9.59607792
8.46274471
4.10196066
7.27843237
14.74117756
20.85882378
17.84117508
15.30784225
12.67647266
8.89019680
10.06666565
7.86274481
9.23529530
9.24313736
11.35882282
14.24117661
12.33529282
11.59607792
10.41372681
8.67843056
7.31176567
4.05686283
8.06078529
14.60588360
21.22353172
16.95294189
14.12353134
11.18431568
10.13137341
9.10000038
7.57058907
8.45294094
10.40196037
11.58823681
14.24509621
12.53529549
11.66078281
10.83921623
8.72549057
5.55882359
4.03921604
8.04509830
16.21764755
18.35686111
15.81764889
15.10392284
8.15686226
9.92745209
8.83333492
7.75294161
7.55098009
10.98627567
11.69411755
13.95490265
12.84901810
12.12745190
10.67647076
8.19803810
5.14901972
4.57647038
9.19999981
16.33725739
16.81176376
14.59607887
16.10196114
7.40980339
9.53921604
8.27058887
7.79999971
8.15294266
10.97646999
12.34509850
14.74510193
12.08431339
11.45490265
10.29999924
7.67254925
4.94509840
5.95686293
9.75098133
16.07058907
17.35097885
15.12352943
15.32941055
6.57451057
10.23529434
7.70196152
7.11764717
10.55098152
10.18039322
13.62156868
14.68823242
11.10000134
11.29803848
10.89999962
6.67843056
4.48235321
6.65098095
10.53333187
16.04313660
17.91960907
15.64313889
12.87255192
6.72352982
9.30392170
7.47058868
7.35686207
12.90588188
10.59019661
14.05686474
14.29215813
10.33921814
11.69607830
13.63921547
6.20588207
4.31372595
8.12156868
11.22156811
17.42352867
17.69804001
15.70588112
10.18431473
7.71960926
8.93921661
7.45490265
7.56666660
13.62548923
11.80588150
14.49411678
14.19019508
10.99215698
10.62941265
16.08039093
6.62156916
4.80392218
9.13725471
14.76470566
18.31960678
16.50784492
14.90588665
8.02353001
9.11568642
8.43137264
7.80196047
8.64509869
14.01568317
12.00195885
15.30784130
14.87450981
12.26470757
13.43137455
13.60588360
6.13921642
6.12941170
8.97451115
18.12549210
18.00588417
14.52157021
14.61176300
7.07058859
10.30784321
7.58235264
7.94117594
11.48627377
12.74705982
12.28431320
15.97646904
14.56470776
12.67254829
17.73333168
9.49215698
5.70392227
7.83529425
8.03529358
18.75881958
16.63333511
14.15686417
14.65882587
7.28039265
9.52745152
7.10588312
7.17058802
13.80196190
10.64705849
13.41176510
16.34705925
14.24509811
13.64509964
16.96470451
10.02745247
5.58823538
7.46470499
9.30588341
17.03333664
15.86078358
14.18431377
12.20392227
8.09019566
8.12352943
7.14705896
7.20392132
14.13921642
11.07450962
16.46666527
17.72352600
14.51372623
14.23725510
15.05882454
8.44509888
5.77254820
7.38627481
11.36666584
15.90000153
14.74509811
12.53333187
11.34117603
7.50196218
7.25882387
7.65098047
8.01372623
14.36078453
12.06862831
21.26274490
18.17451096
15.67843342
15.39019489
13.25882435
7.38823557
6.28823423
6.92157030
13.80000019
15.65686607
13.44901943
13.13137150
9.84705830
7.12941217
7.05098057
7.81372499
9.17843151
14.18235207
12.89999962
23.82156944
18.13725281
17.35490417
13.78627491
12.46666527
7.24901915
6.71372604
5.32352972
16.27843285
15.95490170
13.34902000
14.74510002
8.32353020
8.03333473
6.75686312
6.89607763
11.13333321
12.76274586
15.43137360
24.22940826
18.94509888
17.91764832
11.02548885
9.26470757
7.27647066
7.76274586
4.08823538
18.06470680
17.13137436
13.79803848
15.41764832
7.03725672
9.74117851
6.88039207
7.06666660
13.47451115
12.23725700
18.17450714
24.45490265
19.78039360
16.24510002
9.67254829
7.44901896
7.84313774
7.97647047
6.49803972
17.40392303
17.21568871
15.15098190
14.04510021
6.40392160
9.63333321
7.18235302
8.89019585
14.02157211
13.33137226
20.49216080
24.30196381
21.23529625
15.12941265
8.78431320
7.63725471
7.85294056
7.50980282
9.05294228
17.68235588
16.63529205
15.55098152
10.32353020
6.06666660
8.48431301
7.33137274
10.83921623
11.96666908
15.13333321
22.41176414
24.26078415
21.30195618
15.13333607
7.78823471
9.01568699
8.34902096
5.62941122
11.50784492
17.81176949
15.21568584
15.56862831
7.30000114
6.60588312
6.70392227
7.35686302
10.55686378
11.16862869
17.65098190
21.98235321
24.37058258
21.73921394
14.70784473
7.39019489
10.05882263
8.68039227
4.09215689
13.48039246
17.34509850
14.79215622
14.66666603
5.35098124
6.79607821
5.96470594
7.71568632
9.18235588
11.52549076
19.35098076
21.99411774
23.54313660
22.00000000
13.42941189
8.00784302
10.60000038
7.58039188
4.90784264
14.87058926
17.07058907
15.87647057
11.97451019
5.36666727
6.24313736
6.42156982
7.89411831
8.49019527
12.80196095
19.61960793
21.74706078
24.35098076
21.46863174
12.12744999
11.22941208
8.08431435
6.42156839
6.60980368
15.25490093
16.93725586
16.26862717
9.45294285
5.25686359
6.89607906
6.11372519
8.30588341
8.66666603
14.31568527
20.01372910
20.81176376
25.40195847
23.16863060
11.81176567
12.91764641
6.28627443
3.73529410
8.92156792
16.06078148
17.37843323
16.23921967
7.63333368
5.20000029
7.53921556
6.17058802
7.74705935
9.40196037
15.61765003
19.65294266
20.20000267
25.17451096
25.60784531
10.90784264
9.60000134
5.82549047
2.04705882
11.23529434
16.89412117
17.90980721
13.93725491
6.93529606
5.77843094
7.61176586
6.25686359
7.99215746
11.05686283
16.46078682
19.69019699
20.41569138
24.23921585
24.49411583
10.96274567
7.23333406
5.49215746
2.41764736
13.06078339
16.79411697
17.12156868
11.15882301
6.66862726
6.50196028
6.63921547
6.79607868
8.85490227
13.60784340
18.11764908
18.26078796
21.68627548
23.82352448
22.62157059
10.86862469
6.71372509
4.22941160
4.66274500
12.81372929
16.21764946
17.02156830
9.21176338
5.80000162
7.11568737
5.02549076
7.25686264
9.82745171
14.78627491
18.79804230
18.30000114
22.66862679
24.68039131
20.73921967
9.49607849
6.09215689
2.67451048
5.75490189
13.67255020
15.68431282
16.80980492
9.00784397
5.73921585
6.66470623
4.66470671
7.72941160
11.89999962
16.09215546
18.95293808
18.74901581
22.48430824
25.00587845
19.00980949
8.39411831
5.82352877
2.27254891
7.00784302
14.40000153
16.10195923
15.10196495
8.92941189
5.90980387
5.65882349
5.18431377
8.43137360
13.16078377
17.75686264
18.14705658
17.45686531
21.47451210
25.96470451
16.47842979
8.38235283
5.29607773
2.15294170
8.83921623
14.52156925
16.05490112
13.89411831
7.83333302
5.66470623
5.63529396
5.93921566
9.55294228
13.71961021
19.13725853
17.53529549
17.21764565
20.56666946
25.94117737
14.03137398
7.65686464
4.20588160
2.78627443
11.13137245
14.06666851
15.67450809
12.26078415
6.58823490
5.84509850
6.13333321
6.53921556
11.61568928
14.81568909
19.38823891
16.68627739
17.33725166
20.09411812
25.70784569
13.32745171
6.61176395
3.74901986
4.06274509
12.34509754
11.93333340
13.96078205
10.90000057
5.79019547
6.35490131
5.80196047
6.09215641
13.93921661
15.26078510
17.85490417
15.23725319
16.68235397
20.84705734
24.59803772
10.81568718
5.61372566
4.19607878
6.73725557
12.11764812
10.50196171
12.49804020
10.33137226
5.88627481
6.18627453
4.98823500
6.37058830
13.87254906
16.62745285
16.23529434
14.35294151
15.92941093
21.78039169
22.46666527
8.98627377
4.93137264
5.06274509
8.52352905
11.61764526
10.37451077
13.27647114
9.80392075
6.19019651
5.70392132
5.18235302
7.69411850
13.70980453
17.48823547
15.37842941
14.85490227
15.38039112
22.15097809
19.70587921
8.79607677
5.05686235
6.18039227
10.71176434
10.69608021
10.02745152
14.02941132
9.49215889
6.49999952
5.70588255
4.82745075
9.15294075
14.52549267
17.48431587
14.91176605
14.84117603
15.86666870
21.06470871
17.48823738
8.03529263
6.59019709
5.59411812
11.27843285
10.42156792
10.07254982
13.76666737
9.18235302
5.52745152
4.97843122
4.87058878
10.47646904
15.71176434
16.38235283
14.61764622
14.97843552
15.90588379
20.82156563
15.44902134
6.25098085
7.52353048
5.05294132
11.45098019
9.83921528
9.25490379
13.14509773
8.39019680
5.40980387
4.59215689
5.82941151
12.23529434
15.41176414
14.93137264
14.54705906
14.92156887
16.63333321
21.44901848
13.77255154
5.38627481
6.12941122
6.72352886
10.40000057
9.87843227
9.89019585
12.41372681
6.88431358
5.58235312
4.81568670
6.99411821
13.03529453
15.18627739
14.61960793
14.50195789
14.53529453
17.96666718
20.54902267
11.08823681
6.10980415
5.80980492
7.19803953
9.96274567
9.92745113
10.42156696
10.90000153
6.87058878
4.99607754
5.27450943
8.62745094
13.50588322
15.84117603
14.47255135
14.50588608
14.62941074
17.75882339
19.66666603
9.38627720
6.57647085
7.10196114
6.78235340
10.00784302
9.11176491
11.17451096
10.04705906
6.66862679
4.43529463
5.90588236
9.99804020
13.66274643
14.69607925
15.35882282
14.32353210
14.59019661
18.90980148
18.73921394
9.15098000
6.27647066
7.14705944
7.31176519
9.33529568
9.02156925
10.84117699
9.29607868
6.00392151
4.78235292
5.55098057
12.38431263
13.57843113
14.22353268
15.02941036
15.11569023
14.49804306
19.34902191
18.57843208
10.02156925
6.81372595
6.99411774
7.81764746
9.66470623
10.19607925
9.66862774
8.50980377
5.52156830
5.54901934
6.40392256
14.05294037
14.44313908
14.02548790
13.82745171
15.40784454
14.82156944
18.86274719
16.80588150
9.66470623
7.52352905
5.70392084
8.67646980
10.41764641
10.02353001
9.64705944
7.17058897
5.05686331
5.92548990
7.50000000
14.15098190
14.85294151
13.64117622
13.97059059
14.92353058
14.66274452
17.55294037
14.22744846
8.91764832
7.72941303
5.36078453
9.45686340
9.73921490
9.62352943
9.79411888
6.19019651
4.99019575
6.22548962
7.82352972
13.72548962
14.87254715
13.68823242
14.21764755
13.37058830
15.65294266
17.16862869
12.62157059
7.32549191
7.15490246
6.35294151
10.21568680
7.69607782
10.24117565
9.21764660
6.07254839
5.05686283
6.35294056
9.28627586
13.75490093
14.97450829
13.87647152
13.67254829
12.60196114
15.66862774
16.92745209
11.59215927
5.60588217
6.14313745
7.35097980
9.75882339
6.95294142
10.30196285
8.84117699
5.35294151
5.27254868
6.67647171
10.31176567
14.25882435
14.70588207
13.96470642
13.17058849
13.70392036
15.17255020
16.61568642
9.90196037
4.87843227
5.98431396
7.45098066
8.76470661
9.54705811
11.99019623
6.16666603
4.79803944
6.12941217
6.66470575
11.68431282
14.06862831
14.18823814
14.08235264
12.64705849
13.91764832
14.85490131
15.22549057
8.13921547
5.02156782
6.88431454
8.15098095
7.42549038
12.63137054
11.54509830
5.43137264
6.33921576
6.65882349
7.73921537
12.33333111
13.79215717
14.21372604
13.15882587
13.24510002
13.78235340
14.41176510
13.89804173
6.46666670
4.90196085
8.32549095
9.32156944
7.16470575
13.21176624
9.46274376
5.99215841
6.91764688
7.62156963
8.97058773
12.48235321
14.10196114
13.47843170
12.51372337
13.93137264
14.08039284
13.72352695
10.88627529
6.19019556
5.39607859
8.81960773
9.06078529
12.03921509
9.81764698
7.15490246
6.57843161
6.96470690
8.24313736
10.05097961
13.33137226
13.33529282
13.19411850
12.95490360
14.00392437
13.33529282
14.21176624
9.17843151
6.10784292
6.56274557
7.99607897
9.03333187
12.21764851
8.58431435
5.77843189
7.22352934
6.64117622
8.74509716
11.00000000
13.49215794
12.43529320
12.97058964
13.16666603
13.30784416
13.24509716
13.83921432
9.94313812
5.66862774
7.07647038
7.92941236
8.43921661
10.54901695
6.18235207
6.13529348
6.68235254
6.86666727
8.29215622
11.70196056
13.37059021
12.35686207
12.92156792
12.56078434
13.77254963
13.81568718
12.81176472
9.99215794
5.02156830
6.95882368
8.22549152
8.47451019
8.26862812
5.49999905
6.53529453
6.73921585
7.14313745
7.98431349
12.25098228
13.03137207
13.10392380
13.22156906
12.17058659
14.54313660
13.93529510
11.03725529
9.33921623
4.83333397
7.07058907
8.00392151
8.75098038
6.47646952
6.30784369
6.58431339
7.43725538
7.61176443
8.58627510
12.04509735
13.20588398
12.10980320
13.26078415
12.73333549
14.28039360
14.39215565
10.33921528
7.30588341
5.00588226
6.99411774
8.57647133
8.17647076
6.06666660
6.87058830
6.33921528
7.92549038
8.01960850
8.98039246
11.66862679
13.50784302
12.16274548
14.11176395
13.15686607
13.11372566
13.50980759
9.50196075
5.49411917
4.25097990
7.27843189
9.83529568
7.51568651
5.84705877
7.49215698
6.25490189
8.35294151
8.08627510
9.06078339
12.56666756
12.91764545
12.51372337
14.93725586
13.39607906
12.14117622
12.96862793
8.88823509
4.15490150
3.59019589
8.14313698
9.41960907
7.55882311
6.29803896
8.19411755
6.60392189
8.41568661
7.90196133
9.65098000
14.04509640
12.21176243
13.03921413
14.92745113
13.22548962
12.12549114
13.60784531
6.83333349
3.27254963
3.62941194
8.69019604
8.99804020
7.25294161
6.81568670
9.12156868
6.64901924
8.14117718
7.63921547
12.43529320
12.88431644
12.51176643
13.96274567
13.55490017
13.39607906
10.99411964
13.13529587
6.04117632
2.77647066
4.39803934
9.29411697
8.30588245
7.14705896
9.32156944
7.34117746
7.66666746
8.44901943
7.25882292
13.25098038
11.85490227
12.01961040
14.76470757
13.13333702
13.35882378
12.67647076
9.23529625
7.47843122
2.13137269
6.44117641
9.08431435
8.04509830
6.44705868
13.58823490
6.43725538
8.86274529
8.91764736
7.29803944
12.21372509
11.58627415
11.69607925
14.83333397
13.28039265
14.78823376
14.00784302
6.93137312
7.59215784
1.79607868
8.20196152
8.19411850
7.88235426
6.42941141
16.49411964
6.15098095
10.60784340
8.85294342
8.03333378
12.86862469
11.80588531
11.91372585
16.05294228
13.34901714
15.42549038
12.81764889
7.03137350
5.90392160
1.99019635
8.62156963
8.43333244
6.96078348
9.87647057
13.85293961
6.46862745
11.23921490
9.43725491
9.58235359
13.30980396
11.12353039
13.00000000
16.63137436
12.84901619
15.20784187
10.32156849
6.58627462
4.46078444
2.78627467
8.57254982
9.08039284
6.43137312
13.87254810
10.46666622
6.91372585
10.93529510
8.96862888
10.36078358
13.36274529
10.79607964
15.34509563
16.16470528
12.85686302
14.28039360
8.91372681
6.34313822
3.92941165
4.30000019
8.23333263
8.72549057
7.20392132
15.74901772
8.71372509
7.77843142
10.06862831
8.10588264
11.04117584
13.16862679
11.81764698
16.59804153
15.50784206
13.55098248
12.85490322
8.63921547
6.00195980
3.85098052
5.47254896
8.69607925
7.71372557
8.05294132
14.89608097
7.99804068
7.62156773
9.37450981
8.37647152
12.16274643
12.79607964
11.95097733
17.51372528
14.39804363
13.35686493
11.29215813
7.96470594
5.41372633
4.32941198
5.97647095
7.02156830
8.22157001
7.75882435
11.79019451
7.96274567
7.94509935
8.92352962
9.16078281
12.68235493
11.67843056
12.69804096
19.07058716
13.90392113
12.98627663
10.27450943
8.28823471
5.30784225
4.61176538
5.49411774
5.96078491
8.19607925
7.20784330
10.60196209
7.58627415
10.28823757
8.50196075
10.21568680
12.83333397
11.15490150
12.72549152
20.55686569
14.48038960
13.52156925
9.48823547
8.36862850
5.73137236
4.30392122
5.40392208
6.97254944
7.09607840
9.03921509
9.42352962
8.27058792
12.14705658
8.21568680
9.89803982
13.11372566
10.93137455
13.33725452
21.33137703
14.43921661
13.90195942
8.77647209
7.70784330
5.22353029
4.40980387
5.18235254
8.19215775
6.34313822
10.72352982
9.25686359
9.05098152
12.64902020
9.07451057
10.01568699
13.49215603
11.64509773
13.53921604
21.40980721
13.83529377
12.45097923
8.47647095
5.58431435
4.92941141
4.52941227
6.10392284
8.28627491
5.70392179
10.46666622
9.42156982
9.62549114
12.53333282
9.66470718
10.85686398
13.16470528
11.80588150
14.08823490
20.47255135
14.80392170
11.34117699
6.57450914
4.72549057
5.04509830
4.42156935
7.12941122
7.98627377
6.09803915
8.90392208
10.54706001
10.00392151
11.32549000
10.07255077
11.73529625
12.30980587
12.60000038
14.04313755
19.16470528
15.73725510
9.88823509
6.23921585
4.84313774
4.50980473
5.11372566
7.01960707
9.16862869
6.41764641
8.57254791
10.53725624
10.17451096
10.51372528
10.58823586
12.75686264
11.36078644
13.06862926
14.28039360
18.71764374
15.83333302
8.51372623
6.73529387
5.38431454
4.32549047
5.64902067
8.72745037
7.94705820
6.85490227
8.33921528
10.50392246
10.48039436
10.22941208
11.65294075
13.87647057
10.76078606
12.49215698
14.36862564
18.74510193
14.17843056
8.34509850
6.36666536
5.57058811
4.83333397
5.14705896
10.09607887
6.77843094
6.56274509
9.68431377
9.56470490
10.72745132
9.59803867
12.34117699
12.25490189
11.25490189
12.52549171
15.62941265
17.81176567
12.09412003
7.97843266
5.35686302
5.33725548
5.76666737
4.82941246
9.32353020
6.75097942
6.89411783
10.33529472
9.16470528
10.10000038
9.43529320
11.78823471
10.85882473
12.07451057
13.32548904
16.48039055
16.26666451
11.28627396
7.38235378
4.56274557
5.09804010
6.52156878
5.04117680
8.12941265
6.77254868
6.73725462
10.94901943
9.31764698
9.68235302
9.55686188
11.07843018
10.30196285
12.19215679
14.60588264
17.25293922
15.79412079
10.38627720
7.18823576
5.06666708
5.22156906
6.74705935
6.62156820
7.03529406
6.87255001
7.58823490
11.43137264
9.10196209
9.92157078
9.75490379
10.65098000
10.66274738
12.90784168
13.88627625
17.60588646
16.21568871
9.58431339
6.91372538
6.77843189
5.99411774
5.48431444
8.00000000
6.67254925
6.48039246
9.05882359
11.40000057
9.29215717
9.85294247
9.72156811
10.56078529
10.96274567
12.72156715
14.39804077
17.01568794
14.74117661
9.05882454
6.97058821
7.37647057
6.60588169
5.06666613
8.07254982
6.27647114
5.68235254
11.12353134
10.57842922
8.52745056
9.76274586
10.00784492
11.85294342
11.53529358
12.63921452
15.66666889
16.00195885
13.98039055
8.16666794
7.02353001
6.36862755
7.47058773
6.41568565
7.95686150
5.68039227
5.78627539
13.12941170
9.42745304
8.00980377
9.93921661
10.32549000
13.52549076
11.40392208
14.34705925
15.65882492
15.14901924
12.40392303
8.04313755
7.19019604
6.49019670
7.73921585
7.39019680
6.91960812
5.23921537
6.37058830
14.90784264
8.95882511
8.08039284
10.48235321
11.21372509
13.84509563
11.51764774
14.74313736
14.63725567
14.66274357
10.03137302
8.02549076
6.92352962
7.10392189
6.95686340
7.06274509
7.10196114
4.90980387
8.00000095
14.37843227
8.80980396
8.48823547
11.16274261
12.13725281
13.02156830
11.90196133
13.84313679
13.95490074
13.83529663
9.57254982
7.44313622
6.76862907
7.71960783
6.29607868
7.02549028
7.00196028
4.96666670
9.91176701
12.95686340
8.99607944
8.77058887
11.06862831
12.68431377
11.67058849
12.83529282
13.96470642
14.52352715
12.85882187
8.47647095
7.40196133
6.17843103
8.20196056
6.23529434
7.33529377
6.82156849
5.02745104
10.84705734
11.53529263
8.74313641
9.38235474
11.45490074
12.13725758
11.35294342
13.72157097
14.80196476
13.80392265
11.59411716
7.82549047
7.38627434
6.22156906
7.85294151
7.17255020
7.84509802
6.89019632
5.13725471
11.33725357
11.46666622
8.37451172
9.58235359
11.68039322
11.83529472
11.54705906
14.51568794
14.94117737
12.68039322
11.22549057
7.57843161
6.93137217
7.17843151
6.82549047
8.39999962
8.62745190
6.78235340
5.52941227
12.56862736
10.73333359
8.51372623
9.66666698
11.41176414
12.60784149
11.26666641
15.10980415
14.33529472
12.08431339
10.46078682
7.88627481
6.22548962
8.52156830
5.65686321
10.25294113
7.59999990
6.60784245
5.93333387
13.21568775
9.80000114
9.26666641
9.42549133
11.70980167
12.62353134
11.87254906
14.20588303
14.12941170
11.73333454
9.01764679
6.89215660
6.06470537
9.68431568
5.49803877
10.37451077
7.64901924
6.34117603
7.52156925
12.57647228
9.48823643
10.48823738
9.72156906
12.19607830
12.56470680
12.26078606
13.67451000
13.15490341
11.30196190
7.57646990
6.03529406
7.31764746
9.49215603
5.72549009
11.87647057
7.82353020
6.45098019
8.35490131
12.45098400
9.17843056
11.28431511
11.15490627
12.91568661
12.53333569
12.00784397
13.02352715
12.74313831
10.94902039
7.42548990
5.31568527
10.42352962
7.79803848
7.50196075
12.65489864
7.89803934
7.13529444
8.13529301
11.80000019
8.76666641
12.20392132
11.33725548
13.37254906
12.05098248
12.05686378
13.42156982
11.78627491
10.35686302
6.84705877
5.39607763
11.95490170
7.03529310
11.05686188
12.52745247
8.10392189
7.18235302
10.16862774
9.72549343
9.52745152
11.95490170
11.77647114
14.10784149
11.42156792
12.75097942
14.02745152
11.76078415
9.45098114
5.67843199
6.40392160
11.18431377
6.75490189
13.96470451
12.92156792
7.68039179
7.30392218
10.56862640
8.36666584
10.54509735
11.39803886
13.21960735
14.46862984
10.18039322
12.67647362
14.91764736
11.87450886
8.52353096
5.97646999
7.25490236
9.44313812
6.85098124
16.40784454
13.31568718
7.09215784
7.31176329
10.12941265
8.81176376
11.21960545
11.32745075
14.27647209
13.85294056
11.38431263
12.75686169
15.25490189
11.56862640
8.30195999
6.13333321
7.92352962
9.01568604
9.35882282
17.10980415
13.59215641
6.41960812
7.68823671
10.13529491
9.51176453
11.49019623
12.25098228
15.24902058
13.29411793
11.84117603
12.52549076
14.97842884
10.92353058
7.35490227
6.09999943
8.64509869
8.83529472
11.77647114
21.17254829
13.14313698
6.19999981
8.23137188
10.22157001
10.00196171
12.41764736
12.97450829
16.04313850
12.09607983
11.29019642
13.81568718
14.19608021
9.32548904
6.71568537
5.96470642
9.33137321
9.43921566
14.95490360
23.59215927
12.69411755
6.37843180
8.89607906
10.90392208
10.51568604
12.70000267
13.97451019
16.74902153
10.74313641
10.67059040
13.78431606
13.89019775
9.53725433
6.27647066
6.74509764
9.79607964
12.12941170
18.71372604
24.19412231
11.99608040
6.96666622
10.41568756
11.26078510
11.14117622
13.09803772
15.27058601
15.81176376
10.07843018
11.25490189
13.19607735
13.20980358
9.03137302
6.25686216
7.90980339
10.12156963
13.04706001
22.82745171
23.27255249
10.44509792
8.65098000
10.23333454
11.22941208
11.37843227
13.44902039
15.39019966
14.71960926
11.00000095
12.43137360
12.43529701
11.83921623
7.60588169
6.49607754
9.43529606
9.82156849
15.29607773
25.88823509
22.39215660
9.97451210
8.86862850
10.19804001
11.18235302
11.75490284
13.74902344
15.53921890
14.12352943
13.00784683
12.55098248
11.80588531
11.01176739
7.24705839
6.29411697
10.83725643
11.22352982
16.65490341
25.63137627
20.81764603
9.15490150
9.43725586
9.63529396
10.89607811
11.70784092
13.93921661
15.92549038
13.28039360
14.19411755
11.75686169
12.06862926
10.11372757
7.40980339
6.98823595
10.82353020
12.40784168
17.25882149
25.15490723
17.21372604
10.24901962
9.95882511
9.10980415
10.41176510
11.69607830
14.80784321
15.06078529
13.15098000
13.56078243
11.88039112
12.68431187
9.21764755
6.38823605
8.40392208
8.87058926
13.44313717
17.92156982
22.97647095
15.26078606
10.35294342
10.91960812
9.35294151
10.69215679
12.68235397
14.69607925
13.71764469
12.52353096
12.20392227
12.46862602
12.68431091
8.12549019
6.19019604
8.52745056
8.94509888
13.97450924
18.58235550
21.90980148
14.55882359
10.39607620
10.62549019
10.52745056
11.37254715
13.54509830
14.60195923
13.22352791
11.72156715
11.56078720
12.28039169
11.61372566
7.41176414
6.32745171
8.37843132
9.77058887
14.24117756
18.27058983
21.40196228
13.74117470
10.47843170
10.59019756
11.87058830
11.42353153
14.50000000
14.50588036
12.44706154
11.25489998
11.81372643
11.65294170
10.42745209
7.20980358
6.07254839
7.98235321
10.60588264
14.86862850
17.52353287
20.54901886
12.92352962
10.16666794
11.72548866
12.03725433
11.70784378
15.69804001
13.95490265
11.22745132
11.79411793
12.44705868
11.11176300
9.04901981
6.52353001
6.07843113
7.54705811
11.79019833
16.55294228
16.89804077
18.18235588
13.06470490
10.44510078
11.97450829
11.20784378
12.43529320
16.23529434
13.21372700
10.36274529
10.77058792
12.83137321
10.08235359
8.49215603
6.60196066
6.00196075
7.80196047
13.60588074
16.61765099
14.90980434
17.29019737
11.71372414
10.64901924
12.35098171
10.37450981
12.94901752
15.87255192
11.97843170
10.86666870
9.88431454
13.66666698
10.20196152
7.61764765
6.33921576
6.06274509
7.91960764
14.64117718
15.46078682
14.21372700
17.64509773
10.25686264
11.23333549
11.79215622
9.70588207
13.79019547
15.55882168
11.32157040
11.83725548
10.09804058
13.57254887
9.58431435
7.88627529
6.32941246
6.20392084
8.32745075
15.36666393
13.17255020
15.14509678
16.32549095
9.61176682
11.25686169
11.02549171
10.09803867
15.04313564
14.52941418
11.24902058
12.27843285
10.63921833
12.60784340
9.35490131
8.24117661
6.21176434
6.48235369
10.04117584
15.82353020
11.66470528
16.21176338
15.19019794
9.18627548
11.07451057
10.25882339
11.40588379
15.96274567
13.60392284
11.07843399
12.26862812
11.06862736
12.10784245
10.33725548
6.93921566
6.72745037
6.81764746
11.58235359
14.36078262
13.59019566
15.80980492
13.32156849
9.78431416
10.73137283
9.90392017
12.30980492
16.12549019
12.86470699
11.01372433
12.33137226
11.62352848
11.80391979
9.31568718
6.84705877
7.23333263
6.86274529
12.14901924
13.37451077
14.59803963
15.37647247
11.64117622
11.56078529
10.64902020
9.71372604
13.16274261
15.77254868
11.95882225
11.86274719
12.71372700
11.25490284
11.46470451
8.04509830
6.16470575
7.10196161
6.93529415
12.93137360
12.39019585
14.27843094
16.16274452
9.69215870
12.55686283
10.99803829
10.26862717
14.57451057
14.97647190
11.58431339
12.09411716
12.47255039
11.16274357
11.43333435
7.27254868
6.28627539
6.28039169
7.70588207
13.86274719
12.23529243
12.80588245
16.75098228
9.06862831
11.90392113
11.36862850
10.64705849
15.30392075
14.27255154
11.60392189
11.84706020
12.50980663
11.76862907
10.68627453
6.69019556
6.32745075
5.91176462
8.18431473
14.73137474
12.29215717
12.17843151
15.62353230
9.52156925
11.20196247
10.39019585
11.52941227
15.69215870
13.41372681
11.64509964
12.51176643
12.19607925
12.02549171
9.90588379
6.50784349
5.99019527
5.89411688
9.83333302
13.77451038
12.54117775
12.88431263
13.77058983
9.71764851
10.63725471
9.98235321
12.41372490
15.83136940
12.65686417
11.45882320
12.28235245
12.63333130
11.32941151
9.06274700
6.58823442
6.06078482
6.14902020
12.02548981
12.51176453
11.30980492
13.38235378
12.96862888
10.42941284
10.33725548
10.59019661
15.50588608
14.48039150
12.30000114
11.40980434
12.30588245
12.85293961
10.96666718
8.11176491
6.03333378
6.11176395
6.82941198
12.62157059
11.39803886
10.38039207
14.27254677
11.56078339
10.50588322
10.30784416
12.99019623
18.10588264
14.01960850
12.37254810
10.61960888
13.35686111
12.69411659
9.70980549
7.10392189
6.27254963
5.99215698
7.02745008
11.83921432
11.32745075
11.12353039
14.23137283
10.81960869
10.38235283
9.82941437
17.51764870
18.62744904
13.29999924
12.23921490
9.88627434
14.59215641
11.85490322
8.67647362
6.93333340
5.98823547
6.19607830
8.00784302
11.76078415
12.10392189
10.36078548
15.29803848
9.44705963
10.11176682
9.84902000
21.73921776
17.62548828
13.22745228
11.55882645
10.42352867
14.30392075
11.50784397
8.27254868
6.81372547
5.81960773
7.26862717
9.28823566
11.77254963
12.19999981
9.79019737
16.20588303
9.33529568
10.24509907
11.86862946
22.38234711
17.13529587
12.35098171
10.91568470
11.47058868
14.10588360
10.69608021
8.31372452
6.10588264
6.09411764
7.74705935
10.08431339
11.90588379
11.57450867
10.85882378
15.85294151
10.24117661
10.48823547
14.04509926
21.58235931
16.25686455
11.63529587
10.60392094
11.51764679
14.46274376
10.03921413
8.03921413
5.71568680
6.75686216
7.84117603
11.27058792
11.54705906
10.92156887
11.32745075
14.55490112
10.55294132
10.32353020
15.37451077
21.29215622
14.77450848
11.19215679
10.30980396
11.56862736
15.38627243
10.22156906
7.54901934
5.99411869
7.55686283
8.08039188
11.19215775
11.31176662
10.54705811
12.49411869
11.90391922
10.32941341
10.87254906
16.12745285
19.84117889
14.25489998
11.17843151
10.37451077
11.30196190
15.63137150
9.52157021
6.50784254
6.49411678
8.14313698
8.09803867
10.59411716
11.27058792
10.99215984
11.91176510
10.53137302
10.23921585
12.32352924
16.00588226
17.86863136
13.00196075
11.00196075
10.36274624
10.89607906
15.28235435
8.37450981
6.16078520
6.71764755
7.57450914
8.21960735
10.71764660
11.82352829
10.08039284
11.71568394
9.99804020
10.03921700
13.71372509
16.09215736
16.16274643
12.15490055
10.11764908
10.49804020
11.66274452
14.06862831
7.92548943
6.13529396
6.94901991
7.42156792
8.60392189
10.63333416
12.58627701
10.05490303
12.36274624
9.50588322
10.42548943
14.25294018
15.76862621
14.43725491
11.59607887
10.23333549
10.92941284
12.90392113
11.98235607
7.10588169
6.11764669
7.17647076
7.56862831
9.40000057
11.50196075
12.07451153
10.23137474
12.84509850
9.40980530
11.84117699
14.07254791
15.22745228
13.40000057
10.77058792
10.96666718
11.28039265
13.46666336
10.35294151
6.50392294
6.32156801
7.75882387
8.20392227
9.78431320
13.69607639
11.70784473
10.70980167
12.28235435
9.37843227
13.27058792
13.22941017
14.66862965
13.24901962
9.86862755
10.87254906
11.83725452
13.83333397
9.72549152
7.51176453
7.35882282
8.16078472
8.60196114
11.57843018
15.31176567
11.50784111
10.87646961
12.15490341
9.69803905
13.32745075
13.27254963
14.43921852
12.51960564
10.40196133
10.17254925
12.16078568
13.75686359
9.03921700
6.81764698
8.14509964
8.26862717
8.92941189
15.46078682
14.56274414
11.30588150
11.36470699
12.08431149
9.28431320
13.14117527
14.09411716
13.95490074
11.50195980
11.00196171
10.38235092
12.33921719
12.72941303
8.80196285
6.26078415
8.12156963
8.99215889
9.18235302
19.37255096
14.33921814
9.84313583
11.85686207
11.28431416
10.16666698
13.34902000
13.97450829
13.22745037
11.32745171
11.11568642
10.05882454
12.28235149
11.12156677
8.42745113
6.27058792
8.22745132
9.56078625
11.39019775
19.40000343
14.00195980
9.71176624
11.53725243
10.96274567
11.14902115
13.22745132
13.48235130
12.45294189
11.45293999
10.60000038
10.24313736
10.63725471
10.57254791
8.16862583
6.80196095
9.56470490
9.98627567
14.95685959
18.24117851
12.94901848
9.83921623
10.28627491
11.27254868
11.47451019
12.75097847
12.75294113
12.33725548
11.51568508
10.29215431
10.56666660
10.46470642
10.74901867
7.91176462
7.72156858
10.24117756
12.11960793
16.85686111
17.25097847
11.86666679
9.84901810
9.42157078
11.60588360
12.17254925
12.37254906
13.22549152
12.29215527
11.86274529
10.76862717
10.90392208
10.58039093
10.16862679
7.70784330
8.70784378
10.50588322
15.18235493
17.04901886
16.48235321
10.15294075
10.37058735
10.34902096
10.61568642
12.48627377
12.66862869
13.44313812
12.00980282
11.67254734
10.70000076
11.25882339
9.99411678
9.78431606
6.59608030
9.68431282
11.24117661
16.44902229
18.42156982
15.43137360
9.53333473
10.47646904
10.63137341
9.94509888
12.26470661
12.30392265
13.83725357
11.42745209
11.18823624
10.18431473
11.08039093
9.73921490
9.90588284
6.47843075
10.66274357
12.09607887
17.80588150
19.38039780
12.20588303
10.00980377
9.46470737
10.40588284
10.72352982
11.86078548
12.67255116
13.84902000
10.66862679
11.14117813
10.13529682
10.80000114
9.79019737
8.75686264
7.03921556
11.81372452
14.04509735
19.06274414
18.13333321
10.13137245
9.68235302
10.18039322
9.46666718
10.84313774
12.04509830
13.21568489
13.23137474
10.48039246
10.23529434
11.13921738
10.42745209
8.62548923
7.71960831
8.93921566
12.34313583
15.84117889
19.78823853
16.96078682
9.54509926
9.24705982
10.50392151
8.59999847
11.28627491
13.01568699
13.56274414
13.16862679
11.20784473
9.52548981
10.86666679
10.09607887
7.74902058
7.56666565
9.84313583
13.03137302
16.64901924
20.94509506
15.41960812
8.76078606
9.70980453
9.96274662
9.10980415
11.89215755
13.64313602
13.79608059
13.22156620
10.61960697
9.96078491
10.06470680
10.03725433
7.95882368
6.89999962
10.63725567
13.90000153
18.28039551
21.48823929
12.13725662
7.73921633
11.35490322
10.35293961
10.13529396
12.03725529
13.85882568
14.05686569
13.27451229
10.05686569
10.16274452
9.89999962
9.29803848
8.18823528
6.98431444
11.00784206
15.08235550
20.23529243
19.45685959
10.56274509
9.06470585
13.10392094
9.67647266
10.59804058
12.07843208
13.45490074
13.35294247
12.80784321
9.20392132
10.72549152
9.93725491
8.64901924
7.20784378
7.65686274
11.80784416
15.75686359
21.94117546
17.62941360
9.31568527
11.97254944
12.56862831
9.07843208
10.71176529
12.37843037
13.81176376
13.00784111
11.98627377
8.75490284
11.11568737
9.66666698
8.33333302
6.56274462
8.59999943
12.22352886
17.18627357
22.09215164
14.93333626
8.97058868
14.48431492
11.16862774
9.08431339
10.96470451
13.13529396
14.32745457
12.79999733
11.05294132
9.36470509
10.97647095
10.29804039
8.04509830
6.42745113
10.23921776
12.90588379
19.13137245
19.69607544
13.13137150
9.11568546
16.16274643
9.98235130
9.19215679
11.12156677
13.91372967
14.23137188
12.41372490
10.55686188
10.97843361
10.76470661
10.84313583
7.59803963
6.84117651
11.12941265
13.73529434
20.03333473
16.16078568
12.86078548
10.71176434
15.29215717
10.34705734
9.35686302
11.25686359
14.53921604
13.79607773
12.29411697
11.13137436
11.48235130
10.31176472
10.29607964
7.48627472
6.66862726
11.50392246
15.29804039
18.37647247
14.34705830
12.77058697
11.33921814
14.53725433
10.08235359
9.56666756
11.14706135
14.56666756
13.08431435
11.74901962
11.51176357
11.09019566
10.27254963
9.67842960
7.35490179
6.45882320
12.20392323
16.37647057
16.86274719
13.73333263
10.96862793
12.37843132
14.27058887
9.40392303
9.37647247
11.57058716
13.80391979
12.25686169
10.92352772
12.03529453
10.53529167
10.68431568
9.11176491
7.39215708
7.50784302
13.09215546
16.67254829
16.43921661
12.28039074
9.81960869
12.50980568
13.41764736
8.54705906
9.65097809
11.72156811
12.65294170
11.90588188
11.11568737
12.62157059
10.28235435
11.07450962
8.48627472
7.23921680
8.76666737
13.91568756
17.38627243
15.41764641
11.27058983
9.15882206
12.01764679
11.90588379
8.40980434
10.46470833
11.95293808
11.60588169
11.94313622
12.16274834
12.32156849
10.46274567
10.93921471
8.38431454
6.62745047
10.63921547
14.12549019
17.44313812
14.41568565
10.50196171
9.16078377
11.34902191
8.95882320
