23.98431206
25.94313622
23.94705772
24.34706116
23.11764526
24.43725204
23.85490417
24.15098190
24.95490646
24.65490723
24.96471024
23.36078262
23.01961136
24.38235283
24.63921356
25.74116898
25.49215317
20.84313774
25.30588341
24.10588837
23.52352715
23.45294380
23.77058792
23.71569061
21.74706268
22.42941284
24.90196037
23.13529968
22.73529434
22.58431435
23.49607658
24.28431129
25.62744713
25.06666565
21.20784569
23.58431625
23.41961288
21.91764069
22.88431740
24.13333321
23.26470566
20.81568718
20.25490379
22.37843323
22.60980797
22.68627357
21.46274376
21.66274643
23.19803810
24.30588722
25.39019394
23.40392494
19.43529701
23.02745628
22.26078796
21.50195694
23.79607201
23.39020157
19.95882607
21.28235435
20.04509735
22.63529968
22.58039474
21.76862907
21.22745323
22.00784302
23.63137054
26.15098190
23.73921585
17.35098076
22.83724976
21.95097733
21.91176224
22.05490875
22.97255325
21.34117699
20.77843285
20.55882263
21.93725967
22.64313889
22.07058334
22.02941895
21.40588379
22.33725739
25.06862831
23.29020119
21.89411545
18.26862526
21.76862717
21.78627014
20.94705582
21.69215775
21.81176758
20.42548943
22.36863136
21.22940826
23.03137589
22.08039093
21.95293617
21.57843018
21.32941246
22.45098305
23.50195694
21.11176300
18.04509544
21.89215660
21.50980759
20.76862907
20.94313431
21.29019165
22.34313583
22.12940979
21.44117928
23.66470528
22.19804001
21.58823586
21.37450790
21.40196228
21.82941437
22.19411659
21.73136711
20.41764832
21.64902306
21.23725128
21.15490341
20.69215775
21.88823509
22.94509888
23.09803772
22.47647095
23.14313507
23.27843094
22.10195923
20.33921814
21.93725014
21.42156982
22.25686073
22.70980835
23.20195961
20.39608192
21.67843056
20.98823547
21.02941704
21.90392876
23.64509392
24.34509659
24.10588074
22.46470451
24.32745361
22.22352600
21.53529549
22.99019432
23.35490036
22.92352867
22.79411888
23.55686188
22.79018974
22.68627548
21.13136864
20.98039627
20.23137283
24.07843590
26.62353134
24.60391998
23.59607887
23.79607964
22.29804420
22.70588303
23.54705620
27.47843170
21.48627472
24.02941132
24.41176224
25.22548676
22.14901924
22.34902573
20.52157211
19.97254562
22.21176720
27.11568642
28.67843437
24.19607925
23.46274376
23.07254982
21.27646637
26.88431549
26.69019890
24.80979538
23.25882339
25.50980377
24.60391808
19.32745171
23.94314194
23.04117584
21.53529167
19.71764755
25.51568604
30.76470947
28.99607468
25.24705505
22.55882645
22.31961060
24.83726120
27.59019852
29.62157059
23.80392075
24.87646866
25.31568718
21.54901886
22.33725357
24.05882454
24.80196381
19.80588150
23.67255020
30.64313889
31.78627586
28.31960106
23.97059059
21.89803696
25.22157097
27.57451248
29.90392685
28.91568565
23.39215469
26.07058907
24.95881271
24.48627281
24.80980682
24.57058716
23.70196152
21.43137550
29.89608002
30.16862679
31.39412308
27.27058983
21.84117508
25.68235397
26.94117355
28.33137131
31.44510078
25.04902077
25.22745705
25.69412041
25.68235397
26.93136597
24.24117661
25.40588379
23.16862869
26.79411697
30.34902191
30.21176720
28.36078262
22.80784416
26.05489922
27.14901924
26.73333740
28.63333321
27.72745514
24.31176758
26.30588150
26.60392380
26.80000114
25.44117355
24.43725395
26.04117584
25.35685921
26.68039703
28.02744865
30.16666794
22.43921280
22.27647018
27.83137512
24.86274719
25.66274261
25.77254868
22.50196075
28.46274567
25.30391884
25.13137054
27.03725815
24.37843132
24.26862335
26.63528824
23.52548981
25.10000038
28.19411659
21.29607773
20.74706078
24.41372490
24.02353096
24.78235626
19.70000076
25.33529854
26.49803543
24.88235092
24.85686684
25.93528748
24.79019547
23.49411583
25.93922043
23.99020004
22.61569214
25.49215508
23.42941284
18.08627319
19.77843285
22.11960793
25.41372681
19.81372643
22.86862564
26.27647400
25.62156868
26.67647171
23.94117928
24.39215851
23.24117279
24.72156525
24.94509125
23.43725395
21.88823700
23.79411507
19.85686493
20.73529434
18.77843285
25.61960411
22.36078262
20.54902649
26.76274490
25.63333893
25.21176147
23.97058487
25.04705620
22.87450981
22.66666603
24.72156334
25.30195999
20.99411392
23.15097809
21.07059097
20.85293770
20.16078758
22.01372337
26.27843094
21.52352905
23.52941322
26.76274490
25.02745438
25.41568756
22.62353134
22.92745590
22.16470718
22.73921394
25.59608459
22.41372871
21.47058868
19.26274681
23.78822708
24.49607849
18.77058983
25.62352943
26.27843094
21.54902267
27.15882301
24.19215584
27.78039360
21.14706039
22.94313622
21.67255592
20.81764984
24.87647247
24.75490189
20.42549515
18.43136978
22.73137856
23.13725281
23.11372185
21.91960907
23.36078262
25.91373062
25.79607582
24.54313469
25.79411316
22.50588989
22.19999695
21.44509506
20.39019775
21.46667099
25.51960945
21.68235207
20.34706497
20.81960678
22.59019470
24.49608231
21.66470718
18.98039627
27.32745552
25.84117508
26.67059135
23.60980415
24.33921432
20.93137550
22.22745514
20.21177101
18.54509354
23.61568832
23.90589142
23.01764488
18.88823318
25.72744370
22.18235588
24.38431358
19.46470451
23.91372681
26.25293732
25.77843285
23.55685997
25.27647209
19.90784073
22.64705658
22.61372948
17.86666679
19.90588379
24.24706268
23.95097733
23.34509850
24.48431206
23.71764946
24.88235283
21.23529816
18.46274185
25.09608078
25.35294533
26.10196114
22.94117355
20.95882416
22.14313889
24.95882034
20.26078033
18.07255173
21.86274147
25.19608498
26.65294456
23.47646332
22.68235397
23.10784531
23.73529243
18.23333359
21.58235359
24.99607849
25.40980911
22.34509659
22.98823929
22.12745285
24.02352905
23.46470451
17.12352753
19.52352905
23.69019699
29.05097771
24.58627319
20.67058754
23.09608078
22.55490303
19.24117279
21.03529358
22.43333435
24.30784416
23.22549248
23.31568146
25.48627281
22.14509583
23.44509697
17.76470566
17.71372604
21.09411621
28.49608040
27.20588303
21.65097809
22.30195618
21.19804192
21.50000000
20.46078300
22.46078300
20.79803848
23.19020271
21.56666946
25.72352982
22.48627472
22.51177025
20.10980225
17.64117813
18.97058868
25.32549286
29.06274414
24.51960182
22.15686607
22.44706154
21.91764450
18.52157211
24.15686226
19.63137436
19.01960754
20.12745476
24.13725471
25.53333092
21.01372528
22.00784683
17.03333282
18.99411774
21.83333397
30.22353363
25.80392456
20.89804077
24.59215927
21.93725967
19.84509659
20.83333397
22.26862526
17.36666870
17.02941132
22.08039093
28.47254753
21.69412231
20.88823891
18.70392036
18.03137589
19.81372643
26.95882797
28.47843170
22.16666222
25.62745476
24.50588417
21.34705734
18.34313774
23.18627930
18.84509850
16.62745285
19.55098152
26.97254753
24.46666527
21.04314041
19.70392227
17.23921967
18.89803886
24.66078758
28.87254715
24.61568451
23.92941093
28.80000496
22.34902191
18.80392075
20.58039474
20.96274948
18.48823738
17.70000076
23.74901962
25.57843399
21.99607658
19.67254639
17.02352715
18.83333206
23.16863060
25.29999924
27.56274986
23.33137321
29.51960754
24.01764870
21.35293961
17.30588341
21.27450943
19.53529358
18.09803963
22.60391998
26.33529663
22.11176300
19.52745628
18.53137398
18.25882530
20.76274872
24.48235512
27.28627777
26.74509621
25.97255135
27.69803619
22.25490379
19.23137474
19.49607468
20.60588074
20.22352982
23.77647209
25.49019432
24.47843170
21.09804153
19.81176186
16.98823738
19.49215889
24.31961060
24.18823624
29.17451096
24.73137665
29.78431511
20.72549057
22.09607887
17.31960678
20.42745209
21.22156906
24.07646942
24.83725739
27.17451477
21.37254906
20.40784454
17.85097694
19.81764603
22.14902306
22.80196381
28.96470642
28.06862068
29.57451057
22.63137436
21.95685959
17.06862831
19.62745285
20.85882378
23.43529129
24.02941132
28.01373100
21.69215393
19.79607391
19.41568375
18.80195999
20.94706345
22.11176682
26.93921661
29.86666489
30.31568909
26.29411888
20.15685844
19.89608002
17.79412270
20.21960831
22.36471176
24.11569023
27.95294571
23.42353058
18.32352829
19.77059174
18.02941132
21.33529472
22.09215927
22.18431473
29.65293694
31.01176453
28.57647324
20.18823242
21.52353287
16.76667023
20.40588379
21.17843246
23.36666107
25.71176529
25.68823814
19.52745438
19.93725395
17.80196190
20.39019585
21.17843056
20.61568642
27.72744942
31.69608116
28.44705582
21.59019661
20.94313812
19.36666870
19.23921776
20.17450905
21.85882378
25.46077919
27.89411926
20.60392189
18.95490265
19.29411888
18.98039246
21.15294266
20.44706345
22.69999886
31.03529739
30.18235016
24.13725471
20.13921738
21.33529282
18.35294342
21.64901924
20.50784683
24.13529396
29.54117012
21.43137169
18.49607849
19.41176796
17.89999962
21.85097885
20.78038979
20.65882301
26.90784454
31.68627548
25.68235397
21.35490417
21.45882797
21.28627586
21.66274834
20.25882721
21.98823547
29.24118233
22.03725624
19.54509735
19.37647057
18.12941551
20.39412308
21.62941170
20.15686607
23.09215927
31.52353287
29.10000801
23.94902229
22.93137169
21.18431854
22.93921089
21.42941284
21.00588226
27.26470947
23.74509430
21.00195885
17.80000305
19.67058563
17.99411774
22.27450752
20.84509850
20.91569138
29.13529587
31.60784912
28.49019623
24.69412041
21.57451439
22.10980034
22.80587959
21.46470833
24.54510117
23.66078568
20.78627396
18.40392113
20.16470909
16.27843285
22.22352982
20.62353325
20.53921509
27.58235550
31.55490685
30.62941360
27.78430557
24.11176491
20.50980186
22.88235283
23.39020157
23.09215546
23.28039360
19.97255135
20.50980568
18.19019890
18.33333397
19.48235321
21.40196037
20.24509811
25.20392418
31.43333817
28.77646828
30.99215889
25.23725510
20.13137054
21.68627739
24.20980453
24.86470413
21.13333321
21.41176605
22.38038826
17.68039322
19.80980301
16.11176491
22.07842636
20.63136864
22.41176033
30.77450943
29.15882683
27.42353058
27.83529282
22.16470718
20.75293541
25.11568832
25.34902382
20.96863174
21.36078262
24.08235168
19.67451286
20.13725471
16.86078835
21.07254982
21.03528976
20.69607735
27.86274147
29.43333054
23.90196800
29.65882683
24.97646713
18.75098038
28.78039551
25.21960831
23.33921432
21.34706116
25.22352982
21.91568375
18.03333473
19.88823700
16.98431396
22.72156334
20.49607849
24.28627968
29.42941284
23.93137741
27.25490379
25.81568718
20.36078835
25.66863060
25.32745361
26.68235397
20.83921814
25.20000076
23.92352676
19.01568604
20.35490036
16.00000191
22.27843285
21.36078453
20.72549057
28.10784149
24.57255554
24.70196533
26.38431168
22.64901543
20.01372528
28.72352982
25.20392418
23.12156868
24.04313850
23.98823547
21.49215317
18.45882797
18.05294228
19.20392418
21.19804001
19.86274529
26.30980682
25.41764641
23.00980759
26.66470337
22.83529472
19.14706230
27.12941360
24.69412041
25.02157211
24.45882416
24.11568451
23.10196304
17.81176758
19.39215851
16.18039322
21.06666756
20.15882301
22.91568756
26.33726120
23.72548866
26.58823204
21.95098495
20.57058716
20.77450562
25.73921967
24.64313698
25.70195770
27.44902229
23.62352753
19.25882149
18.91960907
15.97647190
20.38627434
20.51176643
20.48431778
27.95097923
23.06274414
26.62745476
23.36863327
20.96666145
18.57451057
24.28823853
23.05294418
26.30980110
30.13921928
25.13725281
24.08039474
17.03137207
17.43333244
17.39411926
21.22156525
19.91765022
26.08234787
23.68431854
27.52744484
26.77059364
19.44117546
18.86862946
20.67843246
22.96862411
26.02548981
29.65294266
25.97450638
28.11960983
20.27843094
18.60980415
14.12745190
21.74509621
19.58823586
23.49803925
26.35294342
25.73529816
30.31569290
19.58039284
20.99019623
17.28823471
21.85882950
23.64706230
29.77254105
28.76862335
27.93333244
27.55097961
17.88431358
15.80784512
18.83137131
21.04510117
21.41372299
26.17254639
23.33529472
31.71960831
23.80980301
19.72745132
17.49607849
20.53137016
21.18627548
28.34705544
29.64901543
27.72157288
28.84901810
19.55686569
17.90392494
16.28431511
21.61372185
20.15294266
25.52941322
25.69411850
29.31764793
28.11960411
19.78235435
20.78430939
17.62353325
22.13529396
24.10000038
30.28039551
26.73137283
28.75490189
24.37450600
18.94509506
14.37843037
21.55490875
20.39215851
23.85686302
28.35685921
27.89803696
31.13333702
20.78038979
22.67254448
16.33725548
21.03333473
23.27058411
27.61372566
29.06471062
28.97646904
29.14902687
18.75686073
16.09019852
16.99607658
21.29411888
21.65294647
27.16862297
28.84705544
30.91764832
24.55882072
21.58823776
19.11372757
17.17450905
22.77843475
25.10195541
31.28431702
28.76078796
30.05097580
21.59803963
17.80588341
13.49019432
20.79215622
21.33333778
24.46078682
29.39608192
30.30588531
28.38431740
20.69215775
22.77450752
15.25686169
21.89019775
24.26078796
29.78431320
30.16078186
31.38431549
26.86470604
18.50000191
14.01960850
18.57451248
21.05294609
21.97451019
28.07254982
31.04314423
30.59215927
21.80588531
22.84313774
17.77058983
19.06863213
23.33137894
27.40392303
30.69804382
31.73333549
29.43725586
21.06470490
15.93921566
15.09999943
23.47843552
21.16862488
24.97255135
30.89608192
30.62942123
24.75686264
22.71372795
21.87254906
16.23137474
23.77255249
23.50392723
29.29804230
30.72549057
28.85293770
25.27843285
17.16862297
12.89999866
23.33529282
21.73332977
22.88235283
28.76078415
30.95294189
27.38823509
24.20980263
23.80000305
16.56862831
22.04509926
21.99804115
25.85490227
27.14705467
29.68039513
27.06274223
18.50980759
13.55686474
17.44117737
24.19607735
21.47450638
25.92156601
30.94509888
27.88823318
25.03137398
25.73333359
20.20196152
18.41176224
22.70392418
21.62941360
24.72745895
29.29019547
25.12549210
23.05098152
15.43333340
11.20588303
25.27255058
21.12548828
22.65882492
29.27254677
30.25882721
23.66666603
28.05097771
23.24509430
17.64706039
21.93922234
21.24705887
23.10000229
24.64314461
25.89608002
26.97647095
15.52548981
12.06274605
19.06274796
22.82941246
20.99215698
25.93724823
30.66078568
24.64902115
27.30000305
25.89999771
19.23333168
22.32352829
20.19019890
19.36274529
22.51765060
26.27058983
24.77254486
20.48235130
13.94705963
12.28039265
25.50392532
18.88823700
22.58627129
29.22549438
25.73725128
24.61960983
26.86078072
22.46862411
19.68627357
20.88627243
18.41176414
21.22156906
24.75881958
24.15882874
25.05294609
14.95098305
11.05882263
21.17646790
20.64510155
19.82745171
25.45490646
25.97255325
22.43921661
26.16274452
24.03922081
18.96666908
23.54706192
17.55686188
20.49215508
21.48431206
26.04313278
27.11960793
17.26666832
12.25685883
14.31568718
24.80000687
18.71372414
22.36078072
24.38235092
20.41372681
23.37842560
24.28431320
21.30980492
20.93530083
19.97843361
19.63137436
20.91764832
23.69215965
27.13921547
21.87058640
14.22549057
10.26470566
23.93922043
19.76078415
21.09608078
21.13921547
19.35686111
22.60783768
20.60784340
23.68823814
20.06862450
20.98627281
18.46078300
22.58234787
20.76666451
26.83921814
27.46862793
15.19803715
10.43725491
17.76863098
23.63725281
18.51372910
21.66274261
18.89411736
18.66078758
19.78039169
22.76274872
21.14117813
20.25882530
19.75294304
22.39411926
24.15882301
24.62157249
26.91961670
19.07647133
12.23921680
12.16274548
24.12745667
20.02941132
20.69999695
19.94313622
16.41568565
21.47058487
18.99019814
22.10391808
19.99803925
21.69020081
20.26274872
27.45490456
22.93333435
27.32352829
22.35293770
14.20784283
10.18235493
20.46470642
20.21568298
20.48235130
19.89608192
17.08431625
19.05097771
17.59608078
22.22157097
21.15097809
20.64313507
19.85882568
25.08627701
25.75294113
26.34509850
24.92549515
16.49411964
11.06274509
13.58235455
21.53529930
19.89803886
19.23529625
18.08235359
15.47059059
20.23528671
19.46666908
21.79803848
21.74117470
20.23333168
20.54706192
29.60784531
24.76471329
24.06274223
17.89412117
14.08823490
10.38039207
20.50588226
18.73333740
19.47843170
17.69804192
15.94706154
19.71372223
17.36667061
21.95686150
22.31176376
21.47450829
18.63529396
26.93136978
26.96078682
24.08626938
21.11176300
13.80000305
10.41568565
16.86274529
19.24510002
18.75293922
17.35294342
16.41176414
17.13921547
18.48234940
19.84902000
21.98039627
22.80000305
19.91961098
22.23529816
28.12941360
25.47842789
20.27843285
16.00196266
11.75882435
12.47254944
21.48431778
17.86078453
16.70784378
16.85489845
15.49608040
18.02548981
17.79607964
21.39803505
22.42156982
21.78627205
18.62941360
26.61961365
26.92156219
21.76863098
16.54706001
12.03725624
10.55097961
20.75294304
18.93333244
16.62548828
16.42353058
15.89019775
16.95686340
16.71764565
19.19607925
21.91764641
22.47843742
17.68235207
22.85097885
27.32744980
24.15882492
17.51568794
13.39607716
10.65098095
14.99411774
21.24118233
18.40980721
15.39411545
16.49803925
15.58431339
17.95882034
17.05882454
19.89411926
23.04706192
19.99803925
18.54313850
26.39019775
25.60587883
20.15294075
14.66862965
11.89215755
10.84313774
21.36470604
19.39215469
15.70980644
15.40392017
15.46078682
16.41372490
16.57843399
18.77646828
21.91765404
22.69019890
15.81568527
24.89411736
25.79018974
25.46274185
17.47058487
11.55686378
9.31176567
18.12548828
20.10196686
16.40196228
14.76274681
15.29019737
15.94117832
16.40980148
16.39411736
20.41176796
23.26470566
18.82353401
22.07646751
25.39803886
27.13137436
22.27450562
13.28431034
10.09803963
13.55882454
21.40000153
17.23333549
15.17254829
14.66470528
16.09607887
16.00588036
16.84705925
17.58627701
22.90196228
22.42745018
19.24117661
25.27058601
26.72156525
27.65686607
16.36862373
10.59411716
9.98235321
20.33333015
18.74313545
15.90784454
14.32353210
15.40196514
16.58235550
18.07843018
16.16274643
20.80980492
23.68626785
19.97646713
24.76274300
26.22744942
29.29803467
22.26470947
12.67254925
8.63921642
15.90392017
20.70784569
17.11372948
15.20588398
15.18235207
15.82156563
17.81568909
16.17843246
17.84706116
22.11176491
22.95686531
24.21176529
24.59020042
29.58039474
27.28627014
15.39804173
10.11372471
12.10392284
19.79803848
17.23725510
16.66078758
14.64314175
15.12352753
16.83333397
18.15294266
15.10196304
21.11764908
22.79803467
24.49019432
26.41961098
25.58039093
28.64509392
21.37058640
10.47843361
9.17843056
18.48823738
17.74706078
16.32549095
14.48627281
15.26666832
15.55686378
17.88039589
15.22745323
18.77255058
20.98823357
24.99411201
26.61176109
23.53333282
27.07058907
25.20196152
14.17843151
8.39215755
14.66470909
17.50588608
16.60391998
15.13921738
14.39608097
14.90784073
17.43921661
18.36666870
14.17058849
20.44901848
22.30980301
25.90000343
24.19215775
24.83333015
26.12941742
18.97059059
8.81568813
10.03725433
18.34117699
16.71764755
14.69803619
13.94117451
14.90392113
16.25098038
19.57254982
12.97058964
20.27451324
19.04117775
25.39411926
23.45490074
25.94706154
24.31568909
23.33725929
11.55489922
7.89411831
15.96666813
16.64706039
15.48039341
13.54901791
14.49803734
15.57647038
18.83529663
14.79019928
15.50000000
19.54509735
22.64313316
23.33333015
24.17255020
25.40195847
23.83725739
16.68235397
7.97843122
11.80784321
16.41960907
16.13137436
14.02941227
13.71176147
14.86078739
17.61568832
18.11372566
12.45098114
19.62156868
18.30392265
23.88431358
20.20980453
25.92745018
24.57255554
20.74901962
9.28235531
9.11176395
16.44117737
15.49608135
13.91568947
14.15097904
14.84117508
16.91372490
18.80196190
14.54901600
16.36078453
18.83921623
23.03725624
19.59804153
24.96470070
25.02156448
22.87843895
14.22156620
7.91960812
13.68627357
16.68823433
15.69019604
13.45686245
14.21960926
15.44313812
18.75686264
18.30000496
12.89607906
19.77647018
21.12941170
22.83333588
23.10980225
24.15293884
24.21372032
20.09411812
7.84902143
10.90980434
16.18627548
16.74901962
13.12745094
15.44313717
14.95098209
18.77254868
18.40196419
14.64313507
17.29019737
20.92156982
24.34117508
21.65098190
24.14117622
24.64118004
22.53333473
11.29412079
8.97646904
14.73725510
17.40587997
15.01568604
15.05294037
14.63529205
18.28823853
19.09803963
17.82745361
13.53921700
21.07450294
23.69412231
22.08431244
22.91569138
23.16078186
24.18432236
17.13725281
8.22745132
12.13529396
18.35490799
16.52548790
13.75882244
15.01176643
16.38235474
20.50784302
18.80588150
12.30195904
19.22549248
23.44313812
22.18823624
21.63333321
22.09608078
24.70980644
21.42549133
10.04705811
11.11372471
15.74509716
18.66666412
13.60980320
15.26666641
15.26078224
18.59803963
18.97842979
14.80196190
15.16078472
22.35490227
23.29216385
19.75686264
21.94901657
24.80587769
23.25686836
14.59999847
9.92745113
13.02745056
20.25294113
15.56862736
13.52549171
16.10392189
16.25490379
18.09019661
18.36862564
12.36274529
19.57843018
23.59607887
19.59607697
21.37450790
23.25882721
24.87254715
19.72549057
10.39999962
12.42548943
18.41176796
17.34313965
14.12745094
15.15882397
15.69803810
18.03529549
18.34902382
13.29215908
15.99215698
23.10392189
22.00196266
18.38823509
21.66470528
26.14313126
22.18627548
13.25686264
12.98627567
14.66470528
21.57450867
14.15882397
13.38039398
16.50392342
16.43137550
17.25294495
16.40588188
12.54706001
20.91765022
22.28431702
18.70587921
20.41568947
25.35882568
23.36863136
17.47254944
12.56078529
13.75098228
21.25882339
15.86470604
13.77254868
15.22745419
15.17843246
16.03137207
16.64117813
12.00980473
16.99215889
22.25490570
21.48823547
19.55098343
21.06274414
24.62744522
21.51568794
13.07058811
13.83725643
16.46666718
20.48038864
14.11960793
13.54509640
14.60000134
15.98039341
15.69215870
12.42745399
13.68627357
21.22352982
22.38235474
18.59019661
19.90195847
24.37450600
22.48039055
18.43725014
13.06470680
13.68039417
21.09607697
15.05098248
12.99607849
15.08039379
15.20392323
15.30392075
13.83333492
11.94706154
18.26862907
22.89804268
18.23333168
19.12940979
21.03137398
23.73137093
23.09608459
12.99019527
12.89803696
17.90000153
18.30392265
14.01372433
13.90980339
14.44705963
15.53137398
13.89019489
11.28039360
14.87254906
23.12157059
19.52941513
18.02745056
19.86862755
23.60391998
22.31764793
17.55490303
12.11960793
15.36274433
20.37450981
15.19607639
12.24509716
15.28823471
15.48039436
13.49803734
12.86862564
11.58431339
21.41960716
22.39804077
16.22156906
19.89804268
21.99412155
23.42548943
21.08234978
11.96666622
13.28823662
19.86078453
17.27451324
12.74705887
14.20588493
14.71960831
14.58431625
14.01176548
10.26274776
17.74902153
24.71765518
17.55685806
20.36666870
20.45882416
24.18038750
24.60784531
14.11960697
12.21764755
16.57254601
19.70196152
15.33333302
11.66078472
15.01568413
14.97843266
13.70588112
11.84902191
11.46274567
23.78628159
21.71373177
20.75097656
20.70000267
22.92352486
25.91568565
18.60588646
11.66862583
14.16862774
19.01372910
17.27647400
11.80392075
13.52941132
14.65882492
14.07254791
14.08234978
9.83921528
19.65882874
23.18039322
22.76273918
21.88627434
22.16863251
25.75098038
23.52745438
11.31764603
12.64901829
17.51176453
17.33921623
13.69215679
12.12156963
13.57450867
14.57254982
14.07058907
11.77058792
14.30980492
23.32745361
24.82156563
24.28038979
22.05490112
23.61372566
25.16471100
14.99215412
11.30784225
15.07646942
19.08823586
15.90980339
11.00196266
12.55490303
14.16274643
13.03725433
14.79411888
10.59803867
20.84902573
23.61960983
27.47842598
23.08039474
23.27254868
25.82156754
19.99607849
10.71568680
12.91960716
18.49999619
18.22157288
12.27450848
12.43725586
13.00784397
14.33529282
13.83725643
11.01372528
17.38627625
22.45098877
28.60391808
25.67254829
23.92941666
25.99803925
23.80392075
13.27058983
11.00000000
16.89019585
19.89608002
15.61176395
11.39411831
12.88823605
15.20588303
13.76274300
14.07058811
12.13725567
21.55490685
26.69412041
27.77646828
23.81372833
24.51568604
26.39607811
18.60783768
10.53921795
13.60588455
20.37450790
18.80784607
10.79215717
13.42352962
13.36470604
15.64313698
14.83137321
11.25490093
18.45686340
23.76470566
29.08823204
24.97059250
23.79999924
26.55686378
24.38431549
11.28039360
10.29804039
18.54706192
19.72157097
14.03725624
12.13725471
13.38627529
15.50392151
14.11372662
12.85882282
15.16274548
22.08627319
29.45686722
25.66470718
23.43725204
25.88431168
25.41961288
15.56470871
10.29607773
14.53921604
20.26078606
18.13725662
10.25098133
14.26078224
12.46274567
14.13333607
14.95294094
11.28431416
19.98039246
26.92745209
28.79607773
24.68431473
25.37450790
27.46078491
20.28235245
10.66274643
10.94313622
19.45490265
18.43921661
12.26470566
13.82549000
12.66470528
13.20195961
12.99215603
10.61568546
18.48823929
25.60587883
27.10784531
26.49607468
24.98823738
28.26078033
25.37450790
12.66078472
10.23333359
15.62156868
17.78823662
15.94117641
11.52549076
14.03137398
12.40588284
12.47255039
10.88235378
13.31960583
25.27058792
25.30196571
25.94117737
24.67647171
30.69215775
28.77451324
17.40000153
10.57843208
11.47843170
17.42549133
15.85882568
11.79215717
14.46078587
12.20980263
13.11960983
11.26863003
10.51568794
21.68627357
25.22156906
26.17843437
24.36470413
29.76862907
31.14902115
23.27843094
11.42156696
10.38823509
15.96274567
14.15098095
15.00588226
12.84313488
12.70196152
12.20588398
14.13137245
9.94509888
16.24313736
25.94509888
23.66470528
26.91568184
26.75294304
30.56470490
27.66862869
15.43333530
11.66470718
12.76862907
14.51568604
16.06078529
11.97451019
13.13725376
11.98431492
14.30196285
14.24117470
11.85882378
23.88823700
23.14706230
27.40391922
24.07843018
30.54314613
29.81176567
20.21568871
10.70588303
11.44509792
15.40980816
14.77254772
14.18039322
12.97254848
12.50980568
14.02156925
15.40196228
11.02941132
19.95490265
24.47843552
25.88039207
24.05097961
27.75097847
29.60195923
24.41568375
12.79215527
11.22549057
13.57843304
15.01372623
16.47450829
11.71764851
13.03725433
12.18039131
16.36666489
12.14509869
15.11764717
25.43333435
24.76274109
23.99607277
25.05490303
29.34117699
27.13137817
16.55490303
9.65294075
12.29412079
16.05490303
17.29607773
12.71960831
12.42941284
12.67843437
14.56862736
12.87647152
13.20000172
22.67450714
28.20000076
22.32353401
23.06666565
28.41371918
29.19215965
20.23921585
9.62156868
11.78627396
14.53921795
17.46274757
16.67843056
11.36862659
13.21764755
13.76078320
14.56078434
11.61764717
18.30392456
28.63137245
23.36078835
21.65489960
26.82156372
29.51371956
24.01372147
14.02940845
9.83725548
12.97646809
17.74117661
18.24313545
12.95490265
13.76470566
14.18627548
14.02352905
12.69215775
15.44117737
23.46666336
25.98039627
21.64313316
23.45882416
29.52548981
26.20587921
20.67450905
8.11568546
12.07451153
15.56862545
18.14902306
17.23529625
12.43725586
13.65686321
13.56274509
13.93333530
12.79411697
20.02548790
26.48235703
20.27254868
22.18823242
27.71568108
29.02744865
21.79411888
13.54313850
10.30392170
13.57254791
17.09803772
17.86274529
14.58235359
14.05098152
13.90980530
15.02353191
11.41764832
16.62549019
24.34313965
19.41372681
22.21764755
25.35686493
29.30195999
22.86078644
19.92745590
8.69215679
12.14117813
15.34902000
16.37450981
18.08627319
13.31764889
12.83725357
13.70784378
14.03725719
14.66470528
20.39215469
21.55882263
19.36470413
24.67450714
28.08235359
23.80392838
21.93921661
10.70392132
10.59607792
13.20588303
14.34705925
16.81372261
15.44706154
12.95686340
13.58431149
15.60980320
12.26470661
17.20392418
22.69999886
17.46078682
25.20391464
26.19215965
25.46862602
19.68235397
15.52353287
8.90588188
12.04313850
13.95686531
14.50196075
17.09215927
12.44509983
13.09803867
13.93725395
14.00196171
15.36470795
20.90784454
17.37451363
25.83921242
24.99019051
25.95881653
20.07058907
18.38627625
7.83725548
10.62352753
13.11372566
12.57450867
16.14117622
15.62156677
12.91568661
13.78627396
15.20196247
13.39411736
17.52352715
20.23725700
22.21373177
25.54313278
24.95882416
21.94509506
17.10980606
10.32549191
9.16862869
12.55882263
12.65686226
14.06078243
17.72353172
13.43921566
13.44705963
15.90196133
11.60784340
15.70784378
19.52157021
19.28235245
26.01176643
25.47058487
23.38628006
17.35490227
13.68823624
8.36470604
10.76666737
12.53137302
12.98627377
15.99999809
14.71764374
14.32549095
13.53529453
15.25686264
14.87254715
17.10196114
17.31372643
24.28038788
25.63333321
24.46470833
19.95686150
15.50980377
10.67451096
9.36470699
11.71765137
11.47058868
13.59411716
17.41960716
13.28039074
13.57255173
15.46862602
12.25490189
17.08039474
16.79608154
22.17254639
25.11176300
25.05293655
21.26275063
16.31960869
14.35294247
8.87450886
10.95490265
10.41960907
12.53137398
16.52745056
14.03921700
13.80392075
14.06078434
12.66470528
15.39804077
16.11176682
19.49803734
23.64509964
26.02744675
22.31961060
17.40392113
18.36862564
8.69019508
9.78235340
10.47059059
11.37647247
13.67255211
17.58039284
12.50784302
13.78823376
14.16862774
12.39804363
15.75882435
18.46274567
21.85293961
24.56862831
23.99608231
19.03137207
16.92941284
14.76470375
9.11764717
10.51764870
10.65686321
11.05882359
18.66274643
12.99019718
13.97451019
16.06862831
11.50196075
14.80588341
16.57058907
20.83333206
22.66666222
24.82941055
21.19608116
17.04117584
19.29803848
8.43333340
10.31961060
10.49607849
9.45686340
14.50980663
18.48823166
13.39215755
14.94705963
14.58431339
13.35882568
15.30588245
21.57450676
21.69607925
24.67451286
22.70392418
18.14313698
19.86470413
10.95097923
8.96862888
10.82353020
10.02548981
11.35098171
21.57451057
14.68823528
13.53137302
14.70784187
11.96666527
15.36862755
20.16863060
21.65686417
23.47450638
23.76863098
18.63137245
18.09411812
15.76470470
8.31960869
9.57254982
11.58235264
8.56078529
18.36862564
19.55097961
13.98431396
13.17255020
12.91764832
13.97058868
18.40196228
22.22156906
22.22548866
23.46666336
19.41176605
16.96274757
19.89019775
7.70000029
8.48235416
11.86470604
9.88431549
11.98235321
24.94902420
14.46470356
14.01176643
13.34313583
14.60392284
16.97450829
22.64902306
22.20588112
22.30196381
19.14509964
19.39999962
18.65686035
11.64901924
8.46470642
9.62156773
13.28039360
7.99803972
22.90588379
20.60196304
15.44510078
13.50980473
14.11568832
17.57059097
21.42156982
22.50588608
20.78431511
20.13529396
17.38431549
19.91372108
16.55490494
7.54509783
8.68627453
13.61960888
9.33137417
16.83921623
27.54901505
14.57450867
14.33529377
12.52353191
19.35294342
17.64901924
22.65294647
19.86666870
19.39999962
15.45686340
20.51372147
19.58235550
8.02941227
8.58039093
10.96078300
12.58235359
8.56862736
27.27647209
20.38823509
15.30392265
12.99215603
17.19019699
16.39608002
21.35489655
19.72548676
16.82353020
17.15882683
18.90588379
19.95098114
12.29411697
7.43529415
8.82549095
14.04117775
7.39019632
18.93137169
25.69804192
16.55294037
14.61764622
13.80980110
18.25686455
17.69215775
19.46862411
16.06274605
17.36470604
16.14117622
19.36862946
17.15490150
6.06862688
8.89215565
12.08627415
10.51568604
9.58039284
25.78823853
19.24313545
16.63921547
12.22549057
18.19019508
15.32352829
18.59804153
15.47842979
16.30980492
14.91764545
16.88823509
18.76470375
9.65490341
7.86862803
9.15293980
13.69215584
7.43137312
18.03725624
24.31961060
16.28039360
14.19607830
14.57254791
16.82548714
15.89215851
16.94117928
14.82352924
15.11764717
15.17254829
17.35882378
13.04117680
6.73137283
8.67647076
12.64314079
9.40784359
11.15686417
24.60195923
18.17058945
15.03725529
13.56470490
18.66666985
14.73921585
16.19804192
15.18039322
15.14705944
14.29607868
15.75098419
14.97647190
8.23137379
9.04509735
10.29019547
12.20392227
8.80980396
17.76078796
23.96470833
15.27255058
14.60195923
18.25490189
15.20196247
15.56862450
14.39999962
16.38627625
13.99019718
14.66274548
16.43136978
12.31176376
7.15294170
9.87843323
13.36078358
7.72744989
13.85097885
22.50195503
19.02745056
16.27255440
16.95882416
18.83922005
14.24509811
15.44901943
15.96078396
13.86666679
14.21568394
15.73921490
14.27450943
7.74313641
10.50588131
11.37843132
10.02157116
10.69215775
18.96666908
23.17646980
19.24510002
17.56078148
20.49999619
15.02940941
14.92941380
14.45686340
14.72745228
13.90000153
14.11176300
14.87646675
12.39411545
8.31960678
11.49803829
11.81176376
9.34705830
17.16078377
23.74901581
22.40587997
18.47059250
20.82745171
18.10391998
13.78039360
14.16078568
15.06470680
13.61176491
13.01960564
15.23333263
15.59607983
7.24313688
11.86078358
12.23921585
9.62352943
15.62941360
22.58431244
26.64509773
18.90392303
20.42157173
20.46078491
14.06862831
14.33725643
14.95490360
13.64901733
13.17843151
14.45097923
13.45686531
10.76862717
9.57451057
13.83529282
11.71176434
10.89215851
22.56862640
25.46078300
23.36078262
20.11568832
21.06274223
16.69019508
14.49019623
13.01960945
14.72353077
13.36666870
13.50000000
14.02548981
13.35490322
7.38431454
13.16274452
13.99804020
9.90588284
19.52156830
23.69999886
24.78824043
20.42549133
22.53529549
20.48431587
15.81764793
12.45882130
14.68823910
12.78431511
14.00000000
13.92549038
13.54510021
7.98431349
10.15098190
15.35490131
10.83921719
12.49019718
23.43137360
25.70000076
23.42745018
23.73528862
23.75490379
16.50392151
14.00784302
14.07451057
13.13725567
13.82744789
13.85490417
12.16666603
11.51372528
7.42156887
13.83333397
12.88627720
9.87255001
21.39411736
24.20196152
25.14901733
26.64117432
25.98628235
18.60196114
14.79411888
13.35882473
14.16470337
13.05097961
13.33529377
13.18039036
13.36862850
7.05686331
10.64509869
14.77646923
10.33333302
14.62548923
23.46863365
27.11176300
27.53921318
28.06666946
22.40980148
15.28627300
12.91568851
13.73921585
12.32352924
14.61176682
13.60784435
12.17647171
8.94509697
7.94902039
13.77058697
12.05490112
9.91372585
22.62941170
24.44313812
30.22744942
30.48628044
24.96470642
17.34313965
11.85686398
13.59411716
13.44901943
15.10392189
12.73137379
13.54509830
11.65098190
6.76862812
11.26862907
14.03137398
10.01176453
17.98823547
22.72941017
29.83333778
31.39216232
27.33529854
19.56862640
13.09411716
11.89999962
13.81960869
15.86470795
12.17647266
13.81176567
14.65882492
7.80588293
8.32156944
13.45882320
12.20000172
12.30784321
24.43529510
26.08039284
31.92156982
28.94117165
23.05686188
15.34901905
10.29411793
13.65294075
13.20588207
15.43529701
13.82156849
12.79607964
12.26078796
7.03921509
10.83921623
14.22156525
10.61568642
21.72745323
24.75882530
30.50392151
30.83921623
25.09412193
19.43529701
9.70392132
12.02941227
13.62156677
15.48235416
12.72941113
15.40980434
15.67843246
6.35490084
8.51764679
13.17843056
12.81372547
16.95882225
25.63726044
26.55097961
31.59804344
27.40391350
21.67843246
12.44313622
9.35686398
14.06274796
15.22156811
12.53529453
14.09019566
15.61568546
9.55294418
7.08235407
10.48039150
13.49215889
13.33137226
26.55294228
23.46470451
31.35882187
29.22745132
22.99999809
17.23921585
8.72353077
12.36470509
12.61960697
13.67058754
15.11568642
12.23921776
15.59019470
6.54117584
8.39411831
11.90588379
12.91568661
21.30980301
24.60196304
28.48235512
30.75882530
24.22744751
20.88039589
9.61764812
9.92549133
12.90784359
13.16078568
12.93725586
14.01176548
16.69019318
7.27647161
7.39019585
9.62941360
12.94313812
15.49215698
26.06274414
23.43725395
31.87843132
25.98823738
21.29019356
13.60784435
8.84901905
11.77254677
12.93725491
11.96862698
15.29019642
12.44705677
12.30000210
6.34509802
8.83921623
11.20588303
11.88431549
24.80196571
23.01176071
28.48039246
28.63332748
22.04314041
17.72745132
8.40196133
9.58627510
12.24510002
12.27843285
14.87647152
10.92156982
15.85686302
5.86078501
8.45490170
10.79019737
11.05098248
18.11764717
27.03921127
23.34510040
30.60784340
23.49020004
19.34314156
9.68431377
9.08627605
11.41568661
11.88627529
13.10000134
13.13529396
15.04902077
8.89019680
6.69019604
10.30588150
11.10784340
12.42941189
28.44118118
22.44118118
27.60980415
26.47842598
21.32941246
13.75882435
8.30588150
10.06862736
11.61960793
12.24901962
14.22548962
12.60784340
14.04117680
5.90980291
9.62352943
10.73333549
11.75882435
21.31960869
24.62157059
24.89216042
28.32352448
23.66667175
18.27058792
8.13921547
9.41568756
11.09019756
11.97843266
13.97255039
10.95686245
15.27843189
8.63137341
8.08235359
10.97254944
11.27254963
14.28823662
27.54117393
23.86470604
28.60588074
25.02156639
21.06470680
11.34509850
8.48039150
10.76078320
11.58235359
13.77254963
11.85490417
13.57254887
11.78627682
6.40588331
10.61176395
10.89215755
11.49215984
24.09019470
23.78038788
27.57451248
25.78430939
22.50588608
16.52941513
7.41372585
9.99804115
10.96274376
12.60392094
12.67254829
11.16274548
15.30392075
6.02549124
8.64901924
11.23921585
11.25490189
16.96862793
24.87843132
25.97646904
26.60195160
24.64313698
19.05098343
9.30196190
8.74313736
10.28823566
10.65686035
12.84509563
9.65490246
13.46078682
11.81176662
6.58823586
11.07451057
10.65686226
12.20980453
25.14705658
21.84705925
27.45686722
25.48823547
21.44706154
12.87254810
7.66470671
9.58039379
9.46666718
11.97058868
10.66862488
13.33529377
15.27647209
5.77843094
8.95686436
10.65882492
11.17647171
19.64117813
22.94117546
24.73333740
26.23332977
22.35293961
16.51764679
8.01960754
10.20784378
9.50588322
10.00195885
11.52941036
10.64313793
16.66274643
9.19019699
6.53725481
11.11568546
10.78823757
13.73725605
24.72548676
22.50784492
27.66273880
23.44313049
18.59215927
10.08823490
9.14117622
10.27058792
8.88627625
11.70980549
10.03529453
13.58431339
16.29607773
5.51960850
9.39411831
10.79411793
11.33137226
21.89215279
22.68627930
26.17647171
25.74509811
20.53529549
13.07843399
8.07647038
10.17647171
8.58823586
10.87058735
11.01176548
12.77647018
18.85097885
6.20784187
6.87058783
10.85097980
10.64117718
16.17451096
23.80000114
24.46078491
27.41176224
21.92353249
15.29804230
8.48235226
9.86078453
8.78431320
9.50784397
11.34705925
10.44509983
16.99019432
12.34117603
5.31764841
9.47059059
10.50784397
11.94313908
22.00784111
23.16078758
26.25293732
23.40196228
18.42745209
10.97451115
8.78039265
8.85098267
8.25098133
11.58823776
9.99803925
12.99803925
20.00784111
5.12744999
7.07450914
10.89411736
10.66274452
17.23529243
22.86274338
26.23137474
24.71372604
20.24313736
13.58823109
8.92745304
8.82549191
8.19804001
9.72156906
11.17843056
12.01176453
19.36862946
8.98431683
6.47450972
9.41176510
9.79411793
12.91568756
21.68236160
24.33921051
26.76078415
22.51568794
14.94313717
10.98038960
8.89215660
7.75686216
8.40000057
11.48039246
10.46666718
17.37450981
14.79803944
5.75686264
8.15882397
10.29215717
10.43921566
18.94902229
22.27647209
25.82157326
23.81176376
17.56862831
13.00392151
8.36470604
7.91960955
8.38039398
10.61764622
10.09412003
11.43529320
20.76078796
6.81764746
7.15686369
10.28823376
9.88235283
14.33921623
21.28235626
23.98627663
25.61765099
20.25686264
12.43529415
9.47843361
7.91764736
8.32156849
9.46470642
11.33137417
10.31764793
19.27450943
11.21176529
6.17843056
9.23137283
10.04706001
11.01764679
20.45686722
22.18235588
25.78235435
23.16274261
13.76666737
10.91568565
7.39215660
8.28431511
8.91764641
11.71764660
10.54117775
15.74901867
17.44705772
5.25490189
7.74313784
10.29411793
9.33921719
16.01960754
21.84705925
23.02157021
25.15686417
16.54313850
11.42352962
7.77451134
8.22156906
8.62352943
11.49019623
11.10196304
11.87450981
20.83725739
7.54901886
6.40392113
9.80000019
9.82941246
11.00784302
21.19216156
21.49999619
24.33529663
19.75882339
12.32745075
9.04117775
7.32352877
8.65294170
10.08627510
12.13137531
10.61372471
20.19215584
11.73333359
5.48039198
8.41960812
10.02156734
8.87843323
16.88823700
21.65489960
22.30784607
21.51176453
14.53529167
10.41568851
6.97058821
8.33725452
8.85490322
12.04901981
11.58039093
16.14117813
17.26470757
5.73529434
6.54117632
10.16862679
8.69215679
10.82941246
20.46666718
21.18823814
21.61372566
17.31372452
11.50392151
8.21176338
7.31764793
8.45686340
10.89215946
13.02941322
11.98627472
20.16078568
8.50196075
5.38431358
8.53333378
9.66862679
7.96470594
16.48039055
18.84705544
20.99999809
18.60588455
12.36862755
10.35882378
6.76666641
7.97843170
9.49019814
13.74901962
11.60980225
18.42941093
13.18431473
5.03137302
6.82352877
9.79999924
8.23725414
11.38627529
16.92745399
19.35490036
18.98823547
15.12156963
11.65294266
7.57647038
7.25686121
8.70196152
11.94509792
13.44117641
16.01568604
15.39999771
6.64313602
5.74313641
8.63725567
8.89803982
8.41176414
14.83333302
16.39999771
18.72353172
16.40588188
13.59215832
10.06666851
5.93725491
7.74705982
10.56862926
12.99019718
13.87254810
16.87059021
9.73137474
4.69411802
7.49804068
8.96078396
7.81764793
11.59215736
15.36078453
17.42941666
16.50196266
15.14509583
12.95097923
5.62156820
6.68431473
9.23921585
13.16274548
12.13333511
16.55097961
11.98431396
5.09607935
6.06862879
8.22745037
7.92941332
9.00196075
14.45489693
15.24902153
15.99019623
15.23725319
15.08627319
7.56078386
6.02156925
8.16078472
11.73725510
12.99608040
16.03333473
13.16274643
6.99215841
5.09411764
7.18823576
7.75097990
7.42352962
12.58627510
14.26862907
15.32745266
14.92549038
17.06666565
10.50392246
5.81764555
7.84510040
9.99804115
12.55882454
13.69411850
15.24901772
10.63725471
4.48039246
6.18235254
7.54509830
7.14117622
8.79019547
14.35098076
13.38431454
15.34706116
17.84706116
13.14117432
6.33333302
7.25490236
9.20980453
10.85686302
12.76470470
15.76470947
10.40588188
7.29607916
5.34313726
7.10392189
7.51764679
6.96862650
12.85686302
13.45882320
15.04902267
18.33725357
14.50195885
8.21568680
6.46666670
9.23725605
9.79019737
11.25882339
15.91960812
10.05098057
9.67451096
4.64902020
6.01764727
7.29019642
5.97255039
10.27254868
15.26470566
13.73333549
17.25098038
17.27058983
10.80195999
6.73725510
8.74313736
9.66862869
9.87647152
13.37647057
12.60587883
10.41372681
5.46470737
5.42156887
7.32352877
6.48823500
7.56078625
13.79019928
13.96078491
16.30588341
19.63333321
11.84509850
8.49803925
7.76666737
9.99019623
9.35882473
10.92745399
15.88627434
9.27647114
8.58627510
5.02549028
6.59607983
7.13921595
5.58627462
11.15686321
14.19411850
13.90784264
20.36470795
13.09999847
10.44509888
7.99215794
10.17058849
10.56470490
9.64313698
16.01176453
10.34313679
11.26470566
3.97647095
5.49215698
7.04705906
5.31764793
7.96078491
13.56666756
12.83725548
17.14313698
14.76666451
12.66470623
8.91176510
10.19019794
11.54509926
9.12745190
13.44313812
13.88823414
11.49019527
6.32549143
4.64901972
5.98431396
5.75294113
6.33921576
11.26078415
11.83529282
14.59019566
15.84313583
12.14902020
10.76666641
9.43333435
12.06470394
10.35686398
10.26470566
17.02549171
12.02941132
11.29804039
3.90980411
5.61176348
6.10784388
4.66078424
8.89019489
11.59607506
13.75882530
14.48431396
11.56862640
12.85293961
9.30000210
11.73529434
12.05294132
9.99607658
16.00195885
12.55882359
14.73529434
5.40196228
5.07451105
6.31176519
5.04313850
6.65882397
10.90392303
11.90196228
13.66274738
11.46863174
13.00784111
10.87450886
11.57058907
12.04706001
11.93725491
12.70588398
14.79607868
15.17058849
10.39411354
3.68431401
5.95490170
5.15098047
4.84902000
9.74313641
10.33725452
13.15489960
10.80980492
11.11568642
14.47843266
11.04509830
12.37450886
13.05882454
11.20196247
16.85686493
14.40588284
16.22941208
4.02745056
4.86862755
5.35686302
4.37255001
6.94117737
10.31960678
12.18627262
10.89608002
10.34509850
15.35686398
12.62156963
12.14705753
12.80980396
12.32745552
16.39804077
13.90784359
17.13333511
9.90588284
4.01372528
5.35882425
4.38627481
4.83921576
9.64509773
10.15490150
12.17646980
9.86666775
12.75882244
16.70588493
12.23725605
13.59215641
13.14705849
13.74901867
16.47843170
17.08235359
14.96274567
2.83529449
4.84117603
4.66470623
4.02352953
7.60980368
9.33725548
12.47647190
10.55294037
11.74509907
15.95097923
14.62353230
14.48823452
13.66078472
13.07451057
18.84117889
15.34705925
16.48431396
7.16862822
4.01176500
4.21372604
4.04117632
5.42549086
9.44313717
10.97843075
11.19412041
11.27843285
14.26274300
16.32157135
15.03137493
13.88039303
14.38823509
17.51960945
15.40392113
17.13726044
12.96470737
3.01568651
4.18823481
3.27843142
4.03921556
8.35098171
9.89607811
11.82745361
10.88039112
13.85686493
15.68235207
15.41764736
14.94313812
13.82745075
15.06862640
17.97059059
17.13921547
17.83921623
3.06862760
4.13529396
3.21176481
3.33333373
5.94509888
9.68627548
10.71176434
11.33137131
12.82744980
16.15294266
15.35490036
16.00980568
13.64313793
13.82941151
18.86470795
16.49607849
17.92941666
9.78823280
3.02156901
3.63529468
2.86666727
4.05490208
8.73137188
9.77843189
11.96862602
11.87254715
16.58431244
15.83333397
15.59215832
14.98235226
13.90588284
17.67254829
15.66862679
17.75098419
15.79804134
2.03137279
3.41764736
3.17647099
3.07254910
6.50392294
9.57451057
11.63921642
10.87647152
16.65882683
17.64313889
14.60391903
15.77647018
14.22353172
15.14313698
17.42745399
15.80000114
18.30784225
5.28431463
2.69019604
2.60784388
3.07254887
4.28431416
9.37843227
9.64117622
11.42549038
16.26666832
20.03725243
14.93921566
14.99019527
15.03137112
13.95294285
17.05097961
15.60980511
15.19607735
12.04706001
2.10196090
2.29215693
2.16862774
3.46666694
8.06470585
9.40588379
10.39803696
16.13725662
21.65490341
17.14313507
12.70392323
15.41960716
14.60784054
15.91764736
15.45686245
13.62940693
15.36862850
3.07843232
2.35294127
2.06666708
2.85098028
5.67450953
10.80392265
9.14313793
14.49608040
22.28431702
20.38431549
12.71176624
13.74901867
15.17254925
14.81372452
15.36078453
14.44117641
14.30784416
7.84117699
2.02549028
2.26862764
2.68235350
3.66274548
10.29411602
8.35686207
13.68431473
21.53333473
21.92941284
15.06274700
11.87450981
14.26862717
14.65882683
15.06274796
14.48627472
13.64117718
12.96274567
1.64313757
2.47254920
2.14509821
2.56470585
7.26862717
9.26078510
12.40980434
21.07058716
22.33920860
18.09412193
11.87254906
12.93137264
14.15097904
14.43921566
15.18235397
13.28235435
14.12941170
4.77843237
1.85686290
1.92745101
2.34117699
4.24901962
9.56470490
9.68627453
21.22156525
23.99412155
20.38431931
14.52549076
12.06077957
12.85294056
13.99411583
14.90391922
13.38431168
13.63137245
9.21764374
1.32745123
1.83529425
2.22745109
3.09803987
7.30980444
8.31372547
19.20588684
25.82156563
21.91372490
16.38431358
12.36470699
11.71372414
13.39607906
14.73333168
14.40196419
12.62156582
12.11568737
2.65686274
1.67058861
2.06078458
2.54509807
5.38235235
7.96862793
15.80980492
25.58039093
23.11176109
17.96862984
13.29019737
10.64313889
11.84313869
14.74313927
14.89019680
12.84117794
11.90980434
6.75294065
1.35294127
1.71960807
2.44509792
3.56666684
7.61176586
13.14117622
23.95293617
25.59019470
18.93921661
15.14509773
10.09019852
10.53725338
13.10392189
15.29608154
13.23529434
12.05098057
10.98039150
0.94313747
1.30784357
2.12745142
3.02156901
6.32745028
9.93137264
23.21960640
26.12744904
21.29215431
16.27843285
10.43921661
9.46274471
10.84705830
15.00588417
14.48431396
12.28823662
11.52157021
4.58431435
1.37450993
1.79019642
3.02156878
5.82352972
8.18627453
20.57254982
25.96470642
22.02352905
17.71568871
12.01372433
8.94902039
10.05882168
13.28235245
14.83333588
12.86078358
11.18235111
8.84705830
1.00784338
1.82745159
2.53333354
4.32941246
8.16666698
16.39019585
26.14313126
23.36862755
17.69019508
14.25489998
8.67646980
9.19607830
11.47843170
15.08235073
13.30588341
11.25293827
10.47647095
2.93921590
1.37451017
1.89607871
3.48431396
7.60588169
12.55294037
25.35686874
23.89019012
18.02548981
15.12941074
9.33333302
8.21960926
9.86078453
14.03333282
14.56862736
12.27451324
10.50000191
6.29607964
1.08431411
1.89019608
2.54705882
4.99019623
10.86078453
23.02940941
25.17058945
19.15293884
15.23333263
11.22549248
7.79215860
8.91960812
12.59804058
14.82745266
13.27254963
10.98627472
9.82353020
1.14901984
1.57451010
2.16274548
3.77254891
8.18235397
19.39215851
24.70979691
21.30391693
16.08627319
12.42156792
8.17843056
8.03725529
10.20588207
15.74902058
13.35490227
11.70000076
9.63137245
4.95098162
1.16078436
1.87254941
2.53921604
5.52353001
15.70392227
22.90195656
22.31373024
17.46078491
13.74313545
9.61176682
6.88823557
9.07647228
13.57647133
14.54509926
12.00196075
10.41960812
8.90980530
0.84313744
1.42745113
1.52156889
4.23529434
11.97647095
20.88431740
22.99215698
17.62353325
14.48431683
11.02353001
7.28627491
7.53921556
10.27451038
15.31960869
12.89019585
11.39019489
10.88431263
3.24117708
1.25294149
1.49607861
3.19803905
7.82745075
19.83921623
21.37254906
18.92156792
15.02745152
12.52941513
8.21176529
6.35686302
8.48235321
12.80588341
14.55686378
12.25098228
11.68039227
7.31372643
1.05686283
1.60588253
2.36666679
5.27843094
17.93137360
19.58235359
18.55686188
15.56862450
13.38431358
9.90588379
6.19215727
7.39803886
9.79804039
14.65294266
13.13333321
12.83725548
11.89803791
1.47843158
1.19607866
1.77450991
4.18627501
14.10392284
18.88627625
18.30391884
15.67451000
13.74705887
11.13725567
7.30784225
6.13921547
7.89607859
13.18235397
14.04706001
14.50980377
12.74313736
5.73333311
1.24705911
1.61764741
3.73921585
9.30000019
17.66862869
17.62940979
16.33333397
14.33333015
12.38627434
8.30196095
5.61372471
6.91764641
10.25097752
15.13333511
15.50392056
14.29803753
10.93333530
1.34705901
1.40196085
2.49607873
6.53725481
16.41568756
15.29215622
16.33529472
14.92549324
13.15294075
9.78039169
5.89607811
5.81568670
7.56862736
15.43921661
15.97255135
16.57450867
14.36274624
4.20980406
1.88823545
1.69215715
4.87647009
13.46470547
14.75294113
15.79019547
15.78823566
13.17842960
11.15686131
7.09411812
5.39411831
6.51764679
12.98235416
16.61372566
18.07843208
16.19412041
10.24313831
1.82156920
1.18431389
3.68235326
9.44509792
15.45294380
15.04902077
15.49019814
14.37254906
12.01764679
8.65490246
5.48039246
6.24705982
10.03725529
15.81568718
18.13921547
19.11764717
16.52745247
2.36470628
1.31176496
2.17647076
6.73725557
14.28235149
14.37451172
15.15882492
14.95882225
12.65686035
9.72353172
6.22157001
5.82156897
6.91960764
14.09607887
19.29019928
19.70784760
18.01176453
9.08627796
1.33333373
1.18823552
4.70392084
11.98823643
13.85294342
14.52156830
14.61176491
13.18039513
11.60784340
7.43725443
5.45882416
5.92549038
10.62549019
19.22745132
19.60588074
20.40784454
15.52745152
1.51960802
1.27647078
3.41372609
8.32745075
13.55294514
13.83529472
14.24117661
14.26078606
12.46862698
8.93921661
5.53921652
5.62549019
7.43529415
17.26470757
21.39019966
20.68627357
19.13726044
5.69215631
1.51960814
2.34313750
5.56078434
12.10588264
13.14705658
14.38627625
13.92745113
12.62156963
10.32156754
6.32745123
5.28823614
5.83529425
13.65098190
24.56862640
20.91176605
19.76862907
12.82353306
1.50000024
1.45490217
4.83725548
9.27843094
13.15686417
13.49019527
13.33725357
13.13333130
10.51961040
8.27450943
4.87843084
5.50784302
10.34313774
24.95882034
23.03137589
20.56862831
18.32745361
2.99803948
1.59215701
3.85882401
8.09803963
11.63921356
12.93725491
13.52745056
13.32353020
11.44705963
9.24705887
5.81960773
5.07647133
6.94705915
23.11960602
25.95098495
20.74118042
18.93921661
9.64706230
1.45294130
2.45098042
6.88235378
10.46078396
12.96274567
12.84509850
12.81764603
12.38039494
10.10784245
7.36274576
4.64509821
5.89215708
18.85098076
27.97059250
21.92156219
18.32941437
16.42941093
1.47451019
1.52156889
4.31372547
9.83529472
11.23921490
11.73921490
12.76078224
13.31176567
11.02941322
8.55882359
4.84313774
5.10196018
13.04117584
27.17255020
22.15686226
18.84902191
17.79804420
6.28235388
1.44313753
2.75098038
8.36862755
10.70392323
11.05882263
12.03333473
12.74705982
12.48823738
9.55098152
6.21960831
4.50784302
7.60196066
23.00980377
21.90980148
19.90196228
17.51372528
12.64509964
1.12941206
2.35882378
6.55098009
9.59999943
9.99019623
11.23725700
11.24313736
12.92549133
10.60196304
8.29411793
4.46078491
5.23333359
16.26470566
20.88235092
19.78627396
17.48039246
16.02157021
2.88823509
2.21960831
5.07647133
7.82941198
9.65490055
10.25098133
10.71372700
12.36078453
11.05097866
10.16274548
5.54313707
4.27058840
9.70980453
17.53137207
19.07255173
17.96862793
16.12352943
8.30980206
1.62156868
4.15882349
7.55490208
8.62352943
9.50784397
9.77647114
10.86470795
12.22941303
10.99215794
7.44509792
3.67255020
6.17843294
14.79019547
17.86470604
18.36666679
15.70196152
12.97058964
1.21372592
3.07058859
6.99215603
7.73137331
9.19019699
9.00000095
9.84117699
12.25686264
10.58627510
9.50392151
4.59411764
4.33725548
10.69607830
16.93921661
18.14509964
16.04706001
14.32548904
4.72549009
1.97843170
5.64705849
7.18627405
8.40588284
8.56078529
9.68823433
10.40784454
12.57843208
10.05294132
6.27647018
3.84705949
7.10196066
13.77843094
17.11764336
16.64117813
14.40784359
10.49608040
1.33921576
3.97254920
6.79607821
7.09019613
8.06666756
9.04313660
10.26274490
12.53921700
10.26078415
9.11568737
3.78235316
4.72745085
10.39999962
15.67450809
16.52549171
14.98235035
13.77255058
3.11372566
2.32549024
6.10784245
7.20588303
7.13529444
7.76862812
9.60784435
12.88431072
12.32549286
9.71764660
5.28235292
4.10784292
7.76078558
13.15686417
16.12941360
14.95882320
13.47254753
8.04117870
1.62549055
4.12353039
7.09019756
6.74313688
6.68039131
8.95686340
11.90980434
13.67254925
10.50392151
7.26470566
3.76078439
6.02353001
10.38235283
15.36078739
14.58431244
13.59412098
11.98823357
1.43137276
2.17254901
6.04705811
7.16862726
6.39411640
8.26078415
9.38039303
13.70392227
12.04705906
9.48235226
4.26470661
4.59019613
8.21960831
12.87450981
14.55686283
13.49019527
11.72157001
4.92156982
1.69803965
3.70000052
6.95294046
6.61372566
7.25098038
8.36274624
12.45294380
13.48235130
11.06078434
6.04313803
3.66470599
5.96666670
10.54706001
13.95098114
13.73333359
12.04117775
9.09803772
1.38431382
2.41764736
5.49019575
6.91372490
6.34509850
7.60196066
11.07647038
13.91960907
11.88823700
8.31960869
3.60588264
4.72745085
8.02156925
13.13333321
13.69019699
12.44901848
11.91176605
3.20000005
1.80196095
3.91764712
6.03725576
6.33333302
7.09215736
9.21176434
12.71960831
12.15686131
10.15098095
4.95098019
3.60980392
6.34509850
10.87450981
14.05294037
12.36470699
11.60391998
7.22941256
1.54509830
2.47254944
4.78235340
5.80588341
5.75686312
7.81568623
11.61764812
12.54509735
10.77647018
6.79803801
3.18235397
5.66274452
8.20588207
14.02353287
12.43725491
11.80588341
11.08627319
1.50980413
2.45882416
2.79411793
5.14117622
5.14313793
7.04901934
10.26274395
12.90784264
10.46862888
9.37647057
3.93529463
3.89215732
6.98431349
12.38039017
13.18039417
11.89215755
11.04509735
5.19607735
1.68235302
2.15686321
4.30392122
4.38039303
6.13333368
8.48823547
12.89411736
11.71764755
10.18039322
6.07058859
3.18039227
5.71764660
10.07254791
13.52549267
11.96470642
11.31960773
8.93921566
1.38823557
1.85686290
3.04117680
4.06078434
4.82549047
6.88627338
12.51764488
12.83725739
10.59215641
8.27058887
3.68235278
4.35686255
7.12352896
13.40392113
12.35490227
11.60196114
9.97647285
3.49019670
1.58431399
2.11568666
3.05098033
4.24705935
6.16274691
10.47254848
12.96470737
11.60000038
9.38431454
5.20392227
3.73137259
5.34117603
10.48431492
13.00784206
12.09999847
10.37058926
6.75294113
1.54117668
1.91372573
2.29215741
3.28431392
5.64901972
7.48039246
14.10588360
12.51372528
10.39999962
6.64902020
3.68431401
4.49215698
7.36078501
13.02156925
12.10195923
10.90000153
10.18039131
1.41568661
1.70000005
2.08627462
2.49411798
4.77254963
6.32352972
11.71568584
13.57058716
11.33529472
8.21372604
4.61960793
3.97647071
5.49803877
10.86470509
12.38431454
11.31568813
9.93137360
4.72549105
1.04705906
1.75882351
2.09411812
3.40392160
5.45686293
8.79411793
13.00392056
11.78823566
9.24313831
6.25294161
2.83333349
4.76470566
8.47843170
12.09803772
11.80784416
9.84705925
8.61372852
0.91764724
1.44705939
1.83529449
2.19803929
5.02353001
6.82352924
11.58039093
12.29607868
9.69215870
7.34509802
3.69019628
4.02941227
6.21568775
11.09803963
12.40392303
10.48823452
9.91960812
3.07058835
1.12941206
1.50000024
2.23333335
3.95294142
6.23333263
9.25686455
11.94313812
10.62549019
8.38431263
4.52745152
3.24705935
4.87843180
8.92549229
12.40392303
10.44117641
9.93725586
6.95882463
0.76274538
1.31176507
2.12549043
2.77254963
5.97843075
7.05294228
11.15294361
10.67058945
9.32156754
6.19999981
3.24509835
3.80392170
6.76274586
11.54313850
11.29215813
9.78823662
9.68431282
1.64705944
0.89215702
1.75686288
2.05882382
4.82549047
6.44901991
9.67451096
10.91372299
9.39803982
7.91960764
3.63725495
3.10392189
4.98431444
9.37451172
12.14117622
10.22157001
9.81176758
5.23725557
1.01764727
1.22745144
2.10392165
3.56862783
6.47450924
7.21568537
11.00784206
10.31568813
8.48431587
5.11176586
3.18431425
3.98823524
7.09215832
11.53529453
10.71372700
10.03921604
8.99019814
1.25882375
1.20980406
1.67254949
2.30588269
5.87451029
6.85294104
9.43921661
10.72549152
8.81764793
6.87647152
3.45882392
3.18823600
5.37843227
10.41372395
11.17647171
9.84509945
10.46666431
3.88823509
1.33529437
1.22941184
1.58627486
4.06470585
6.49215651
7.99215794
11.56470490
8.87254906
8.04313660
4.15294075
3.02353001
4.04509830
8.04117680
12.11764622
9.89804077
9.74313641
7.50980568
1.20980430
1.24117684
1.34705901
1.96078467
5.45882368
7.26078463
10.92745113
10.35097980
8.54706001
5.24313688
2.80392170
3.10392141
5.74117756
12.37255001
10.34509659
9.28039169
9.81960869
2.07254934
0.65686291
1.25686300
1.38823557
4.14902020
6.27451038
8.84902096
11.59019566
8.46862793
6.71764708
3.42156887
2.40196109
4.26470613
9.92156982
11.54509830
9.62941265
9.49804020
5.42941284
1.14705896
0.91568649
1.59019661
2.74117661
5.39999962
7.45686293
11.18823624
9.42745209
6.89411783
4.32745171
2.47843170
3.30588222
6.87058830
11.93529510
10.02549171
9.30196095
8.65882492
1.25686300
1.17647076
0.93529439
1.75882363
4.46470594
6.08823538
9.35097980
10.41372490
7.85490179
5.57450914
3.08235335
2.87451005
4.99607897
10.33333492
10.55098152
9.19608116
9.18627453
3.59607887
1.14509821
1.07058859
1.36862767
3.03921580
5.74901962
7.51372480
10.87842941
8.78823566
6.43921709
3.45882368
2.78823543
3.70980430
7.99411869
10.63725471
9.63921547
8.93725586
6.55294180
1.06274521
1.01176488
0.99019623
2.21176505
5.09803963
6.84313726
9.30980492
9.76862717
7.00980282
4.37450933
2.58235359
3.42352962
5.88039255
9.98823547
9.59019756
9.13333511
8.61960793
2.08431411
1.04901993
0.86666697
1.60392177
4.03921556
6.11568594
7.76862669
10.09803963
7.91960764
5.47843218
3.00784349
2.57450986
4.05098104
8.30980492
9.88039207
8.72549152
8.55882454
5.19607878
1.33529449
0.97254926
0.99411774
2.50784302
5.94117641
6.87254953
9.35097980
9.06666660
7.06078386
3.78627443
2.25686312
3.26274562
5.78039312
9.55098152
8.60588360
8.52353096
7.68823624
1.51568663
1.03921592
1.03333354
1.82941210
4.46078444
6.09411812
8.47451019
9.69803905
7.52352953
4.97451019
2.74313760
2.54509830
4.27647066
8.12549114
9.33137321
8.46666622
8.03137302
3.89215732
1.48039234
0.58627456
1.42156887
3.02156925
5.76862669
7.22549057
9.18431473
8.95490456
6.10784245
3.21960831
2.33529449
3.57647061
5.88235283
9.34313869
8.63921452
8.10196114
6.50588274
1.44313776
1.40392184
0.65098047
2.23333359
4.72352982
6.12941265
8.27843189
9.66666603
6.72941113
4.50784349
2.46274543
2.83137274
4.90784359
8.37843227
8.77058887
8.46470833
7.96274376
2.54117703
1.25882375
0.95098060
1.34117675
3.73333359
5.60784245
7.31960678
8.68431282
7.74705791
5.84705877
3.13137269
2.54313779
4.08823538
6.51568651
9.02745247
8.50196075
8.01960754
4.90588236
1.34117687
1.14313745
1.04705906
2.38627458
5.21372604
6.07647038
8.70588207
8.66078663
6.89411831
4.07451010
2.09803963
3.61764717
5.17058802
8.54117584
8.47451115
8.32353020
7.69215727
1.19215715
1.14901984
1.32745123
1.29019630
4.53725481
5.83529425
7.37843227
9.16666603
7.16666651
5.83529520
2.27058864
2.98235321
4.46274519
6.74509907
8.70000076
7.91176558
7.85490084
3.91960812
1.20784330
1.15098047
1.18823552
3.87450981
4.91960812
6.74117613
8.88431549
7.86666679
6.45490217
2.89019608
2.50980425
3.75490212
5.46274519
8.66078377
7.91568661
7.74313736
6.24509811
0.93529433
1.09607875
1.07451010
2.81176472
4.43725443
5.72941160
7.73333263
9.11176491
6.88431358
3.82745194
2.11764717
3.46666670
4.64902020
7.72352934
8.61372471
7.56862688
7.58823586
2.27254939
0.84509826
1.04117668
1.43137276
4.48823547
4.52549028
6.55686331
8.57647133
7.53725386
5.46666765
2.65882397
2.65490198
4.03137255
6.20588207
8.91176414
7.76862574
7.49215746
5.13333273
1.35686314
0.91568643
1.12549043
3.48235273
4.10588264
5.75882387
7.94117641
7.92352915
6.06666708
3.59215736
2.19607854
3.69215679
5.34509897
8.68431568
8.22941113
7.52156830
7.34117603
1.80196095
1.26666701
1.08431411
2.05294132
4.37843180
4.70196152
7.67843103
8.39019585
6.60980368
4.52352953
2.18627477
2.96470642
4.62352896
7.64509773
9.17646980
7.32156849
7.31372499
3.94117665
1.81568658
1.39803946
0.91960794
4.18823576
4.58235359
6.62156773
8.46470642
7.28627396
5.33529472
2.48431373
2.56862760
3.83529425
6.48235321
9.29019547
7.71960735
7.36862564
6.27058792
1.36862779
1.72352993
1.09019625
3.08235312
4.87647104
5.23921585
7.86078453
8.06274700
6.07058859
3.98627472
2.16078424
2.74705887
4.97843170
8.79019737
8.24902058
7.30784321
7.43333435
2.60784364
1.66078460
1.28039265
2.55098057
4.66078424
4.91568708
6.99803877
7.77843189
7.11568689
4.72156858
2.36470604
2.38823557
3.89411783
6.84509754
8.59803963
7.59215736
7.19019604
5.16470671
1.28431380
1.33137274
1.87451017
4.07058907
4.90784407
6.26666689
7.99215698
7.25882387
5.60784292
2.85294151
1.88823569
3.46862745
5.25686264
7.99803972
7.75490236
7.62156820
6.88627434
1.47843182
1.22745132
1.17058837
2.99411798
4.91960812
5.16274548
7.89607906
7.85098076
5.97843122
3.90392208
1.90980411
2.64313745
4.26862764
6.41176462
7.91960907
7.93333387
6.91372538
3.78039217
1.20392203
1.29411805
1.96666694
4.31568718
4.96274471
6.70196152
7.79019690
6.75294113
4.43333435
2.73529410
2.37254953
3.70392156
4.99019623
7.45490265
7.99803972
7.25098038
5.99019670
1.16470623
1.34509826
1.80980444
3.25490212
4.86470604
5.31764746
7.80980444
7.53725386
5.42352962
3.17450976
2.51372600
3.18823552
4.30392170
6.28823519
7.66862774
7.66078472
7.13725519
2.94509840
1.20784342
1.39215708
2.27058864
4.53137255
5.01960802
6.14901972
7.78823566
5.96470642
3.68235302
2.67451048
2.71372557
3.90784335
5.41960859
7.46470499
7.45098019
7.36470556
4.72156906
1.55686283
1.31960809
1.78627467
3.32156873
4.69019604
5.46274471
7.55098009
7.03333330
4.66078329
3.01960778
2.28235316
3.12941170
4.66470575
6.60588217
7.11960745
6.92156839
6.86666632
1.60784364
1.21176481
1.58431411
3.03529429
4.19607878
5.19803953
6.20784378
8.08431530
5.48039198
3.51960826
2.14901948
2.61176515
3.62352943
5.51764727
7.41764784
7.02941179
6.95490265
3.81176472
1.17254913
0.97647077
2.25294137
3.87254882
4.36862850
5.68431330
7.44117641
6.31372595
4.22549105
2.40000010
1.91176498
3.10000038
4.45686293
6.90980434
7.05686092
7.33333302
6.04901934
1.34705901
1.24705911
2.00196099
3.03137279
4.02745104
4.97647047
6.06470537
7.13333321
4.74117661
3.26274490
1.63921607
2.90588284
3.24705911
5.58823586
7.43529463
7.13921452
6.93529463
3.02745175
1.39607859
1.48431396
2.41764736
3.62745047
4.31176519
5.97843170
6.76666594
5.45098066
3.95490241
2.05490232
2.58823514
2.68627524
4.40196133
6.99019670
7.12549019
7.23333263
4.92353010
1.45686305
1.31568658
1.72549069
3.08431411
4.06470585
5.04705954
6.34117651
6.28627443
4.65294170
2.60980439
2.03333354
2.50784373
3.44313765
6.28235245
7.36862755
6.98039341
6.24117613
2.20980453
1.09215713
1.54509830
2.42352986
3.58039284
4.29411745
5.62745142
7.11764526
4.69999981
3.72941160
2.02352977
2.19019651
3.17647076
5.26862717
7.34509945
7.03333282
6.26274490
4.44705915
1.29803932
1.62156880
1.75490212
2.99607849
3.79607892
5.06078482
7.26470566
5.61372566
4.03529453
2.58431387
1.78823543
2.58235312
4.11764717
6.45490217
7.82156897
6.56666660
5.73333359
1.47647095
1.74705899
1.57058859
2.33529472
3.21372581
4.44509792
6.59607792
6.24705935
4.36666727
3.12548995
1.74313748
2.12156892
3.28627491
6.07843113
6.96862745
6.72156954
6.06470585
3.24509788
1.51764750
1.59411788
1.63333356
2.49019647
3.55098081
5.52941275
6.49019766
5.04901934
3.75686288
1.95098054
1.73137283
2.68823552
4.85098076
6.31176424
6.91764641
6.05294132
4.57646990
1.71568644
1.25294125
1.46274543
1.73137271
2.56862760
4.66078424
6.04509830
5.73921633
4.40000057
2.21176505
1.47843182
2.27451015
3.62745118
6.19019651
6.60392141
5.99411774
5.99019575
2.24117661
1.32941186
1.03921580
1.50196123
2.07647085
3.73725533
5.43333292
6.35490274
4.69411802
3.14313698
1.55686331
1.75294137
3.08823586
5.06862783
6.79607725
5.92157030
6.08431387
4.09019661
1.60196114
1.14705896
1.47058833
2.12745142
2.87843156
4.88627481
6.28627539
5.42745066
3.95098042
1.89215732
1.42941189
2.18039250
3.94313812
6.81764746
6.64902020
5.76078463
5.67058849
1.95098054
1.32156885
1.11372566
2.02549028
2.70784330
3.90784359
5.71764708
6.11764812
4.23921537
2.87451005
1.44509828
1.97647083
2.90980434
5.54509735
7.50980330
5.67843151
5.76078558
3.18039250
1.36078465
0.92745125
1.39019620
2.43529415
3.24117661
5.01764679
6.00196028
5.08627415
3.78039241
1.92156887
2.10784364
2.29411793
4.33921576
7.25686312
6.33529377
5.53725576
4.46666718
1.70980418
1.12156892
1.03529429
1.78627455
2.53921580
4.10196114
5.52156878
5.94705915
4.40588331
2.58627462
1.88823557
1.90980434
3.30784345
5.54509830
6.91764784
5.46078444
5.29215670
2.63137269
1.44509840
0.96862757
1.29019630
2.33921599
2.91764760
5.36862803
6.17647076
4.70588303
2.86862803
1.59411788
1.91568649
2.29019618
4.71372604
6.52548933
5.84313726
5.18627501
3.87254930
1.60392189
1.19019616
1.08431399
1.95098078
3.05882359
4.06666660
5.93137407
5.81372547
3.22745180
2.41568661
1.39411795
2.07843161
3.79411817
5.67843103
6.34509850
5.55098104
5.38431358
1.86862767
1.08431387
1.15686297
1.44509828
2.43921614
3.27647066
5.01372623
6.28431416
4.58431482
2.80784321
1.40980446
1.86470616
2.99411798
5.24509811
5.86862659
5.83921576
5.33529329
3.40588236
1.55686307
1.38431406
1.09607852
1.60784352
3.06078458
4.08039236
6.04117584
5.35294151
3.25098014
2.01176476
1.62941206
2.54901981
4.54901934
5.81764841
5.72941208
5.42549086
4.74901962
1.63137293
1.25882375
1.44509828
1.71372569
2.41568637
3.22941256
5.41372538
5.89411831
3.86666679
2.37058878
1.53529429
2.10784316
3.30784345
5.83333445
5.67647076
5.55098057
5.56470585
2.62156916
1.02745128
1.45490217
1.40588272
2.19607878
2.70000005
4.53921604
6.06274557
4.68039274
2.75098038
1.40588272
1.71960807
2.23725510
4.59607840
6.00588179
5.55882263
5.35686302
4.29607916
1.33725500
1.47058833
1.52745104
1.91568649
2.14117694
3.68627429
5.93921614
5.78235292
3.34313726
2.05098081
1.31176496
1.74901998
3.72549033
5.68235254
5.69019604
5.32941103
5.99215746
1.78627479
1.49019623
1.62549055
1.71764731
1.98431408
2.88235307
5.35490274
6.08627367
4.68235302
2.40588236
1.38039255
1.35294139
2.41960788
4.88039160
5.82941103
5.52156878
5.61176443
3.19215727
2.03333378
1.63529444
1.35294139
2.21568632
2.58431363
3.80784345
6.07058859
5.29215765
3.03529453
1.98627484
1.46862769
1.83137262
3.68235278
5.69607925
5.69607878
5.52156925
5.35882330
1.69019639
1.87647080
1.30980408
1.87647080
2.32745123
3.21960807
5.13921547
5.90588188
4.20980406
2.40980434
1.19019639
1.50000024
2.49411798
4.97843170
5.82156897
5.49411678
5.91568756
2.81568670
1.94509852
1.33529449
1.62941206
2.05490208
2.55294156
4.52549028
5.92745113
5.26078510
3.19607878
1.71372592
1.00196099
2.01176500
3.85490251
5.53725433
5.10196114
5.63725567
4.27843142
1.53725517
1.61960828
1.44509840
1.61372578
2.53725529
3.44509840
5.74902058
6.19215679
3.73529410
2.40980434
1.06862772
1.62156892
3.04901981
4.94901991
5.44901991
5.31568670
5.65294170
1.39215732
1.90588260
1.31372559
1.29607856
2.12549043
3.03725529
4.78235340
6.40196085
4.74902010
2.75882387
1.44313741
1.54117656
2.55098057
4.50000048
5.41568708
4.96666670
5.87254810
3.30392170
1.63921571
1.55098093
1.01764727
1.49215722
2.28823566
4.15294075
6.19803953
5.54705858
3.49411845
1.65294158
1.47058845
2.47843170
3.84705853
4.98627472
5.13137341
5.65490246
4.76078367
1.59607863
1.52549040
1.13725531
1.29019618
2.06078458
3.18431354
5.49215794
5.83921576
4.08235312
2.58627462
1.16078484
1.83529449
2.88823581
4.98627377
5.29607916
5.69019604
5.62352896
2.29999971
1.31372595
1.42745137
1.44117677
2.05882382
2.51960778
4.50980377
6.01568651
4.94705868
3.33137345
1.38627481
1.24705923
2.33529449
4.17647028
5.25294113
5.91568708
5.54705906
4.16470623
1.79019618
1.31372571
1.59803987
1.95882368
2.02156878
3.65098023
5.47647095
5.68823671
4.00784302
1.88235295
1.06666696
1.63725507
2.83725524
4.93921566
6.03333426
5.79803896
5.48627424
2.22549033
1.75882375
1.15882385
1.64901996
2.35294151
2.59411788
4.75098133
5.74705791
4.50784349
2.77647090
0.99019635
1.20196092
2.17843175
4.38431406
5.62156916
5.77843094
5.96666670
3.67254901
1.60784340
1.36666691
1.22549045
2.32549024
2.37254930
3.86274481
5.60392094
5.06470585
3.05686259
1.45490229
0.93333369
1.99411809
3.07058835
5.14901924
6.09411716
5.58235264
4.99215698
2.32745123
1.34313750
1.29411817
1.57843161
3.04705882
2.74117684
4.80980444
5.82156897
3.69411826
2.55882406
1.12745130
1.47254896
2.46666670
4.12745142
6.43921566
5.29411697
5.08431530
3.14117646
1.47254908
1.53333354
1.31372571
2.70000029
2.29607868
4.19215727
5.69803858
4.70980310
2.93529415
1.61372566
1.24509823
2.25098038
3.26274562
5.77647018
5.98823595
5.10392094
3.97451043
1.73137271
1.28039229
1.11568642
1.83725512
2.70784402
3.25098062
5.07254934
5.93725538
3.40784383
1.63333380
1.25098073
1.55098057
2.64901996
4.73725510
6.68627453
5.19019604
4.81372595
2.44901991
1.30980432
1.05294132
1.38823557
2.50784326
2.51568651
4.76274538
6.13137150
4.33529425
2.63529372
1.06078446
1.12352967
2.08235335
3.89999986
6.63333273
5.06078482
5.00588274
3.60196066
2.28039265
1.00784326
1.15098059
1.92352951
2.77254963
3.22352934
5.94117689
6.04117727
3.32549024
1.75294161
0.98627472
1.29019642
2.82352972
5.74117661
5.83725500
4.47647095
4.66666746
2.23137283
1.62941229
1.18823552
1.26274526
2.54902005
2.23921585
4.72352934
6.17450953
3.92352962
2.35294127
1.18627465
1.28431380
2.24705911
4.35098076
6.65294075
4.56666708
4.74902058
3.12352967
1.77450991
1.30392170
1.12549043
2.20980430
2.12745118
3.25686264
6.04705954
4.74313736
3.00392175
1.06862772
0.89019620
1.88235319
3.24901962
6.58627415
5.21176529
4.34902000
3.86274481
2.14509821
1.56470609
1.14117658
1.87647069
2.55882359
2.42549062
5.13725471
5.94509792
3.18235302
2.13529420
0.78627479
1.06666684
2.45882344
5.48627472
5.85686255
4.82156944
4.53921556
2.21764708
1.72745144
1.40980411
1.67058849
2.39607930
2.38039255
3.89411783
6.06274509
4.26470613
2.48431444
1.21372581
0.98431385
1.99019647
3.75294161
6.07254887
5.09411764
4.74901962
3.13529491
1.61176479
1.45098078
1.32745135
2.06078482
1.93725526
2.74901938
5.64509821
5.19019604
3.08627486
1.39803994
1.06666684
1.51764727
2.91960812
5.53137207
5.64509869
4.82352924
4.24705935
1.68039215
1.47450995
1.31960797
1.47254920
2.21372557
2.25490236
4.41568613
5.92548990
3.62549067
2.26666713
1.09019637
1.11568642
1.86666679
4.40784311
6.20392179
5.26862717
4.37254906
2.54901981
1.76470602
1.32941222
1.06666684
1.98823535
2.11176491
2.99803925
5.51764679
4.77843142
2.79019618
1.27843165
0.59411776
1.25098062
3.44509840
5.66078377
5.55882359
4.70980501
3.85294151
1.89803958
1.35098064
1.39803958
1.46078455
2.44705939
2.35294175
4.74509811
5.60588264
3.71372581
1.78431416
0.66470593
0.70784324
2.32352972
4.73137283
5.66470671
4.88235283
4.22549057
2.41372609
1.76078463
1.26470625
1.39607859
2.13529444
2.30980420
3.54509830
5.52156878
4.69607878
2.37058902
1.02549052
0.54705882
1.27254927
3.58627510
5.97647190
5.06666708
4.53333378
3.24117708
2.13137269
1.66666722
1.34313750
1.84705913
2.48235321
2.59803963
4.95686197
5.22549105
3.12352967
1.56470621
0.81176484
0.96078444
2.69411755
5.11568737
5.60588217
4.58235312
4.37647104
2.19411802
1.75882387
1.74117696
1.57058835
2.26862788
2.35294127
3.71372581
5.43921471
4.07843161
1.95490217
1.02156878
1.02941191
2.15882349
4.33333397
5.67647076
4.90196037
4.41372585
3.49411726
1.23333347
1.41372585
1.59803963
1.93137300
2.52352977
2.55686307
5.31372547
4.64901972
2.70784378
1.19803953
1.08627486
1.53921592
3.62352967
5.25882435
5.49803829
4.42156887
3.85490179
1.47647107
1.47843170
1.55490232
1.76470602
1.96470618
2.40196109
4.06078434
4.95490313
3.57254934
1.43529427
0.97451007
1.21176469
2.75490260
4.46470642
5.70392179
4.77058887
3.98039293
2.42156911
1.79215717
1.29215717
1.30196118
1.81176507
2.20392179
2.84117699
5.00980473
4.04705858
2.11176467
0.77254921
0.78039229
1.90392184
3.60000038
5.37450886
5.34705830
4.25490189
3.38431454
1.93333340
1.60000050
1.42549050
1.50784349
2.00392175
2.50980377
4.54313707
4.39411783
2.91960812
1.31764722
0.79607850
1.24509811
2.53725481
4.69804001
5.66666651
4.66666698
4.17647076
1.64313734
1.96078491
1.39607871
1.66274548
1.81372595
2.39999986
3.52156878
4.97647190
3.96862769
1.98823547
1.20784318
0.86078447
1.54117680
4.01960802
5.18431377
4.51764727
4.20392227
3.17058802
2.14313769
1.53333402
1.53725529
1.89215708
1.93137264
2.63921595
4.99019623
4.22941256
2.59803963
1.74705935
0.97451013
1.30980420
2.79803991
4.82941198
4.77058935
4.33137226
3.70784307
2.10196090
1.97647071
1.42941213
1.46862781
1.78431392
2.22156858
3.57254910
4.64509869
3.58431435
2.00784349
1.16274536
1.14901972
2.07647085
3.64313769
5.17450905
3.98039293
3.85686255
2.50980401
2.15098047
1.33333337
1.52549040
1.27647090
1.70392179
2.60784340
4.97647047
4.34313726
2.27843142
1.28627467
1.18235314
1.55882382
3.34509850
4.54705906
4.41960764
3.65098071
3.75882316
2.10000038
1.47647083
1.49019647
1.21960807
1.50588238
2.28039217
4.66862726
4.26666641
3.29803896
1.55098045
0.83137274
1.37647092
2.57058811
3.88039184
4.78627443
4.15098047
4.21176529
2.34705901
1.88235295
1.50784361
1.41176498
1.38823545
1.94509816
3.09019637
5.29411793
3.53725529
2.17254972
1.06078458
0.95294130
1.85098064
3.11764717
4.85294104
4.33725452
4.14902020
3.21960807
1.91372597
1.52941191
1.49803960
1.10588276
1.89411831
2.53333330
4.98039246
3.93333411
3.10196066
1.48235333
1.01764727
1.34901989
2.72745132
3.95294118
4.84313774
4.39803982
4.08627510
2.14705944
1.82549071
1.15098083
1.73137283
1.78823543
1.85686302
3.98235273
5.10980463
3.30980420
2.13333392
1.18235314
1.31568670
1.86274540
3.37647104
5.00980425
4.34902000
4.75294113
3.05490232
1.87254918
1.43333364
1.70980418
1.32745123
1.35882378
3.14901948
5.35686398
3.94705939
2.30392194
1.36470628
0.89215702
1.62352955
2.78627467
4.22352982
4.23921585
4.35686302
3.97254944
2.33725548
1.69803941
1.84117675
1.29607904
1.22745144
1.98823547
4.91176414
5.04313707
2.90980434
1.63529420
0.66078436
1.12156868
1.99215686
3.45882392
4.26078463
4.18627405
4.26078510
2.64509869
2.15098095
1.84705913
1.64705908
1.14705920
1.74313760
3.35882354
5.52549124
3.62352967
2.11568689
1.20196116
0.93921590
1.18431401
2.90784335
4.03725529
4.05686283
4.18627501
3.25098085
2.16078448
1.97254956
1.83529425
1.22156906
1.33333361
2.39019656
5.14902020
4.31764698
2.46078491
1.48431373
0.84117657
0.74901974
2.20588255
3.69411731
4.30196095
4.13333321
4.05882406
2.09411812
2.02352929
1.84509814
1.53921568
1.09411788
1.54901969
3.74117661
5.14705896
3.20392132
2.28039217
0.53529412
0.92352957
1.51568639
2.96862793
4.55098057
4.27843142
4.50196123
2.93921590
1.81176496
1.68039238
1.81176519
1.17451000
1.24901974
2.24902010
5.51960850
3.85294127
2.50588226
1.16862786
1.00392175
1.38235331
2.64509821
3.81372619
4.75882387
4.33333302
3.57647061
2.00392222
1.70588303
1.26274550
1.58235323
1.04509830
1.89803958
4.22549009
4.36862803
3.29803944
1.34902000
0.92156875
1.11176491
2.13725495
3.47647119
4.31960773
4.19019651
4.09019661
2.22745109
1.66666698
1.61372578
1.49803948
1.41568661
1.76470613
2.40588236
4.97843075
3.78431463
2.06862783
0.75490224
1.37843168
1.29215693
2.86078429
3.57647061
4.08627462
4.33529472
3.12156868
1.70392191
1.62549055
1.51176488
1.66666698
1.60784352
2.12941217
4.26666737
3.65490246
2.64509845
1.46078432
1.27058852
0.85882396
2.00784326
3.33921599
3.88823533
3.86666679
3.74117684
2.45882392
1.69803977
1.59803963
1.38823569
1.41764724
1.77843153
2.54509830
4.88627529
3.27451015
1.84901977
1.11176503
1.18823528
1.37254906
2.87843156
3.46078444
3.94705915
3.77843165
2.88431430
1.92745113
1.76862776
1.59215724
1.44705927
1.07254910
2.33137274
4.70196104
3.70980382
2.15882373
1.17647099
1.10784352
1.02941191
2.35294175
4.10392189
3.73921609
3.75098109
3.67647099
1.97843158
1.99803948
1.78235292
1.53529429
1.21764719
1.49803925
3.16274548
4.80392122
2.50392151
1.43137252
1.01960802
0.75098068
2.23529434
2.80000043
4.03725529
3.98039222
4.12941217
2.76274562
2.11764717
1.57647085
1.57058835
1.16862750
1.47843182
1.62745118
5.20392084
3.07843161
1.92156875
1.06274521
0.90980417
1.52941191
2.22352982
3.77450991
4.00588322
3.98627472
3.61568666
2.47058845
1.39803946
1.67451012
1.23333371
0.92745119
1.86274540
4.00392199
4.34509802
2.10196137
1.27254927
0.95098048
1.57058859
1.94705927
3.25882387
3.83725524
3.63921642
3.90980411
2.74901986
1.65294194
1.45490217
1.65882373
0.53333342
1.90980422
2.48039198
5.36862755
2.81372571
1.75490248
0.91372567
1.22941208
1.82352960
2.78627491
3.41764736
3.14313769
3.49019647
3.24902034
1.85490227
1.65098071
1.34509814
1.07058847
1.23529434
2.10588264
4.66274548
4.36862803
2.58235359
1.43333364
0.76078445
1.30784321
2.54117680
2.76274562
3.36470628
3.37058854
3.20392203
2.32352948
1.99803936
1.48235333
1.89803958
1.23921573
1.55490220
2.88235307
5.97843122
2.78235316
1.71960783
0.87254930
1.02745128
1.98039246
2.79803944
3.41176510
3.00588274
3.78823590
2.73725557
2.02156901
1.86078453
1.70588255
1.82549047
1.57058835
1.81176496
5.41960812
3.79019642
1.55882370
1.25098073
1.14117658
1.77647078
2.53529453
3.19019651
3.49411774
3.60980463
2.86862803
2.18627453
1.93921602
1.62941182
1.71176505
1.66862774
1.48039234
3.55882406
5.63137197
1.93137300
1.59607863
1.08235312
1.67843199
2.45294142
2.96862793
3.71568608
3.18235302
3.91176534
2.19019604
2.09411788
1.58039236
1.37647104
1.61568677
1.39215720
2.41176534
5.77647066
3.20196080
1.90196085
1.23725498
1.31960809
1.61568654
2.76274562
3.48431420
3.30392146
3.70196128
2.91176438
2.17058849
1.85098076
1.59803951
1.54901981
1.25686312
1.64705896
4.27058887
4.94313717
2.04117656
1.70196116
1.27058828
1.34705925
1.99411798
3.19411755
3.63333392
3.25098085
3.71176505
2.04313779
1.88627470
1.51568663
1.69803953
1.55294144
1.61960816
2.92941213
5.27647066
2.77450991
2.17254925
1.15490210
1.55294168
1.50588262
2.81372571
3.52941203
3.18627477
3.43921566
2.68039250
2.03529477
1.26862776
1.59215701
1.87451005
1.41176498
2.31176519
4.59804010
4.04901981
2.82549000
1.39803970
1.00588250
1.26862752
2.44509840
3.12156940
3.32352901
2.94509816
2.83725476
2.17647076
1.60980403
1.32941198
1.89607871
1.56666684
1.59215713
3.63725543
4.36470604
3.52941203
1.72745121
1.06470621
1.08627486
1.87647069
2.36274529
3.20784330
3.01568675
3.08235335
1.88039255
2.15882373
1.51372588
1.80196118
1.32156873
1.53921604
2.67254949
4.52941275
4.01176500
2.69019604
1.18235314
1.32156885
1.74902010
2.05294156
2.75490236
2.97058845
3.06274509
2.61372566
1.81372571
1.73333359
1.61960793
1.60196114
1.43921590
1.70392179
3.63333344
4.47646999
3.74117684
1.56666696
1.33529425
1.60784340
1.93529451
2.59411764
3.09215689
3.16274548
3.18235278
1.76078486
1.87843168
1.74117684
1.38039243
1.49607873
1.44509828
2.52353001
4.18431377
4.38627529
3.07451034
1.28235316
1.55098104
1.73921597
2.40000010
3.39019632
3.10588241
3.35686302
2.51764703
2.01372576
2.04117703
1.49215734
1.31764734
1.75686300
1.79607880
3.39411759
4.47843122
4.04313707
1.71764767
1.42549050
1.52745140
2.04705930
3.14705849
3.26862764
3.35686278
3.28431368
2.28039265
2.04117680
1.78235328
1.09803951
1.78431392
1.41960824
2.73529434
3.99411798
4.53725481
2.33725500
1.31764734
1.34901977
1.88039243
2.35882378
3.40000033
3.13137269
3.65882444
2.84705901
2.04117656
1.64117682
1.38235354
1.86862791
1.11176503
2.40000033
3.61764741
4.18627453
3.86666703
1.04901981
1.23333371
1.72156882
2.21568632
2.82745099
3.05490184
3.26862764
2.89411831
2.50000024
1.93921602
1.44705892
1.50196087
1.47843170
1.99803925
3.20392203
3.86078453
4.32156897
1.70980430
1.09607863
1.37058866
1.93333352
2.58431387
2.94705892
2.85490251
3.20980406
2.33529425
2.31372571
1.71568668
1.42156875
1.51960802
1.61176491
2.37450981
3.26470613
4.42941141
2.53137255
1.06274533
1.49607885
1.56078446
2.48823571
2.69215727
2.85686278
3.46078515
2.69803929
2.15882397
1.79019618
1.30588269
1.38823557
1.46470630
1.79019654
3.24902010
4.03921604
3.32352924
1.53529453
1.37450993
1.49215698
2.36274529
2.88039255
3.09803963
3.15882349
3.32156849
2.43137264
2.11568642
1.74509847
1.40392172
1.50000024
1.57254934
2.93921614
3.55490208
3.90392232
1.96274543
1.39215696
1.78235292
1.61960804
2.52745080
3.09803915
3.28823566
3.21764803
2.64117670
2.14902020
1.98039234
1.44705904
1.73137271
1.53137279
1.92156875
4.30392170
3.57647061
2.58235335
1.85098088
1.31372571
1.75294185
2.10196137
3.37058806
3.29803944
3.06666636
3.16666722
2.20000005
1.57450998
1.69019651
1.61176491
1.56470597
1.72549057
3.82549047
3.81960845
2.72352958
2.10980415
1.28235328
1.80196118
1.71960819
3.21568656
3.34117675
3.34902000
3.22745132
2.54509807
1.78823566
1.77843177
1.83137262
1.57843184
1.74705899
2.48823571
4.34705973
2.90784359
2.06470609
1.79215693
1.36078453
1.88627505
2.37843132
2.91176558
3.22549057
3.22745132
2.68627548
2.52352977
1.66078472
2.02745128
1.92156899
1.61568654
2.08627439
4.08627510
3.14313793
2.23137283
1.92941213
1.15098071
1.87254918
1.94117713
2.88823605
2.74705887
2.99803972
3.20980453
2.51764750
1.79411781
1.69803965
2.48235321
1.55882359
1.91960788
3.19215727
3.34509826
2.64705896
1.88431394
1.33529425
1.41372561
1.84902000
2.64901996
2.82745099
3.06470656
3.12156820
2.78627467
2.26666641
1.81176507
2.01176500
1.68039274
1.67647099
2.39019632
3.54313707
2.77647066
2.28431392
1.40588284
1.54117680
1.74901986
1.97254932
2.55294180
2.69215703
3.18235350
3.17058897
2.36078453
1.75882375
2.05294132
1.76470637
1.55882406
2.03529429
3.04705930
2.93725467
2.55490232
1.60588253
1.17450988
1.51764739
1.55686307
2.80392194
2.17843175
2.93921590
3.30392146
2.70588255
1.71960807
2.25294137
1.73529434
1.37451005
1.69803941
2.56078482
2.85294151
2.52941203
2.03921604
1.08627474
1.16470611
2.06862760
2.18627477
2.54509830
2.42745137
3.45490193
2.70196056
2.24509811
2.12941170
1.92352951
1.45294154
1.37647080
1.85294139
2.98039341
2.61764741
2.08235312
1.20784342
0.96274525
1.60000026
1.92549050
2.14117670
2.50000000
2.94509816
3.00784349
2.80392218
2.01176500
1.76078439
1.50392199
1.57647085
1.56862772
2.01372576
3.12156868
2.27647114
1.36666691
1.20000052
1.73529410
1.79607880
1.84313750
2.46666694
2.96470594
3.11568642
2.98235345
2.08823562
2.18823576
1.45686305
1.51176512
1.77254927
1.72941220
2.87451029
2.61568666
1.73921585
1.34902012
1.42745137
1.88235331
1.80784333
2.17254925
2.74705958
3.26274514
3.16862750
2.39215755
2.00784349
1.80784333
1.78235316
1.78627491
1.35098064
2.71960807
2.71176505
1.93921590
1.80980408
1.07647085
1.53725505
1.61372578
1.73333347
2.65294099
2.82156897
3.07254934
2.69803929
2.33725548
2.07058835
1.59215701
1.48039234
1.42941189
2.09607863
2.80784345
2.45490217
1.79411781
1.55882370
1.18627465
1.26666701
1.76862764
2.45686316
2.68431377
2.70392179
3.02352977
2.90980434
1.91960812
1.94313788
1.64313757
1.50784338
1.38627470
2.58823538
2.59803939
2.01764727
1.71764767
0.81176490
1.43529439
1.64117658
2.21568632
2.53137279
2.85098004
3.33921623
2.95294142
2.72156906
1.85882378
1.65294147
1.78235340
1.16470611
1.89215696
2.79411769
1.97451031
2.02549052
1.14117658
1.07451010
1.78431380
2.00000048
2.35490227
3.06862783
3.12548995
2.90000033
2.45294142
1.81372571
1.83137274
1.67254913
1.68235326
1.58039236
2.25686288
2.35294175
1.97254944
1.49411774
1.12941206
1.85294116
1.68235314
2.17843127
3.01176524
3.08627462
2.96666694
2.37450981
2.11960816
1.72352970
1.85490203
1.47450995
1.61960793
1.89019656
2.34313750
2.18039250
1.53137290
1.50392199
1.47058833
1.88823545
2.04509830
2.48235345
2.96862769
3.00784397
2.88039160
2.57843184
1.83725512
1.77058864
1.40392160
1.77254927
2.00392151
1.89215708
2.30588245
1.54509854
1.91568637
1.27843177
1.66078472
2.11568666
2.43921566
2.52352953
3.11568642
3.38627458
2.47254896
1.98235309
2.10000014
1.66862786
1.71960819
2.01176500
1.83529425
2.28039265
1.87843156
1.78039229
1.42352986
1.51960838
1.76862764
2.32941198
2.64705920
3.12941217
3.24705958
2.86470604
2.07450986
2.07451010
2.11176538
1.57843161
1.89607859
1.66470611
2.29019666
1.88431406
1.68627489
1.48235321
1.38627470
1.53333366
1.85294139
2.43725514
2.60588241
3.39215684
2.74901962
2.33725548
2.03725529
1.65294123
1.79803944
1.75490201
1.60588264
2.02941203
1.78431392
1.84117699
1.58039260
1.22156894
1.41568637
1.72549033
2.18431401
2.13333344
2.90980458
3.09607816
2.67451024
2.01372576
2.19411778
1.81176496
1.98039258
1.65686285
2.01568651
1.84705889
1.96274543
1.47058845
1.82941186
1.51568627
1.44901991
1.88431394
2.62352991
3.09019685
3.12745142
2.49215698
2.20784307
2.25490189
2.24509835
1.75098050
1.57058847
1.93921602
1.59019637
2.00784326
1.79607892
1.62549031
1.52156901
1.69411790
1.69411778
2.41764712
3.06078482
3.32549000
3.04313707
2.60392165
2.14509845
1.97058856
2.06274533
1.84902000
1.83921587
1.72745121
1.80392206
1.61960816
1.19607878
1.53333342
1.46470606
1.74705935
2.28431368
2.55882382
3.20196104
2.92156935
3.11568642
2.61960769
2.33921623
2.10392189
1.72549057
1.91372597
2.00000024
1.92549050
1.71568644
1.65098059
0.74313742
1.67254937
1.56274545
2.03333378
2.55098104
2.87843132
3.39607930
3.07843184
2.97058797
2.69607878
2.10980415
1.61372566
1.83137286
1.48235297
1.66862762
2.02156901
1.78431404
1.27843165
1.31568635
1.76666689
1.80784345
1.85490203
2.71176505
3.18431401
3.24509835
2.90392160
2.91372609
2.06078458
1.60000038
1.63921595
1.55490220
1.17058849
2.45686340
2.04509854
1.56862795
1.44705927
1.92941201
1.46666694
1.71372604
2.30784345
2.73921609
3.18431401
3.00588226
2.66470647
2.27450991
1.96666670
1.40196097
1.63725507
1.79215705
2.20000052
1.98235333
1.57058859
1.71176481
1.57647085
1.30392206
1.44117665
2.23529434
2.93725562
3.16470647
3.07843161
2.35882378
2.31764722
2.11568618
1.97843158
1.47647107
1.58235335
2.04902005
2.16862774
1.74705935
1.76470613
1.56274545
1.40588272
1.54117668
1.79803944
2.87254906
3.29607892
3.08627510
2.65294123
2.65294123
2.50196147
1.67254937
2.15490246
1.56470609
1.87843168
1.84117663
1.82352984
1.67058837
1.70784354
1.26274514
1.51372588
2.33725524
2.40196109
2.80196118
3.20196104
3.31176496
2.52549076
2.68627501
2.29215717
1.90784335
1.92745113
1.72549069
1.50196087
1.85686290
1.89215708
1.67843163
1.30196106
1.69607878
2.10784316
2.12549043
2.99607849
2.78823590
3.19411826
2.85686255
2.24117661
2.13725543
1.93921590
2.10588241
1.53137302
1.59215689
1.76470590
1.81764722
2.20588255
1.27647090
1.71176493
1.41176498
2.43725491
2.43725491
3.00784326
3.32156897
2.97058916
2.62156892
2.11568642
1.94509852
2.04313755
1.56078470
1.40392184
1.77254951
2.15882397
2.28431416
1.60196126
1.44509852
1.45686305
1.64901972
2.51372528
2.99607849
3.21764708
3.03137279
2.88039231
2.49411798
1.63333356
1.94313729
1.88627470
1.48627472
1.74313748
2.01568651
2.26274538
1.82549047
1.46470618
1.73333359
1.23529446
2.30588245
2.90392184
2.56078458
3.00392175
3.15686297
2.57058883
1.85098052
2.01568675
1.93333375
1.88431406
1.51764739
2.02941203
2.34313750
2.07843161
1.41568649
2.00588250
1.32549036
1.63529420
2.50000024
2.89803958
2.73725510
3.01764774
2.73921585
2.48235321
2.08235312
1.98039234
1.68431401
1.96862757
1.68235302
2.04313731
1.89803922
1.54509842
2.11764741
1.47647071
1.66666698
2.65098071
2.35490251
3.15294147
3.03333330
2.84509826
2.47058845
2.48627448
1.86078453
1.78627467
1.68431389
1.44509828
2.04117680
1.77058840
1.56862772
1.57058847
1.66862750
1.32941210
2.66470647
2.36078429
2.77450991
3.18039274
3.07058835
2.73333335
2.30196095
2.06470609
1.83725524
1.57254946
1.51372576
2.16274571
2.16274524
1.70392168
1.36274552
1.52745140
1.20588267
2.12745118
2.22745132
2.47647095
2.82941175
3.35294151
2.68823552
2.51568627
2.17451024
1.71960843
1.54313755
1.54509830
2.19411802
2.29019618
1.75294137
1.66666698
1.64509833
1.34509838
1.56862760
2.23333359
2.64901996
2.71176529
3.20000052
2.77843189
2.41764712
2.47450995
1.97450984
1.60980427
1.33137286
1.66470611
2.43333364
1.61176479
1.68431413
1.54313743
1.38039231
1.26274538
2.01372576
2.63921595
2.91176438
2.87058854
2.81568599
2.55098057
2.07843184
2.17843151
1.71372581
1.70588243
1.24705911
2.27058840
1.67058849
1.43137264
1.74509859
1.71176493
1.00784338
1.85294139
2.47058845
2.84313726
2.76274514
3.07843161
2.77254987
2.26666713
2.25490236
1.94509828
1.71764731
1.69411802
1.50784326
1.79019618
1.66078472
1.68823576
1.63921607
1.52941191
1.61372578
2.26470590
2.66862774
2.79215693
2.90000010
2.87254906
2.60392165
2.40000033
2.14117670
1.87647092
2.06078434
1.24509823
1.80196106
1.69215703
1.62156916
1.96666682
1.73137271
2.05882382
1.68823552
2.49411798
2.69607878
2.99803948
2.33529425
2.70392156
2.81176519
2.18039227
2.03333378
2.16274524
1.62941194
1.78627491
1.62745130
1.70000029
1.64509821
2.08627462
2.13137317
1.35882390
2.05882359
2.72941184
2.57843161
2.85098076
3.12549043
2.76078439
2.50196099
2.10392213
2.16666698
2.06666708
1.62745130
1.99607849
1.84117675
1.50196087
1.92549038
1.70784354
1.60980415
1.66470611
2.60980415
2.78627443
2.97647023
2.77254939
2.66470623
2.54901981
2.25294113
1.98627484
2.01960802
1.86078453
2.22941208
2.12941194
1.97254932
1.71176481
1.61764765
1.52352965
1.99411762
2.52352929
2.72156858
2.53333330
2.89607882
2.36862755
2.42156863
2.04313755
2.28627467
1.77058864
2.11764741
1.99215722
2.14509797
2.21176505
1.70000052
1.74509811
2.19607854
2.04705882
2.20980430
2.76666713
2.61568642
3.02352929
2.57451010
2.34705925
2.03137302
2.06470609
1.82549047
1.79607868
2.02745128
1.76862776
2.12549043
2.02941251
2.13333368
1.79215705
1.98235309
2.10588288
2.38235283
2.53529406
2.48431396
2.91960859
2.35882378
2.28235316
2.23529458
2.30588222
1.72156894
1.83529425
1.48431373
2.09019613
1.77451003
1.77451015
1.55882370
2.38823557
1.93725514
1.73529434
2.45294118
2.48823547
2.74901962
2.39411807
2.45098090
2.52352977
2.41764712
2.19803929
1.93137276
1.66666687
1.94509840
1.35294175
1.54313755
1.89019644
1.48431373
2.09215713
2.05098057
2.20784354
2.60392189
2.59215713
2.73725486
2.77647090
2.41176510
2.37058830
2.55098081
2.37843180
1.75490224
2.21960831
1.45490205
1.33921576
1.44313776
1.70980442
2.14117670
1.99803948
2.15490198
2.60392213
2.76078463
2.50000024
2.88235331
2.29607892
2.39411807
2.29607868
2.02156925
2.04901981
1.76078463
2.26666689
1.46078455
1.54509819
1.97647095
1.39411795
2.54902005
2.28627491
2.54117680
2.62549043
2.84117675
2.59411788
2.51372623
2.03725529
2.10000014
1.74117672
1.96666718
1.47647095
1.95294142
1.96470618
1.90784359
1.76078475
1.74509847
2.46274519
2.08039260
2.91960812
2.55490208
2.57647038
2.70392156
2.69803953
2.56470656
2.35294151
1.75686276
2.04901981
1.82941175
1.66666687
2.24117684
1.75098062
1.61568642
1.81764722
1.93137288
2.40588260
2.23725510
2.83725524
2.72352958
3.00980425
3.01568675
2.47058821
2.67058849
2.28823543
2.21568632
2.23137283
1.76862776
1.99215722
2.21960807
1.46470594
1.72352993
1.65686274
2.29215741
1.76078451
2.43333364
3.00000024
3.09215736
3.15294147
2.43921590
2.62549067
2.52352953
2.45098042
2.01176476
1.67451012
2.00000048
2.03921604
1.44313765
1.91372585
1.63529432
2.11372566
1.79803956
2.00196099
2.23529458
3.01372600
2.93137264
2.90980411
2.34313726
2.25098062
2.40196109
2.20784330
1.59019637
1.91960812
1.45294142
2.00000000
1.70980418
1.71960807
2.04313755
2.27843189
1.66666675
2.28039217
2.54705906
2.86470628
3.06470585
2.53725505
2.34705925
1.97647071
2.09215736
1.84705901
1.71176493
1.65882397
1.74705911
1.94509840
1.51568663
1.75294137
2.29607868
1.66666687
1.91568637
2.66078448
2.55294156
2.75882363
2.79215693
2.40000033
2.21568656
1.84705901
2.05686307
1.74509823
1.89215708
1.68235326
1.89411795
1.32352960
1.82352972
1.81176496
2.01372600
1.52156889
2.30980468
2.69215679
2.76470613
2.57058811
2.38431406
2.28627419
2.24705911
1.83529425
2.00588250
2.19803977
1.65686297
1.85098076
1.42352962
1.42941201
1.89411783
2.21764755
1.97647083
1.82549036
2.60980415
2.74705887
2.43921590
2.38627458
2.67451024
2.23921609
2.06274533
2.16862774
2.16470647
1.73137283
1.86862755
1.71960831
1.62941229
1.72352982
2.00000048
2.26274538
2.03921604
2.29215717
2.42941236
3.01764703
2.57254934
2.23725510
2.27450991
2.25686312
2.08039236
2.19215703
1.55882382
1.88235319
1.90196109
2.00000024
1.87843132
1.69215691
2.07451010
1.91764700
2.16078472
2.51568675
2.78627467
2.80588245
2.20980430
2.10588264
2.17451000
1.98823547
2.01764727
1.81568682
1.56666696
1.88235319
2.00392175
1.95294130
1.87058854
2.04313755
1.51176488
2.50588250
2.65294099
2.74705911
3.12352967
2.45098066
2.21372557
2.30588245
1.90000010
1.78235328
2.35490227
1.50392175
1.94902003
2.12352991
1.94117665
1.99215710
1.83921587
1.82156897
2.42548990
2.52941227
2.94313765
2.89607835
2.68431449
2.48431396
2.00784349
2.24705887
1.96666706
1.69607854
1.73529422
1.57254934
1.54705906
1.64117694
1.71372581
2.06274533
2.16274548
2.49411798
2.28431439
2.65686321
2.80392146
2.92745113
2.75490236
1.98039269
2.18235350
1.87254953
1.74705899
1.53725517
1.61960804
1.08627486
1.95294142
1.79019642
1.96078444
1.81568646
2.01176476
2.45490217
2.38235283
2.60392165
2.73529410
2.72549057
2.60588264
2.09607863
2.11176515
1.70000029
1.52549076
1.71176481
1.81372571
1.42156887
1.96862769
1.95882392
1.95882368
2.21764755
2.15686274
2.23725510
2.78431392
2.58235312
2.83725500
2.54705930
2.65686297
2.20980430
1.73725522
1.62352979
1.64705896
1.86666679
1.50000000
1.79215705
1.60980392
1.68235314
2.15294123
2.38431406
2.29803991
2.51568651
2.67254949
2.96862745
2.69411802
2.25294161
2.45490241
2.14313769
1.71568656
1.43921602
1.50392187
1.55882394
1.39607859
1.74117684
1.86666691
1.89803946
2.32549024
2.42549086
2.26470590
2.80980420
2.50588250
2.49411821
2.35882378
2.68431425
2.42745113
1.75294113
1.59215724
1.52156889
1.31568682
1.31372583
1.90588260
2.10392189
1.20392179
2.51568651
2.40588284
2.63921571
2.28235292
2.38235331
2.64901972
2.26078463
2.52549052
2.48235321
1.95686293
1.62745094
1.41764700
1.49803925
1.73137283
1.82549047
2.07843161
1.82745171
2.07647061
2.50196099
2.22352982
2.73921609
1.96078479
3.03137255
