13.43137360
15.27647209
14.80588245
14.35098171
12.38039207
11.06862736
11.67843056
8.45098019
10.70588112
11.23921394
13.94117451
13.59608173
13.75686359
11.31764793
9.32549095
11.84901714
10.63333416
16.02941322
10.80196190
13.17647266
12.96274567
10.58431244
10.44510078
10.98235226
7.67843199
10.04509640
10.33725452
14.56862831
14.02941322
13.60588074
9.95882416
8.23333263
10.33137226
8.16666794
12.31960964
9.35686302
11.24901867
10.77255154
8.39999962
8.50980473
8.66078472
6.71372557
8.30392170
8.15882492
10.92941284
9.98823833
9.70784378
7.51568651
6.63921547
8.40196037
7.26862669
9.65490150
8.70392132
8.97647095
8.65490437
6.25490236
6.19215727
5.81372595
5.74705887
5.72156906
5.96274471
6.19607830
5.14901924
5.07058811
5.77254868
5.41372633
6.53529453
6.98039246
8.50392246
8.00784397
6.98039198
6.88235331
5.12156916
4.92941189
4.15882444
4.67843199
4.02156925
4.88039255
4.64901924
3.65882397
3.65490246
5.32941103
4.98431349
5.68431425
6.81176567
8.32353020
6.74313736
5.61960745
5.32745171
4.74901915
4.29019594
3.52549100
3.73921561
3.62156868
5.09999990
4.25686264
3.66274500
3.27450991
5.22156906
4.34509850
5.73921633
6.75490189
11.71960926
6.01568747
4.58823586
4.38823557
4.31372547
3.71176505
3.53529429
3.38627505
3.80784369
5.75686264
3.80588245
3.86274505
2.70392179
4.74313736
3.70392108
5.51568699
6.43333340
11.62352943
6.07843113
4.40392160
4.20196056
4.39019632
3.39411831
3.97058821
3.49411821
4.30392218
5.83529472
4.07058859
4.31176519
3.02352953
3.95882368
3.99215698
5.11568642
5.75686264
10.98627663
6.09607887
4.48823500
4.24117661
4.79215765
3.81764746
3.78627467
3.74117684
4.59215736
5.40784454
4.76078463
4.79803944
4.03921556
3.31176448
4.53529406
4.42941236
4.80980396
12.19412041
5.81176519
4.95294142
4.64313698
5.09999990
4.49019575
3.53921556
3.97843170
4.71568775
5.41176510
5.30784273
5.20000076
4.05882359
3.05098081
4.75294113
3.65686297
4.71960783
13.97451115
5.62941217
4.81176519
4.92353010
5.18235350
5.24901962
3.38823557
4.10588312
5.32156944
5.44509792
5.12156868
5.55686235
4.02549028
3.04117632
4.13529444
4.11568689
5.72352982
11.52157021
5.60980511
4.66274500
4.65686226
5.20784426
5.18039227
3.72745109
4.75686216
5.49803972
5.20980358
4.83333349
6.28431416
4.67450953
4.42156887
4.98235321
6.07647085
7.80588341
3.42941213
5.62352896
4.22745180
4.89607954
5.02549076
5.02548933
5.24313736
5.97451067
6.06470633
5.29411793
5.98039341
7.74117756
6.69803953
6.97058821
7.54117775
8.22156906
10.79215717
3.55686307
5.61372519
4.38823462
5.81568623
5.19411802
5.41372585
7.85882521
6.06470585
6.13725519
5.11960840
8.16078472
9.75098133
8.70196152
9.81372547
10.30391884
9.47058964
13.28235340
6.31960821
5.24117708
6.75882339
7.38823605
6.22352982
7.15294218
10.22156906
6.87254953
5.71372557
5.95294142
9.90392208
11.48431587
9.59607887
12.19607830
10.09215546
9.92156887
12.56470680
8.44706059
4.68431425
9.31764698
9.54901981
7.08823538
9.89215851
11.33137321
9.76274586
6.82548952
8.74313736
10.58627510
12.07451153
10.10000134
13.37058926
9.49019527
10.38235188
11.41176605
8.63921833
4.82352877
9.41372585
11.62549019
8.43921661
11.03725624
11.59607792
12.61568737
9.49019718
13.02156830
10.82353020
12.06666660
10.90784264
13.81764889
9.40392208
10.34705925
10.64901733
6.67255020
4.90588379
9.41960907
12.28039265
9.94902039
11.11961079
13.22745132
16.47058868
12.09607792
15.13725471
10.37058830
10.62156963
10.76078415
13.66862869
8.54509735
9.57647133
7.80980444
5.73137331
4.93529463
9.72353077
10.52353001
11.56666756
11.22157001
14.98235416
18.39019775
11.18627167
14.00392532
8.74705887
7.94313812
6.78823614
8.04509830
6.18431377
6.70196056
4.49019670
5.64705992
5.25294113
10.13921547
9.56274605
13.09608078
10.83137226
13.68627548
15.80196190
6.87058878
8.64313793
6.83529472
5.38823557
2.72549057
3.33725476
5.42941284
4.63529491
3.45490289
6.35097933
4.80196047
9.16078472
8.90000153
12.22549248
9.73333454
10.21960735
11.61960888
4.00392199
6.20392132
6.45098066
4.14901972
1.87058830
2.41764736
4.36666775
3.98039246
3.22941208
8.17058754
4.57451057
6.81372595
7.83529520
9.28823566
7.18627548
5.70980406
6.40588188
3.43921614
4.94509840
6.77254963
3.12156940
3.38431382
2.55490232
3.21764755
3.40588307
3.00784326
7.57647133
5.27647114
4.66078424
5.48627472
6.37451029
4.56666756
3.10588288
4.65686321
3.66666675
2.42352986
7.96470690
3.40000057
6.41176558
2.43333340
1.69215739
3.33137274
2.98823500
5.22549057
5.15490246
3.28627467
3.61568642
3.76274538
2.35882378
1.90980422
4.12941122
4.16666698
1.52352977
10.36862659
5.72941208
7.20784378
2.35882401
1.84117699
3.23725510
5.23529339
6.88823652
5.25294065
2.09803963
2.57843184
1.63921607
1.08627450
2.06274557
2.83333397
4.49019623
1.53137267
12.15882492
8.82941151
8.04313660
4.30784321
2.55686235
3.63137269
9.44705963
8.29411888
5.20784426
1.59607852
1.71764755
0.48039216
0.56862748
3.23921609
2.20784283
4.69215679
4.31764746
13.26862717
12.35686398
10.30784416
7.77451038
3.50588298
3.92941213
11.20000076
7.23725557
4.85686207
1.42745137
1.24117696
0.26666668
0.25098041
4.60392189
2.42549086
5.33921576
7.51764727
13.84509945
14.86862659
13.54705906
10.65882492
3.92549038
4.96274567
11.28039169
4.27254963
4.75686312
0.86470604
0.62352961
0.30196080
0.14705883
4.88823557
3.15686321
4.82941246
9.15098000
15.42156792
15.46862888
16.00588417
11.07059002
3.84509850
5.78627491
9.20392323
3.36078453
5.31764698
0.51568627
0.18235295
0.44705883
0.37843138
5.06078482
3.93529367
4.40784359
9.73529434
15.29019737
15.57647228
16.82744980
11.05490303
4.95882463
6.54901934
7.19803905
2.60000014
5.90000010
2.65490222
0.29411766
1.87058866
0.77647096
5.16666651
2.88039207
4.69607878
10.14705944
12.26470661
14.99411774
15.28039455
11.33921623
6.91764688
6.73137331
5.80784416
2.25490189
5.81568623
7.67843151
0.82549024
3.85490227
0.92745137
4.88235331
2.18823552
4.81764746
10.55882263
7.79411888
11.95686245
10.75490284
9.15098095
9.01960754
5.94509888
3.56862760
1.89803958
5.27843189
12.44509792
1.77451003
5.02941275
1.16078460
5.12549019
5.01960850
6.92549038
11.14117813
4.20980406
7.75686407
6.00392199
6.76470613
9.62941360
5.53529501
2.49215722
1.49019635
4.94901943
14.20195866
2.87058902
5.02745199
1.71372581
6.52745104
10.00784397
9.21372414
11.04117680
2.53725553
5.61960745
3.00000000
4.59803963
9.00980282
4.34117651
2.19607878
1.41960788
4.69411755
11.84117699
4.41960812
4.83529425
2.34705925
5.95098066
14.33137417
9.56666660
9.60784340
1.78431404
4.99411821
1.06862760
3.31960797
8.13529491
3.63725471
2.79803967
1.60588253
4.09607887
7.69215631
6.12549067
5.64313841
2.85490251
5.22549057
16.43922043
9.08039188
7.98039246
1.84901977
4.64313793
0.72352946
3.37254906
7.89215803
3.81960797
3.15882373
1.31568646
3.61764741
4.60000038
7.71176529
6.83529425
3.48823547
6.31372499
14.74705982
8.02548981
5.48627520
1.87647080
3.52745128
1.01372564
3.36470604
7.73725510
3.78039265
3.69803929
1.08235312
2.43725514
3.46274543
7.52156973
8.49803829
5.20784283
8.30980301
11.88039207
6.61176538
4.78235388
2.49019623
3.17843151
1.49607861
2.64901948
6.54509783
3.57254887
4.18039179
1.04117668
1.22745156
3.17647076
5.80196095
10.14706039
7.68235302
8.40196133
6.93921614
4.84313679
3.37843156
2.93725467
4.00392199
1.86470604
1.59411788
5.22941208
3.20980430
3.94509840
0.78431386
1.20000029
2.30196095
4.03529453
9.37451172
9.36666679
7.65294170
3.70196080
3.51372600
2.33333349
3.68039227
5.11764765
2.16470623
0.94313741
4.77843189
3.15490246
3.33333325
0.96862763
1.32941222
2.22941208
2.21960831
7.10784388
9.86666679
6.37058878
2.52352953
2.89607882
1.80392218
5.03529501
5.28627491
2.18235350
0.29803923
4.79215765
2.87451029
2.76666665
0.52549022
1.40196097
2.41764760
1.35490215
4.52156878
9.59803867
5.94705772
1.78823543
2.58627462
2.04313755
6.11764717
5.02352953
1.97058845
0.48431373
4.50392199
2.76078463
2.33137298
0.22549020
1.17647064
2.52745128
1.27254939
2.88235307
8.47254944
6.39215755
1.61372602
2.01764750
3.59411740
6.02941132
4.23333359
1.28431404
1.54509807
3.85686326
2.18039227
2.57058859
0.11176471
0.71764719
2.58235312
0.74117684
1.69411778
7.08823538
6.60392141
2.39607882
1.90980446
6.69607878
5.37843037
3.80392146
1.36666715
3.40000010
3.82941198
1.71960783
4.72745132
0.16862746
0.69803923
2.69215703
0.65294129
1.46274531
5.26078415
7.22941160
2.76470590
2.10980415
8.12745190
4.04901934
3.36078477
1.51568651
5.36274576
4.05490208
1.53333354
6.73921680
0.16078432
0.29803923
2.36078405
1.00196087
1.15882385
2.93333387
6.67451000
2.89607882
2.56666636
7.02156925
2.65686321
2.93725514
3.02745104
6.09999943
3.78235364
2.20392179
7.36666632
0.13333334
0.45098040
1.85294151
1.09215701
1.10784340
1.30588245
5.15490246
3.11176491
3.12745166
5.26470661
2.49803925
2.97843170
7.18627501
6.07843256
3.27843142
3.29215741
6.69411850
0.21568628
0.64901978
1.81568658
1.18823540
1.17058849
0.91568625
3.16470575
3.17451000
3.34509850
3.72549033
3.34901953
3.19215703
8.92549038
5.52941179
2.49607873
4.05490208
4.42941141
0.29019609
0.61568630
1.87254918
1.31568670
0.55686295
1.00000012
3.20392203
3.88235283
3.44509792
3.00588274
3.65490222
3.49411798
6.42941189
4.06078434
1.57254934
3.34313726
3.94901991
0.46274513
0.77254915
1.77647090
1.70980406
0.50588238
1.05686283
2.85098052
5.01764679
2.88431382
3.04117703
3.39411759
3.44509816
3.78235316
3.02352929
1.02549016
2.41176486
4.19019651
0.50980401
1.10980439
1.45098078
2.10588241
0.35686275
1.23529434
2.24901962
4.98431396
2.32549071
3.12941265
2.45686340
3.44313765
2.98039246
2.72352910
0.93529415
2.35294151
4.88039303
0.25882354
2.23333311
0.96666688
2.47058868
0.29803923
1.30588245
2.23725510
4.37647057
2.16274500
3.03333378
1.92549026
3.29019666
2.03333378
2.46862817
0.97647065
3.15098119
5.33333349
0.15882353
3.10980415
0.96666700
2.21568656
0.60000014
1.54509807
2.53333354
4.12156868
1.94901991
2.46862721
2.13529444
3.13137269
1.81176496
1.91764724
0.84509814
3.47058821
4.89019632
0.12745099
3.42549038
1.50588262
2.12352967
0.97058868
1.61372566
2.66274548
3.66470575
1.86666715
2.26078439
3.03137302
2.89411807
2.09019637
1.62549031
1.19607854
2.83529496
4.10392189
0.09803922
2.71176505
2.41176486
1.91372573
1.03529441
1.28627467
2.60196090
3.16862774
1.79803956
2.59607863
4.84313822
3.10196114
2.84313679
2.13725519
1.70392168
2.76862788
4.14901972
0.16274510
2.21176505
3.03529429
1.45098078
1.07058859
1.64313757
2.44313741
2.76470613
1.61176527
2.97647095
6.68431377
3.72352958
3.89999986
2.72745109
1.96666694
3.12549043
4.65882444
0.15294118
1.83921564
2.89215732
1.72745121
1.32941210
2.79607892
2.59803939
3.20392203
2.09215736
3.35490227
7.51764774
3.89215732
4.41568565
3.04509878
2.71568656
4.58823633
4.79411793
0.13137256
1.31960809
2.31960821
1.78235340
1.86078465
2.68627477
3.10392189
3.48039246
2.66078448
3.69803929
7.13333464
3.81764746
4.01764774
2.96078467
3.66078424
5.24117661
4.53529453
0.13137256
0.80588245
2.06078482
1.72352993
2.70784378
1.90588260
3.58039260
3.48235321
2.91764784
3.52745128
6.18823576
3.85686302
3.41176558
3.23333287
5.20980310
4.61176586
4.65490198
0.13137256
0.64509803
1.83921599
1.64313757
2.29411769
1.66862762
3.48431396
3.10784364
3.00392151
3.52941203
5.96078444
3.83725548
2.81764746
3.10980368
5.96666574
3.47058868
4.67254925
0.13921569
0.59411764
1.90588272
1.50980437
1.76666689
1.70392179
2.67254901
2.68627453
2.91176486
3.76274538
6.43921614
3.53137302
2.21372604
4.14117670
5.29215670
2.72352958
4.12549067
0.10784314
0.43529412
2.31764770
1.57058847
2.08627486
1.56666696
2.20980382
3.34509802
3.62549043
5.48039293
5.92156887
3.60980439
1.84509826
4.91372633
3.07254910
1.63333380
3.80196118
0.20980392
0.61176473
2.07843208
2.07647085
1.92549038
1.33921611
2.55882382
4.14705944
4.41764736
5.85490465
4.88431406
4.12941170
1.90980399
6.18431568
2.15490174
1.68627489
3.92352962
0.46078432
0.71372575
2.16078472
2.57451010
2.28431416
1.31372595
3.84705877
3.96274543
4.12745142
5.22745132
4.24705839
4.68823528
2.30196095
5.81372643
2.29411769
2.31568670
3.80000019
0.67647070
0.44705886
2.07843208
2.66078496
2.19019651
1.73333359
3.85294127
3.63725519
3.60588241
5.71176481
3.66274548
5.28431416
2.90784335
4.34117651
2.11176443
2.29607892
3.57254910
0.89803940
0.35098040
2.11568713
2.15882421
2.06470633
2.46274543
3.82549024
3.48823571
3.25882411
6.32549000
3.40588260
5.70784378
3.92156959
5.02941132
2.32156825
2.13529420
3.79607844
1.20784330
0.36666667
2.07254958
2.46078467
1.93137300
3.11176491
3.47254968
3.76078486
3.19803953
5.69607878
4.01764679
4.82941151
4.84705877
5.35490274
3.16274524
2.52745128
4.30392122
1.28235328
0.61176473
2.37647104
2.44509840
1.93529427
3.59999967
3.09411812
3.86862803
3.03137279
4.88039255
4.60784292
4.11960793
4.52548981
4.28823566
3.70392179
3.36470628
4.91568661
0.45686275
0.93529421
2.59411788
2.39019656
2.25098085
4.01372576
2.58823562
3.56470585
2.90588284
3.96862817
5.65686321
3.70784378
4.92941236
3.71960831
3.44313765
3.50980449
4.98235321
0.29215688
1.22549021
2.38039255
2.01568627
2.70196080
4.32941198
2.58627510
3.04313779
3.73921633
4.53333378
6.89607954
4.14117718
5.16666746
3.86666679
3.55882382
3.08039260
5.11960745
0.18627451
2.12352967
2.46470642
1.93725502
3.14705873
3.72941232
3.42941189
2.64901972
3.78039193
4.52745104
7.70196104
5.21372652
5.60392189
4.20196104
3.90000081
2.67843127
6.43137169
0.12745099
1.95882368
3.12941217
2.52941203
3.61176491
3.45882416
3.85686302
2.54509830
3.57254910
4.17843199
8.21568680
5.51960754
5.54705954
4.13137293
3.47647095
2.46470594
7.11568689
0.12941177
1.39411783
3.70000029
2.68823552
3.92549038
4.54117680
3.35882378
2.62549019
3.82156897
6.58235264
9.66470623
5.20784283
5.67058802
4.29215717
3.00392151
2.54509807
7.66078520
0.12549020
1.09607852
3.83921576
2.63921571
3.63137269
5.52156925
2.45294166
2.88235354
4.10392189
7.68039274
10.47059059
5.21372652
5.80000067
4.70392227
2.84705901
2.73725486
7.75882435
0.12549020
1.37058830
3.57254934
3.25882435
3.88823533
5.53725481
2.13529420
3.67647076
4.79215622
8.70784378
11.12353039
5.20980453
6.00980473
6.37254953
3.37058854
3.00980377
7.49019575
0.12549020
1.33725500
3.52941251
4.01372576
4.03137255
4.90588331
2.13333368
3.84117699
4.83725595
6.63333368
11.50784683
5.31960821
5.35294199
6.75294256
4.57647085
3.02156901
6.27843237
0.12549020
1.20196080
4.08235359
4.57647085
4.35686302
4.33529472
2.54117680
3.32941198
4.61568642
4.96666718
11.05294037
5.03529453
4.32941198
5.89803934
5.43921614
3.12549067
5.72549009
0.12549020
0.99803931
3.61176491
4.76274490
5.12745142
3.86274576
2.94509840
2.81568646
5.20784283
5.59411860
11.92352772
4.58627462
4.09803963
4.98235321
5.17843151
3.65882373
5.79607868
0.12549020
0.98235303
3.26078439
4.41372633
5.61764669
4.60000038
3.13529420
2.21764708
4.59019566
8.50588226
13.90196133
4.57843161
3.77254963
5.11372519
4.65490246
4.08235359
5.49803972
0.12549020
1.07647073
3.45490289
3.96862745
5.33137321
4.17451000
3.08039260
2.15098047
5.20196104
10.02548981
14.01568413
5.41764784
4.50000048
5.25686359
4.76666737
4.22745085
5.18627501
0.12549020
0.80392164
3.85882449
3.81764722
4.84509850
3.76078439
2.94705892
2.75098038
4.62548971
11.39999962
14.41960716
6.70784283
5.43921566
5.58431435
5.15490198
4.34509850
4.87647104
0.45686275
0.68627453
4.60980415
3.57647109
4.66666746
3.87843156
3.05882406
3.68235302
4.77058792
12.49215794
14.68039322
7.80980396
6.13921595
5.61764717
6.06274509
3.95098090
5.19411850
0.73333347
0.87450981
4.54313755
3.91372585
4.40000010
4.02745104
3.45686316
4.41176558
4.46078539
14.78823948
15.51372814
8.38627434
5.85882425
5.56862736
6.02941179
3.91960812
5.81372499
0.88431394
0.85098046
4.19215727
4.26274538
4.55882454
3.78431368
3.54901958
6.23529387
4.23333359
16.71960831
16.39412117
8.00980282
5.72352934
5.53137302
5.73725557
3.90392113
5.73333359
0.43137255
0.54901963
3.61960793
4.44509840
4.75294209
3.85294175
2.83921623
7.22549105
5.08235312
16.42745018
17.40980721
7.78823519
5.69607878
5.31372547
6.27843094
4.33333397
5.50196123
0.10980392
0.71568632
3.07254958
4.18627548
5.05294180
3.73529434
2.45294142
7.78039312
6.63137245
17.46274567
18.85098267
7.91764736
5.76666784
4.79607868
7.26862812
4.56470633
5.19019651
0.17058824
0.96470594
2.88039255
4.18039179
4.98235273
3.74705935
2.60588241
8.58431435
8.27058887
17.35686493
22.23137093
7.53529549
5.94117737
5.18235302
8.30588245
5.74902058
5.02352858
0.12156863
0.86470604
3.08235335
4.66862774
4.63137388
4.20392179
3.59607840
8.42352962
9.01176548
16.57059097
22.88823509
7.63725662
5.77450943
5.42745161
8.94705868
6.80392218
5.38235331
0.15882353
0.94313753
3.35686302
4.87843132
5.07647038
5.43921661
5.50196123
9.47451115
9.82353020
14.80195999
23.47646904
8.40980434
5.22352934
5.71176434
8.47843170
7.00980425
5.35490179
0.12549020
1.42352962
3.80588222
4.93529415
5.05098104
6.62941170
7.23529530
10.16078568
12.01176643
12.98627567
23.11176300
9.26274586
5.53921556
5.93529415
8.21764851
6.17647076
5.21764708
0.19803922
1.69215703
4.05882406
5.46470547
4.92352915
6.62156868
7.96666670
10.77843189
14.05098152
12.37255001
21.88823700
10.20980453
6.17647028
6.13333416
7.50980425
5.71568680
6.22156858
0.20784314
1.92745101
4.51568651
5.67254925
5.01372528
6.27843046
8.25294209
11.77058792
13.40588093
12.20588398
20.89804077
10.82156944
5.99215841
7.01176453
7.13333321
5.65098047
6.68627548
0.13333334
1.54313743
4.20980453
5.65490246
5.31568623
5.74705887
7.25490284
13.06862736
12.78627491
11.62156868
14.15294266
11.59411812
5.90196133
7.68431520
7.98431349
5.57254934
6.54902029
0.14901961
1.44705904
4.39019680
5.18823576
5.54117680
5.29019594
6.53333378
13.25686455
12.94117737
11.90392399
14.78235245
11.70000076
6.67058849
7.08039284
9.00000095
5.42549038
6.93921614
0.25686276
1.44705904
4.82352877
5.21764755
5.71372557
4.96666765
6.50784397
12.69019699
13.12352943
12.21764851
14.21764755
11.54117489
7.50392103
6.31568623
9.09607887
5.84313726
7.02549171
0.34313726
1.06862748
4.47058868
5.15294218
5.92745113
4.87451029
6.72549057
11.67451096
12.28431416
12.29803848
12.68431377
12.39019680
7.94901896
6.10392094
9.43333435
6.92353010
6.62941217
0.37647060
1.23921585
4.54901981
5.20784330
6.07058811
4.95098162
7.57843161
11.25097942
12.12941360
11.91176701
11.76666832
12.90392303
7.95882368
5.67058849
10.43921852
6.42549133
6.84902000
0.44117647
1.37451005
4.20392179
5.39607811
6.28627396
4.94705963
8.70588303
11.02745056
12.53725815
11.64902210
10.45686054
12.66666698
7.79215765
5.63921595
11.40000057
5.71960783
7.20980406
0.22941177
1.47450995
3.57058859
5.73529387
6.90980339
4.88431454
9.78039169
11.47842979
12.63725662
11.65294170
9.68235302
12.19215679
7.96274614
5.97254896
11.72745228
6.03333378
9.30980492
0.26078433
1.64313745
3.80196071
5.80392170
7.30196190
4.56666708
10.78431225
11.62352943
12.88627529
11.02353001
9.28039455
11.93137455
9.68431473
6.16862774
12.66666508
6.49215698
11.96862793
0.48431373
1.42156887
4.37450981
6.43921614
7.31764650
4.37254858
12.04117775
11.54509735
12.84706116
9.90588188
7.54902077
11.53333378
11.26666451
6.71176529
13.76666832
7.30000019
13.50784302
0.48823529
1.28627455
4.20588255
6.83333302
7.48039246
4.54902029
12.36470604
11.15098095
12.60784435
9.12156963
7.41960716
10.91568565
11.83137321
9.84705830
13.42353058
7.80392075
13.90980721
0.30196080
1.32549036
4.00784349
7.25490236
7.04509926
4.96470642
11.75294209
10.58627510
12.65490246
9.92352867
7.66274405
10.21372700
12.53921509
16.10392380
12.18039417
7.76862764
13.43137360
0.16078432
1.19215691
4.20392227
7.93725538
6.92352915
6.12941217
10.48627567
10.12941170
12.66078663
10.31176472
6.86078453
9.64117622
12.91372585
18.33529472
11.25098038
6.70784378
13.41960907
0.12156863
1.21568632
4.25294161
7.57843161
6.71568584
7.61176491
9.66666698
9.61372662
12.42352867
8.60980415
7.02353001
9.54509830
12.57647228
15.94902134
11.88823795
6.26470613
13.20980644
0.16078432
1.32352960
4.47647142
7.19607878
6.22548962
8.78627586
8.33921528
9.49607754
11.86666775
6.39804029
7.55490255
9.93529510
11.92157078
15.55686474
13.45686436
5.97647095
12.28235435
0.14313726
1.34313750
5.42549133
6.74902010
6.21372461
8.90980434
6.74117661
9.64901924
11.31372547
5.60000038
7.23137236
10.66078472
11.14706039
15.71764755
13.98039436
6.30588245
10.67254829
0.27058825
1.13529420
6.08431435
6.02941179
5.92156792
9.36274624
6.01568699
9.85686207
10.89019680
6.19215775
7.49411726
11.10588360
10.47451019
15.05294037
14.00588417
6.80196190
8.75490189
0.38431373
1.20392168
5.68823528
5.94509840
5.76470661
9.72549152
5.86274624
9.32353020
10.46274662
6.92352962
7.62745142
10.76862907
9.88627434
13.37646961
14.05882359
7.34902048
8.53137207
0.39411765
1.47058833
5.70980310
6.45490217
5.71568632
10.72353077
5.80784416
8.55098248
9.81764698
6.50980330
8.15882397
10.05098152
9.59607983
11.64313889
14.00784492
7.60196114
9.68823624
0.48235294
1.27058840
5.70000029
6.44901943
5.84117651
11.79803848
5.58235359
8.77647114
9.29608059
6.23725414
9.21961021
9.10980511
9.64117718
11.19411945
13.72549248
7.57647133
11.86274433
0.46078432
1.11960793
5.60588264
6.38039207
6.19019556
11.83333302
5.81960726
9.15490341
8.74509811
6.91176558
9.54117584
8.85098076
9.71372509
10.21568775
12.43921661
7.89607954
13.38823605
0.27254903
1.46274519
5.10588264
6.84509754
6.25098133
11.76274681
5.70196104
8.79607868
8.07451153
7.85882425
9.46274471
8.11176491
9.92549038
9.21568584
11.51764774
8.53333282
14.20392418
0.31960785
1.83333349
5.18823528
7.72156811
6.24117661
11.55685997
5.81764746
8.09607983
7.40196133
8.17451000
8.05686283
8.00784206
10.03921795
8.59803963
11.53725624
8.88235378
14.64313889
0.24313726
2.51372552
5.75686264
7.59019613
6.23333359
11.91764641
5.97647095
7.58627462
7.34313774
7.33529377
6.94117689
6.92745161
10.15490341
8.94706059
11.56274509
9.11568642
13.97254944
0.37450981
2.32352948
5.91568613
8.75882435
6.40196085
11.98235512
6.09607887
7.08627415
7.39607906
6.20588398
6.72156954
6.76078510
9.87647247
9.22745132
11.66470528
9.81764793
13.86863041
0.36078432
1.69803929
6.29215765
9.86274719
7.24901962
11.08039188
6.30784369
7.18627501
7.58627415
5.76274586
6.78235245
6.27254963
9.37843227
9.35294151
11.59019756
9.57451057
13.46666718
0.41568628
1.70196092
5.48235273
9.47647285
8.39019680
11.03921413
7.10195971
8.25097942
7.48235226
5.99607944
7.29215765
5.91764688
8.54509830
10.66666698
12.26666737
8.59804058
12.28627491
0.64509821
1.82941186
5.12156916
8.81568718
8.91372585
11.81960773
7.72156858
8.88235283
6.92941189
6.51176500
6.14705944
6.28627443
8.03529453
11.07058907
13.26274395
8.07843113
10.11764717
0.66274536
1.82745111
5.34705877
8.44313622
9.12941265
11.52940941
7.55686283
8.27451038
6.39607954
5.85294151
5.38039351
7.27450991
8.53137207
10.85882378
13.90392208
8.58627415
9.55490303
0.71176481
1.99607873
4.98823595
7.96078444
9.55294228
10.84706116
7.45686102
7.61764717
6.26862764
5.30980444
5.29411840
7.54117680
9.12156868
11.34510040
14.85686493
9.84902000
10.65686321
0.86862755
2.20588231
4.90588331
7.47647095
9.80392265
10.56078529
7.40588284
7.87843275
7.45294142
5.05686331
5.38431501
7.67843294
9.51372719
11.66862774
15.17058945
10.54117680
12.86470604
1.17058825
2.39803934
5.24901962
7.68431425
10.10588360
10.97646999
7.80196047
8.52745247
8.04705906
5.52353048
5.60392141
8.76666641
9.94117737
10.50000286
14.56078529
10.36078548
16.39215660
1.77647090
2.63333368
5.06862783
7.59411907
11.29607964
11.82549191
8.09411716
9.01960754
7.75490189
6.10392141
5.18823528
9.38235474
10.17843246
9.62353039
13.30392170
10.75490284
17.27843475
1.54705906
2.53137255
5.36078501
7.83137274
12.43529606
11.71960831
8.01176548
9.35098171
7.37647152
5.07647133
5.95098114
9.74901962
9.71764755
9.90196133
13.74901867
10.98431492
16.80588341
1.67843163
2.59411764
5.39607906
8.05098152
13.30588245
11.95686245
8.33921623
9.59215736
7.72549057
5.29411745
7.57647133
9.76666737
9.24509716
11.42745113
14.69412041
11.39411831
15.31372833
2.56666732
2.72941208
5.31960869
8.41176605
13.77058792
11.92353058
9.18431377
9.35490227
7.75686264
6.86274529
7.74313736
8.05686188
9.32353020
14.79411983
15.66274643
11.06078434
14.31176376
2.36470628
2.64705873
5.86862850
8.94901943
12.91961002
11.81176472
10.21568871
8.96274471
7.43529558
7.92353010
7.16666794
6.73333359
11.50000000
16.29019737
14.82745075
10.39607811
13.31568623
1.50588250
2.80588245
5.82353020
8.72156906
11.61960793
12.08627605
11.23137093
8.99804115
7.81960869
7.89019632
5.42549038
5.99019527
13.69411755
16.91372490
13.71960545
9.80980396
12.39019680
1.22941232
3.07647061
5.53333426
9.00196075
10.53529358
12.01372910
11.89019680
9.18235397
7.87843132
6.54706001
4.78823471
5.78235292
14.15686226
16.61960983
12.68039227
9.63137341
11.65294266
1.18431401
3.23137259
5.18823433
8.85686302
9.26666641
11.58627415
11.97647190
9.17843437
7.10784292
5.52941179
5.51372576
5.38823605
14.23921585
15.82549191
11.84117699
8.94313812
9.86862946
1.34509826
3.13333344
5.31176472
8.50196075
9.04117680
11.49215508
12.23333454
9.14705849
5.91372585
5.15294075
4.99019670
5.10588264
14.15490246
16.29804039
11.53333378
8.73725510
8.97451019
1.63137293
3.48039222
5.54509878
7.77451038
9.19019699
11.31764698
12.35882568
9.48039150
5.69019651
5.49019670
4.93725538
4.95490217
11.41372681
18.21568871
11.85882378
8.92156982
7.21568680
1.69019628
3.71568656
6.57254934
7.49019527
8.77058887
10.89411926
12.55882454
9.85098076
6.43725491
6.29607916
4.80000019
5.56078386
11.03529358
17.64902115
12.43725395
8.72353077
5.70784378
1.45686293
3.27058840
7.03137302
7.15294170
8.41960716
10.97647095
12.40392113
9.89804173
5.49411726
6.86274529
5.89411783
7.00392199
11.06470680
15.87255096
13.76274681
8.98235321
4.99607849
1.32549036
3.26666665
6.49019623
6.86666632
7.79019499
11.45294285
12.70392323
9.99607944
5.14902020
6.16078520
7.10980368
7.38823557
10.95490265
15.74902058
14.49019718
8.64509964
5.27647018
1.44313765
3.75490284
5.52745152
7.68823624
6.98039293
11.59804153
12.60784435
11.69215584
6.02352810
5.25686312
7.97451019
8.10392189
12.81568336
15.45293999
15.29608250
8.26666737
6.43333292
1.42352951
4.01764727
5.27647114
9.16666698
6.87843180
11.18235588
12.89411640
11.94902039
7.03529406
4.89803886
7.08039331
9.11568642
13.27451134
14.21764755
15.38235378
8.29803944
7.78431368
1.36078429
4.02745104
4.96078539
10.70980453
7.23529434
11.28823566
13.03529549
10.75490189
11.70000172
4.63529396
7.60000038
9.78235340
13.33333206
12.26470661
15.61764812
8.77843189
8.84509850
1.58823597
4.28823519
5.10588312
11.85097980
7.81960917
10.76862907
12.44705868
10.42353058
10.25490189
4.65686321
8.81372738
9.14901924
12.72941017
10.20196247
15.80000210
9.14509964
9.05294132
1.39607894
4.43921566
5.41764832
12.31176376
8.48235321
10.38431454
12.27451134
10.61960888
9.35098076
5.24117661
9.84313869
7.40392208
11.77058792
9.56862831
15.70980453
8.89803886
8.42549133
1.74509835
4.27647114
4.87254953
12.60392284
9.20588303
10.67058849
11.48823452
9.81764603
9.42745209
5.82941151
8.45098019
6.49215746
11.43137169
10.01176548
15.65686417
8.89019585
8.17058849
2.70196104
4.12549019
4.55882406
12.85097980
9.29411793
10.69608116
11.37451172
9.26862717
9.70980263
6.70784473
8.09411812
6.58235264
11.32156944
10.90784454
15.69019890
8.54509926
9.79607773
2.94117665
3.99803901
5.15686226
12.95098209
9.23137283
10.36274433
11.24117661
9.15098095
10.43529320
7.81568670
8.05490208
6.36274529
9.88823509
11.77647018
17.04313660
8.69215775
12.33725548
2.89411807
3.85098004
5.52745104
12.67451096
9.82156944
10.32156849
11.47059059
8.35686302
9.41960812
8.15686321
7.64313841
5.76274538
18.84706116
12.07647038
18.14313889
9.04313755
13.20588303
3.07254910
4.36078405
5.98039293
12.55882359
10.40588474
10.22352886
11.53529453
8.63725567
8.64901829
7.63725567
8.08431339
9.22941208
21.89411545
12.26470566
18.83921432
8.89411736
11.93725491
3.07843184
5.46078491
6.40392208
11.87646866
10.68039131
10.58431244
10.63529396
9.55882359
19.16471100
12.81764698
17.31372643
13.67842960
21.95097542
12.92352962
17.89411926
8.85490417
10.42745113
3.46078420
5.61568642
6.55686378
11.47058868
11.33137321
11.10000038
10.02549076
9.62941170
22.41372871
16.07647133
17.50000000
9.30588245
9.62549019
13.15686321
17.87647057
8.99215889
9.49019527
3.70980382
5.51764679
6.98431492
11.30392075
11.24509716
11.29803562
10.01568604
9.44313622
22.43137360
11.61372566
8.37647152
4.56470680
9.64509964
13.43137360
18.39803696
8.82353020
8.07254791
3.68039274
4.70392227
7.17254972
11.16862869
10.52745056
11.18039227
9.57254982
9.35098076
13.19607639
8.87058830
7.95490217
4.79607868
9.93529606
14.48627281
18.80392456
8.94509888
6.82156944
3.51764727
3.61568689
7.29803944
11.38235283
10.47843170
11.03137207
9.09215832
9.58627415
13.77843094
8.51960754
8.41960812
5.35490227
10.32156849
16.48627472
18.99215889
8.93333435
6.05490208
3.67647076
3.77647042
7.80980444
11.68823338
11.08431435
10.89607906
9.28431416
9.28431416
13.82745457
8.26666737
8.00392246
6.05098104
10.14705849
17.04509735
19.12353134
8.38235283
5.84117699
4.37451029
4.09019566
7.84313774
11.64902020
11.69019508
10.77647018
9.41372681
9.19019699
12.40588093
7.77843142
7.43333435
7.21176529
10.72549057
16.61764717
18.15882874
8.35490322
7.08431530
4.91960812
4.35294151
8.02941322
11.41176701
12.14705849
10.50000191
9.19215775
9.37254906
11.17451000
7.49411869
6.42549181
7.61568737
10.92352867
16.81961060
15.57255173
7.95686197
7.77843285
5.67451048
4.41176510
8.43333244
10.87058926
11.83921623
10.97843170
9.26470566
9.59019661
12.26666927
6.83333302
6.27647114
7.76274586
10.40980434
18.07254982
13.33333302
7.15490055
7.45490217
6.32941246
4.42156839
8.69215679
10.01372528
11.51960754
10.68235493
9.64705944
9.60980320
12.64509678
6.40000010
6.95882416
8.28235245
7.94509888
19.48823547
10.63333321
6.40196180
8.38627625
6.51764774
5.14509773
8.63921547
8.95294285
11.56666565
10.26274490
9.65882397
9.86274624
13.48039246
5.70588303
6.90588188
7.92549086
8.64705849
21.34902382
9.07843399
6.17058945
8.21372604
6.58431435
5.65686321
8.79804039
7.80980444
10.87843132
10.05097866
9.42549133
9.62549114
10.91176510
4.97254944
6.74509907
8.15882301
9.92156887
20.38823509
8.11372662
6.02156830
7.13725519
6.69804001
6.02549028
8.70588207
7.13333416
10.20588398
10.24313641
9.21176529
9.00980377
10.19412041
4.04705906
6.43921566
9.98431396
10.55098152
16.43137360
7.41568756
5.52549076
6.41372538
6.79215717
7.12745094
8.28235340
7.24509907
9.65686226
10.46862698
8.77255058
8.23137283
9.10784435
2.64705944
6.28431368
11.17647171
10.27450943
12.40196228
7.59215736
5.07450962
5.86078501
6.86078453
7.85686302
8.30195999
7.59019566
9.70196056
9.90392303
8.57254887
8.37058926
7.70000029
1.98823547
6.34117699
11.27058887
10.62549114
8.86470604
8.00392246
5.01176453
6.25294113
6.38823462
8.96862793
8.42745113
7.14313889
9.84705830
9.22941208
8.15490246
7.32941341
6.22352934
1.50588274
5.86862707
10.48823738
10.99019623
6.45294189
8.45098209
5.47843170
6.66078520
5.58039284
10.13137341
8.81372643
7.45098114
10.52548981
9.23529434
7.91568708
6.12941217
10.63725376
0.87058854
5.68627453
9.61568737
10.62941074
5.12745047
8.98627472
6.24509859
6.60000038
5.29803991
11.49019623
8.81568718
7.48039246
11.64705944
8.92549038
7.83333492
5.41372585
10.67843151
0.45490196
4.96862745
9.06078529
9.99607849
6.59019613
9.38431358
8.07843208
5.85294151
5.78627443
12.67647266
9.59019661
6.89411783
12.00195885
8.50588322
7.71764612
5.19804001
10.82941151
0.38431373
4.70980406
9.57450962
9.34902000
9.82352924
10.22745228
9.58431339
5.70392179
5.72352934
12.79607773
10.17059135
7.02353001
11.54117775
8.45098114
7.87647009
3.92549086
3.93921614
0.57058823
4.94117641
9.83333206
8.86862850
12.87647152
10.59411812
11.28235531
5.89411926
5.39411831
12.60980225
10.99019623
7.41372681
11.35490227
8.53725529
8.10980320
4.39803934
3.78627443
0.82745105
4.14902020
10.37254810
9.23137283
14.29804134
12.46078396
12.76470566
7.81764698
5.61960840
13.05490112
11.16078663
7.94117737
10.94117641
8.70000076
7.80000067
4.73921680
4.03725481
1.22549057
3.45098090
9.94117641
10.02156830
15.79411793
15.87058830
12.63725471
10.22745132
5.71764708
13.16470814
11.78039360
7.95098066
10.02549076
8.89215660
7.39804029
5.52549028
4.97254944
2.02745128
2.65882349
8.63529396
10.10392094
17.60784531
18.41764832
12.35686302
11.39607906
6.02548981
13.49215984
12.68627644
7.97451019
8.64902306
8.69803905
7.56078482
6.32745075
6.39411879
2.33529449
2.54902029
8.47843266
9.86078453
18.98235512
18.48235130
11.48823547
14.20195961
5.84509802
13.43333530
13.18431664
8.11176491
7.96274567
8.62941170
8.17647171
7.23921633
7.06078434
2.67058849
3.40392160
9.38823605
9.45882320
17.73137474
17.48431587
10.57058907
16.47647095
5.21372557
13.40392399
14.13725662
7.98627472
7.70784283
8.68627453
8.64117622
8.11372566
6.89803934
3.05098081
3.51764750
9.81960869
9.73529434
15.63529682
16.81960869
9.85686398
15.37254810
5.25098085
13.30980587
14.80980492
7.63725471
7.38627481
8.78235245
8.69803810
8.18431377
7.00000143
3.67647171
5.55294132
11.69804001
10.19999981
15.08235455
17.00000191
9.40784264
11.75294113
4.84313726
13.36078453
14.28039265
7.87058926
7.00980377
9.03137398
8.71764660
8.69607925
9.44901943
6.90588284
5.68039274
13.67843342
10.30196095
15.64509964
17.78627777
9.13333416
8.39019680
4.90000010
12.46078587
14.25685978
9.03333282
6.47254896
8.98823643
8.75098038
9.85882473
11.89215565
11.52549171
5.55098152
15.11372662
10.55882359
15.90392303
17.06470871
8.92745113
6.21960831
4.67843151
11.95098114
14.70980358
10.23921776
6.73921585
8.88431263
8.62156868
9.85293961
11.56862831
12.68235302
5.73529434
18.10000038
10.59215546
14.29411888
15.10196018
9.27843189
6.79411840
5.05294132
11.98235512
13.91176701
10.78823471
7.08235264
9.30392170
8.43725586
9.04902172
10.12745285
12.48823643
5.95686436
20.78431702
10.00196171
12.39019680
13.00980568
10.31764889
8.76862907
5.25686264
12.21372604
11.54705906
10.70784283
7.36666632
9.88627529
8.58431339
8.06666756
9.30196285
13.40392113
6.62549114
22.25882530
9.62353039
12.21568680
12.88235474
12.52353287
10.98431396
5.33137274
11.93921757
9.63333321
9.49411869
8.00980473
9.85097980
8.72941208
7.66862822
9.01176453
12.88235378
8.16862869
21.30195808
9.53137302
12.46078491
13.90196228
13.96666908
11.82941246
5.64313793
11.37255001
9.10980415
8.42156982
9.02156925
9.54706001
8.82745171
8.79215813
8.32549191
12.30195999
10.91372585
19.40980530
9.33333492
11.79411793
15.60392570
13.71176434
10.81568336
5.86078453
10.06274319
9.16274548
8.25490284
9.34705925
9.97843266
9.08823395
9.86078358
8.65098095
11.53333473
21.43333054
18.27058792
8.91568756
11.00000095
15.44706059
13.70588493
9.33725548
5.79999924
9.31372452
9.27843094
9.22941208
9.11568737
10.35882282
9.24509621
10.38627529
10.00980473
12.18823433
21.16274261
18.19412041
8.03921604
11.26470566
14.89215660
13.08431530
8.61372662
5.95490313
9.01372623
9.39607811
10.41764641
8.92548943
10.16666603
8.81176567
9.99215698
10.63137436
12.31764412
20.92548943
17.17254639
7.66274643
11.91764641
17.09019661
12.88431358
8.37254906
6.18431473
9.24117756
9.54117680
10.75686264
8.64705944
10.24510002
8.59803867
9.99215698
10.63921547
11.34117699
14.73333549
16.17843246
8.41372585
12.60000229
19.62353134
12.99019623
7.95490360
6.17254972
9.12157059
9.12156868
10.75882339
8.48627567
10.22745228
9.08627510
10.69019508
11.00392246
10.50588417
14.89608002
13.56666756
9.09019756
13.37059116
21.73725891
13.40588570
8.30196190
6.41960859
9.06078529
8.36470509
10.35882473
8.26862717
9.80980587
9.73137379
11.19999981
11.70784378
9.89803886
14.58627510
10.71961117
8.91764641
14.25882339
21.28039551
13.23333263
9.04117870
6.70588255
8.86666775
7.89411783
9.19019699
7.66078472
10.13725471
10.29411793
11.09411716
11.09215736
8.70784378
14.00196171
8.60196209
9.27647114
15.02353001
19.44314194
13.34902096
8.95882416
6.85686302
8.93529510
7.77843285
7.95490217
7.71372604
10.45097923
10.75490475
11.22549057
8.62941265
6.36666727
11.89999962
8.27646923
10.44509888
16.49215889
18.21764946
14.24313545
9.10392189
7.26078415
8.80980396
7.96470594
7.36274624
7.67843151
10.45490360
10.99607944
11.46470547
6.47843027
4.34705973
10.83921623
10.29607868
10.41568851
17.60588646
17.34313583
15.07451057
9.69411850
7.71764708
8.46666813
8.42745113
7.29215717
7.56078482
10.44509792
11.62353039
11.65490055
5.90196085
2.95294118
10.88039207
13.19607925
10.48235416
17.19411850
16.52941322
15.39608002
10.20392323
7.36470604
8.60588360
8.86470604
7.48627520
7.45686340
10.78235531
11.93529415
11.92745209
5.64313698
2.01960802
11.87059021
13.79607964
10.49019718
17.02941132
16.52941322
15.35490322
10.29411888
6.83921623
8.58039474
8.93529415
7.89411736
7.19411755
10.99215889
11.49607944
11.86470604
5.65882301
4.15882397
12.32156658
11.94705868
11.67254829
16.49411964
17.74706078
15.08823586
10.09411812
6.93725538
8.00000000
8.98627663
8.28823662
7.39803886
10.84313965
11.27843285
11.46274567
6.02941227
8.33725357
13.30392170
11.28431416
12.69804001
15.62156963
17.96666718
15.03137207
9.87254810
6.60784340
8.00784206
9.18823528
8.52549267
7.69019699
10.86470699
10.67451096
11.19804192
8.20588303
12.16862965
13.45882320
11.88431358
13.74706078
15.01372528
17.48627281
15.01568794
9.23333359
6.48039246
8.17451000
9.22549057
8.64313793
7.42941093
10.75294304
9.77058792
11.81568623
11.72549152
14.90392017
13.60980415
13.47255135
15.38235569
14.45490265
16.97842789
14.73333359
9.87843227
6.52549028
7.96470594
8.98823452
8.11176491
7.26274443
10.63921642
10.10196114
11.91372681
14.41960907
15.64509869
12.44509888
16.24705887
15.95882320
13.57647324
17.70588303
14.95686626
11.75294018
5.90196037
7.75686359
8.86078644
7.46666765
7.81372643
10.39608002
10.21568584
11.49607944
15.27059078
14.80391884
11.00000000
18.55686378
15.01568794
13.04509830
17.89607430
15.50196075
14.02745247
5.45686340
8.01176548
8.96666622
6.98823595
7.78823662
10.58627510
9.91960907
10.56078434
14.94901848
14.56078625
8.98039150
19.84706116
13.83921528
12.89411736
18.13529396
15.08627510
14.29412079
5.50392246
8.24509907
9.01568699
6.73137236
7.33529472
11.03921413
9.78431511
9.97058773
13.33529282
14.62745285
8.51568794
21.13725471
13.35686398
13.47843266
19.35685730
15.20784283
13.53921890
5.29019690
8.01176548
9.11960983
6.81568718
7.60000134
11.21372795
9.48823452
9.88039207
12.29020023
15.04902267
11.51960659
23.22745132
13.34705830
15.86666679
19.60783958
15.50588703
13.83921623
5.30196142
7.68039274
9.43529606
6.75882387
7.75686312
11.44705963
9.69019604
9.23529434
11.31568718
15.73725605
17.26862907
23.85294533
13.06666851
17.09607887
19.18627357
15.71372795
14.16078568
5.36078358
7.49803972
9.62941360
6.94901991
7.51372623
11.65882397
9.38235378
7.45882416
10.68823624
15.20196056
20.54117203
22.96470642
12.97647190
17.18235588
17.58235168
15.63333416
14.92549038
5.59999990
7.92941189
9.77058887
6.92352962
7.03333378
11.66667080
8.70392132
5.45686388
9.95686436
14.25098228
21.56274605
20.65098000
13.58431435
17.25294113
15.88627815
15.37843132
15.38823414
6.29804039
8.73529434
9.86862946
7.07254982
7.03333426
10.64313889
8.08039284
5.74902058
9.39804077
14.55686378
20.81764603
18.86078262
14.44705868
17.93529320
15.12941360
15.48039532
14.70196152
6.35294199
9.32941246
10.33529377
7.61764717
6.96666622
10.28431225
8.02549076
7.90196133
9.26470566
15.92549133
20.31176567
19.21372795
15.37843323
17.96470642
14.90980721
15.56470680
13.11568928
6.22352934
9.20588207
10.46470547
8.08235264
6.75490236
10.54313660
8.22941113
8.93921566
9.46862888
16.72156906
20.79411697
21.07254601
16.39411736
17.26078415
15.00784302
14.99608231
11.39215565
6.14117670
9.09215736
10.08627510
8.40588188
6.52745056
11.58431435
8.14706039
9.03529453
9.49411774
16.54705811
19.84705734
21.52156639
17.18823814
15.84902096
15.75882530
14.53137779
10.48431396
5.78039122
8.87647152
9.84313774
8.61765003
6.56862831
12.33921528
7.93333435
7.80980492
9.38823605
15.19804096
17.59803772
20.77647209
18.02745247
15.14705849
16.25098228
13.97451210
10.09607697
5.81764603
7.99804020
9.75097942
8.39999962
7.40588236
12.30588341
7.90588284
6.91960812
9.77647114
13.44902229
15.80000114
19.76078224
18.86470985
13.52353001
16.45686722
12.72548962
9.22941399
6.22352886
6.77843237
9.74901962
8.49019718
8.32156944
11.58823395
8.06078434
6.64509869
10.43529320
11.00588226
14.94117737
19.74705887
19.73333168
11.70392132
17.14901733
11.65490532
8.03333282
6.80196142
6.78823566
9.61176586
8.51176548
9.05686283
10.40980339
8.28431416
6.86274576
10.82941341
8.89215660
15.05098152
20.86078644
19.81764603
11.11176682
17.80784607
11.15294266
7.36470604
7.00784254
7.45098019
9.48823833
9.15294170
9.38823605
9.71764660
8.21568584
7.05686283
10.43921566
8.76666641
14.69804001
21.34706116
18.39608192
10.32157135
18.09215927
10.89215755
6.90588284
7.57451105
8.37843132
9.62157154
9.68235397
9.25686359
9.31960773
7.93333340
7.44901943
10.16470718
8.53137398
13.75294113
18.39804077
15.15294170
9.41960907
17.26862907
10.14313698
6.67451048
7.83725548
9.38823509
9.34510040
9.21764851
8.94509888
8.54117584
7.84509945
8.03921604
9.94901943
7.90000010
12.01960945
13.09804153
12.19804001
10.10588169
14.21372509
9.34509850
6.82549286
8.09411812
9.33529568
8.95294094
8.41176605
9.38235378
8.24117756
7.92941236
8.89607906
9.06274796
7.02941179
10.09608078
9.86666965
10.04313660
10.72156906
12.05294228
8.73725510
6.37254953
8.90588284
9.23529434
9.04117680
7.81372643
9.13137341
8.19999981
8.20196152
9.50588322
7.55882454
7.09215784
8.76078510
8.69803810
8.79019737
10.83529568
11.58431435
8.19804001
6.21176529
8.92745113
9.12353039
9.16666603
7.37450981
8.47451019
7.80392218
8.56862926
9.22353077
5.83725548
6.99803925
7.94705868
7.22352934
7.41568661
11.16274643
11.38431168
8.41764832
6.21372652
8.59803963
8.63333416
9.08627415
7.22941256
8.52941132
7.77451086
8.73333359
8.78039169
5.13137293
6.52941227
7.98627520
7.71176529
6.47647047
12.01764870
11.01372623
8.61960983
6.32549047
8.03725529
7.91372585
9.37254906
7.40392160
9.04705906
8.03725433
8.64509773
8.20784473
4.36274481
7.30196238
7.76862764
8.61764812
6.19804001
12.30000019
10.90196037
8.63137436
6.36470699
7.75490284
7.43529463
9.82156944
7.41960859
9.07647228
7.81764793
8.22157001
7.74117613
3.61764765
7.90784311
7.21372509
8.65490341
7.12549019
11.92941189
11.17058945
8.49607849
6.21176481
7.38627481
6.91372585
9.50000286
7.54117680
8.88431263
7.72745132
7.53529453
7.27058887
3.33529472
8.02353001
6.33137178
8.66862774
8.71960735
11.72745323
11.19999886
7.70784330
6.27254915
7.11372519
7.54901981
9.45882225
7.07254934
8.48627377
8.78627491
6.10588217
6.57843161
3.81372571
6.99803829
5.73137283
9.19411850
10.11176491
11.53137398
11.12352943
7.45882320
6.07451010
7.24902010
7.78627539
10.18235397
7.30392170
8.38823509
9.41176605
5.22352982
6.18235350
4.50000048
7.06078529
5.94313717
9.30784321
10.81568718
10.76078510
11.23725796
7.56666470
5.45882463
5.98823595
7.49215698
10.66078281
7.42353058
8.60196209
8.50000000
4.89803934
6.35490274
4.83529377
7.10196209
6.45882320
9.17647076
11.20784378
10.71568680
11.00196362
7.26470661
5.18431425
5.18823671
7.49607706
11.07647038
7.02941275
8.18431377
7.62549067
5.17647123
6.62941122
5.18431425
5.99607849
6.62156916
9.21568680
12.19411755
11.47058964
10.69411945
7.30588293
5.20000076
5.08823586
7.50588226
11.41372681
7.08039236
7.55882311
6.80784369
4.73725462
6.23921776
5.01568699
4.99411774
6.19803953
9.06666660
12.80196190
11.91176701
9.66274548
6.86470699
5.57254934
4.60196018
7.12352991
11.71372604
7.44117737
6.55098057
6.13529539
4.51568651
6.01372623
4.98823500
4.32156897
5.67058849
8.99411774
12.35490322
10.33921623
8.54117775
6.61372614
5.49803972
4.31176519
6.62941217
11.62745190
7.45294237
6.15686464
5.62745142
4.26274490
6.42549133
5.06470633
4.26470661
5.63725567
8.93137264
10.70980549
8.55686188
7.58823586
6.79215765
5.36274576
3.90784311
6.53921556
11.22941208
7.45294142
6.13921499
5.44509840
4.42745161
6.85882282
5.53529406
4.26666689
5.22156954
9.07254982
9.88039112
7.48039246
7.35098076
7.03333378
5.68039322
3.63725543
6.65882254
10.24705887
7.53137302
5.99803972
5.43137264
4.74117661
6.70196056
5.32745171
4.04509830
4.94705915
9.10196114
9.30392075
6.96078396
7.98431396
6.95686293
5.32549095
4.18627501
6.51764822
9.23921585
7.58823586
5.75490189
4.92745113
5.15098047
6.40000010
5.01568699
3.89803982
4.95098162
7.95882416
8.31960869
6.62156916
8.13725471
6.98431349
4.64117622
4.39607859
6.57254934
9.33137512
7.65490246
5.28039265
3.91764736
5.25098085
5.86862707
4.49411774
3.76666665
5.78235340
7.73333311
7.99999857
6.77058983
7.70980549
6.98431396
4.74705887
3.64705873
7.04117680
9.92549229
7.42745113
4.94117689
3.47058845
4.71176529
5.04901934
4.43333340
3.68039250
6.54509974
9.78235245
7.80392170
7.22941256
8.09215736
6.71568727
4.81568623
3.15490222
6.95098066
11.21176434
7.54117823
4.30784321
3.16274500
4.17647123
4.24902010
4.47843122
3.76078463
7.01960850
13.47842979
7.71764612
7.72941256
8.87647057
6.31372595
5.01568604
3.44509864
7.00784302
12.55098057
8.32745171
3.80784369
2.63529468
3.41372609
4.08039236
4.14313698
4.14901924
7.04509783
17.06274414
7.96078491
7.51176643
9.49215698
6.02941179
5.17254925
3.51960826
6.80784369
13.29019833
8.94902134
3.50980449
2.49803925
2.81176496
4.52352905
4.19215727
5.48823547
6.90784264
17.86470604
8.00784492
6.95686293
9.96470642
5.99019575
5.47647047
3.43921590
6.66078472
12.62745094
9.20588303
3.77843165
2.66274571
2.86862826
5.43725538
3.89019608
5.95294142
7.13333368
17.46078873
7.50392103
7.43137312
10.37646866
5.88431454
5.88627625
3.29607844
6.49019623
12.10784721
9.07451057
4.18431473
2.87843180
3.06078434
6.08627462
3.51568604
5.42745161
7.36862850
15.94117546
6.86078501
7.80000162
10.87059021
5.80980492
6.45294142
3.42549038
6.43137169
11.59215832
9.03725433
4.20588255
3.42549038
3.87451029
6.68823624
2.42549062
4.73921537
7.06862831
14.71764851
6.79607773
8.62352848
10.96274853
6.09215736
7.08823538
3.45294166
6.45882368
11.92549133
9.35294056
3.90588284
3.75490236
4.11764765
6.75490236
1.58823550
4.61960793
7.42352962
14.38431358
7.33333397
9.64117622
11.24901962
6.70000029
7.44313717
2.81764722
6.13137245
12.49804020
9.45882416
3.62549090
3.49803925
4.34313679
5.83921528
1.34509838
4.06666660
8.59803963
13.19019604
7.86078548
10.17254925
12.03921700
7.42549038
7.45686340
3.24901986
6.13333368
11.89215469
9.90784550
3.41764784
3.08431411
3.83725524
5.22352982
1.14705920
3.70000052
10.00196171
11.41961002
7.93725681
11.05490398
13.10392094
8.18627453
7.34313869
3.58627462
6.93333435
10.29215622
9.98627663
3.78431392
2.44705915
3.00000072
3.93921638
1.04705906
3.79019642
10.44705677
10.26274776
7.74902058
10.96274662
13.67059040
9.18627453
6.90000057
3.40196133
7.83333445
9.30980396
10.03333473
3.64313722
2.22156858
2.53333378
3.16666722
1.25490248
4.57450962
10.65490150
9.78039265
8.48235226
10.62353039
13.97842979
10.14902020
6.76078463
2.76078439
8.06078434
9.07058907
9.73529625
3.49019670
2.33137274
2.60784316
2.63529444
1.15294147
5.24902010
10.42745113
10.20000076
8.93137264
10.27255249
13.97254562
11.62549019
7.25686359
2.36862755
7.19411802
8.87255001
8.81176567
3.73529482
1.84705901
2.84509826
2.85098052
1.13333356
5.60588264
10.11176682
10.28627586
8.64509869
9.80980492
14.02157116
13.17058754
8.20000076
2.38431382
6.09803915
8.65882397
8.27451038
3.67843151
1.50588262
2.76078463
3.60784340
1.59019649
5.83725548
10.55686378
9.06862736
8.79019737
8.75294209
14.03725719
13.63725567
8.71764755
2.87451005
5.45098114
9.18431282
7.42549038
3.49607944
1.72156870
2.61568618
4.36862803
1.62941217
5.94901991
10.31176472
8.75686359
8.50588226
8.72549248
13.96470928
13.50196171
9.03137302
3.51960802
4.79803944
9.07647228
7.02745199
3.67450976
1.56274521
2.96274543
3.95882368
1.28823555
6.14705896
10.03137398
8.87843227
7.25882387
8.64313698
14.06470680
13.33725739
9.86078262
3.71372581
3.91764712
8.63333416
7.61372662
3.51568627
1.33137274
2.97058845
4.03333330
1.17058837
6.41960764
9.57450962
9.32156944
6.50392151
8.21960831
12.34510040
13.21176338
11.04902077
3.77647066
3.37058854
8.49215794
8.29607868
3.37647080
1.09803951
2.85098052
3.26274562
1.60392189
7.07843113
9.38039112
9.67647171
6.48431301
7.78235435
10.86078358
12.40784454
11.62156868
3.86274529
3.36666751
9.03725719
7.85686302
2.65882373
0.91764730
2.89411759
2.36274505
2.19803953
7.46470690
8.78235245
9.41372490
6.19215727
7.60784292
10.35098171
12.22941303
10.96862984
3.60392165
3.48823595
9.12353039
6.65294218
1.69411814
0.77843148
2.73725510
1.44509852
2.26862717
7.79803944
7.60392332
9.25882530
6.51568747
7.46078491
10.27843094
11.40784359
9.88431454
3.73529434
3.62352991
8.28627491
6.16274548
1.47254944
0.70196098
2.22156882
1.06666696
2.41764736
7.99411964
6.00392246
11.23333359
8.48235226
7.57647181
10.11176491
10.85686302
8.87647057
4.23529387
4.17058945
7.48235416
6.13921595
1.91568649
0.73529428
1.81764746
1.27254939
3.16274524
7.95294189
5.62549067
12.99411774
10.25686455
8.13725471
10.02745056
9.92156792
8.14509773
4.82745123
4.87647104
7.05098248
5.89215708
1.92549062
0.87058836
1.57843137
1.40196097
3.94705868
8.16078377
5.79999924
13.58431625
11.20196342
8.94705963
9.84509945
9.78431225
8.14117622
5.86470652
5.49019623
7.05882311
5.70588207
1.36470616
0.93529427
1.26862752
1.48823559
4.49607801
8.40588284
6.40588236
13.41372490
10.90196037
9.78627586
9.94705963
9.73725605
8.01764774
6.53725576
5.15098143
7.02549076
5.43333340
0.99019635
0.89019626
0.85882360
1.21764731
5.17254925
8.49804020
6.93725538
11.66078472
10.06470585
10.71176434
10.14313793
9.76274586
7.70980453
6.78235340
4.81372643
6.32941198
5.30784369
1.29607880
0.80000013
0.82745105
1.09411776
5.93137264
8.61961079
6.80000019
10.00000095
9.14509869
10.71764755
9.63725662
9.36470795
7.59019709
6.26078510
5.17843199
5.59019566
5.18627501
1.40784347
0.37843138
1.00000012
1.56862760
6.16078472
8.34313869
6.65490246
9.55490112
8.64117622
9.94509888
9.34117794
9.20588207
7.50196123
5.47254896
5.81960773
5.60588264
5.29607821
1.20980430
0.35490197
1.65686309
2.35686350
6.70392227
7.83725595
6.59607935
8.62156773
8.24509716
8.81764603
8.90784359
8.92156887
7.70980549
4.49411774
6.06274605
5.47254896
5.11176443
0.90980428
0.57058835
2.29607892
3.45490217
7.68823576
7.21372557
6.21176481
7.63725567
7.30000067
7.89215755
7.82352924
8.33529377
7.32549000
3.24117708
6.19804049
4.94117689
4.66078520
0.86078441
0.64117670
2.82549024
4.72352982
7.94705868
6.73333311
5.85490179
6.40980387
6.10196161
7.05097961
7.91960907
7.50392246
6.44509840
2.73921609
6.40000057
4.65098095
4.24509859
1.25686276
0.75686294
3.40196133
5.60784388
7.62745142
6.25882387
5.83137274
5.70196009
5.65882349
6.68431473
8.15098095
7.01372623
6.08039284
2.87450981
6.37647152
4.52353001
3.67843151
1.74117672
0.71960807
3.58039212
6.17647028
7.31960726
5.58823490
5.61176443
6.27450943
6.22549009
6.96078491
7.92745018
7.22941303
6.05686331
2.51960802
5.82352972
4.69803953
2.83529472
1.71764719
0.50000000
3.74705911
7.68039179
7.28235340
5.48431444
5.50000048
6.50980330
6.81568718
6.54901981
7.45490170
7.63921642
5.84902000
2.01372600
5.74705887
5.33921623
2.56078458
0.66666687
0.74901968
3.80000019
8.15098095
7.18627405
5.05882406
5.74509907
7.11960840
6.17058849
6.50000048
7.82549095
7.89607811
5.54705906
2.12549043
5.40000057
6.29215717
2.36274552
0.60392165
0.71960789
3.63137341
7.69803905
6.52941227
4.80784369
5.68823576
7.69411659
5.04313755
6.63921547
7.69215775
7.60980463
5.09411764
2.38235331
4.95294142
6.91568708
2.49215722
0.94901997
0.89215702
3.30980444
7.27254915
6.10392189
4.96078491
5.44509888
7.76274586
4.73529530
6.50784302
6.68039179
6.82156944
5.36666727
2.60392165
4.31372547
7.76666689
2.92941189
1.26666677
0.70980406
3.00000024
7.60784388
6.30784416
5.37647057
5.57058907
7.73137331
4.62745142
5.99607897
5.86078453
6.22156858
5.22941303
2.96666741
3.95882368
7.49411774
3.19607878
1.31764758
0.50980395
3.37254953
8.68039322
6.18627501
5.77647066
5.43529415
7.25294161
4.42941189
5.67451000
5.60392237
5.89803982
4.98431444
2.91176486
4.10784388
7.10588217
3.75686312
0.70196122
0.83137256
4.33333349
9.88431454
5.85490227
5.96274567
5.28627491
6.53137302
4.73725462
5.49411821
5.81372499
5.78039217
4.40196085
2.62156868
4.02549124
7.36470747
3.29411840
0.32745099
0.83333337
4.69215727
10.06666756
5.94901991
5.94901991
5.82941246
6.46666574
4.77451086
5.25882435
6.51960754
5.79411793
3.86470604
2.27254939
3.69411778
7.47058964
2.55882430
0.28823531
0.97058833
4.74117708
10.10000134
6.52549219
5.82745123
6.61764717
6.80980396
4.66666698
5.30196095
6.41568661
5.54313803
3.44313741
2.01372576
3.19999981
6.23529577
2.65294147
0.66666681
1.63529420
5.46470642
9.53333282
7.46274567
5.51176500
7.46078491
6.92745161
4.85294199
5.61176538
5.62745094
5.30980492
3.27843213
1.68627501
2.74901962
4.67450953
3.13137269
1.17647076
1.92745125
6.52745152
8.97451115
8.90196133
5.28627491
7.80588245
7.03725481
5.17058802
5.87058878
4.86470556
5.44902039
3.59803939
1.12549043
3.07254934
2.93137288
3.11568689
1.35882378
1.94117665
7.11568642
9.17451191
10.22941399
4.94509792
7.71372652
6.42941141
4.94901991
5.53333473
4.97647095
5.06078482
4.25294161
0.77254915
3.35098052
2.24901962
2.31764722
1.54705918
2.58431387
7.21176624
9.64313793
9.98823643
4.53725576
7.34313726
6.58431435
5.10588169
5.41176510
4.90392160
4.79215813
4.51568604
0.80000013
3.04705930
2.40588236
2.33529496
1.91764748
3.56666660
7.52549076
9.22352982
8.23529530
4.03137350
6.96078444
7.24313831
5.55490208
5.91568756
4.73921585
4.25686264
4.48431396
0.88431394
2.58627462
1.96274519
2.80588293
2.62745094
3.93137288
8.06862831
8.19411850
6.47647095
3.55686307
6.97451019
7.27843189
5.70980453
6.10196161
5.04705954
3.86470628
3.60000038
1.10784352
2.10000014
1.57647097
4.03725529
3.62156868
3.70000029
8.37058830
7.53333378
5.36078453
3.60980439
7.02352905
7.74901962
6.15098047
5.91764736
4.98627472
3.57058811
3.50588274
1.22941220
2.04705882
1.96666706
5.01960754
4.48823595
4.22549009
8.36470604
7.13137245
4.72352982
4.12745094
7.25098038
8.37843227
6.67843294
5.50196171
5.06274509
3.15490222
3.67843199
1.07843149
2.38823605
2.80196118
5.15490198
4.67451000
5.69803953
8.39019585
6.91764784
4.78039217
3.84705877
6.97058773
9.55294132
6.33529329
4.86666727
5.64901924
3.65882397
4.03137350
1.10000050
2.42156911
2.68235278
4.29607868
5.01568699
6.00196171
8.63921452
6.57450962
4.85294151
3.38235307
6.34901953
11.51960945
6.00784302
4.54509878
5.97843075
4.01372528
4.21372604
1.42941201
2.59411788
2.48235321
3.37254906
5.26078463
6.24509811
9.24705982
5.90784407
4.40392256
3.88823628
6.00980473
12.41372681
6.75882339
4.71960878
6.18235350
4.65686321
4.21372557
1.54902005
3.37254906
2.61960840
3.22549033
5.02941227
6.96470642
10.15294266
5.68431377
3.73333335
4.74705839
6.69215679
12.28823471
7.50784302
5.34117651
5.79215717
4.89215660
4.11764765
1.64705920
3.85490227
2.11960816
3.34705901
3.83529472
7.21176624
10.35294151
5.93137264
3.94705868
5.24705887
7.70196056
10.91764736
6.84901953
5.47647047
5.59607935
4.81764746
4.29607821
1.90000033
3.47058916
2.49803948
3.17058873
3.61176515
7.33137321
9.81568718
5.82941246
4.86666727
5.03921604
7.43333435
8.66274643
5.67254925
5.52549028
6.16274452
4.89607859
4.37843180
1.73529434
2.87647104
2.65490198
2.64509821
3.82549047
7.41764879
9.69215679
5.64313698
5.35490274
3.92156935
6.29999971
7.86666775
4.96666718
6.56862783
6.24509859
4.52941227
3.84901953
1.10588253
2.22156882
2.77254915
1.98627460
3.81568670
7.05490303
9.50000095
4.67843103
5.20980453
3.72352982
5.31372595
7.51568651
4.84117651
8.69607925
6.02352953
4.37647104
3.87254930
1.34509826
2.14117670
2.54902005
2.14509845
3.71372581
6.30196142
8.66666603
4.09607840
5.21176481
3.70588279
4.62941170
6.90000057
4.73725510
9.66666603
5.80784512
4.07254982
3.56274533
1.80784321
2.49411821
2.78039217
2.49411821
3.96078420
6.01960707
8.22745037
3.53921604
5.13333368
3.55882359
4.46274471
6.49803972
4.99607849
10.28627586
5.73137236
3.87451029
2.71960831
1.91372561
2.90000033
2.92745137
3.16274524
3.96666718
5.46862841
8.08431435
3.50392175
4.14117765
3.60196114
4.37254953
6.21176529
5.86274481
10.67254925
5.94902086
3.93333316
1.96274531
1.26274514
2.43921614
3.06078410
3.22352910
3.44901967
5.29215717
7.69019604
3.34902000
3.16274548
3.96862817
4.51176500
4.87450981
6.81372690
10.73921585
6.94313765
3.96274519
1.89019632
0.56470591
2.17254925
3.29607868
2.74902010
3.22941184
5.51960802
7.45098066
3.00000024
2.67254901
4.39411736
4.78039265
4.08431339
7.65098047
10.78039074
7.42352962
3.90784335
2.17843151
0.49607843
2.73333383
2.97058845
2.79607892
3.50980425
5.65882444
7.45882368
2.75882411
2.47843146
4.88039160
4.95686293
3.90588260
8.15882397
12.11372566
7.63529491
4.01568604
2.43333364
0.82745111
3.03529429
2.39607882
3.08823514
3.76862764
6.45882463
7.42156839
2.36078453
2.98039246
5.36274529
5.54117680
4.17647076
9.53921509
13.87451077
7.52353048
4.22745180
2.63333344
1.04509842
2.93529439
2.00588226
3.92941189
3.65294147
7.11568737
7.35294151
2.58039236
3.55098081
6.63137293
6.69215679
4.51568604
11.98431683
14.35294247
7.72353077
4.24902010
2.81176519
1.51764739
3.38235283
1.98823571
4.29607868
3.78235340
7.29215765
6.74705887
2.45686269
3.89411783
8.03529453
7.28431368
5.29803991
14.27842903
13.58431435
8.43529510
3.75294185
3.31568670
1.78039229
3.73529458
2.47843194
3.83725524
4.33137274
6.99607849
5.56666660
1.80784369
4.12156868
9.68235302
7.65686321
6.57647085
15.79019833
12.87059021
9.19019604
3.49803948
3.58627439
1.50196099
3.52745080
2.62941265
3.43529439
3.83529425
6.28235435
4.20784378
1.81176484
4.03333330
11.50196266
8.63529682
7.46078539
16.22157288
12.09215832
9.38431454
4.06274557
3.69411802
1.47254896
2.45490193
2.64313769
3.15098047
3.38235307
5.77058983
2.73725486
2.04705906
3.50588250
13.07647228
9.46862793
8.18431568
15.68039513
11.99019718
8.70784283
4.39803886
3.37058854
0.75098050
2.45686293
2.50784349
2.60000038
3.81568670
5.46078396
2.68627477
2.02156878
3.36666679
13.63529491
10.27647018
8.51960850
15.01960945
11.39215946
7.89019632
4.24901962
2.70588231
1.01960790
3.81176519
1.80392182
2.15686321
4.18235302
4.78627491
2.95686316
2.12941170
3.75686264
12.80784416
11.80392170
8.78431511
14.74706173
10.66666794
7.37254906
4.30980396
2.74509811
0.69215691
4.42352962
1.46666718
1.64705908
4.76274586
4.00000048
3.03333378
1.98235333
3.76470613
11.35686302
14.21764755
9.80196190
13.89215660
10.26666641
6.76862907
4.30588198
3.21764731
0.55294120
4.23921585
2.41764736
2.08235312
5.46470690
3.53333378
2.84705973
1.59411788
3.02745128
10.82941246
16.44705772
12.07843208
13.45098019
10.13921738
6.35686255
3.90980387
4.30196095
0.60196090
3.79215693
3.03529429
3.11764765
6.70784378
4.26078415
3.00000048
1.22745121
2.36666679
10.69411755
17.66274452
14.97647285
13.60784531
9.49019718
5.92745066
3.30392170
4.20588255
0.60196096
3.14705920
3.11960840
3.56078458
7.07058954
4.48039246
3.40196157
1.47254932
2.01568651
10.24705887
19.00980377
20.10588264
13.75294304
8.98431492
5.45294189
2.87450981
3.41372561
0.68431389
2.94509816
3.07843161
3.99019647
6.50392199
4.38431406
2.95098042
1.90392184
2.03529453
9.96666718
19.93333244
23.88235855
13.18627453
9.03137207
5.54313707
2.57058859
1.91372585
0.84705889
2.47450995
3.22549033
4.38823509
6.03137255
4.11568689
2.49215722
2.26666689
2.03725505
9.23529434
19.98824120
25.05490875
12.68823814
9.12353134
5.44509888
2.30000067
1.63529420
0.84509820
1.58627462
3.19019628
4.61372566
5.41372585
4.23333311
2.58823538
2.68823552
2.18431401
8.43921661
19.13333511
24.42941666
12.24117851
8.65490150
5.37254906
2.47843170
1.98823559
0.70588249
1.01372552
3.02549028
5.06078386
4.75882387
4.25294161
2.67647076
2.92353010
2.43333316
8.28627586
17.56470871
22.36078453
11.43921661
7.72745132
5.40196133
2.80196095
2.22549057
0.58431387
0.81960785
2.74117684
5.11568689
4.65294170
3.39019656
3.05098104
3.12549019
2.47647095
7.91764736
15.93725491
20.50000381
11.24117851
6.96862841
4.67843199
2.78039265
1.72156906
0.29803923
1.18235302
2.41176510
4.84509897
4.61176538
2.76078439
2.73921585
2.14313722
2.39607859
7.39019680
13.77647114
17.65882492
10.51372814
6.93137217
4.19411802
2.97058845
1.29215717
0.21176471
1.78235328
2.54901910
4.68235302
4.74117804
2.61568666
2.76274562
1.86274540
2.52156854
7.09804058
11.56470680
13.93529320
9.98039341
6.82549047
4.21568680
2.84902024
1.26862776
0.23725490
2.09019637
3.04705906
4.59607887
4.59999895
2.21764755
2.40588284
2.09607887
3.08627510
7.24705839
10.31372738
11.98627472
9.21372700
6.98823643
4.35098028
2.60784340
1.17254937
0.66078448
1.86470616
3.41372561
4.55490208
4.88823509
2.86666703
2.20196104
2.08235312
3.43725514
7.16078472
10.00196171
10.50588322
8.31176472
7.16078520
4.68235302
2.21568656
1.18039227
0.98627472
1.60196114
3.91960788
4.73529482
5.06274605
3.58235359
2.39803982
1.82352972
3.42745090
6.82745123
9.34705830
9.50196171
7.47646904
6.94901943
4.66274548
1.71764719
1.33529437
0.99019623
2.32941198
4.42352867
4.66862774
5.00392199
3.53333354
2.45294142
2.09019661
3.71960807
6.90784359
8.83529568
8.60196114
7.06862831
6.53725481
4.31372595
1.51176488
1.32941198
0.79411781
3.42352986
4.26470613
5.18431377
5.07450962
2.73921585
2.35294127
2.46470618
4.12352943
7.11960840
8.95686436
7.96470594
7.01764727
5.99607849
3.91568637
1.83921587
1.10392165
0.31372550
3.62745118
3.94705963
5.25098085
4.73529482
2.75686288
2.41764736
2.66666675
4.16862726
7.33137369
9.45686340
8.43137264
6.95098114
5.41960716
3.39607906
2.31764746
0.91372555
0.50588238
3.64705873
3.44705915
5.17647123
3.70784402
2.34705901
2.32156920
2.65882373
3.98431373
6.59607792
9.37843227
8.76666641
7.01176643
5.43725586
3.08431411
2.22941208
0.86078441
1.06078458
3.38431382
2.85882378
4.91568613
3.01176500
2.12352967
2.08823586
2.23725533
3.67058849
6.08235359
9.43529415
8.55882549
6.84705925
5.27843142
3.27843189
2.66078472
0.97843146
1.63333368
3.20196080
2.77647066
4.57451010
3.19019699
2.50588226
1.99019647
2.14313769
3.48039269
5.80980444
9.29803848
9.21960831
6.50196123
5.55490255
3.50980377
2.58235288
0.82352942
1.64117682
2.76666689
2.64509773
3.69803953
3.08627415
2.37254906
2.18823576
2.39607811
3.15490246
5.20000029
8.69607830
10.18235302
5.78431368
5.39607859
3.80392194
2.72549033
1.13529432
1.77843165
2.34509850
3.56274486
3.04509830
2.86666679
2.07451010
2.13921618
2.22745132
2.59019637
5.39019680
8.12745094
9.99803734
5.13921595
5.34509754
3.78039265
2.46470642
1.72156894
2.30588293
2.04902005
4.22745085
3.04901958
3.31372571
2.11960793
1.69803953
1.53333366
2.28627491
5.02941132
7.56862831
9.22353077
5.21176481
4.87058926
3.67843127
2.15098047
1.95882392
2.61372566
1.93725526
3.77058864
3.04509830
3.42941165
1.95098054
1.78823566
1.11960816
2.07647085
5.17843151
7.75490427
8.45490265
5.57843113
4.58235312
3.69411755
2.29607892
1.81372583
2.80588245
2.28431392
2.99215698
2.99999976
3.33725500
1.89411807
2.50196075
1.17843175
1.65294135
5.07254982
7.62745142
7.49019575
5.60000086
4.51960802
3.37254930
1.70784342
1.46862757
3.30784345
2.56666708
2.81176567
3.32352972
2.43725538
1.96078467
2.51176476
1.20588255
1.20196104
4.33333349
7.37843084
7.46274567
5.55686235
4.71568632
3.40196109
1.22549033
1.04313743
2.92156911
2.39411807
2.90392184
3.35686278
1.81372571
1.57058859
2.53725529
1.08823550
1.60784316
3.31568623
7.50392246
7.80392170
5.96078491
4.81960773
3.27647066
1.15098071
0.89803958
2.54705906
1.79019618
2.55294156
3.19607973
1.78823543
1.56274521
2.64705873
0.97647089
1.36274517
3.83529425
7.72352982
8.02353001
6.24509859
4.31372595
3.47451019
1.00980425
0.80392170
2.18235350
1.70980430
2.80980420
3.23921585
2.42941189
1.90588272
2.23725486
1.14705908
1.46274543
4.79019594
7.87647152
9.56862926
6.17451000
3.94509816
3.60000062
1.38627493
0.88235319
2.11372566
2.02745128
3.27254915
3.21372533
2.28039241
1.88235331
1.50980425
1.40588248
1.35294139
5.11176538
7.99803877
11.39215565
6.42941189
3.84902000
3.19019651
1.73921585
1.13725519
2.44313765
2.39411807
4.14313793
3.06274581
1.53529453
1.58823550
1.30392182
1.57254946
1.62745106
5.03921556
8.21372700
12.36078644
6.63529587
3.74313712
2.72156882
1.58627474
1.25882375
2.57647085
3.17058849
4.20784378
3.05294132
1.29607856
1.20196104
1.37254918
1.69019628
1.55294144
4.68627548
8.08627510
12.94313812
6.24509859
3.83137274
2.69215751
1.53921592
1.01372576
2.29019618
3.87451005
3.80000019
2.87647152
1.21568656
0.80392188
1.20980406
1.83333337
0.89019632
4.70784426
7.60196114
12.70784569
5.96274567
3.93137288
2.83137250
1.60000014
0.63921595
1.76078427
4.26862764
3.27647114
2.65882397
0.91960812
0.91372567
1.83921587
1.93333352
0.44313726
4.32156849
7.18823528
12.08235550
6.20980453
3.92352939
3.17843151
1.62941206
0.50392163
1.43529427
4.17254972
3.02549028
2.49411798
0.70980418
1.05294132
2.55490232
1.56862772
0.40588236
3.72549057
7.13725567
11.45097923
6.14117575
3.89215732
2.81372595
1.56078434
0.37647060
1.23725498
3.99803972
3.33529472
2.06862807
0.88431400
0.77647078
2.46862817
1.51764750
0.46078432
3.34901977
6.79804039
10.49804115
5.65686321
3.98627472
2.65686250
1.85294139
0.62549043
1.06470585
3.40196085
3.45490241
2.16666698
1.24705899
0.78823549
1.84705901
1.50392175
0.50392157
2.96078444
6.16274548
9.48235512
5.35098076
4.58039284
2.69411778
2.09803939
1.14509833
0.85294122
3.62941241
3.13333321
1.93137300
1.25098062
0.80980408
1.70588267
1.11176515
0.67058837
2.26274514
5.69804001
8.54117584
5.57058907
4.31176519
2.44313765
2.17254949
1.40980446
0.87647080
4.29607868
2.98823571
1.45686293
1.06666684
0.33333334
1.42941177
0.81176496
0.59607857
1.84313738
5.66470718
7.65882444
5.60784388
4.18235302
2.04117680
1.95294142
1.41372573
0.88823545
4.07058907
3.12941194
1.67647064
0.92352974
0.28431374
1.47254920
1.17451036
0.16274510
1.79607844
5.67058945
6.78431416
5.16274500
4.08823538
2.03137302
2.39411783
1.28431416
0.62352955
3.86470628
3.45490217
1.81372583
0.79019636
0.74509817
0.91372567
1.72549045
0.12352941
1.68823552
5.47058916
6.12156916
4.78627491
3.95686340
2.24117613
2.47450995
1.09607899
0.69215697
3.57254863
3.47058892
1.89607882
0.69019634
0.96078438
1.39803970
1.76666701
0.15882353
1.36470592
5.42745066
5.74117661
4.79803991
3.77450967
2.49215746
2.71764708
1.18823552
0.69607854
3.21176553
3.70000005
1.74902010
0.59607857
0.71372551
1.26666677
0.82941192
0.19019608
1.14901972
5.58039236
5.64117718
5.41568661
3.69411755
3.04901958
2.83725452
1.58235347
0.57647061
3.49215746
3.68039227
2.09411812
1.00784338
0.59411770
0.83725500
0.78039229
0.30784315
1.33921587
5.67647123
5.41568661
5.51176405
3.92352915
3.42156935
2.71372604
1.41372597
0.61372554
3.76470661
3.20980430
2.35882378
1.30980420
0.69411784
0.54705888
0.91372561
0.36666667
1.56274521
5.66470623
5.38823557
5.89999962
4.53921652
3.17647052
2.51372600
0.83725512
1.07450986
4.56862831
2.59019661
1.88823557
1.40392184
0.56666684
0.26470590
0.59019613
0.31960785
1.63725531
5.30980444
5.88431358
6.21764708
4.88627577
3.07647085
2.56274533
0.68627477
1.41372550
4.48431349
2.21764731
1.21960795
1.70000052
0.64313745
0.11176471
0.44509804
0.29019609
1.53529441
4.62156916
7.22352982
6.01176500
4.48431396
3.48235321
2.64313745
0.69803935
1.48627460
3.47647119
2.14313769
0.90784335
1.93333352
0.95294142
0.24901961
0.34705883
0.27058825
1.43725514
4.49411774
8.21176529
5.88431358
3.77843142
3.34117651
2.43725491
0.61176479
1.54901969
2.71568656
2.13529444
0.80392164
2.12941194
0.77843153
0.26666668
0.16862746
0.20196079
1.67843151
5.00588274
7.89215708
5.57647133
3.41960835
2.53529501
2.14901972
0.51568633
1.62549043
2.42156887
2.08823562
0.66274512
1.60392177
0.55882359
0.31176472
0.15882353
0.24901961
1.70784342
4.99019623
6.99411917
5.55294180
3.14117622
1.75098073
1.95686293
0.87843156
1.44313741
2.86862755
2.06274533
0.81568658
0.99803931
0.48823529
0.56862748
0.40588236
0.29607844
1.43921578
4.82941246
6.20784473
5.33725548
2.95098090
1.64313757
1.78039253
1.58823562
1.49019611
3.19411778
2.46666694
0.98823559
0.60784322
0.41372550
0.92941189
0.56078440
0.26666668
1.25882363
4.99019670
5.63333368
4.62941170
2.70392132
2.20392179
1.64705908
2.01568675
1.38627458
3.02156878
3.01960826
1.31372583
0.57058841
0.37058824
0.96470594
0.52745104
0.17647059
1.35098052
5.21568632
5.61176586
4.60196161
2.62352920
3.06470609
1.49607885
2.09411788
0.85098046
2.32549071
2.99019647
1.82352972
0.53137267
0.29803923
0.70196080
0.43333334
0.13725491
1.43921578
5.26666737
5.75098085
4.90196180
2.86470652
3.25490212
1.19215703
1.50000000
0.47843137
1.75098062
2.48235297
2.04313755
0.52549022
0.26666668
0.60784316
0.28431374
0.19215687
1.33921587
4.89803886
5.84902000
4.64117718
3.18823624
2.80588293
0.97254920
0.63529420
0.45882356
2.03137279
1.88039255
1.82941210
0.43333334
0.32156864
0.79607850
0.17058824
0.21764706
1.43921578
4.85294151
5.85098124
4.53921652
3.31372595
2.42352939
1.19411790
0.75686276
0.42352945
2.80000043
1.43137300
1.56078470
0.24313727
0.39803922
1.01568639
0.15490197
0.18235295
1.79411769
5.57647038
5.76862812
4.83333349
3.24705887
2.27254939
1.62941217
1.37843156
0.31372553
3.69803929
1.53333354
1.11176491
0.43921569
0.31764707
0.65882361
0.21960784
0.13529412
2.14313722
6.27843142
6.49019670
4.91960859
3.45294166
2.16078424
1.93137300
1.68823552
0.36666667
4.04117680
2.20196128
0.51764709
0.46862745
0.18039216
0.24901961
0.22745098
0.12549020
2.46078444
6.63725567
8.13725567
4.94901943
3.92941213
2.26274538
1.97451019
1.77058864
0.52352947
4.05490303
2.16862726
0.24901961
0.52352941
0.25294119
0.16078432
0.15882353
0.12352941
2.49019623
7.52352905
9.91372585
5.14117670
4.04313755
2.45098042
1.76470637
1.46470594
0.82941192
3.34313726
2.00196099
0.71960807
0.52352941
0.32941177
0.28823531
0.12941177
0.12549020
2.62156892
9.14705944
10.84117699
5.88235235
3.74509811
2.18627501
2.00980401
1.23921585
1.15490210
2.60196114
1.84705913
1.10000038
0.62549025
0.44901961
0.59803927
0.18039216
0.12352941
2.99411774
9.98431492
11.05294132
6.74313736
3.72352982
2.25686288
2.82549024
1.31372571
1.29411769
2.39803934
1.46078432
1.39803934
0.77450985
0.40980393
0.92352951
0.63333350
0.15294118
3.51568651
9.53137302
10.65294266
6.79803944
4.06862783
3.00000024
3.00196075
1.17451000
1.40196097
2.46078491
1.78431380
1.64313757
0.65882355
0.29411766
0.95686287
1.27843201
0.16274510
3.92745113
9.36862755
9.76862812
6.61764765
4.60588217
3.24313760
2.27058816
1.01176500
1.60392177
2.36470604
2.56078458
1.32549047
0.33137256
0.65098047
0.97843164
1.28431439
0.17647059
3.79607868
9.73529434
9.01960850
6.78235292
5.09215689
3.01764750
1.56274545
1.13921618
1.55098057
1.95490229
2.91568637
1.16862774
0.16666667
1.18627453
1.01372588
0.79803938
0.32156864
3.30784369
9.39019680
8.31568623
6.62941122
4.88235283
2.96078467
1.70392179
1.23921597
1.45490205
1.79607868
2.81176496
1.29215717
0.39019608
0.91568637
0.79411805
0.38627452
0.52549022
3.05882359
8.91960716
7.56862640
6.19019651
4.40588284
3.02156925
1.81960809
0.96666676
1.05098057
1.19411778
2.03333354
0.86078435
0.86470610
0.64901966
0.31764707
0.27450982
0.52745098
3.12352967
8.33529472
7.39607859
6.15882397
4.34509802
2.88823533
1.39215732
0.74117655
0.68431377
0.61764711
1.30784333
0.55882359
1.34313750
0.42941177
0.36862746
0.14509805
0.29411766
2.86862779
7.86078548
7.53529406
6.62549114
4.53921604
2.60588241
0.78627485
0.92941183
0.54705882
0.48039216
1.50196123
0.59607857
1.46666682
0.34705883
0.58431381
0.08823530
0.17254902
2.56666684
7.28235435
7.38627481
7.04901934
4.47451115
2.61372566
0.54705894
1.23137271
0.38235295
0.66078430
1.31568635
0.72745121
1.19607866
0.68823546
0.59019613
0.22745098
0.14705883
1.90196097
6.38039207
7.28627491
6.52549028
4.44901943
2.82549047
0.52549022
1.73333347
0.25882354
1.33333337
0.51960784
1.04117680
0.90392166
1.15490234
0.65294129
0.20196079
0.13921569
1.50392175
5.81960773
6.74117804
6.21764851
4.62156820
2.87058830
0.54705888
1.97843158
0.44901961
2.20784330
0.42549020
1.25294137
0.75098044
1.32549036
0.75490206
0.19215687
0.14117648
1.04117668
5.88039207
5.69215679
5.73921585
4.72941113
2.72156835
0.64509809
1.46078420
0.52156866
2.31372595
0.62352955
1.10784328
1.00588262
1.67254913
0.67450988
0.14901961
0.12352941
1.14509809
6.05490160
5.54117632
5.48823547
4.48431396
2.66274500
0.87058830
1.15098059
0.39607844
1.53921616
0.49803922
0.90588242
0.92745119
2.36666679
0.34313726
0.14117648
0.12745099
1.71764708
5.71960831
5.87255001
5.18235350
4.09019613
2.60980392
1.15098047
1.18627477
0.35686275
0.91764730
0.59019607
0.50392157
0.99411792
2.95490193
0.19803922
0.14117648
0.15490197
2.36078429
5.27647114
6.20196247
4.87254953
4.07647038
3.27254939
1.82745099
1.17451012
0.40980393
0.42941177
0.65294123
0.17254902
1.15686297
3.45294142
0.14117648
0.19803922
0.15490197
2.45294142
5.22941160
7.09215689
5.01176548
4.29607868
2.99803948
2.30588245
0.90196103
0.41960785
0.39215687
0.45098040
0.18627451
1.18823552
3.44705892
0.18235295
0.27058825
0.13137256
1.99607837
5.73137236
7.80784321
5.28431511
4.21568680
2.46862769
2.17451000
0.79019618
0.33921570
0.88627476
0.42549020
0.29215688
1.05098057
2.86862755
0.49607843
0.30588236
0.12941177
1.50980401
5.69215727
8.72156906
4.94117689
4.15098047
1.74509811
1.77451003
0.65686297
0.37254903
1.31568646
0.76078439
0.30588236
0.92352951
2.37058830
0.67843145
0.31372550
0.12352941
1.26862752
5.30392170
8.59019756
4.36470652
3.49019647
1.39803970
1.47451007
0.53921574
0.48235294
1.58627486
1.05686295
0.28039217
0.91764718
1.92156887
0.46470588
0.28431374
0.15686275
1.14705896
5.59411716
7.65490246
4.21372604
3.66274548
1.53137290
1.24901998
0.93725520
0.75490218
0.87450999
1.12549055
0.25294119
1.07647061
1.32156920
0.49411765
0.12549020
0.13725491
0.77450985
6.11764717
6.66862726
3.88627434
4.26078510
1.80392182
1.03137302
1.21960807
1.08627474
0.59607857
1.03921592
0.24509804
1.18235302
0.87058866
0.64117664
0.12549020
0.12549020
0.89607847
6.16666794
6.01764679
3.61960793
5.03333426
1.85882378
1.13137305
1.18627465
0.97647095
0.45686275
1.23921609
0.22745098
0.83333337
0.98235321
0.32352942
0.12549020
0.13725491
0.88039219
5.36274624
5.55490255
3.85686278
5.10784388
1.58431399
1.23137295
1.00196099
0.62549037
0.44901961
1.28823555
0.22549020
0.52549022
1.08627510
0.13529412
0.12549020
0.13333334
0.65490198
4.57843208
5.26078463
4.04705906
4.80392122
1.81176484
1.19019628
0.76862770
0.46470588
0.67451000
0.94117665
0.22745098
0.41372550
0.78627473
0.14705883
0.12549020
0.13333334
0.44705883
3.65098047
5.16862822
4.43137312
4.51176405
1.92352986
1.01764762
0.53529418
0.22352941
0.66862774
0.70588255
0.20000000
0.37254903
0.44313726
0.12745099
0.12549020
0.13725491
0.42352942
2.72745085
4.33529425
5.18823385
4.08039284
1.72941196
0.92549056
0.25294119
0.08235294
0.34117648
0.77058852
0.18431373
0.34509805
0.15098040
0.20196079
0.12549020
0.12549020
0.43725491
2.50588274
3.90392160
5.18823528
3.64117694
1.89607859
1.00588274
0.23921569
0.23921569
0.40392157
0.79215723
0.14509805
0.14117648
0.12941177
0.15882353
0.12549020
0.13725491
0.38627452
2.41960812
3.87254906
4.58039236
3.20392227
1.90392184
1.15490234
0.50196081
0.24901961
0.56666672
0.68627465
0.25490198
0.32941177
0.23529412
0.15686275
0.12549020
0.11764706
0.61568630
2.23921561
3.60980368
4.33921623
3.15490246
1.79019630
1.47843206
0.57647061
0.39411765
0.69019616
0.76862764
0.14509805
0.48627451
0.20784314
0.12156863
0.12549020
0.14117648
0.58235300
2.73137259
3.14705873
3.72549033
3.30196095
1.78627503
1.44901979
0.36274511
0.52549028
0.42156863
0.53529418
0.22549020
0.35098040
0.19411765
0.14117648
0.12549020
0.21176471
0.53725493
3.13921595
3.21176481
3.53137231
3.24117661
1.97058856
1.12352955
0.34117648
0.46274510
0.28823531
0.21568628
0.21176471
0.17254902
0.25098041
0.16078432
0.12549020
0.20784314
0.58431375
3.02745104
3.16666675
3.91568565
3.17843127
2.33529425
1.09215689
0.44901961
0.34313726
0.20392157
0.15490197
0.28235295
0.21176471
0.32549021
0.16862746
0.12549020
0.13725491
0.84901971
3.34509826
3.01176500
3.73725486
3.21568608
2.46862793
1.62156868
0.43725491
0.44705883
0.06470589
0.16274510
0.35294119
0.23529412
0.30000001
0.13921569
0.12549020
0.15882353
1.23333359
3.82156873
3.31568670
3.32549024
3.51176524
2.03333354
1.70196068
0.47647059
0.60000014
0.16274510
0.14509805
0.15686275
0.14705883
0.20392157
0.14705883
0.12549020
0.19019608
1.37647080
3.41764736
3.47647119
3.30588293
3.72941184
1.40588272
1.05686295
0.75686288
0.62549031
0.24705882
0.16862746
0.13529412
0.12941177
0.11372549
0.21960784
0.12549020
0.09215686
1.32156885
2.74117661
3.36470604
3.15882397
3.34901953
1.05882382
0.60392165
1.01372576
0.44509804
0.34901962
0.22745098
0.12549020
0.12549020
0.13137256
0.30784315
0.12549020
0.11764706
0.77843153
1.75294137
3.54901981
2.82549071
2.66862798
0.89411771
0.34117648
1.24313772
0.30980393
0.45882353
0.23725490
0.12549020
0.12549020
0.13137256
0.29215688
0.12549020
0.11960784
0.59411776
1.51372552
4.49215746
2.53725505
2.57843137
0.87450999
0.53529412
1.04117680
0.31372550
0.54901963
0.26470590
0.12549020
0.14509805
0.12745099
0.19411765
0.12549020
0.11568628
0.43921569
2.13725519
5.26470661
2.51372576
2.84117675
1.10392177
0.99803948
0.63921577
0.36666667
0.60980397
0.38823530
0.12549020
0.13333334
0.12549020
0.12549020
0.12941177
0.14117648
0.50196081
2.90980411
5.13137293
2.93137264
2.85490227
1.39215720
1.02549052
0.33529413
0.41568628
0.53921574
0.40392157
0.12745099
0.12352941
0.12745099
0.15490197
0.13333334
0.17450981
0.61372560
3.55294156
4.87843180
3.78823590
2.51176500
1.25686300
1.25882387
0.39019608
0.59411788
0.30000001
0.27254903
0.12549020
0.11372549
0.12745099
0.13137256
0.13725491
0.17450981
0.44117647
4.45294094
5.36862755
4.03725529
2.74705935
0.90980411
1.56666684
0.56470591
0.70784324
0.12941177
0.12745099
0.12549020
0.15686275
0.12352941
0.09607843
0.13725491
0.14313726
0.36274511
5.17254925
6.19019604
3.39019632
3.18627453
1.06274521
1.48039246
0.77451009
0.57254910
0.13921569
0.14509805
0.12549020
0.18039216
0.12745099
0.13921569
0.13333334
0.11568628
0.58235300
5.53725529
6.60588264
3.04902029
3.09019661
1.52156878
1.83725524
0.92941207
0.51568627
0.18627451
0.16862746
0.11372549
0.11372549
0.11372549
0.12549020
0.12549020
0.11568628
0.85294127
5.51764774
6.55294132
3.84509778
2.79803967
2.14705873
2.36666703
0.98235327
0.55490196
0.22941177
0.18431373
0.09411765
0.12549020
0.11764706
0.12549020
0.12549020
0.12745099
1.07647061
5.43333387
6.34313726
4.69803953
2.95882392
2.38823557
2.07058859
1.07843161
0.56274515
0.33137256
0.12549020
0.16470589
0.14901961
0.13333334
0.12549020
0.12549020
0.14313726
1.17843139
5.26666689
6.60392237
5.05098104
3.43529415
2.41764736
1.70588279
1.23137307
0.52156866
0.43137255
0.09019608
0.27843139
0.14117648
0.27058825
0.12549020
0.12549020
0.15098040
1.42156863
5.09803963
7.18235302
4.46078444
3.40980411
2.12156916
1.43333352
1.07058859
0.53921580
0.43529412
0.16470589
0.27843139
0.12549020
0.38431373
0.12549020
0.12549020
0.15490197
1.89019608
5.30784321
6.99215794
3.95490313
3.32549024
1.85490251
1.44117665
0.88039243
0.70196092
0.39215687
0.19215687
0.16470589
0.11372549
0.27058825
0.12549020
0.12549020
0.14901961
2.05882359
5.93137312
6.57647038
3.55490208
3.68431425
1.77451026
1.56862772
0.70000017
0.94117677
0.38431373
0.16862746
0.09411765
0.12549020
0.10980392
0.12549020
0.12549020
0.13137256
1.70196104
6.20000124
6.62549019
3.28823566
3.60784316
1.72156906
1.26078475
0.55098045
1.09215760
0.41568628
0.21960784
0.11372549
0.14509805
0.10980392
0.12549020
0.12549020
0.11568628
1.35294127
5.89803934
6.60000134
3.64313745
3.17058873
1.65686297
0.73725528
0.74509829
1.05490255
0.30980393
0.33333334
0.18823530
0.12352941
0.16666667
0.14117648
0.12549020
0.12549020
1.15098059
5.30588245
6.47647095
3.69607878
3.47843170
1.71960831
0.94117677
0.77647078
1.17843199
0.12549020
0.39215687
0.11764706
0.12549020
0.15294118
0.14509805
0.12549020
0.12549020
1.03921580
4.65686274
6.56666708
3.96274495
3.39019632
1.83333361
1.50980413
0.71176487
1.10784388
0.10980392
0.18039216
0.12549020
0.12745099
0.14313726
0.15686275
0.12549020
0.12549020
0.98235309
4.31764746
6.66470623
4.26470661
3.27843142
2.25490212
1.78039241
0.53137255
0.85490209
0.21176471
0.15686275
0.14117648
0.12745099
0.11960784
0.16862746
0.12549020
0.12549020
0.62549025
4.08431387
6.02353001
4.63921642
2.99411798
2.22156882
1.49215710
0.29019609
0.72941184
0.17647059
0.17254902
0.12156863
0.12549020
0.11372549
0.15686275
0.12549020
0.12549020
0.39607844
3.69803953
5.02352953
4.86274481
2.79019666
1.84117663
0.84901977
0.14117648
0.67254913
0.10980392
0.10980392
0.18431373
0.12549020
0.13725491
0.14117648
0.12549020
0.12549020
0.43529412
3.09607911
4.26274538
4.56666708
2.56666660
1.67843199
0.80000019
0.11176471
0.56862754
0.12549020
0.21960784
0.23529412
0.12549020
0.13333334
0.12941177
0.12549020
0.12549020
0.43725491
2.50588274
4.01764727
4.30392170
2.29411793
1.77451015
1.45882392
0.14117648
0.51764709
0.13333334
0.21176471
0.19607843
0.12745099
0.14313726
0.12549020
0.12549020
0.12549020
0.62352943
2.48627448
4.30980444
4.41764736
2.49411750
2.21568656
1.74117661
0.14117648
0.65098053
0.11960784
0.15686275
0.12549020
0.12549020
0.12549020
0.12549020
0.12549020
0.12549020
0.78627455
2.70980406
4.49215698
4.70392084
2.79607868
2.48627496
1.45294166
0.37058824
0.73529434
0.11960784
0.15686275
0.12549020
0.12549020
0.12549020
0.12549020
0.12549020
0.12549020
0.80980408
2.74313736
4.59607840
4.91372538
2.99411774
2.08627462
1.25098062
0.38431373
0.93137288
0.09019608
0.12549020
0.12549020
0.12549020
0.12549020
0.12549020
0.12549020
0.12549020
0.93529421
2.73921609
4.46862698
4.95882320
2.64117670
1.57058847
0.94509822
0.30196080
1.24705946
0.10392157
0.12549020
0.12549020
0.12549020
0.12549020
0.12549020
0.12549020
0.12549020
0.67843139
2.96470666
4.32745123
4.15882349
2.22352934
1.57450998
0.82156897
0.19803922
1.48627496
0.15882353
0.12549020
0.12549020
0.12549020
0.12549020
0.12549020
0.12549020
0.12549020
0.30196080
3.40784383
4.29607916
3.24313784
2.02745128
1.54117668
1.07450986
0.23137255
1.42549062
0.20784314
0.12549020
0.12549020
0.12549020
0.12549020
0.12549020
0.12549020
0.12549020
0.15098040
3.64509821
4.10588217
2.87058854
2.09607863
1.16470611
1.38235319
0.39803922
1.06470633
0.27843139
0.12549020
0.12549020
0.12549020
0.12549020
0.12549020
0.12549020
0.12549020
0.15098040
3.73137307
4.08627558
2.86274505
2.51176500
0.96078473
1.57254934
0.67647064
0.69607860
0.34117648
0.12549020
0.12549020
0.12549020
0.12549020
0.12549020
0.12549020
0.12549020
0.45098040
3.86274481
4.37254906
3.12156892
2.67843175
0.89019644
1.68823540
0.97843164
0.44117647
0.22156863
0.12156863
0.12549020
0.12549020
0.12549020
0.12549020
0.12549020
0.12549020
0.58627456
4.26862812
4.84117651
3.30980396
2.72549033
1.04509842
1.55686295
1.13333344
0.36470589
0.21568628
0.14509805
0.12549020
0.12549020
0.12549020
0.12549020
0.12549020
0.12549020
0.58235300
4.84313774
4.89019537
3.17647123
2.48039246
0.95098054
0.96274537
0.79411793
0.28235295
0.16078432
0.14117648
0.12549020
0.12549020
0.12549020
0.12549020
0.12549020
0.12549020
0.52156866
4.54117680
4.03921604
3.21372581
2.51176548
0.94705927
0.65098059
0.45490196
0.29411766
0.25882354
0.13333334
0.12549020
0.12549020
0.12549020
0.12549020
0.12549020
0.12549020
0.49411765
3.21372581
3.06274533
3.27058840
2.40000057
0.77058858
0.22549020
0.30588236
0.41372550
0.30196080
0.15882353
0.12549020
0.12549020
0.12549020
0.12549020
0.12549020
0.12549020
0.54705882
2.09215689
3.07843161
3.15490174
2.00784326
0.69215709
0.10784314
0.21764706
0.38823530
0.30588236
0.21372549
0.12549020
0.12549020
0.12549020
0.12549020
0.12549020
0.12549020
0.58627450
1.77647078
3.48627472
2.99803972
1.47058833
0.65098083
0.20980392
0.13725491
0.34117648
0.44313726
0.20980392
0.12549020
0.12549020
0.12549020
0.12549020
0.12549020
0.12549020
0.44901961
1.99411798
3.55294132
3.00196099
1.31764722
0.38627452
0.22156863
0.11764706
0.36666667
0.31372550
0.17843138
0.12549020
0.12549020
0.12549020
0.12549020
0.12549020
0.12549020
0.25882354
2.32156873
3.41764760
3.05882382
1.79803967
0.30000001
0.78235322
0.12941177
0.40980393
0.15686275
0.16470589
0.12549020
0.12549020
0.12549020
0.12549020
0.12549020
0.12549020
0.16274510
1.70980430
3.43137240
3.43921542
2.17254925
0.44117647
0.90784329
0.13137256
0.33529413
0.14901961
0.12745099
0.10784314
0.12549020
0.12549020
0.12549020
0.12549020
0.12549020
0.27647060
1.14901960
3.60000086
3.20588303
1.68039250
0.64705884
0.75882381
0.11372549
0.21176471
0.12549020
0.15490197
0.16274510
0.12549020
0.12549020
0.12549020
0.12549020
0.12549020
0.33333334
1.00588238
3.62353015
2.67450976
1.35098088
0.42745098
0.95882374
0.15882353
0.18823530
0.12549020
0.18823530
0.26666668
0.12549020
0.12549020
0.12549020
0.12549020
0.12549020
0.36862746
0.99019617
3.78235292
2.60784340
1.46274531
0.50980395
1.25294161
0.22156863
0.21960784
0.11764706
0.16274510
0.26470590
0.12549020
0.12549020
0.12549020
0.12549020
0.12549020
0.39803922
1.10588241
3.97254944
3.00392222
1.30980420
0.77254909
1.07647097
0.18823530
0.21176471
0.12549020
0.20588236
0.16666667
0.12549020
0.12549020
0.12549020
0.12549020
0.12549020
0.29019609
1.41764712
3.55490184
3.06078458
1.15686297
0.79019612
0.63333350
0.11960784
0.16078432
0.13333334
0.26470590
0.11568628
0.12549020
0.12549020
0.12549020
0.12549020
0.12549020
0.16078432
1.32156861
2.71764779
2.85294127
1.36470640
0.81960785
0.47647059
0.14509805
0.23137255
0.13333334
0.24313726
0.12156863
0.12549020
0.12549020
0.12549020
0.12549020
0.12549020
0.12156863
1.08823550
2.28235316
2.90392208
1.32745135
0.84705895
0.56470591
0.22549020
0.45294118
0.15882353
0.12549020
0.12549020
0.12549020
0.12549020
0.12549020
0.12549020
0.12549020
0.12549020
1.34509814
2.43921614
2.56862783
1.48235309
0.79215699
0.70980412
0.15294118
0.61960799
0.15686275
0.09411765
0.12549020
0.12549020
0.12549020
0.12549020
0.12549020
0.12549020
0.12549020
1.82549024
2.61568689
2.48823547
1.36862791
0.79411787
0.50980395
0.15098040
0.50980395
0.14509805
0.15686275
0.12549020
0.12549020
0.12549020
0.12549020
0.12549020
0.12549020
0.12352941
1.98823559
2.61764741
2.22745132
1.40392160
0.77843159
0.43333334
0.18431373
0.23725490
0.12745099
0.18823530
0.12549020
0.12549020
0.12549020
0.12549020
0.12549020
0.12549020
0.12352941
1.80196095
2.31372571
2.29019642
1.14509845
0.75098062
0.44313726
0.25686276
0.19803922
0.15882353
0.12549020
0.12549020
0.12549020
0.12549020
0.12549020
0.12549020
0.12549020
0.12352941
1.54509819
2.09019637
2.68627453
1.18823576
0.78627473
0.35882354
0.23725490
0.29607844
0.21960784
0.12549020
0.12549020
0.12549020
0.12549020
0.12549020
0.12549020
0.12549020
0.12549020
1.52745104
2.36274529
3.17254996
1.74313760
0.78431398
0.36274511
0.16470589
0.29019609
0.22352941
0.15686275
0.12549020
0.12549020
0.12549020
0.12549020
0.12549020
0.12549020
0.12549020
1.34509826
2.83333325
3.10196114
2.01568675
0.64901984
0.57254916
0.18823530
0.20000000
0.20196079
0.12549020
0.12549020
0.12549020
0.12549020
0.12549020
0.12549020
0.12549020
0.12745099
0.60784328
3.07058883
2.30196095
2.01372576
0.45490196
0.79803932
0.27647060
0.14705883
0.27450982
0.12549020
0.12549020
0.13725491
0.14901961
0.11764706
0.12549020
0.12549020
0.13529412
0.19607843
3.00588298
1.69411778
1.62549043
0.50392157
1.09019637
0.16470589
0.18039216
0.20196079
0.12549020
0.12549020
0.12549020
0.14509805
0.13333334
0.12549020
0.12549020
0.12941177
0.18823530
1.97843146
0.92745119
1.18431377
0.83137262
1.41764760
0.15098040
0.16470589
0.22156863
0.12549020
0.12549020
0.11764706
0.14509805
0.13333334
0.12549020
0.12549020
0.12941177
0.25490198
1.21764719
0.77254921
1.21568644
0.87254912
1.44313824
0.11764706
0.15686275
0.24901961
0.12549020
0.12549020
0.10980392
0.12549020
0.10196079
0.12549020
0.12549020
0.13921569
0.35882354
1.13137281
0.97843158
1.27254915
0.94117659
1.16666746
0.13137256
0.19215687
0.16666667
0.12549020
0.12549020
0.11764706
0.12549020
0.20784314
0.12549020
0.12549020
0.13921569
0.35882354
1.22352970
1.17451000
1.14705896
1.21372569
0.79607868
0.27843139
0.18627451
0.18627451
0.12549020
0.12549020
0.14901961
0.15686275
0.50196081
0.12549020
0.12549020
0.12941177
0.31960785
1.42352962
1.44117653
1.02549016
1.08039236
0.43333334
0.41176471
0.29411766
0.29607844
0.12549020
0.12549020
0.17450981
0.20196079
0.60000014
0.12549020
0.12549020
0.12745099
0.50000000
1.55098069
1.69411802
0.93921578
0.67843145
0.29019609
0.43137255
0.44509804
0.34313726
0.12549020
0.12549020
0.19019608
0.24901961
0.43529412
0.12549020
0.12549020
0.13529412
0.78627455
1.43529439
2.06666684
1.04705894
0.56274515
0.40784314
0.37450981
0.74509817
0.34705883
0.10784314
0.14705883
0.13529412
0.23529412
0.12549020
0.12549020
0.12549020
0.19607843
0.71568626
1.41372585
2.92352962
1.24901974
0.63529420
0.49411765
0.33137256
0.73529422
0.23529412
0.12156863
0.12941177
0.16862746
0.18039216
0.12549020
0.12549020
0.12549020
0.20000000
0.89803934
1.03725517
3.55098104
1.47843182
0.90784329
0.70588243
0.28235295
0.79215711
0.15490197
0.13921569
0.12745099
0.18627451
0.27450982
0.12549020
0.12549020
0.12549020
0.19803922
1.02549028
1.35098064
3.66274524
1.65882385
1.30000031
0.92745113
0.45294118
0.79803944
0.12156863
0.13529412
0.14705883
0.13921569
0.27843139
0.12549020
0.12549020
0.12549020
0.16470589
1.04313755
1.96078467
3.50196123
1.75294125
1.50784338
0.96666682
0.54117650
0.64705902
0.16666667
0.13921569
0.17450981
0.11568628
0.12549020
0.12549020
0.12549020
0.12549020
0.13921569
1.04509819
2.47843146
3.34705949
1.81176496
1.34705901
0.75294125
0.66078436
0.55098051
0.23333333
0.20588236
0.19215687
0.12549020
0.12549020
0.12549020
0.12549020
0.12549020
0.13529412
1.12352943
2.16666675
3.38039279
1.81960797
1.02745116
0.48235294
0.68627459
0.57647067
0.20588236
0.31764707
0.16274510
0.13921569
0.18823530
0.12549020
0.12549020
0.12549020
0.14117648
1.36470604
2.34117723
3.62745166
1.86666691
0.75294149
0.52352947
0.33725491
0.60980409
0.18431373
0.41568628
0.12156863
0.12549020
0.11372549
0.12549020
0.12549020
0.12549020
0.17058824
1.66274548
2.65686274
3.65882421
2.00196099
0.54509819
0.81372559
0.20784314
0.68039232
0.49215686
0.23921569
0.15882353
0.12549020
0.12549020
0.13725491
0.12549020
0.12549020
0.11568628
2.02941203
2.49411798
3.64705944
2.12941217
0.56078440
1.06666684
0.11568628
0.66470617
0.43725491
0.18039216
0.18823530
0.14117648
0.11764706
0.12941177
0.12549020
0.12549020
0.13529412
1.48627472
1.72352970
3.90980434
1.87450981
1.30980420
0.89411783
0.27058825
0.55882359
0.22352941
0.12352941
0.13529412
0.10196079
0.19411765
0.12745099
0.12549020
0.12549020
0.10196079
1.21960807
1.11372578
3.58235312
1.51568651
2.15294147
0.90588248
0.19803922
0.30980393
0.21372549
0.09607843
0.10784314
0.20784314
0.31960785
0.13529412
0.12549020
0.12549020
0.10784314
1.08039236
1.75882375
3.13529396
1.36078453
2.01568675
0.70588249
0.36862746
0.11372549
0.14313726
0.12156863
0.13333334
0.49411765
0.31960785
0.13529412
0.12549020
0.12549020
0.21960784
1.34509850
1.93725502
2.71960783
1.40980434
1.45490229
0.46666667
0.43921569
0.16078432
0.13137256
0.13333334
0.12549020
0.48627451
0.19411765
0.12745099
0.12549020
0.12549020
0.22352941
1.94705904
1.88823569
2.28039217
1.34313762
1.21176505
0.47450981
0.15490197
0.22549020
0.30196080
0.12352941
0.09607843
0.26274511
0.11764706
0.12941177
0.12549020
0.12549020
0.14117648
2.13333344
1.78627479
2.24117684
1.46274555
1.03921592
0.50196081
0.10588235
0.13137256
0.25490198
0.10000000
0.13921569
0.15686275
0.12156863
0.13725491
0.12549020
0.12549020
0.15294118
2.07058835
1.86274540
2.37254930
1.81960797
1.04313755
0.67058837
0.15882353
0.12549020
0.12549020
0.12549020
0.12549020
0.15686275
0.12549020
0.12549020
0.12549020
0.12549020
0.15294118
2.12156868
2.16274524
2.11764717
2.58823538
1.30784333
0.42352942
0.12549020
0.12549020
0.12549020
0.12549020
0.12549020
0.14509805
0.12549020
0.12549020
0.12549020
0.12549020
0.14705883
1.70196092
2.27450991
1.70980453
2.47450995
1.35098064
0.24705882
0.12549020
0.12549020
0.12549020
0.12549020
0.12549020
0.13725491
0.12549020
0.12549020
0.12549020
0.12549020
0.12745099
1.50784314
2.47450972
1.93725538
1.88823581
1.34902000
0.10392157
0.12549020
0.12549020
0.12549020
0.12549020
0.12549020
0.24313726
0.12549020
0.12549020
0.12549020
0.12549020
0.11960784
1.21176493
2.66470647
1.78235328
1.77450991
1.45882356
0.12549020
0.12549020
0.12549020
0.12549020
0.12549020
0.12549020
0.33333334
0.12549020
0.12549020
0.12549020
0.12549020
0.12156863
1.18235302
2.64117670
1.58823538
2.04901981
1.27058876
0.13921569
0.12549020
0.12549020
0.12549020
0.12549020
0.12549020
0.24313726
0.12549020
0.12549020
0.12549020
0.12549020
0.12745099
1.56666672
2.52352905
1.84313750
2.05098104
0.86274540
0.13529412
0.12549020
