22.50196457
21.60980415
20.79607201
21.50784492
19.82941628
21.36862373
21.20195770
19.89019585
19.12941551
22.47647285
20.97058868
20.72745132
19.95097923
21.21568680
21.41765022
22.03725052
21.94705963
22.63137245
21.31372833
19.44902039
20.69019699
18.94117928
19.55294418
20.63529396
18.67451477
18.07646942
22.02549171
20.79803658
19.50784492
19.53921700
21.01372337
20.30783844
21.72156715
22.00196075
22.48823929
20.56274796
19.50784302
19.72941780
17.25098038
16.47058868
18.83529663
16.26274872
16.46470833
20.17842865
18.83529472
17.60980606
18.92745209
20.58234978
18.69215584
20.66666603
20.63333702
21.05294800
20.09411621
18.76666641
17.76078415
15.80784225
14.20784283
16.19411850
13.96666622
14.20588112
16.56862640
15.23333454
15.00588322
17.28627396
18.60588455
16.70392227
18.40588379
19.54117966
18.28431320
17.75882530
17.25490189
15.43333340
14.50980377
12.91568565
13.91764832
12.38627529
12.25294209
12.96666718
12.48431301
12.36666775
14.58235455
15.45686340
15.76078320
16.48627281
18.37450790
16.00980568
17.18823624
16.37843323
14.46274662
13.80980492
12.22156906
13.12941170
11.84706020
12.03921986
11.36078358
11.27255154
10.96666813
12.55294132
13.71764755
14.31764793
15.43333435
17.57450867
15.25882435
15.93136978
15.21961021
14.79215813
13.85294056
12.17254925
12.94705868
12.57843399
12.52156925
11.36666679
10.90784073
10.38235474
12.14510059
13.79607964
13.98039436
14.56666851
17.38823891
15.34902573
15.05686569
14.58039379
15.35882473
13.44705868
11.94313812
12.21960926
13.41372776
12.40588474
11.55490112
11.14902020
9.84510136
12.44902229
14.10392094
14.14902306
14.38235664
17.60784531
15.37254715
15.42156696
14.85098171
15.03529835
13.45098114
11.95490170
11.50980377
13.45098305
12.75686550
11.95098305
10.95882511
9.89804173
11.90392208
13.48235416
14.28235340
14.32157135
17.71764755
15.95686626
16.64705849
15.26078415
14.98823357
13.88039398
11.48039246
10.55882168
13.86470699
14.02352905
11.84117794
10.78431416
10.12549114
11.31176758
13.17647266
14.31764793
14.32549286
18.99412155
17.14313698
16.87647057
15.65490532
15.18823814
14.29804230
11.66862774
10.21568584
14.30784512
14.78431606
11.93725586
10.81960964
10.14313412
11.43137169
13.58431721
14.01176643
15.87059021
20.83725357
17.27843094
17.08039284
16.22353172
15.15098190
14.47843170
13.05490303
10.82941341
15.10392380
15.24901962
12.85490322
10.89411736
10.07254791
11.82156849
13.75686169
13.55490112
18.59215355
21.97254944
16.60392189
18.62549019
17.22941017
15.18627262
14.31372643
14.16666794
11.14902115
15.31960773
16.04902267
13.95882225
10.87451077
9.94509792
12.18039417
12.76666546
13.62353039
20.34509659
22.45098114
16.03725624
19.21764755
18.35490036
15.55882454
14.36274719
13.89215755
10.92745018
15.04902172
15.99804115
14.66666889
11.06666660
10.27647018
12.64901924
12.17451096
15.98039436
21.18235207
21.22941208
15.67647076
18.52353096
19.50784492
15.84902191
14.45098209
13.28431416
11.24313927
14.78431702
16.05882454
15.03137302
11.52156830
11.11568642
12.59215832
12.12549210
19.26862717
22.07254791
19.75490189
15.97059441
16.86862946
20.45097923
16.06862831
13.96078587
13.33921814
12.02352905
14.06274700
15.72156906
14.99215984
11.87254810
11.53921604
12.22744942
13.01372719
20.42549133
22.48823357
19.23529816
15.71960735
15.48235416
19.81764412
15.45882416
13.57843399
12.98823833
11.86862946
13.50000095
15.50980759
15.10980511
12.20196152
11.56078434
11.77843475
13.58431435
19.21176529
22.47450829
18.59607697
16.05490685
14.87450981
19.38823700
15.39215660
13.61372662
12.33333302
11.37451267
13.71568871
16.08431625
15.36470699
12.96667004
11.55686283
11.86470699
14.40588188
17.57255173
22.19215965
17.65098381
16.06666756
15.06862831
19.08235168
16.68431282
13.30980492
12.11176586
11.46862793
14.32352924
16.39608002
15.46470547
14.37058926
11.78235340
11.66862583
15.73333549
15.61568737
20.80588531
15.87843323
16.17059135
15.50588322
18.37255096
18.33921814
12.79019833
12.61372566
11.97255039
15.69019699
16.76274490
15.26078510
14.59019566
11.97058868
11.68039131
17.56863022
15.78627396
19.11568832
13.88627720
16.00980377
16.78039360
17.18627548
19.17647171
12.52157021
12.46274567
12.98823738
15.94901848
16.83137321
15.51372719
14.83137226
12.08627510
12.24902248
18.50588417
17.30392265
18.39803886
12.27843285
15.59999847
17.89608192
15.46078396
19.47451210
12.72353172
11.76470852
13.34313869
15.11960697
16.95490456
15.69804287
15.23137569
12.40588379
12.95882511
18.59215546
18.40588379
18.23529625
11.03921890
15.04313850
18.17843437
14.40784454
19.27254677
13.38235283
11.77451134
12.32549095
13.82352543
17.04706192
15.14313889
15.85490417
12.32745171
13.61960793
20.04314041
18.68627357
16.73529816
10.29999924
13.99215794
17.57451057
13.87843132
18.52352715
14.04902172
12.09803963
11.67647076
13.49019432
17.60784531
16.41176605
16.43333626
11.76666641
14.22352982
20.53137207
18.15490341
15.96274471
10.06470585
12.98627377
16.56862640
14.80980206
17.95294380
14.44902134
12.33921909
11.62353039
13.39803886
18.84902191
18.89999580
17.24509621
11.58823681
14.97059059
19.59999847
17.92352676
14.37255096
10.26470661
12.45097828
15.57254887
16.09412003
17.40784454
14.43137360
11.70392323
11.05294132
13.95686436
22.48039246
19.10392189
16.98823738
12.19019604
14.85882378
17.22549248
18.55098152
12.84117603
10.08627510
12.62941170
15.06862926
15.64705849
16.01176643
14.16470623
10.65293980
10.31960964
15.94901943
24.09019470
19.03725624
15.64117527
13.38627338
13.78823662
15.43921661
19.75098228
12.00196171
10.17255020
13.55490303
14.85882378
13.90588284
14.61765099
14.55490208
10.13137245
10.23137474
17.15882301
23.06078339
18.77059174
14.38627529
14.36274624
13.55490303
14.18039513
19.07647133
11.35882473
10.65490341
13.18431568
15.06666851
12.18823719
12.96666908
14.22549057
9.66078472
9.89411736
17.04313850
21.16274643
17.52745247
13.58235455
14.16862869
13.38235474
14.26666832
17.10980225
10.97647190
10.84902096
12.02352905
13.63529396
10.65490150
11.51764774
13.57254696
8.76078510
9.34313774
16.53333092
19.86666489
15.49411774
13.13921833
13.81960678
12.49803925
15.55098152
14.96666622
10.66470623
10.59215927
11.47254848
12.44901848
10.00784397
10.10196018
13.01764584
8.26666641
9.10588074
16.67254829
19.88038635
14.36470699
12.76470757
13.90196228
12.05490208
16.88039207
13.74509811
10.86470699
10.73529625
10.90784645
11.68235397
10.18431377
9.47843170
11.28823471
8.21960831
8.58627415
16.35686493
21.53529358
14.20980453
11.90980530
13.70980358
11.72353077
17.01176643
12.94509697
11.05686569
11.27647018
10.58823490
10.88235378
10.30980396
9.06862926
9.77647018
7.75097990
8.45490265
16.07647133
22.91569138
13.65490437
10.74901962
13.15294361
11.15098190
16.91372871
12.35686493
10.99804020
11.12745094
10.71176338
10.73529530
10.26862717
9.10392284
8.80196095
7.42549038
8.92941380
15.66274738
22.96078682
13.16666603
10.45098019
12.09607697
11.18235397
16.65294075
11.70195961
11.77450943
11.16666698
10.79411507
10.86666775
11.19999981
9.22549057
8.25686455
7.60196161
8.49215794
15.21764660
21.85881996
12.86470604
9.97843361
11.00392342
11.21568584
15.61372566
11.15882492
12.22156811
11.28235435
11.10588264
11.18039227
11.37843132
9.00392532
8.41764832
7.54117680
8.61960793
15.13725471
21.38627434
12.66470814
9.04509926
10.76666641
11.60392380
14.26470852
11.10980511
11.76274586
10.96078396
10.81372547
11.60588264
11.44313812
9.26666737
8.47843170
6.82352877
8.81372643
16.07647324
20.74902344
12.52549267
8.35882568
12.08627605
12.02156734
13.14510059
10.78431225
11.33333492
11.54313755
10.78431320
12.14117622
12.34706020
9.46862507
8.39019585
6.54705858
8.33529568
17.37450790
19.77647018
13.23333359
7.65098000
13.16862965
12.13137245
12.64706135
10.21372414
11.08235264
11.19215775
11.15686417
12.35294247
13.12745190
9.72352886
8.60588264
6.60980415
8.35098076
17.92745209
18.91960716
15.05882454
7.34313774
13.17451000
12.58627701
12.27843380
10.68039131
11.20196056
11.46666718
12.01960850
12.22941303
13.86470795
9.54117584
8.88627529
6.37843132
8.38431454
18.14313889
18.59412003
16.73137665
8.34705925
13.50588417
13.44313908
11.47254848
10.25294018
11.99215794
12.19607830
12.74117756
11.82352829
14.80195999
9.47843361
8.94313622
6.21960783
9.16078472
17.50784683
19.00000000
18.39804077
10.51372337
13.80000114
14.34509850
11.04117680
10.23921394
12.18823528
12.59216022
13.11176491
11.86863041
16.07451248
9.84313965
8.83725548
6.74706030
9.72549057
17.06470490
19.34902191
20.31372643
12.36274624
14.79412079
14.80784607
11.58627701
10.46862793
12.31568718
11.69215775
12.73725605
11.94901943
17.20784378
10.47843361
8.96862793
7.14705992
10.00196171
16.30980682
19.59020042
21.32549095
15.41764736
16.16470718
15.05097961
12.53921795
11.08627510
12.89215755
12.07647133
12.70392132
11.26470470
16.85294151
10.85882473
9.10980415
7.65098143
10.31372643
16.25686264
20.15490532
21.36078262
19.44313812
16.87843132
15.28431606
13.15686417
11.15490341
12.89607716
13.13137341
13.19804001
11.63725567
16.47058868
10.87451077
9.52548981
7.46666718
10.84705734
16.10588264
19.57450676
21.84117508
21.58627510
16.21176338
15.00980377
13.32549095
11.16862774
13.31960964
13.81568813
14.86470699
14.56862926
17.01372528
11.47451305
10.20392036
7.77058887
11.49608040
15.95098114
17.66078568
22.73726082
21.55098152
15.91372490
14.65294361
13.42353153
11.15490246
13.02156925
13.76470566
17.34902191
18.35294151
17.41372871
12.51960850
10.75686550
8.16666794
12.15490341
15.44706154
15.38627625
22.90196228
21.30784607
15.57058907
13.73333549
13.10784149
10.88039207
12.34902000
13.48039246
16.44509888
17.91568947
16.08235359
14.43333626
11.23921776
8.19999886
12.43529510
13.66666889
12.91764832
22.16666412
20.72156715
15.24313736
13.22157001
12.34509754
11.16274452
12.27451038
13.82941246
13.95294189
15.75882626
14.81961060
15.38235283
11.29803944
8.31568623
13.01960850
12.15490246
11.45490170
20.51568794
20.12156868
15.50000000
13.48431683
12.14313602
11.63529587
12.50784206
13.70000172
12.67843151
14.44117832
14.43137646
16.04706192
10.91568756
7.97058916
12.56470585
11.51568604
10.69607925
18.68039322
19.31960678
15.43725967
14.04902172
11.92157173
11.83725643
12.35882378
13.14509869
12.25686169
13.65686607
14.67647076
16.18431664
11.34509945
7.94313765
12.40588570
10.91764832
9.56470680
16.53921509
18.48627472
15.62549114
13.61372566
11.83921814
12.09411907
12.82156944
12.89607906
12.79215717
13.14510059
14.53137207
14.78431511
12.20392227
8.23137379
12.32353115
10.46078396
8.78235245
14.60196209
17.49607849
15.00196266
13.12745094
11.88627529
12.21961021
13.00784492
12.40980434
13.40588474
13.20588303
13.46078205
13.69019890
12.26470852
8.34117794
12.53529358
9.80980587
8.38039303
12.98235321
16.07451057
14.59804153
13.02941227
11.63333321
12.15294075
12.60588455
11.72745037
14.18627644
13.40980530
13.09019852
13.24902248
11.89215755
8.31568718
13.06274605
9.43725491
8.47451019
11.32352829
15.27254963
13.76470757
12.65686226
11.58039474
12.31176376
12.83529854
12.20196247
13.72156811
13.12941265
12.77451038
13.07058907
11.95098209
8.42549038
12.90000153
8.85686302
8.52549076
9.53529358
14.58627701
13.56078529
12.52352715
11.91372681
11.80784225
12.74902248
12.35686302
13.36274624
13.45294285
12.99019623
12.40392113
12.19607830
8.63333416
12.29019737
7.56862783
7.99215794
8.47058868
13.23725796
14.27843475
12.70588493
11.92745209
12.02157021
12.93529606
12.58039093
14.21961117
13.82941055
13.34705925
12.23725510
13.17843151
8.99607849
11.91568565
6.79607868
7.50196123
8.01960754
11.66666508
14.34902096
12.86274910
11.57058811
12.58039188
12.41568661
12.91764927
14.59215832
13.90196609
13.92744923
12.24901962
14.34705925
9.03725338
11.62156868
6.51372576
7.48431396
8.02745152
10.80392265
14.07058811
12.76274681
10.96274662
13.03921890
11.97254944
13.25490379
14.95686340
14.22941589
14.12549019
12.67451096
15.35294247
8.43921661
11.02745152
6.72941256
7.30000019
7.93333435
10.33137512
13.49999809
12.02352905
10.08627415
12.56666946
12.72549152
14.01372719
14.21372795
14.37058830
13.96666908
13.16666603
15.00392246
9.23725319
11.20980549
6.65294218
6.93921471
8.07058811
9.81568909
13.22548866
11.90980625
9.70784473
12.65490341
13.60980415
13.96470642
13.72352886
14.61764812
14.00195980
13.10000038
14.93137455
9.79411697
11.29411697
6.28039360
7.62157011
8.59803963
9.20392227
12.72353172
12.56274509
9.82353020
12.75882244
14.68039417
14.50784492
14.09608078
14.49216080
14.75098133
12.72941303
14.78235531
9.75882244
11.03333378
6.33529425
8.82353020
9.04705906
9.02549171
12.47450924
12.79019642
9.75686264
12.16470528
15.57059002
15.17058849
14.05490398
14.26274872
15.67843342
12.62745285
14.77254963
10.94117832
11.17058945
6.45294142
9.95294380
8.63725567
8.76078606
12.80588531
12.36470795
9.56666756
12.20392036
16.41569138
14.80392265
13.89804077
14.94313908
15.78039455
12.78039169
14.89215851
11.49411774
11.19411850
6.43137217
9.75882530
7.82745314
8.42745113
12.59019661
11.78627491
9.63333321
12.28235531
16.72156906
15.14510059
14.76078606
15.98039150
15.07647324
12.86862946
14.37647247
11.79019451
9.89608002
6.81176472
9.78039265
7.29019642
8.39411831
12.57843208
10.93921852
9.31372643
12.44509602
15.93921661
15.39411926
15.13333130
16.15882492
14.41764927
12.52156830
13.44706154
12.86666870
9.12549210
6.56666708
9.54509735
7.01568651
7.87255001
12.39019775
10.23725986
8.70980453
13.15294170
14.42941284
15.00196362
14.37058926
15.74706078
13.80196190
12.61764717
13.49019718
13.66274643
9.72941113
6.25686407
8.78235340
7.13529491
7.66666698
12.13333607
10.35686302
8.33921623
13.27843189
14.20000267
14.68039608
14.36470699
15.40784454
13.82941151
12.31372738
13.07254982
14.40588284
10.31764984
6.34117699
8.02941132
8.25686264
7.52549028
11.83725452
9.93137360
8.40196228
13.47058964
13.97647190
14.39019394
14.71764946
15.53529739
14.61764717
13.17843342
12.86666775
14.68039322
9.29607964
6.63333273
8.30980396
9.35294247
6.88823605
11.58823395
9.62352943
9.00000095
14.06078529
13.40588379
14.33725548
14.70980644
15.23725510
15.00196075
13.72941208
12.90588379
13.95490170
8.01764774
6.49215746
8.28039169
9.05490208
6.47647047
12.09019756
10.19804001
9.52156830
14.37843227
13.80588531
14.39803982
14.55294514
14.78039551
14.71960926
13.92941189
13.10000134
13.26470566
7.59019661
6.18627405
7.73725462
7.98039246
6.75098133
12.82157326
10.24117565
9.46470547
14.50000000
14.43529606
14.60588360
14.68431759
14.88039207
14.80588531
13.29020023
13.10784435
13.15686417
7.72745132
6.19019604
8.16666698
7.44901943
7.17058897
12.69411850
10.08039284
9.44117737
14.51764584
14.72941399
15.13725662
14.04313564
15.49804020
16.13333511
13.03725529
13.33725548
12.71764755
7.85098171
5.94509935
9.66470528
7.66274548
7.00980473
13.50392151
10.32156754
9.38627529
14.04313660
15.49803925
15.93921280
14.16863060
15.80000114
16.60392189
13.46078491
13.67843246
12.06862831
7.99215698
6.57647133
10.64901924
9.47647095
6.81176567
13.87058926
10.78823471
9.36274433
13.91372776
15.85882568
16.19412041
15.04313850
15.88627625
16.17451286
13.90392113
13.46078587
11.65098095
8.41372681
7.19411755
11.56274700
11.82744980
6.36274481
13.57254887
11.16274738
9.61568642
13.64902020
15.45490265
15.91568565
15.78823471
16.06274796
16.33333397
13.86274147
13.05882549
11.68627548
8.31960869
6.88627481
12.18431473
11.85098076
5.51960802
13.02745247
11.08235550
10.30980492
14.33529758
15.17058849
15.89411926
15.85097980
16.06078339
16.14705849
13.77058983
12.44117737
12.13725471
8.39019585
6.72352982
12.04313946
10.46274567
5.04509783
12.84901905
11.32941246
10.63921547
14.55882454
15.84901905
15.25686169
16.20196152
16.42745018
15.45882416
13.44902039
12.48039246
13.27255058
8.81176472
6.62352848
10.46666813
10.55098152
5.09019709
13.30392265
11.75294113
10.84313679
14.13137245
15.91568756
14.73333263
16.70980263
16.33529282
15.71176529
13.44117832
12.66078377
14.78039360
8.72745037
6.09411812
9.01764774
10.07058907
5.25882435
13.34901905
12.40196228
11.39019489
13.67254925
15.35490417
14.70588303
16.71960831
16.22941017
15.66274643
12.92157078
13.14902115
15.76078606
8.70588303
6.18823528
10.57255077
7.87451077
5.63137293
13.75686359
12.18823624
11.69804096
13.88235474
15.62156868
15.28039455
16.22157097
16.12941551
15.62549019
12.88039303
13.28235245
15.67843151
9.18627548
6.61176538
13.24902058
7.34705973
5.83921576
13.04117680
12.20000267
11.59215832
13.75490379
15.92549133
15.13529396
15.93725777
15.98627663
15.20392227
13.15294266
12.95293903
16.04117775
9.73137283
6.74901962
13.99215794
7.53137302
6.39803982
12.78235435
12.16666794
11.95294189
14.05294228
15.87059212
15.23921776
15.53921700
15.88823700
14.66862679
13.02549171
13.71568489
16.58235359
9.47843075
6.83529425
13.07254982
7.86078548
6.72941256
13.46862793
12.13137341
12.37450695
14.57255077
15.40196037
15.59215736
15.37451077
16.14117813
14.30980396
12.74901962
16.44117928
17.19215965
8.58039188
7.13333416
10.56470490
7.27254963
6.91960859
12.80784321
12.29608154
13.04902077
14.89019680
15.60392475
15.68431473
15.63921738
16.16274261
14.10588264
12.27450943
19.84510040
17.00588608
8.13333511
7.72549009
9.60784435
6.68627548
7.87255001
12.17843246
12.13137150
13.83137131
13.90196228
16.18824005
15.78039360
16.11372757
15.46862698
14.41372585
12.70196342
20.60392570
16.32745171
8.24117756
7.40980482
8.98235321
6.72353125
8.79803848
12.38627720
11.10980320
13.89412022
13.85098076
16.24902153
15.45882607
16.39804077
14.89216042
14.67058754
12.26862717
21.58431625
16.49215889
8.40784264
6.18431473
9.86470699
6.72745228
9.75686264
12.76862526
10.37255192
14.15294266
13.57843018
16.10784340
14.90392113
16.44313812
14.92157078
14.14902020
12.54313850
22.41176414
17.06470680
8.55686474
5.60196114
10.77254868
6.96470642
9.88039207
12.96862602
10.57058907
13.80196381
13.63921356
16.13529587
15.24706078
17.06666946
15.22353172
13.94902039
14.08627510
22.76078987
17.16470337
8.50980568
6.06274557
11.11960793
6.92941189
9.57843208
13.03921700
10.62941170
13.48431206
13.28627872
16.17450714
16.05490303
17.68431473
15.13333702
13.44705963
15.82745266
22.12941551
17.31372643
8.48431301
7.06470537
10.61176586
6.86862707
9.94705868
13.06470680
10.15294075
13.21372700
13.38823795
16.48823357
16.70587921
18.10784531
15.29803848
13.15882492
17.96078682
21.84313583
17.20588303
7.86666679
8.25490189
10.38039112
6.60784435
10.82156944
13.38235378
9.46470642
12.79215717
14.04314232
16.43333244
16.33333588
18.67646980
15.55098057
13.71568775
20.09216118
21.77843285
17.16471100
6.66274500
9.48039246
10.06470680
6.10000086
12.33529568
12.62745190
9.40000153
13.08235264
14.77843094
15.83725357
16.27254868
17.99608040
16.07058907
14.37255287
21.07059097
22.17058754
17.70784378
6.71372557
10.21568680
9.18627453
5.86862755
13.59607887
11.76274586
9.44313908
13.40784264
15.11372662
15.42156887
15.50196457
19.76078415
16.74313736
14.60588264
21.84117508
21.92941475
18.27647400
6.95098019
9.58627510
8.42941284
5.72745132
14.45098019
11.11372471
9.18627548
13.33333397
15.34117889
15.65686417
15.22353172
21.45686531
17.38823700
15.36078453
22.05686188
21.68039513
17.94510078
7.28627443
8.08627510
8.14705944
5.93529415
14.91568851
10.84117603
9.24313641
13.58823586
15.55882454
16.05686378
15.13725662
22.12548828
18.22745323
16.58235550
21.87255096
21.37059212
17.15294456
7.73529530
7.11568689
8.03725529
6.78431416
14.74313831
10.47451210
9.43529510
14.08039284
15.50980377
16.12353516
15.80588245
22.46470451
18.89999771
17.87647247
22.69019699
21.43921661
17.22941208
7.79411745
7.63137341
7.90588188
7.27647114
14.32353020
10.65098286
9.78627491
13.90784454
14.96862888
15.89216042
16.45882607
23.07843018
20.59215546
19.14706039
23.33333397
22.02157021
17.90196419
8.69019604
8.67843246
7.90392208
8.13725567
14.69608116
11.19019604
9.81960773
13.28235435
15.73921680
15.56470680
16.52353096
23.14313507
22.90980530
19.85294151
23.59608078
22.42745399
18.22745323
9.59019661
9.76274586
7.18039227
8.76862907
14.12352943
11.87059021
9.51960850
11.90588188
16.81176567
15.54313850
16.02745056
22.90392303
24.28038979
21.33529854
23.90588379
22.54117966
18.62352943
10.24117470
10.04313755
5.91764736
8.74509907
13.79803848
12.77255058
9.25294304
11.24313927
17.33333397
15.38431644
16.15686607
22.11960793
24.66862869
22.51372910
23.86275101
22.28235435
18.91960526
10.92549038
9.14117718
5.38823462
8.51372623
13.77646828
13.94313812
9.24509811
10.93529510
17.63137436
15.38823509
16.51568794
20.81176567
24.23137283
22.91373253
23.86863136
22.24313736
18.47255135
11.47647190
7.74901962
5.43921614
8.48823547
14.23921585
14.08627605
9.17450905
11.18627357
17.82745361
15.03529549
16.02941322
20.47843361
23.92548943
23.05882835
23.72352982
22.68823051
17.75098228
11.81764698
7.24706078
5.48235273
8.64117622
14.18431473
14.32156754
9.14117718
11.14117622
17.45294189
15.04705715
15.85686302
20.96078873
23.20392036
23.43529892
24.14313889
22.89411163
17.19019508
12.05686283
7.70000076
5.80784321
8.84509945
13.84509945
14.44902039
9.31372738
10.96078491
17.01961136
14.94117737
16.38431549
22.02157211
22.07451248
24.10784721
24.08823395
22.80587959
16.22549057
12.24705982
8.56666660
5.85490179
8.38039207
13.75294304
13.69804001
9.51960850
11.00392246
17.14706230
14.69411945
16.47843361
23.23529625
20.78235626
24.69804573
23.49608421
22.69411469
15.03333664
12.16274834
9.22549248
5.37254858
7.78627539
13.45686626
11.95294285
9.39607906
11.04117775
17.09216118
14.51372337
16.81568718
24.38039589
20.04706001
24.38235664
23.78431702
22.65294266
13.63725376
11.75294113
9.64705753
5.11372614
7.77058840
12.79804039
9.81372547
9.28039455
10.76862907
17.20588303
15.07059097
17.05490303
25.01961136
20.41568565
22.82156754
23.84706116
22.64313889
12.38627625
11.13725662
9.67843246
5.34705830
7.51764679
11.21568489
8.15882397
9.02745056
11.14902210
16.37843513
15.45098495
16.96275139
26.14902115
21.69215965
21.88823318
23.75490189
22.11176109
10.87058735
10.61568642
9.54509926
5.78627539
7.65098143
9.80196190
6.83921576
8.81176567
11.37843323
16.68431664
15.64509964
16.40392303
26.57843590
24.05098152
21.91567993
24.38627243
21.76078224
10.55097961
10.27843189
10.44313812
6.52353001
9.60392189
8.87647057
6.51176548
8.59019661
11.55098152
17.41176605
16.48823738
15.85294151
26.99412155
25.28235626
22.08823776
24.12940598
20.86274529
11.72549152
10.44902039
11.98039627
8.32941246
12.39215755
7.76078510
7.22745180
8.50980377
11.98627663
17.82941437
17.29215622
15.22941208
27.46274757
25.87058830
22.39216042
24.49411583
18.67255020
13.96470833
10.95294094
13.95686150
10.34117794
15.89803982
7.20980310
7.64509869
8.91764641
11.53137302
18.31764412
17.60000229
15.88039303
27.51176453
27.25881958
22.67647362
24.03922081
17.53725433
16.81568718
11.19804096
15.76274586
11.89215851
17.89999962
7.24313784
7.63137245
8.86666584
11.12745285
19.17451096
17.49803925
16.38430977
26.98824310
27.27647400
22.94902229
23.02157021
16.97647285
18.11960793
11.36470699
16.22745323
13.95882416
17.82745171
7.64313841
7.40784359
8.82156849
10.95098019
19.75293922
16.87843513
16.43921852
26.35882568
25.62549591
23.44117737
23.30392075
16.46274757
18.89999962
11.37059021
16.34902000
17.31372833
16.90588188
7.75490284
6.88039351
8.27254963
10.73333359
19.63725281
17.54313660
16.53921509
25.74902153
23.61569023
23.39804077
23.44117737
15.67255020
18.67647171
11.21568775
15.83725739
19.67842865
15.60392284
7.93333387
6.14313793
7.57647133
10.59999943
19.74705887
18.70196342
17.13137627
26.05098534
23.14510155
23.06470299
22.98235512
15.99607754
17.79607964
11.65490246
14.93921757
18.65686607
13.95098114
7.54705954
6.04509878
7.49607897
10.36078548
19.31176376
19.87843704
17.14706230
25.31961441
23.57058716
22.35097885
22.61764717
17.17646790
17.79804039
12.87451172
14.64902115
16.73529625
12.66470623
6.68235302
5.86470556
7.90588331
9.94705963
18.73333931
20.52941513
16.97058868
24.64510345
24.92745209
21.65686417
22.02941322
19.09607697
17.83333397
13.83529186
14.76862621
15.60980606
11.44313812
6.18235350
5.93137264
7.97647190
9.68039131
18.88235855
22.47647476
16.86078835
23.69607925
25.39804077
20.44117355
20.23921776
20.58823395
17.79803848
13.95490456
14.36078548
13.88039398
10.99608135
7.35097980
7.17647123
7.63333464
9.72745323
18.23921967
23.57450676
17.27647209
22.16078949
25.11372948
19.55882263
19.31568527
20.24313736
17.29216003
13.52549267
14.84510040
13.20000076
11.18823433
9.00784397
7.95294189
7.51176643
9.66470528
16.92549133
23.45882416
17.47647285
21.70392227
25.32549286
19.83529854
19.42548752
18.40392494
16.81176567
12.87058830
15.72941208
13.56078434
11.52745247
11.57451057
8.69608021
7.77254868
9.59411812
16.05098152
23.56274414
18.01960373
20.42941475
26.28432083
19.83725548
20.00979996
17.16470718
16.25490189
12.90392303
16.45490265
14.50196266
11.73137188
13.05882263
9.79804039
8.02548885
9.25686359
15.29215908
23.26078224
19.03137589
19.70195961
26.66471100
19.62940788
20.75490189
15.88235283
16.10980606
12.91176605
16.53529358
15.34510231
12.11961079
13.14902115
10.03921509
7.25686407
8.85097980
14.85882378
22.10783577
20.03529549
19.28038979
26.21765327
17.89215851
20.49019814
15.07450962
16.08431625
12.90588284
15.83333588
15.86274529
12.31568527
12.48235321
9.10000229
6.38627577
8.76666832
14.79411888
21.08039474
20.69019890
18.81960487
25.67059135
16.61176682
18.99215317
15.10588169
17.10195923
13.13921547
15.96470737
16.42549324
11.61568642
11.29804039
8.08431339
6.64901972
8.24902058
14.62549210
20.49215508
20.74509811
18.65882301
26.40980530
17.55686188
16.91176605
16.25490570
17.60588264
13.07450962
17.44118118
16.31568527
12.13725567
9.97843170
7.59019613
6.54509830
7.90588236
14.47843266
19.64901924
20.14901924
18.18431282
28.35097885
18.13137245
15.29804420
18.89607811
17.47451019
13.22941208
18.21568871
15.44117641
12.85294342
8.60980415
7.34705830
6.93529463
7.35686302
14.80392265
18.94509888
19.45098114
17.23921776
28.59804153
18.16666794
14.89607811
19.83137703
16.26470566
13.32941341
18.15882683
14.62353134
12.14117622
7.68823528
7.99019623
7.51764679
7.44117641
14.63529301
18.55882645
19.38627243
16.50000191
27.66274452
18.59215546
15.40784359
19.71568489
14.02941418
13.35097885
17.35882568
13.62549019
10.45686150
7.00000048
10.58235359
7.85686398
7.87843227
14.49411964
18.35686302
19.42353249
16.27843285
26.33137321
19.76862907
16.20196342
20.00588226
12.08235264
13.43333244
15.78039265
12.77451134
9.79215813
7.27451038
14.48823643
7.30980396
8.10980415
15.54705811
18.62941170
18.95686722
16.01960945
25.11764526
21.25098228
17.96078491
20.42157173
10.96862698
13.60784531
13.44509888
12.16274548
8.59215832
8.09607887
16.15686417
6.30196142
7.70000124
15.99607849
18.79215622
20.10000420
16.12549210
23.79411697
21.92156792
20.87843323
21.35686493
10.24509811
13.84117889
11.98627567
11.50784397
8.01568794
9.16666698
15.36078548
5.88039112
7.45882463
15.56274509
19.83725739
21.99804115
15.87843323
22.93333244
21.55686378
22.03726006
21.34510040
9.05882359
13.85490417
11.29608059
10.78039360
7.60588360
9.78823662
13.85686302
5.77843237
7.58627462
15.20000172
20.49607468
23.30392647
14.87843227
22.82745361
20.85294342
22.04902077
21.22352791
8.77255058
13.17450809
11.39608192
10.17843056
7.89607906
9.44705963
13.24705791
6.02156878
7.45098162
14.25686455
20.64510345
22.49215698
13.10196114
22.74510002
20.38039589
22.02157021
21.54510117
8.92549038
12.26470757
11.40588093
10.17647266
7.97058821
9.11176491
12.70588303
6.64313793
7.33333397
13.30588436
20.94117737
22.33529282
12.51765060
23.70195961
20.10588264
21.72549438
22.05882454
9.04706001
11.73333454
11.41372585
11.17058945
7.63333416
9.33137321
11.50000000
6.85686350
7.36862803
13.11960888
21.06471252
21.92548943
13.12941551
24.65490150
20.19215584
21.71372795
22.14705849
9.47843170
12.06078339
11.57843113
11.90784264
7.80784321
9.90784264
10.77647209
6.64901972
7.34706068
12.85686493
20.87843323
21.50980186
13.93333530
24.24313354
21.47842979
22.95686340
22.01764870
10.47255039
11.67059135
11.23529530
11.98039341
8.28235245
10.54509830
11.08039379
6.64117575
7.34902096
12.39607716
20.04509735
20.45490456
14.81960869
22.75294113
22.27647018
23.15882492
22.17842484
11.60784435
11.99215508
11.30980492
12.15882397
8.54901981
10.90392113
11.25490284
6.82549000
7.69411755
12.53921509
19.28823280
19.58823586
15.94901943
20.64902115
24.10000229
23.38431358
21.79215813
12.46470642
12.05294132
11.52549171
12.86862946
8.59607792
10.32157040
11.36666775
6.64509726
7.92549086
12.82744980
18.64902115
19.46862984
17.16275024
18.46274757
26.33530045
23.17646599
21.94902229
12.67647076
12.26862907
11.22352886
12.68627548
8.35294151
10.10784435
11.50784492
6.67058945
7.97058964
12.56470776
18.32156754
18.96863174
18.02157021
16.40588379
26.39804077
23.28627777
21.25686073
12.62745285
13.05882645
11.36666870
12.04901981
7.90980434
10.97254944
11.08823586
7.03725481
8.11764622
11.89803982
18.33333397
18.40784264
18.37254906
15.70000076
26.24706078
23.21569061
21.15686798
12.97058964
14.01568699
11.99608040
12.09215736
7.84313774
11.35882473
11.15098000
6.95686340
8.02548981
11.08823681
17.93725586
18.81961060
19.05686188
15.53529739
25.37255096
22.26862717
21.42548943
13.70392227
14.23725700
13.22352982
12.67059135
7.65098095
12.42156982
11.25882530
6.96862698
7.82353020
10.17843246
16.95882225
18.85882759
19.89607811
14.41372776
24.32353210
21.99215889
21.93333626
14.64117622
13.59412003
14.42549038
13.26470757
7.56274605
14.38627434
11.27451038
6.82353020
7.79215717
9.78039169
15.97451305
18.43529320
22.43725967
13.34510040
22.33332825
21.98235321
22.01764488
15.34117889
12.49607849
15.00588417
13.42352962
7.74509859
15.91764832
11.41372681
6.23529482
7.88235331
9.18431473
15.59411907
18.12940979
24.28039169
13.42352962
21.22745132
21.58627319
21.01764870
14.19804192
11.96274471
15.12157249
13.64117718
8.00784397
17.06274796
11.97647095
6.30980396
7.64313841
9.10000134
14.68039227
18.08431435
24.73333359
14.28823853
21.83136940
21.57254601
19.58039093
11.95490265
12.20000267
14.89411926
13.36862850
8.98627377
17.28039169
12.80784321
6.78823614
7.23137283
9.00588226
13.90588284
18.67646790
24.67058945
16.80784416
22.29216003
20.60196304
19.12157440
11.02156925
12.59019566
14.81176567
13.29411793
11.88235283
17.53921700
13.10784340
7.30195999
6.97058868
8.31372547
13.15686607
18.45293808
23.76667213
20.05882645
22.69412231
20.62549210
18.91176414
11.63921738
12.44509888
14.97450638
14.08235455
17.02549171
17.22941399
13.57058907
7.80392218
6.94313765
7.88431454
12.80000019
18.13725281
22.87451363
24.28627396
22.36862755
20.99412155
19.61372948
12.16863060
11.72941113
14.51568794
14.12941360
21.81961060
16.34705925
13.11764812
7.61176395
7.26470470
7.88627577
12.80196190
17.87058830
21.47451401
25.93137360
21.64118004
21.00980186
20.23725891
12.53529549
11.29215622
14.60588741
13.75490189
23.97059059
15.67646980
12.92941189
7.25686312
7.05294132
8.05882263
12.98431492
17.78431702
20.38627625
25.61176872
19.14509964
20.78431320
20.72549057
12.90000057
11.70196247
14.92941380
13.46666908
23.46863174
15.95098019
12.74902153
6.76862764
6.86078405
7.98431492
13.26470470
17.64313507
19.01961136
24.00784683
16.24313736
19.60588455
18.67255020
12.64117718
12.23137283
14.83333778
14.06078434
22.18235588
15.95686626
12.39999962
6.56470680
6.55098104
7.80784416
12.57451153
18.17058754
17.55686569
22.42745018
13.63137245
18.25490189
16.12352943
10.90784454
12.40980530
13.86666775
14.98431587
20.96470451
15.55490303
12.51960945
6.26862812
6.38039255
7.61764717
11.80588245
18.72745132
16.54117966
19.51176453
12.68039131
17.83725739
15.13137531
10.59411621
11.99411869
13.28431416
15.80000019
19.91372490
15.69019794
11.71176338
5.90980387
6.44706011
7.14313841
11.85098076
18.91372681
16.10588074
17.74313736
12.71372604
17.73725510
15.26078701
10.86862564
11.28823566
12.73725414
16.31372643
17.77646828
15.96862698
11.46470928
5.70392227
6.94705915
7.04705858
12.13921642
18.64901924
15.47843170
17.86078453
13.21568680
17.19215775
15.29019547
9.94901943
10.74117947
12.72941017
15.97451019
16.46274567
16.73529625
10.80980206
5.40000010
7.08431435
6.67254925
11.75098228
17.93333626
14.90196228
19.04117775
13.44117546
16.58823776
14.30980396
8.58039379
10.51568699
12.78431416
15.40000057
17.49411964
18.52549171
10.62353134
5.20392275
6.26274395
6.87647152
10.83725548
17.46274567
13.61960888
20.60588455
13.56666851
16.77254868
13.19412136
7.59411621
10.02941227
13.21960735
15.00196075
18.96078682
19.92745399
11.03333473
5.23333311
5.55294037
7.30980396
10.09019661
17.62353134
12.47647095
20.96274948
13.70784473
16.72745323
12.15882301
7.17843103
9.74313927
13.93529701
14.13333321
19.54902077
20.17646790
10.87255096
5.18627501
5.17451048
7.28039169
10.33529377
18.23529625
13.14902020
19.79608154
13.33137321
15.57254887
11.35294342
7.04313707
9.68039322
14.41960812
13.78431511
19.77647781
20.07058716
10.38039398
5.13333321
4.53333330
6.81372595
10.67646980
19.10392380
15.36666870
18.00784683
13.80980396
13.55686569
10.95490265
6.84901953
9.63137341
14.46078587
14.42548943
19.26078224
19.93725204
9.83725548
4.87254906
3.87451029
6.62548971
10.28431511
20.31568909
16.95294189
17.98235512
14.91176701
12.37450981
10.64313698
6.81176519
9.37058926
14.17059135
15.47843170
18.85098267
19.36274338
9.39411926
4.65882397
3.43333364
6.70196104
10.57058907
22.09019661
17.87255096
18.93529510
15.65882397
12.35098076
10.04313850
6.26470613
8.97451019
13.99803925
16.08039284
18.61568642
18.74706078
9.61764812
4.71372557
3.28823543
6.74902105
10.71372509
22.96274567
18.30784225
19.33137512
15.25490284
12.06078434
9.22353077
6.00588322
8.03529453
13.80000019
16.19019508
17.43333435
18.08627129
9.36274433
4.53921604
3.27450991
6.70588160
12.20784283
22.31960678
18.13137245
19.65098381
15.05490208
11.24902058
8.93333530
5.80196142
6.81372595
13.15098000
14.82353306
15.78431702
16.88431549
9.28627586
3.98039246
3.25686312
6.43529558
13.54902077
21.71373177
17.04902077
19.15686417
14.82745552
10.99411678
8.96862793
5.67254925
6.19607830
12.98431492
14.81176281
15.38431358
15.76863098
9.23725700
3.82941222
3.17254949
5.97843122
13.60980320
21.31960678
16.15294266
17.98431587
13.57647514
10.73725510
8.60196209
5.83333397
6.03137350
12.65098286
14.94902325
15.71372604
14.35098362
8.63333416
3.31960845
3.03333306
5.99411726
13.41960907
21.14314079
14.48823357
16.07255173
11.77647018
10.04509830
8.41176414
6.06078482
5.76274586
12.71372700
13.94313812
16.05882454
14.30195999
8.60196304
3.42156959
2.65686274
5.73725510
12.55686283
20.79999733
12.74901962
14.42352867
10.49607754
9.96666622
8.59215736
5.71176434
5.55294132
13.20000076
12.02549076
15.92941093
14.05686188
8.92156887
3.66078401
2.69411778
5.85294056
11.66470432
19.61961365
12.94705868
13.99412060
10.27450943
9.90784264
8.99804020
5.25098085
5.30588245
13.62549019
11.20784473
15.33137512
14.22549152
9.18431377
3.80196071
2.85294127
6.24705982
11.07451153
18.63137627
14.12157059
13.65882492
10.65490341
9.84509850
8.80392170
5.22352839
4.99803877
12.42745399
10.77843094
14.64117622
14.95686245
9.84901905
4.00588274
2.72941208
5.92156887
10.74313641
18.85490608
16.16666603
13.70000172
10.86274433
9.82352829
8.08431435
5.31764793
4.65098095
11.39804077
10.76470566
14.17059040
15.87255096
10.45098019
3.84509873
2.72352982
5.35490227
10.79019737
19.24117470
18.12156677
13.40196419
10.81764889
10.50588131
7.88039207
5.54313803
4.40196133
11.22549152
10.77255058
14.01764965
16.54705811
10.41960812
3.56274533
2.76666713
5.38039303
10.80980396
19.33921814
19.80195999
13.63137150
10.43725491
10.55882645
7.92156887
5.87254953
4.37647104
9.92549229
11.12745094
13.70000267
16.40392303
10.52156734
3.54705954
2.53921556
5.89607859
11.17647076
18.93725395
20.83333778
14.31764698
10.20196247
9.80784416
8.07058907
5.86274481
4.41568661
9.19215775
11.66274738
12.94901943
15.92745113
10.23333168
3.49019599
2.45294118
6.46078491
12.27451134
18.91764641
21.89412117
14.54117870
10.60392284
9.51568890
8.23137283
5.91372585
4.76862764
8.72352982
11.91764832
11.85490322
15.50980568
9.68823624
3.68431449
2.57058883
6.90588284
12.87450981
17.91960907
21.87843323
14.42941093
10.62549019
9.57843304
8.29999924
6.14705801
5.01176500
8.07058907
11.27842999
11.52549076
15.01372623
9.63529396
3.90000010
2.72156882
7.24313784
12.83725452
17.30784225
21.71764946
13.96862984
10.21568680
9.81176662
8.42549133
6.22941256
4.86862755
7.20588207
10.69999981
11.16666698
14.25686264
9.79999924
4.14705896
2.52745104
7.29215670
13.48823643
16.75882530
19.70000076
14.13921642
10.76863003
9.99608040
8.64117813
6.04117632
4.88431406
6.62352896
10.04117775
11.64313793
13.64706326
9.68235588
4.23725605
2.33333349
7.07451057
13.48627472
16.35686302
18.59804153
14.13725662
11.46274757
9.77058887
8.69607925
6.04705906
5.17058802
6.24313736
9.46666622
12.78627491
13.34117985
9.56470680
4.00588274
2.43921614
6.61372614
13.47451210
16.96078491
17.41176605
14.32744980
12.80000114
9.54117489
8.57451057
6.37451029
5.32549047
6.23137331
9.99019909
13.82745171
13.08039379
9.47254753
4.07647085
2.70980406
5.85882378
13.71372414
17.25294304
16.19019699
14.97843552
12.85882473
9.54901791
8.50784397
6.44706011
4.71372604
6.16470623
10.25686359
14.22549248
12.82352924
9.52353001
4.54509878
2.88627481
5.86274529
14.44706249
17.38431358
15.05490303
15.15490246
12.68431664
9.50980568
9.18627453
6.40588427
4.58627510
5.96274471
9.68039417
14.58431244
12.69019604
9.84706211
4.48627472
2.85294151
5.91568661
15.24117565
17.44509697
14.08823586
15.50588322
13.18627357
9.18235397
9.65097904
6.45686340
4.47451019
6.13725519
8.65686321
14.30784130
13.01764679
9.82352829
4.27058840
3.10784364
5.74901962
15.33725452
16.85686684
14.16862869
16.79803848
13.65490150
9.48627377
9.88431263
6.39215708
4.62941170
6.14902020
7.77843046
14.82745171
12.43137360
8.62745094
4.08235359
2.82745123
5.96470690
14.65294075
16.09803963
13.70196056
16.95686150
13.55490303
9.63725567
9.37647247
6.17647123
4.94313765
6.02745104
7.28235340
16.33137321
11.63529682
7.66274500
3.83333397
2.85686302
6.23921585
13.73333645
15.83529282
13.08235359
16.07059097
12.98823643
9.14509964
8.98823547
6.04509974
5.66274548
5.98235321
6.67647123
16.71764755
11.17059135
7.33529377
3.81764698
3.34509826
6.33921623
14.02353096
15.69215584
13.54902172
14.50980473
12.14901829
9.08823395
8.69215965
5.93137407
6.18823576
5.50588274
5.97058821
15.40784550
10.64705849
7.71568680
4.01960802
3.24705863
6.46274567
14.83529568
14.97255039
13.93333435
13.05882454
11.58039284
9.12941170
8.90000153
5.67843246
5.85490227
5.00980425
5.63137293
13.88431454
10.87647343
7.66078424
3.84705925
3.09019637
6.40980291
15.77254963
14.20196247
13.91568851
12.23529625
11.62548923
9.23921680
9.01372528
4.89411736
5.47843218
4.66666603
6.05098152
12.64509964
11.22549248
7.34705877
3.94509840
3.48039222
6.60784388
16.02549171
13.81372356
13.70392036
12.11176682
11.60000038
9.18039417
8.78431416
4.69411802
5.25294065
4.75294161
6.39803934
11.23921585
11.27843189
7.11764765
3.82156849
3.61176467
7.14902020
16.26470566
13.52548981
13.19608116
12.36470699
11.30588436
8.84902000
8.88431549
5.02745008
5.51764774
5.13921642
6.40392208
10.15882587
11.64706039
7.35098171
4.33921576
3.55882406
7.09803963
16.55097961
13.39608097
13.30196190
12.86078548
11.19608021
8.57450962
8.98039532
5.56666708
6.06862783
6.02745104
6.25294161
9.65686321
12.11568642
7.17058849
4.92353010
3.45098042
7.20784330
15.80392265
13.77450943
14.10588264
13.83137512
11.31372547
8.52745056
9.00980568
5.72156811
6.81960773
6.94902039
6.32352972
8.83725548
12.49804211
6.68431425
5.20000029
3.12745118
7.35490274
15.39804077
14.53529167
15.15686321
14.12745285
11.13529491
8.34509850
8.84313869
5.23921680
7.43921709
7.25098038
6.59607887
8.80196190
12.46666718
6.72353077
5.13725471
2.98627496
7.33921576
15.20392227
15.17254925
16.14706230
14.46274471
10.76274490
8.01176357
8.47843266
5.86274433
7.62156916
7.27843237
7.34117603
8.69999981
11.67843342
6.86862659
4.65686321
3.37647104
7.46862793
15.29607964
14.98431396
16.54902077
14.71568680
10.66274643
7.78235102
8.44314003
6.46862841
7.82549047
7.40392303
8.33529377
8.83333397
12.22941303
6.88235235
4.31764793
3.57647085
7.20000076
15.33529663
14.22157097
16.85490417
14.44313622
10.83725357
7.52156830
8.34313774
6.14705944
7.65686369
7.35097980
8.74313736
9.96862888
12.76078320
6.82156801
4.25294113
3.71764731
7.20588207
14.87255096
13.40980530
16.45490456
13.88431644
11.30392265
7.34705877
7.87450981
6.03137398
7.45294189
7.19019508
8.05294132
11.51176548
11.78235245
7.27843285
4.08235264
3.92156935
7.71764755
14.44314003
12.37451172
16.37451172
13.77059174
12.33333683
7.34117603
7.65294170
6.12156868
8.09411812
7.16274452
7.22156906
11.65294075
10.44706154
8.08431435
4.19999981
3.61764741
7.71764708
14.21568680
11.72157001
15.80000210
13.33333206
12.50196075
7.30196142
7.79803944
6.13529491
8.41960907
7.47254992
6.98039246
9.98235416
9.42156887
8.19999886
4.22549105
3.51176524
7.74117708
13.87058735
11.34706116
15.90588188
13.09608078
12.83529377
7.69411802
8.05490208
6.23921585
7.78039217
7.75490189
7.00980425
8.07254887
7.91764879
8.02353001
4.21764755
3.62549043
7.59019566
13.36470699
10.61960793
15.86862946
13.27254963
12.52353191
7.62549019
8.38823700
6.17647171
7.08823586
7.78039312
6.87843227
7.37058830
7.28039169
8.22157001
4.24117661
3.58627462
7.26470709
13.08235455
10.27255058
15.71765041
13.00980568
12.07255173
7.64313889
8.67647076
5.78431368
6.77843094
7.87058926
7.37647009
7.65490341
7.05098057
8.13725567
4.25098038
3.62941241
7.01568556
12.38039303
10.55098248
15.88431454
12.82549000
12.09215832
7.53529501
8.74901867
5.58823586
6.80392170
8.15098095
8.45294094
7.72941208
6.72549009
7.78823662
4.50392199
3.61176538
6.36470556
11.20000076
10.82353210
16.17843056
12.80588341
11.63725376
7.64902067
8.42156982
5.46862793
6.30588245
8.47058964
10.04706001
7.88627529
6.43725538
7.56666660
4.79019642
3.90588236
6.09215736
10.03725624
10.58823776
16.76078415
13.03921700
10.74902058
7.85686302
8.22941303
5.45882368
5.90784359
9.28823471
10.86666679
7.59411764
6.48431444
7.34901953
4.79215670
4.17451048
6.34313774
9.76078606
10.27255058
17.17647552
13.18039227
10.31569099
7.74117708
7.87647152
5.92549086
6.14117718
9.49804211
10.10196114
7.67058849
6.73921585
7.62745190
4.64313841
4.25882339
6.40196133
9.37254906
10.36470699
17.62353134
13.61960697
10.60980415
7.66862774
7.88039303
6.39411831
6.10980368
8.81372547
8.99019718
7.99803925
6.79411888
8.07843113
4.42745113
4.12549067
6.35882378
8.80784416
10.52548981
17.73137474
13.69607830
11.02549267
8.11568546
8.00980473
6.56666660
6.42941236
8.25098038
8.33529472
8.26470661
6.72156811
8.07647133
4.37254810
4.10784340
6.53529358
8.88627529
9.72156906
16.88627434
13.53725529
11.38039303
8.50588322
8.09215736
6.85882330
6.59804058
8.23137474
7.61960793
8.41764832
6.37058926
7.77647161
4.40588284
4.24901962
6.78823614
9.52156925
8.99607658
16.51176453
14.30980492
13.08627605
8.48235321
8.00392151
7.03333282
6.35882425
8.29411793
7.28235340
7.97843218
5.66470575
7.39607811
4.15882397
4.47058868
6.80588245
9.64509869
9.23137379
17.29607964
15.42352962
15.81960773
8.39019585
7.53333330
6.82941294
5.67647076
8.25294209
7.16470528
7.09411812
5.35294151
7.02941227
3.80196095
4.66666651
6.70196152
9.48235321
9.41372681
18.00980568
15.95686150
19.38627625
8.58431339
7.16666651
6.60196114
4.96470642
7.76274586
7.43725586
6.20588207
5.07058907
6.21764755
3.95882416
4.79999971
6.70000076
9.62352943
9.37451077
18.25294304
15.74117661
21.01176834
9.65490341
7.12156868
6.28039217
4.30588245
7.51960802
7.17254925
5.85098076
4.57450962
5.04509830
3.80784345
4.69803858
6.88627529
8.98039246
9.16078568
18.31960869
15.27647400
19.82156754
11.01176453
7.41176510
5.93333292
4.20784330
6.50784397
5.90392303
5.83529472
4.65098095
4.66862822
3.55490208
4.70980406
7.17647123
7.99411869
9.00588226
17.59607887
16.09412003
17.26470757
12.00588322
8.21764755
5.77843094
3.98431349
5.63333368
5.48627424
6.34902000
4.89019680
4.08823538
3.24901962
4.84117699
7.18235397
8.22941399
9.25686264
17.56862831
16.03137398
15.54705906
12.86078548
8.47843075
6.42941236
3.75294113
5.11176538
5.27058840
7.42353010
4.89019680
3.38627481
2.98823547
4.77450943
6.95686388
7.80980539
9.49411678
18.43529320
15.53725433
14.55490303
13.52548885
8.80784321
7.27255011
3.74313736
4.75882339
5.78823519
7.99803972
4.55882406
3.04117656
3.01176453
4.57451057
6.94313717
7.54509830
9.60196018
18.79999924
15.45686340
13.94705963
14.33725643
8.64313698
7.31372643
3.64509845
4.77450991
6.54313612
7.39215660
4.06666756
2.79215741
3.19803929
4.73137379
7.03137350
7.90392256
9.36274529
18.97451210
15.30195999
13.04705715
15.54705906
8.41568756
7.14117718
3.92156887
4.83921623
6.53921556
6.72352982
3.95686340
3.24313736
3.29607892
5.18627501
6.91960812
7.91960812
8.62156868
18.43529701
15.13333416
12.58039188
16.09607887
8.43725491
6.82156944
4.60588312
4.61372614
6.06470585
6.75294161
3.92941165
3.41568685
3.40196109
5.61372566
6.95294189
7.71764755
7.90784454
17.96862602
14.46862793
12.94902134
15.73137283
8.93921757
5.51372719
5.55098104
4.38039207
5.34117699
7.00784349
3.86862803
3.17647076
3.72941184
5.79804039
7.09803963
7.56470728
8.49019814
17.39215851
14.01372623
12.75882435
15.87450886
9.13725662
4.44509745
5.83333302
4.47058868
5.27843142
7.53333282
4.00000095
3.25294137
3.71176457
5.32548952
7.06666851
7.88039303
8.86862755
16.85098076
14.20000267
12.19411850
15.48235607
9.41960907
4.39215755
5.91764832
4.53725529
5.71176529
8.25882339
4.50392199
3.39411759
3.63725519
5.23137283
6.70588303
8.00588226
8.60588264
16.79804039
14.59411716
12.63529682
14.39608097
9.95882225
5.10784340
6.02745056
4.68431330
5.64902020
8.96078491
4.92156744
3.36862826
3.58431411
5.23529434
6.31960869
7.36470556
7.94313765
17.02941322
14.87647057
13.50196075
13.16470814
10.51960850
5.49019623
6.27058792
5.00392151
5.34313726
9.86470604
5.34313869
3.37451005
3.47451019
5.09411669
6.99411869
6.81372499
7.07451153
17.78235245
15.00588322
13.64313698
11.28431416
11.10000038
5.07647133
6.61960793
4.94313765
5.20980358
10.38431549
5.58431292
3.39411783
3.18431377
5.40980387
7.09019566
6.85294008
7.15294123
19.11568832
14.98431396
13.62549114
9.49607849
11.35490417
4.79803991
6.33529425
4.81764746
5.08235264
9.95098114
5.17647171
3.22745109
2.59215760
5.61960745
6.92549038
6.99019623
6.83725405
20.58823967
15.30784512
13.89804173
9.18627548
11.38627434
5.67058897
5.90784407
4.97254848
4.88431406
9.21960831
4.63529444
3.28235364
2.64313769
5.22941113
7.01764679
6.52745056
6.48627377
21.25490189
16.17058754
14.37059021
9.23529530
11.52941227
6.16078520
5.33529520
4.97451019
4.87843227
8.86274433
4.61176443
3.30588245
2.64313745
5.07451010
7.30784369
6.22549009
6.31960773
20.94118118
16.71961021
14.73529530
8.93725586
12.03529358
6.55490112
4.53725481
4.73137331
5.09215689
8.66862869
4.26666641
3.23725533
2.27647090
5.03529453
7.13725471
6.51960850
6.50784349
20.84509850
17.04314041
15.13333416
8.88627338
11.75882530
6.71764755
3.94705915
4.28431368
5.25882387
8.84902096
4.21568632
2.80784345
1.95882380
5.47843170
6.54901981
8.01568604
6.55490303
20.38627052
18.20392036
15.57450962
9.11764717
11.27450943
7.71960831
4.28235388
4.01372576
5.32941151
8.75686359
5.05686188
2.25686288
1.87843144
5.55686331
6.66470671
9.04901981
7.16862822
20.12156677
18.61372375
15.81568623
9.36862564
10.84509850
8.45686340
5.94313812
4.55098104
4.96078491
7.96862888
6.38627577
1.98823583
1.71960819
5.13921690
7.07647133
9.14313602
8.53725624
20.59607887
18.33725548
15.02353001
9.82352734
9.78627396
9.01176548
7.99607897
6.25686407
4.32745075
7.03921604
7.32549143
2.00196099
1.61372566
4.92549038
6.83725452
8.73333549
8.82745171
21.38235283
19.12548828
13.35294151
10.16078472
9.00980473
9.12941170
9.21568775
8.10000134
4.25490236
6.58431435
7.60392284
2.07058859
1.76470613
4.79803944
6.66078377
7.66078424
8.08235264
21.25686646
19.35490417
12.05098057
10.17647171
7.99019670
8.50392246
9.39411831
9.09804153
4.70000029
7.42941093
7.09803915
2.34901977
1.55882382
4.67647028
6.25098133
7.01568747
6.61568689
20.36470604
18.99608040
11.73921680
10.37843227
6.85686350
7.66862679
8.88627529
9.50784302
5.37450981
9.18039322
7.09608078
2.27647066
1.50588262
4.50000048
6.00392151
7.17255020
6.54313803
20.54314041
17.96862984
12.19215965
10.70588303
6.63921642
7.11372662
8.70784283
8.69608021
5.60000038
11.23137283
7.47254944
2.66470647
1.69607878
4.28823566
6.06274509
7.09804058
6.84117699
21.27647018
17.07843018
13.72156906
11.03137302
6.96078491
6.72941351
8.37450981
7.23725510
5.49215698
12.62549019
8.14313889
2.65686297
1.31568658
4.49019623
6.40588284
6.97843313
7.53137398
21.36862755
16.48823547
13.91568756
11.11176491
7.41176510
6.06666708
8.24901962
6.43725491
5.16666651
12.39215946
8.89411831
2.77254939
1.28823543
4.65686321
6.73921680
7.22941208
8.31176472
20.86078453
15.87647152
13.04510021
11.59803963
7.73529434
5.62941170
8.80980301
5.83333349
4.82156897
11.52745247
10.52941132
3.55490232
1.40980422
4.62941217
7.10000086
7.61764765
8.84509945
21.08235550
15.91960716
13.23529720
12.59607887
7.76470709
5.32745218
9.39803982
5.41960764
4.88039255
10.83921623
12.48627567
4.60784388
1.87451017
4.48431349
7.13333416
7.78431320
8.50392151
20.91568947
15.00588226
13.80196285
13.12745094
8.09019661
4.90980434
9.71960926
5.50784302
4.98235369
9.79019642
13.25097942
5.78823614
2.16078472
4.07254982
6.81960821
7.80980444
7.64313698
19.94117546
13.77450943
13.51764584
12.98039246
8.42352962
4.85490227
9.92156887
5.61960936
5.05686235
8.39607906
12.89803791
7.05098009
2.13137293
4.12156963
6.19019747
7.48039246
7.35686207
19.21568871
13.22157097
12.65098095
12.05098057
8.43333340
5.16666698
9.50392151
5.90784407
5.20000029
7.94901943
11.92156982
7.65882492
2.58627486
4.82745075
5.20588255
7.25882387
7.49019670
19.32353020
13.35686207
11.80196285
10.82549000
8.25686359
5.14509916
8.69607830
6.49607849
5.23921585
8.08039284
11.65490341
7.47450924
3.06666708
5.12745142
4.72156954
7.66274548
7.68039227
18.93725777
13.90980053
11.73921680
10.20392036
8.13529587
5.29803991
7.99411774
6.92352915
5.40000057
8.71176529
11.73333454
6.32549047
2.84117675
5.24117661
4.54117727
7.77451086
7.36078548
18.08039284
14.34706020
10.99215794
9.40392399
8.06078625
5.86274481
7.65490246
7.70980406
5.36078453
9.61961079
11.78039169
5.42941236
2.44901991
5.24117756
4.01176453
7.49411774
7.50980377
17.03529549
15.09608269
9.71568584
8.75294209
7.61960840
6.65294170
7.46862793
8.72157001
5.34705925
9.98431396
11.31960869
5.25882339
2.27058840
4.34705925
3.81176448
7.43921661
7.40392160
16.30980492
15.81960583
9.26470757
8.65294456
7.14901924
7.40000057
7.23921585
8.84313583
5.57451057
9.25098133
10.25882244
5.45882463
2.10784364
3.18823576
3.92549038
7.06862736
6.63921738
15.63725471
15.92745113
9.00588322
8.16470528
7.08431435
7.60392237
7.05686331
8.50196075
5.53921604
8.56666756
9.82745266
5.67254782
2.22941232
2.87450933
3.79803944
6.47058868
6.91372681
14.40784264
15.80980396
9.01568794
8.17058945
7.24313736
7.87647152
6.83921671
8.37058830
5.20784283
8.28039360
9.30588245
5.50784349
2.23137307
3.09607816
3.69607902
5.79411745
6.89804029
13.09411621
15.56274509
9.26862717
8.59411812
7.41568613
8.05490208
6.38431501
8.17058945
5.15686321
8.18823433
8.10784340
4.60588264
2.35686278
2.65490222
3.80980372
5.44509888
6.53137255
12.86862659
14.69999981
8.93725586
8.77647114
7.48039103
7.95098066
6.32156897
8.47254848
5.05686331
8.04902077
7.58235359
4.03333378
2.76274562
2.48039222
3.64509845
5.18627405
5.81568575
12.36078358
12.73529434
8.90980434
8.84509754
7.93921566
7.85098171
6.94313669
8.47647095
5.26862812
8.09215736
8.07254887
3.51764727
2.74117684
2.58039260
3.49019623
4.95882511
5.28431368
11.56666470
10.73137283
8.82745171
8.99607849
8.36666679
7.97058868
7.25294113
7.67647123
5.31372547
8.33921623
8.66078472
3.26862836
2.51372600
2.67058873
3.05294132
4.30000067
5.24509859
11.39607906
10.28431416
8.25882339
8.81764698
8.34902000
7.91764736
8.30588150
7.04117775
5.35098028
8.16274548
8.36274433
3.54901981
2.52156878
2.90588307
2.99019647
3.98039198
5.27254868
11.05098152
10.62549019
7.88627529
8.33333492
8.14705944
7.76862860
10.51960850
7.44509840
5.04509783
7.15098095
7.27843189
3.38627434
2.52549052
3.27647114
3.41372609
4.14902020
5.00000000
10.94314003
10.51568604
7.54509783
8.03529549
7.82549143
7.77843237
11.74510002
8.62745094
5.40196085
6.04313755
6.69411659
2.89607859
2.56078458
3.48431420
3.11568666
3.94313788
4.67058897
11.34313774
11.18823624
7.29803991
8.35098171
7.96274471
7.75882435
11.46078396
9.08039284
5.70784330
6.49215794
6.07058907
2.74705863
2.49215746
3.24705887
2.77647090
3.97450948
5.24313736
12.15294266
12.36666870
7.34313726
9.30196095
8.90784454
7.48235464
10.40588379
8.09215832
5.80392218
8.08235359
6.00784397
2.58627462
2.19019604
2.76470613
2.84509826
4.07647085
5.80392170
12.68823719
13.05294418
7.65098095
10.44705868
9.40784454
7.21176481
9.88431644
7.08627510
5.40784311
9.41176414
6.74901962
2.37843180
1.88431394
2.37058854
2.91960812
3.93137264
5.78235388
12.45686340
13.44117832
8.16078377
10.88039303
9.12745190
6.99019575
8.84901905
6.43725538
4.61960745
9.80784416
7.08235359
2.61568642
1.73725522
2.22352982
3.02352953
3.57450986
5.37254906
13.40196133
13.66666985
9.15882397
10.40588188
8.84706020
6.72548962
8.12941170
6.47647142
4.44705915
9.35490417
6.18235493
3.25686312
1.49607885
1.97058845
2.73333335
3.63529420
4.79607868
14.45294094
15.14705849
9.60980320
9.45294189
8.92941189
6.50980473
7.47647047
6.67058849
4.54313707
8.29607964
5.32352972
3.58235312
1.12156868
1.65882385
2.45098066
3.58627462
4.37647057
16.00392151
16.09215546
9.48039341
8.35490227
9.17451000
6.58823681
6.66274548
6.34901953
4.33725452
6.78235292
4.87450981
3.46666741
0.88235307
1.77058876
2.56078458
3.36078477
4.59607840
18.12745094
15.47843361
10.07450867
7.51960802
9.40980434
6.80000162
5.95098114
6.06666660
4.43137264
5.25686264
4.33921576
3.33529401
0.86078435
2.14705920
2.48235345
3.55882430
4.92352915
19.57451248
13.84117889
11.61176395
7.13921642
8.70784569
7.45882320
5.87647200
5.65686274
4.48039150
4.40196085
4.16274500
3.14509821
0.75882363
2.13921618
2.77843213
3.61372566
5.16666746
20.42941666
12.52156830
13.15490341
7.00588369
7.85686255
7.92548895
5.68627453
5.60980511
4.25294161
4.22941160
4.29019690
2.52353001
0.81568640
1.71764719
3.26862741
3.63137341
5.29019690
21.10980797
12.00784492
14.53333282
7.64509916
7.55882454
8.23529339
5.80392218
5.69019604
3.78431487
3.45686316
4.12549067
1.93725491
0.58431375
1.71764731
3.85490251
3.81764722
5.52353001
21.09803963
11.99412060
15.20392227
8.54117584
7.38235378
8.30784225
6.08431387
5.13725471
3.75686336
2.96470594
3.99215722
1.87254906
0.71176481
1.62352967
4.02941227
4.49215651
5.57058907
19.28039360
12.28039455
14.81960964
8.69019699
6.95294142
8.53529358
6.15882397
4.29803896
4.14313745
2.78235292
3.65098047
2.06862736
0.70000011
1.21372581
3.59019637
5.30588198
5.34705973
18.00000191
12.64509869
14.56274891
8.51372433
6.71960831
8.52549076
6.31176615
3.89019632
4.71176481
2.87450981
3.11960793
1.90392184
0.69019616
1.42941213
2.95686269
6.00784397
5.07647133
17.21176720
13.19804192
14.61372566
9.97451210
6.60196114
8.95490265
7.18039322
3.80196095
5.13333416
3.93529415
2.91568589
1.68039250
1.10392165
1.79411793
2.40588260
6.06666660
4.91372538
16.08431435
13.00980473
15.26667023
12.66862869
6.60000134
10.22156811
8.24509907
3.96862745
4.98235321
5.13137293
2.83333373
1.75882399
1.00196087
1.59019637
2.07058859
5.28235340
4.81372547
15.02745247
12.62941170
17.15098190
15.50000191
6.89215755
11.81960869
9.48039246
4.78235340
4.85294104
5.73921633
2.81960773
1.84902000
0.96666682
1.46274543
2.20392179
4.31764793
4.68823624
14.83529377
13.20196247
18.49019623
17.63529778
8.69411850
13.03725433
10.47058773
5.35098076
5.13725567
5.66274595
3.44117641
2.22549033
0.90980411
1.51372564
1.92352951
4.01372528
4.31568670
15.50392056
14.02549171
18.39412117
19.50000000
13.68235302
13.19215584
11.08039379
5.75490093
4.93529415
5.35882425
4.88039255
2.43529463
0.69019616
2.04509878
1.74705946
3.58627510
4.14117765
16.75882339
14.53921795
18.23333359
20.51176643
17.92353058
11.88823700
10.76274490
6.00588322
4.49215746
4.98627520
6.54705906
2.30588269
0.56470591
2.29607868
1.64705884
3.25490236
3.98235393
18.08039665
14.57647133
18.38431358
20.23921776
18.12745094
9.90784073
10.31176567
6.67254972
4.08431387
4.25882339
7.28823519
2.21960759
0.66274524
1.98431408
2.08431387
3.01764774
3.93333387
18.76274300
14.63725567
17.78431702
19.30392075
16.91960716
9.04117584
10.16274548
7.64313889
3.89607882
3.69803882
6.80392170
2.18431425
0.64313734
1.82549047
2.85882378
2.82549024
3.79607868
18.16470909
14.86666679
16.93921852
18.84117508
16.49411964
8.80392075
9.90784264
8.33333302
3.88627505
3.81764722
5.58823586
1.86666679
0.61372566
1.89411783
3.33529449
2.61372566
3.41568637
17.33137321
14.96274567
15.95882416
18.44901848
16.14313889
9.06274509
9.52548981
8.56470776
3.63725519
3.94901967
4.58039284
1.41176474
0.70000017
1.69607866
3.65294147
2.45882392
3.29803944
16.98235512
14.62745094
15.43921757
17.70588112
15.00980473
9.42156887
8.82941341
8.89215755
3.65098071
3.89803958
4.23137283
1.27451050
0.86862755
1.33137274
3.80784321
2.02549028
3.05294132
17.71765137
14.58823681
15.57450962
17.37647438
14.43529797
9.78039169
8.91764641
9.30784321
3.75490260
3.65294147
4.37843227
1.58431387
0.84117657
1.51960814
4.25686312
2.00392199
2.84117675
18.23137283
14.82157135
16.04510117
17.36274719
14.75686455
9.83529377
9.56470680
9.28431225
4.05882359
3.20392179
4.32549095
2.07647109
0.71568644
1.38431394
4.29019594
2.75294185
2.82549024
18.73725510
14.97647190
16.09215736
17.39804077
15.31960773
9.83725548
9.60000038
8.50784302
4.18823528
2.89803958
3.80980468
1.84901977
0.58431381
1.35882366
3.85294127
3.02941179
3.16862750
19.12548828
14.77451324
16.09019470
16.66274452
15.74705982
10.05882359
9.27254868
7.84705973
4.47058916
3.00392151
3.21372557
1.17843163
0.38235295
1.17058837
3.56862760
3.65098071
3.59803891
18.68627548
14.22941303
15.93333149
15.01176357
15.35882568
9.99411869
9.10391998
7.38431406
5.05294132
3.21372581
2.92941213
0.95490217
0.54705894
1.41372573
3.39215684
4.62745190
3.60392189
18.15490150
13.49411678
15.26470852
14.14117718
13.64509869
9.71568680
9.04902077
6.94313860
6.08039236
3.22352982
2.65882397
1.18823576
0.94901991
1.44705904
3.00392175
4.44313765
3.22352934
18.33725357
12.91372681
15.09804058
14.97254944
12.31372643
9.72745037
9.47451115
6.99215746
7.34706020
3.16274476
2.23529410
1.71764755
0.82941198
1.63137281
2.59019637
4.10000038
2.84313774
18.27254868
13.49019909
14.98823738
16.42548943
11.51176739
9.83725548
9.44313812
6.97843218
7.40588236
3.18431354
1.86470628
1.73529434
0.64901966
1.41372561
2.26274514
4.14313745
2.67058825
17.09411430
15.00196266
15.13137245
16.86274719
11.21372509
9.57059002
8.54117680
6.76862764
6.48039293
3.19411778
1.84509814
1.39215744
0.76666695
1.04901969
1.87254930
3.72941184
2.66274524
16.70392418
15.72745323
15.88823605
16.76274872
10.38431549
9.47058868
7.28431416
6.27647114
6.35882235
3.16274571
2.19215703
0.68039238
0.94705927
0.93333352
1.91176510
3.35882378
2.87058878
16.90196228
16.53921700
16.20980644
16.54705811
9.98235321
8.85686302
5.79215765
5.73333311
6.77058887
3.08235312
2.58235312
0.60392171
0.92941189
0.90196097
1.91960824
2.87058878
3.06666708
16.64509773
17.28823471
16.17255211
16.56862831
9.44117832
8.09411907
4.90784359
5.33137178
6.47843266
2.98039198
2.74117708
1.06274569
0.71372563
1.01568639
2.02941227
2.37450981
3.46470594
16.86274529
16.99411964
16.00980568
17.39215660
8.91960812
7.87254953
5.04902029
5.08431339
5.87843132
2.95490217
3.00588226
1.47450995
0.53725493
0.97451013
2.01568627
2.40392160
3.12941217
17.11568642
16.89019585
16.00588417
18.22156906
9.35490131
7.71960878
5.57058811
5.17647076
5.55490208
3.07058859
2.95686316
1.62156892
0.46666667
0.66274512
1.68235338
2.73137259
3.04117656
16.23333549
17.21961212
16.74901962
17.61764526
9.89607811
7.55490160
6.10588312
5.53333378
5.34705925
3.18627453
2.49215722
1.37843180
0.43529412
0.55686277
1.87451005
2.84705901
3.10980463
15.04313850
16.00980568
17.25294304
15.99215698
11.79019737
7.74117756
6.39019680
5.86078501
5.04705906
3.54313731
3.00980425
1.49803948
0.54117656
0.79607856
1.94705904
2.87058854
3.14901972
14.33333397
14.38039207
17.05097961
15.04313755
14.26862717
7.71372557
6.19411802
5.87451077
5.14705944
4.03333378
3.90980411
1.54901993
0.47450981
0.77647072
2.21764731
3.00000000
3.29607868
14.57254887
13.32157135
16.47647285
14.17843246
15.00196266
7.27451134
5.91764784
6.01960802
5.42549038
5.11176443
4.28039217
1.47451007
0.52352947
0.92352957
2.27058816
2.80588317
3.24313736
14.34705925
12.55098248
15.99215794
14.95294285
13.38431549
6.84509850
5.40784407
5.90980339
5.21176529
5.96666718
3.63333344
1.61960840
0.73529428
0.96274531
2.27843189
2.83529449
2.61568666
14.93333435
12.44901943
15.91764832
15.90196133
10.24313831
6.81764698
5.42352962
5.55098152
4.57647038
6.47451067
2.98627496
1.77647090
0.50392157
0.96274525
2.58823562
2.94313788
2.04313755
15.86470699
12.77059174
15.59215736
16.05097961
9.27451229
7.03921509
5.57647085
5.43333292
4.38039207
6.72352982
3.08235312
1.62352955
0.31960785
1.21176505
2.69411778
2.90588236
2.22352982
16.18039131
12.74706078
14.48235512
15.27450943
9.56862831
7.90980434
5.73333359
5.61568689
4.58039141
6.84509897
3.74313712
1.83921587
0.59803939
1.35294151
2.55490255
3.14117694
2.59411764
16.22157097
13.22745132
13.37255096
13.30980587
10.24902153
9.04706001
6.58823538
5.71764755
4.60392189
7.18627453
4.29019642
2.53921604
0.60392171
1.14901984
2.52156878
3.30196142
2.54901934
16.39215660
14.22157001
13.30588436
12.32745075
11.30588341
11.50196266
8.28823566
5.56470680
4.79019594
7.55686283
4.56862736
2.97254872
0.76666695
0.99019629
2.20588279
3.53137302
2.60196066
15.66470909
15.22353268
14.67843342
12.87450981
13.24510002
13.66470528
9.97451019
5.47058821
4.53921556
7.85882425
5.33921623
3.01960778
1.31176496
0.88039237
1.97254944
3.66862750
3.17647099
14.76666546
16.09803963
17.19411659
15.59215736
16.59215927
15.25098038
11.54705906
5.40784311
4.37058926
7.70000124
6.35686302
3.27647114
1.76078439
0.94117665
1.56078422
3.42156887
3.19019604
14.01764965
16.88039207
20.63529968
19.27647018
20.21960831
16.38431358
12.59803867
5.34901953
4.32941198
7.30000019
6.97647095
3.68039227
2.15686274
0.98039240
1.61960804
2.98431396
3.29803991
13.99215317
17.37450981
22.52549362
22.59411621
22.78431320
16.74705887
12.71568775
5.34509850
4.28039265
6.78235340
6.88823509
3.87843156
2.56862783
0.84705907
1.81960821
2.38039231
3.05686259
14.33529282
17.98235321
23.22744751
24.77254486
22.76078415
15.71372604
12.62941456
5.54509830
4.20784330
6.54313850
6.89215803
3.77254963
2.45294166
0.97843176
1.78235292
2.00392199
2.35882401
14.54901981
18.42353058
23.38627434
25.32156181
20.07647514
12.20784569
11.34313774
5.88235283
4.11568689
7.07058811
6.98039198
3.70980430
2.12941194
1.43333352
1.69607878
2.06470609
2.20196128
14.86274719
17.77450943
21.91765022
23.74902344
16.00000191
8.77254963
9.52352905
6.09607792
4.01176500
7.56666756
6.51960754
3.77647114
2.11568666
1.80000019
1.48039222
1.92941201
2.18431377
14.67255116
16.12548828
19.60000038
20.86274719
12.60980606
7.35098076
7.41176462
6.43725538
4.20784330
7.71960783
5.98039198
3.79607916
2.26666713
1.81372571
1.64509809
1.81764722
2.59803963
13.76666832
14.46078587
16.60588264
15.85490322
10.23137283
6.77254963
6.14705849
6.57843161
4.16666651
7.35882425
5.73921537
3.86862803
2.57254934
1.96666682
1.81176496
1.87647069
2.86274576
12.33529568
12.71372890
14.87450981
12.85294247
8.55294132
6.14902020
5.44117689
6.46078444
4.37647057
6.53333330
5.80392122
4.12941170
2.45882416
1.84901965
1.68235350
2.01372576
2.98431420
11.00980377
11.94706059
13.89804173
11.40980434
7.92941284
5.47058821
5.52745152
6.00000048
4.13137245
6.12941170
5.91764832
4.39411736
2.05098081
1.32745111
1.43725502
2.02941179
2.89607835
10.33725548
11.15098000
12.09215546
10.55098057
7.42156982
4.93333340
5.41764736
5.49999952
3.87647057
6.28039312
5.81176519
4.65098095
2.16274548
1.26666689
1.45686293
2.03725529
2.86470604
10.27451134
10.25686264
10.42156887
10.32156944
7.10980415
5.08235312
5.04313803
5.54313755
3.48823547
6.46862745
5.93529558
4.95686293
2.66470599
1.60196090
1.48039246
2.32549047
2.97254896
10.32941055
9.35294247
9.61176300
9.47843075
7.09411764
5.50784302
4.58823633
5.51372576
3.36274529
6.22549009
6.28039265
5.07843208
2.86078453
1.86862767
1.45686328
2.49607849
3.09411812
10.32745075
9.58627319
9.69608021
9.22156906
7.28431368
5.56078434
4.09607887
4.69019604
3.01176476
5.54901981
6.44509792
4.90196180
2.70784307
2.24902010
1.48039258
2.36470628
3.23333311
10.01764679
9.84313488
9.68235493
8.74705887
7.03921556
5.01372623
3.60000062
4.86862803
2.75098062
4.89803886
6.56470585
4.51372623
2.25490236
2.58235312
1.56862772
2.26274514
3.42352986
9.42352962
9.56078529
10.07254982
7.99803972
6.44901991
4.61372566
3.32941246
5.18431425
2.98627472
4.37647104
6.75294161
4.58235359
1.80980432
2.43725514
1.70784342
2.37058830
3.35882354
8.17843151
9.55294228
9.74705696
7.74901962
6.32941198
4.45686293
3.09019613
4.98823643
3.30392218
4.19215727
6.53921604
4.44117641
1.57843161
2.26470566
2.16666698
2.38627481
3.29803944
6.97843122
9.84902096
9.51764774
7.58039188
6.46274614
4.27254868
3.09803963
4.57451010
3.04117680
4.16078472
6.31176472
4.24313831
1.17254925
2.45098042
2.47450972
2.31568646
3.34313774
6.59804010
9.69215870
9.42745113
7.94901943
6.32745028
4.22745180
2.86274529
5.02156878
2.70000052
4.04509830
5.67254925
4.09019613
0.89215714
2.50588274
2.65490222
2.50000048
3.30588293
6.80392265
9.34902096
8.93921661
8.65098000
6.11960793
4.34901905
2.70784330
5.89215803
2.68039203
3.83921599
4.57843065
3.89215732
1.21764743
2.48039246
2.49803948
3.00000048
3.04705906
6.90196037
8.96470737
8.75882530
8.48431396
5.76274490
4.03529406
3.04705977
5.76274490
2.58235288
3.79803944
4.02941179
3.93725514
1.60196102
2.66470623
2.07451010
3.46862769
3.00196099
6.80980349
8.27058792
9.02745056
8.15490341
5.26470709
3.66078448
3.17451024
4.87451029
2.56666708
4.13529444
4.01568699
4.25686312
1.81176496
2.62549019
2.06862807
3.68627477
3.28627467
6.62745047
7.73333406
9.45686340
7.90980530
5.20196152
3.62548995
3.21372557
3.62745118
2.54902029
4.27647161
4.14705896
4.52941132
2.50980401
2.23137307
2.27647066
3.94117665
3.54313755
6.26666737
7.39999962
9.76666641
7.98431396
5.25098085
3.84313679
2.89019632
3.04313731
2.31960821
3.87058902
4.49803925
4.32941198
3.27843189
1.84509850
2.56666684
4.09411764
3.50000024
6.23333454
6.66274548
9.63725567
8.13529396
5.38039303
3.78235316
2.34117675
2.70784354
2.43529439
4.19607878
4.69411802
3.61960793
4.10784292
1.79215705
2.67254901
3.47450995
3.52941227
6.15686369
5.95098114
8.94313812
8.27058792
4.98039341
3.35882354
1.95686305
2.42549038
2.26274538
4.33137321
4.94509840
3.47058892
4.34902000
2.60000038
2.72549129
2.75098085
3.56078434
6.09215641
5.75490236
8.01764870
8.16862869
4.53333378
2.93725467
2.04902005
2.39803958
1.99607873
4.11176491
4.60784388
4.85294056
4.14117670
3.75294137
2.99803972
3.00588274
3.78823566
6.13137245
5.78235340
7.53725481
7.62745142
4.00392151
2.79803920
2.37843156
2.67451000
2.08627462
4.26274490
4.03921556
5.98431396
3.94509816
4.42353010
3.21764708
3.11960888
3.73333383
5.91568613
5.55686283
7.31568623
6.75882387
3.40588236
2.64901948
2.39411807
2.58235335
2.08431411
4.18039274
3.86470628
6.64509821
4.00392199
4.49215698
3.28823519
3.00000048
3.54509807
5.78627586
5.24705935
6.69607878
6.07647085
3.68627501
2.46862817
2.13725495
2.31176519
1.98627484
3.75882411
3.39607859
6.52156973
4.13529348
4.48039293
3.34705949
3.57647085
3.83725500
5.73921585
5.35294199
6.29411840
5.68039227
3.85098100
2.66078424
2.13137269
2.25490236
2.24313760
3.40784311
3.38235307
6.02745199
3.78039241
4.42745113
3.25882363
3.92745185
3.93529415
5.35882473
5.34117651
6.21176434
5.13137293
4.02156878
2.73529458
2.23137307
2.18039227
2.38235378
3.30784297
3.97254968
5.12941217
3.34901953
4.33529425
3.68039250
4.17843199
4.43725491
5.14902020
5.43529272
6.12745094
5.31960821
4.04509783
2.75686312
2.29803944
2.10392213
2.41568661
3.35686350
4.28627491
4.49804020
3.13921595
3.90980387
3.87254930
4.62941170
4.94705963
5.07058811
5.75490189
6.26470613
5.60980368
4.06470633
2.51372600
1.93921590
1.90588260
2.28627467
3.36078477
4.18235350
4.20980406
2.77254939
3.61568618
3.88431406
5.73333311
5.69019651
5.15882444
5.64117670
6.35098028
5.65490294
4.18039227
2.24313784
1.77647066
1.62352979
2.21764731
3.29999995
3.94705915
3.89411783
2.37843156
3.48823547
4.09411764
6.01960707
6.02745199
5.01176453
5.27843285
5.78039169
5.81568575
4.09019613
2.20784354
1.99019635
1.61764717
2.33137274
3.61372614
3.45294166
3.82156873
2.17254925
3.42352939
4.26862764
5.28235340
5.56078339
4.71176481
5.35490227
5.11372566
5.68235302
3.90196109
2.28627491
1.98627496
1.67647064
2.45882392
4.13725519
2.82941198
3.84313774
1.98039234
3.45686340
4.27647066
4.90980434
4.99411821
4.86666727
5.45686245
4.96078396
5.35098124
3.87254930
2.28823566
1.99019635
1.55686271
2.50196099
4.33333349
2.54117680
3.65882444
1.91372573
3.25686288
4.29411745
4.75882339
4.63137341
4.90000010
5.16274500
5.31568670
5.14509821
3.58235335
2.15490222
2.05098033
1.46470594
2.32352972
4.27450991
2.67058849
2.94902039
2.00588274
3.12549019
4.40784311
4.77450943
4.39215708
4.47647095
5.22352982
5.41176414
4.63725471
3.35686302
2.12156892
1.91372561
1.58823574
1.78235316
3.56666684
2.83333349
2.77058816
2.24901986
3.10392165
4.44117689
4.86666632
4.25490236
4.27450991
5.28039265
5.34509754
4.39803886
2.80000043
2.09411812
1.68039238
1.64313745
1.76078439
3.03921580
3.05294108
2.57843161
2.20000005
3.22156882
4.56862736
5.02549076
4.31764793
4.11960793
5.18431377
5.49607849
4.12156916
2.66666698
1.98823559
1.58627462
1.65686285
1.80196095
3.54705977
3.18823552
2.48823571
2.14705920
3.22941208
4.40392208
5.19215679
4.44509840
3.86470580
4.81764793
5.97058821
4.08039236
2.69215679
1.77254939
1.63333356
1.68627489
1.77254951
3.78823566
2.72352982
2.43529439
2.31176472
3.35098100
4.29411793
5.32156849
4.29803896
3.81764770
4.34902000
6.17647171
4.34705925
2.41960835
1.69607866
1.63529420
1.62352967
1.93529427
3.31372595
2.34313726
2.30588245
2.22549057
3.44705915
4.41960812
5.28823471
4.14705896
3.86666727
4.09607887
5.90980434
4.34705925
2.29607868
1.72549033
1.61764741
1.50196123
2.11960840
3.35882401
2.57450986
2.10000038
2.03725505
3.26274538
4.29803991
4.83725595
4.08235312
3.74901986
4.07451057
5.64901972
4.25490284
2.22352982
1.71372592
1.66666710
1.46274519
2.29803967
3.84313774
2.60392213
1.97647107
2.17647099
3.32745099
4.16862774
4.26666784
3.97843170
3.53333330
4.28431416
5.06862688
3.99411774
2.23529434
1.65490210
1.71960819
1.36078465
2.00980401
3.93137288
2.62745118
1.67058873
2.45686269
3.09411812
4.08431387
4.02549028
4.05686331
3.36078453
3.86274552
4.51176500
3.50196123
2.30784345
1.57647085
1.78823555
1.43725514
1.92156899
3.12941194
3.09607911
1.64117670
2.58431411
3.01176500
4.22549009
3.76078486
4.35882425
3.50784349
3.46274519
4.06470680
3.39019632
2.30196071
1.90784371
1.78235316
1.38823557
2.13725495
2.70980453
3.52745152
1.46274519
2.35882378
2.85294127
3.75490212
3.77254868
4.10196066
4.37450981
3.54117656
4.10980368
3.48823524
2.37451077
1.90588248
1.30588257
1.62549055
2.10980415
2.76666689
3.63921618
1.31568635
1.74117672
2.75882363
3.60196090
4.05686283
4.09215689
5.06666708
3.72156882
4.24117613
3.40392208
2.58823538
1.87450993
1.28823555
1.97451031
1.92549038
3.41568637
3.40392208
1.32352972
1.56274533
2.75686288
3.31568646
3.95882368
4.26862764
5.29803944
3.54902029
3.95490241
3.41372561
2.57843184
1.74117672
1.87647069
2.26666689
1.37843168
3.62549043
2.99803972
1.35686278
1.65490234
2.72156882
2.76470661
3.58039260
4.00000048
5.40588093
3.61960816
3.58823538
3.34902024
2.15294123
1.32941198
2.02549028
2.60392165
1.56862760
2.85686326
2.79803967
1.52745128
1.57450998
2.81764674
2.83529449
3.57451010
3.92352915
5.25686264
4.14901972
3.47647095
3.00784326
1.75686300
1.50196123
1.72745132
2.61372542
1.94901979
2.49607849
2.86666703
1.82156885
1.76274538
3.05686283
2.97647142
3.88823533
4.11176491
5.24901915
4.06078386
3.14902043
2.58235312
1.91764724
1.74705899
1.07843149
1.76078475
1.59019649
2.53921580
2.80588245
2.17843175
1.93529427
2.98039198
3.32352948
4.18235350
4.20000029
5.04313755
3.71372628
2.79803920
2.61176515
1.98627472
1.56078446
0.80196089
1.15686309
1.78627491
2.12745094
2.67058825
2.18235326
2.07647085
2.59411788
3.81568646
4.51764727
3.92156911
5.18823528
3.52745128
3.00588298
2.53921604
2.11568666
1.50000060
0.72745109
0.99607861
2.40588284
2.03921580
2.41764760
2.28039265
2.01764750
2.40392184
4.51372576
4.75686407
3.50980377
5.53333330
3.33137250
3.48235321
2.75686312
1.92941213
1.48431385
1.24509823
1.16666675
2.11176491
2.16862774
2.11372614
2.23137259
1.97058856
2.50000000
5.16274595
4.62745142
3.68431377
5.52941132
3.29215670
3.28823590
2.83529425
1.85098064
1.24117684
1.69803953
1.09019625
1.90980434
2.13333344
1.91176486
2.17058849
2.19607878
2.57058883
5.61568689
4.71764660
3.86078382
5.66470575
3.25294161
2.91176462
2.61176515
1.99411786
1.02352965
2.04313755
1.08235323
1.84509838
2.20196128
1.86078465
1.92745137
2.36862779
2.46470594
5.80000019
4.75686359
4.01372576
5.71176577
3.00196099
3.01372576
2.55098104
1.83137286
1.06078458
2.66666746
1.05490208
1.83137286
2.13333368
1.83333361
1.55490232
2.08431387
2.34313726
5.77451086
4.59019613
3.88627505
5.04509830
2.98039222
3.28039312
2.46078467
1.63333368
1.14509821
3.02745080
0.87058842
1.53921580
1.77647078
1.82549071
1.69019651
1.69803953
2.27843142
5.70000029
4.73333311
4.48627472
4.50196075
3.26470661
3.34509850
2.54509830
1.67647076
1.17647064
3.29215693
1.02941203
1.43333352
1.60196114
1.74117696
2.13725543
1.57843173
2.52549052
5.81372499
4.98823500
4.67451000
4.49607849
3.50784302
3.34313774
2.80588245
1.76666701
1.51764727
3.32941175
1.39803982
1.48823571
1.74313748
1.93921566
2.05098081
1.66470611
2.70196080
5.99607944
5.33137178
4.60980463
4.03921652
3.70392179
3.37647104
2.83529449
1.82352984
1.40784359
3.00000048
1.60000038
1.70000017
1.73137283
2.12352967
1.64509833
1.57058847
2.52941179
5.91568708
5.44313765
5.05686331
4.23137283
3.77451062
3.23725510
2.82941198
1.64705920
1.32549047
2.91764760
2.06078458
1.90196121
2.04509830
2.11176491
1.59607852
1.50196111
2.66274524
5.35098124
5.14901972
5.01372528
4.36078453
3.70392251
2.87058806
2.71960759
1.44509828
1.56078470
3.28431416
2.62745166
1.84509826
2.09411788
2.10588241
1.60588264
1.58235323
2.44117665
4.70784426
4.41960859
4.50196123
3.92941213
3.35490251
2.64509821
2.71960807
1.54705930
1.75098085
3.34313774
3.05490208
1.61372566
1.98823571
1.77451015
1.35490239
1.56470609
1.92745101
4.37058783
3.96274543
4.42549086
3.80392194
3.14313745
2.62745070
2.82353020
1.65686297
1.64902008
3.04705906
3.67058873
1.51568651
2.25098085
1.43137300
1.49215722
1.55882382
2.02745128
3.83529449
3.83137274
4.53137207
3.69019580
3.26274538
2.60784292
2.59411788
1.47254932
1.18431389
2.95882368
4.07058859
1.61372542
2.10000062
1.77058864
1.80392206
1.68823552
2.07647061
3.09019613
3.37058854
4.56470585
3.32549047
3.16078448
2.77254915
2.52941227
1.67254925
1.33529425
2.90392184
4.32352972
1.89411783
2.26862764
1.66470623
1.72156882
1.72941220
2.29803944
2.83725524
3.28823590
4.47254944
3.53137279
3.23333359
2.93921566
2.50588250
1.83529460
1.49411786
2.70392179
5.19607878
1.74117661
2.03529477
1.44901991
1.65490210
1.74313736
2.26078486
2.83529425
2.88039207
4.12156820
3.53725529
3.29607868
2.87647104
2.30784321
1.44313765
1.63529456
2.62352920
5.57843113
1.93529439
2.38823581
1.34705913
1.75882387
1.62352967
2.38627481
2.77254939
2.88823557
4.05882406
3.41960859
3.12745094
2.65294147
2.09215736
1.26470602
1.62941182
2.25098038
5.55882406
2.47843146
2.23725557
1.47058833
1.86666703
1.82549059
2.80392170
3.29803920
2.73725510
3.96078420
3.44509840
2.99019623
2.71372557
2.19019628
1.36862779
1.48823571
2.35490203
5.35882330
2.93333364
2.27647066
1.64313757
1.77843165
2.00000024
3.26078463
3.36078525
2.66274524
3.60000038
3.50588202
3.13921618
2.99607873
2.44705915
1.26274514
1.22745121
1.95686305
5.01176548
3.17451072
2.53333378
1.71568644
1.56274533
1.98235297
3.34117675
2.89804006
3.11372590
3.49803925
3.44117641
3.21568680
2.88627505
2.38235283
1.32549059
1.19019639
1.61372578
4.73921633
3.29411817
2.06666708
1.82745147
1.36862767
2.09019637
2.99215698
2.96274495
3.27647090
3.54313803
3.34117723
2.98431349
2.51176500
2.07254910
1.49215710
1.34117663
1.62941217
4.41764736
3.34509826
1.99019635
1.94901967
1.21568656
2.06470609
2.60196114
2.95490217
3.08039284
3.35098076
3.66666698
2.83725476
2.72745109
1.96078479
1.57058871
1.25686288
1.69215715
3.99019647
3.33529449
1.97058845
1.78823555
1.34705901
2.05490232
2.66862774
2.81960821
2.91764712
3.31176567
3.65882349
2.59607911
2.62156868
2.06862783
1.41764724
1.19411778
1.61568666
3.78823566
3.85098076
1.75882399
1.67254937
1.55686295
2.08431387
2.64705873
2.60392213
3.22941184
3.76274490
3.39019656
2.74509811
2.56274557
2.29019642
1.36078477
1.16078448
1.50588262
3.49999976
4.58039284
2.01568651
2.06862783
1.63137281
1.50000024
2.53529406
2.58627486
3.50980425
3.77058840
3.49019670
2.85098100
2.57843113
2.41960788
1.61568642
1.24509835
1.49215698
3.24117708
5.03921604
2.33921576
2.22156882
1.72941220
1.24509823
2.17254925
2.65686321
3.48823571
3.96470666
3.72745109
2.88627434
2.55686307
2.38431406
1.92352962
1.31176496
1.61764741
3.04313731
4.88823557
2.68627453
2.14313769
1.81764734
1.33529425
2.17451000
2.55882359
3.34313798
4.32353020
3.74901986
3.02352953
2.51372576
2.36862803
1.95098066
1.30784333
1.64705908
2.91568637
4.44705915
2.88627481
2.11176491
1.55098057
1.19411802
2.32745147
2.45882416
3.28039241
4.15490198
3.64705920
2.88431406
2.52352929
2.40392232
1.85686314
1.50980425
1.42352951
2.69215679
4.20000029
2.81176472
1.92941189
1.31568658
1.40196109
2.10784340
2.52352953
3.15882397
3.98823547
3.35490251
2.78235316
2.59607863
2.39411807
1.85686278
1.85490203
1.12549031
2.38627458
4.20588255
2.86666679
1.73137283
1.42745149
1.83333337
1.98627448
2.63529444
2.94313812
4.02353001
3.27843165
2.57254958
2.50392175
2.19019675
1.70196116
1.79215705
1.09019637
2.43137288
4.43333340
2.84901977
1.77647090
1.37254918
1.98627496
1.81764698
2.74509788
2.97843146
3.83333373
3.27843165
2.76078486
2.44705915
2.12941241
1.63137281
1.51764727
1.52352965
2.34705925
4.07843113
2.61568642
1.69803941
1.41764736
1.98039246
2.09215689
2.56666684
3.19411802
3.73725510
3.41372538
2.96862721
2.79019618
2.18039227
1.42745125
1.42549062
1.44313765
1.96470606
4.01764727
2.96470594
1.69803941
1.67058849
1.76078463
2.02549052
2.50980401
2.95098090
3.58039212
3.28431392
2.80000067
2.82745099
2.08627486
1.36666715
1.57451022
0.94313741
1.99803972
3.92745113
3.40392137
1.62745118
1.74117672
1.67843163
1.90588284
2.63725567
2.79215717
3.53333354
3.29215717
2.75294137
2.55686283
2.12549019
2.09019637
1.56274569
1.10588264
2.31764746
3.81960821
3.33137274
1.60392165
1.66274524
1.82941222
2.10196090
2.82156897
2.71960807
2.84117651
3.41568661
2.79411793
2.47254920
2.02156878
1.99411798
1.29803956
1.49019647
2.38235307
3.76470637
3.32941222
1.84313762
1.79803967
1.88235307
2.27254915
2.96078420
2.54313755
2.39019632
3.18823552
2.63529444
2.48431396
2.49607873
1.74117672
1.14509833
1.36470628
2.33725524
3.58627462
3.62156916
2.09803963
1.89019668
1.81372583
2.26862788
2.93137264
2.66078472
2.84509850
3.10000038
2.66862822
2.67058849
2.43725538
1.60784376
1.22941208
1.35882390
2.17254901
3.54705930
3.80784321
2.07843137
1.72745132
1.86470604
2.33333397
2.79411793
2.86274552
2.95098066
2.98235321
2.56862807
2.58039284
2.23137307
1.88431406
1.37647092
1.54313767
2.43725514
3.43921566
3.61568642
2.03529453
1.63137293
1.69411802
2.28431392
2.78627467
2.54117680
2.68823552
2.86666751
2.60196114
2.35686278
2.09607840
2.30392146
1.27647066
1.62549078
1.95686316
3.19019628
3.28235316
2.08627486
1.85490227
1.63137269
1.86274517
2.48235321
2.63137245
2.85098076
2.96470642
2.67450976
2.51568627
1.95294118
2.19019628
1.41176498
1.43333352
1.52549040
2.77843165
2.94313788
1.93921602
1.80196106
1.78431404
1.70392179
2.79215717
2.46470642
3.00784326
3.20784330
2.70392179
2.82941246
2.22352958
2.04509830
1.57843161
1.39411807
1.79411805
2.47451019
2.81960797
1.76274538
1.40588272
2.11764717
1.65686297
2.90000010
2.51764750
2.98823571
2.97058821
2.80000019
2.71960783
2.38823557
2.15490222
1.44117665
1.38039243
1.99803948
2.54901981
2.81176448
1.89607871
1.23921585
2.22549057
1.87058866
2.48039246
2.61764741
2.85294127
2.73725510
2.92745161
2.47647047
2.25098085
2.18431377
1.32745147
1.37843156
1.76666701
2.43725514
2.91568661
2.16470599
1.45686305
2.00588250
2.11764741
2.12549067
2.62549043
2.80980444
2.97058797
2.85294151
2.46862793
2.30588269
2.23333335
1.44705915
1.59607863
1.68431413
2.12941194
3.11372566
2.13529444
1.74313748
1.79215705
2.10196114
2.09215713
2.73921561
3.02745104
3.00196099
2.58627486
2.55098057
2.27843165
2.16078496
1.56078458
1.69019628
1.64901984
2.34705901
3.35294127
1.83725536
1.82745147
1.78431404
2.21764731
2.41764760
2.67450976
3.30980444
3.28823543
2.77058840
2.56862760
2.04117680
1.84901989
1.80196118
1.52156889
1.56470633
2.30784321
3.02156878
1.89411795
1.63725519
1.81764722
2.03137279
2.21960807
2.61176467
3.40784359
3.46862745
2.95686316
2.24117684
2.14901996
1.90784335
1.97843158
1.45882380
1.55490208
2.33529425
2.70588231
2.11960793
1.62745142
1.65686309
2.09803963
2.25294161
2.71176505
3.81372595
3.15294123
3.21176553
2.27843189
2.25882363
1.98039234
1.71372581
1.51372564
1.18235302
2.28235364
2.43921590
2.30392218
1.79019642
1.80392182
2.13137293
2.48235297
3.08627486
4.03921556
2.92745066
2.86862755
2.40980411
2.11568666
2.00392175
1.87254941
1.75098073
1.53529429
2.37647104
2.40392184
2.32941198
1.79607868
2.10784340
2.14117670
2.75490236
3.08823514
3.87843156
3.00196099
2.52156854
2.35490179
1.87451017
1.95686293
2.03529429
1.86470616
1.72549069
2.22941208
2.41372585
2.28627467
1.56862795
2.28235364
2.14509845
2.77254891
2.90588331
3.54705930
3.17058873
2.68431425
2.55490279
1.91372573
2.01764750
1.97254896
1.65490222
1.87254906
2.03529453
2.26274538
2.16470599
1.47451007
2.36470628
2.17254925
2.53137302
2.81176519
3.23137283
3.19607902
2.73921633
2.69607830
2.13921618
2.11764765
2.16274548
1.63921607
1.79411805
2.03921604
2.19411778
2.10784340
1.58235335
2.32549024
2.16666698
2.36274552
2.57058835
3.20000052
2.86862755
2.67254949
2.36666679
2.30980444
2.12941217
2.02352953
1.87058842
1.79019642
1.87254906
2.20784330
2.17451024
1.59803927
2.17058849
2.12549043
2.39411831
2.48823547
3.34117699
3.19019651
2.72549057
2.53333378
2.12156916
1.97058833
1.97843194
1.71176517
1.81960821
1.75686276
1.87254953
2.09215689
1.64117658
2.13921618
2.15294147
2.40196085
2.72745109
3.42156863
3.59803939
2.98039198
2.58235288
2.14509869
1.88235319
1.78039241
1.66274524
1.85490215
1.62941206
1.61764729
2.16666675
1.63529432
2.21176505
2.54117680
2.42352962
2.88039255
3.12352967
3.50000048
2.98823571
2.60980415
2.41960812
1.90196097
1.48235333
1.91372573
1.87647116
1.78823543
1.58823538
2.14705920
1.56862760
2.15490222
2.65098047
2.70000029
2.92745161
3.20000076
3.19607878
2.96470618
2.66666698
2.54117680
2.00980425
1.75098073
1.93921602
1.90196109
1.80588257
2.04313755
1.99215710
1.87647104
2.15882397
2.27450991
2.58627462
2.89019656
3.26078439
3.19803953
3.15686345
2.72745109
2.66078448
2.01960826
1.54509842
1.73725522
1.99411786
1.51764739
2.23725486
2.14509821
2.06666708
2.25882363
1.99215710
2.30000019
2.98431444
3.32352948
3.11960793
3.21568632
2.69215703
2.60000086
1.90588248
1.53137279
1.53529441
2.07058907
1.63921607
2.21764731
2.19803953
1.98823559
2.19215727
2.23921585
2.34509802
2.99215698
3.41960812
2.94313741
3.14705920
2.55098033
2.24509811
1.89803946
1.71568656
1.49019635
2.04705882
1.81176507
2.34509826
1.87647080
2.15882373
2.03137279
2.45882344
2.40588307
2.94117689
3.36862755
2.98627472
3.24705887
2.37451029
2.21176505
1.97450984
1.98235309
1.85686302
1.97451007
1.55686283
2.25098062
1.93137276
2.33333349
2.01960826
2.34117675
2.51764750
3.02745128
3.48235345
3.20000052
2.92549062
2.58627462
2.19019628
2.10196114
1.98235333
2.07647061
2.13529420
1.50392187
1.91764724
2.18823552
2.41176486
2.17451024
2.19215751
2.56470609
2.84705949
3.31176496
3.25882339
2.47058892
2.80784345
2.20588279
2.16470623
1.63333356
1.87843168
2.10784340
1.57647109
1.76078463
2.00196099
2.24313784
2.64313793
2.36470628
2.43529415
2.83529425
3.16862822
3.29019666
2.66666722
2.78627467
2.24509835
2.24313760
1.67843139
1.72156870
2.00980425
1.78431439
1.85490203
2.26078463
2.11764717
2.52941203
2.57843137
2.24902010
3.23333335
3.14509797
3.48823571
2.88823509
2.58823562
2.45294118
2.26078463
1.83137286
2.06862760
1.95882380
1.97843182
2.05490232
2.11176515
2.15490222
1.88627481
2.45490241
2.49215674
3.11764717
3.20980382
3.50980425
3.02352953
2.51372600
2.80000019
2.22352982
1.96470618
1.89411807
1.96470630
2.10392189
2.14509797
1.94705892
2.32156897
1.66666698
2.29411817
3.01372552
2.76078439
3.02549052
3.38823533
2.96078444
2.59215713
2.86274576
2.20588255
2.02549052
1.74509835
1.99215698
2.11764741
2.26078463
2.02941227
2.46078491
1.92549050
2.16666722
3.17647076
2.99411774
3.19215751
3.35294127
2.72352982
2.67058825
2.70196080
2.23529434
1.88431382
1.56274533
2.01960802
2.11764765
2.29411769
1.80392194
2.21960807
2.15294147
2.18627453
2.91568661
2.94705939
3.52156854
3.11372614
3.07647061
2.70000029
2.56274533
2.29803944
1.95490241
1.80980432
2.13137269
2.15098095
2.15294147
1.81372571
1.79019618
2.22941208
2.68039227
2.70588303
2.47254968
3.20196128
3.50392246
3.18235302
2.23137283
2.39019632
2.28039241
1.88235343
1.69607854
2.26862788
1.86274552
2.08431411
2.10588264
1.98039269
2.25490212
2.56078482
2.50000000
2.49411798
3.24509835
3.42745137
2.96078444
2.49019647
2.39999986
2.26274514
1.51176512
1.93921590
2.23137307
1.82745123
1.93529439
2.33921576
1.97254920
2.07843184
2.33921576
2.47255015
2.67451000
3.19803905
3.35098052
2.70000005
2.71960807
2.38627505
2.32352972
1.56078458
1.78823531
2.02745128
1.93137300
2.05490208
2.33529425
1.65490222
2.13333392
2.49607873
2.08627510
2.85490274
3.36274552
3.25490212
2.58431363
2.89411807
2.32745147
2.37058854
1.73725510
1.81176496
1.90588272
2.31372595
1.90000045
1.86078453
1.71372581
2.24901986
2.30392170
1.86470604
2.93725514
3.39607859
3.31960821
2.90980387
2.63921595
2.31568623
2.22352982
1.88823533
1.94901979
1.95098066
2.71176481
1.81176484
1.75686276
1.53529429
2.18431377
2.27843165
1.76666689
2.97058821
3.19019651
3.48627520
3.10000014
2.44901967
2.37254930
1.98823559
2.09019637
1.84509826
1.89803934
2.70196104
2.00000048
2.03529453
1.86666691
2.29607868
2.48235297
1.76666689
2.96862793
3.16666722
3.42352962
3.01960802
2.58431387
2.45882344
1.85490239
1.98627460
1.75686324
1.85686278
2.42745113
1.94509840
1.90196109
2.03725505
2.59803939
2.30784345
1.90000033
2.87451005
3.19019651
3.17647076
3.26666689
2.46666718
2.50784373
1.87451005
1.90588260
1.59803939
1.92941225
2.25098038
1.84117663
1.77451026
1.89607871
2.78431416
2.38627481
1.78431404
2.73921609
2.98431420
2.72745132
3.24901986
2.68627453
2.35882425
2.09411788
1.88627458
1.59607875
2.09411788
1.97647083
1.80784321
1.71960831
1.51176488
2.59215689
2.00196075
2.11176467
2.74117661
2.76666737
2.76666665
2.97451019
2.85882449
2.44313741
2.24313736
1.90392208
1.80392170
2.00392175
1.82549059
2.01372576
1.92156935
1.51372576
2.66862798
1.82549047
2.43529463
2.82745123
2.69803953
3.16470623
3.02549052
2.70784330
2.31960845
2.31960821
2.05882382
1.92745125
1.94313753
1.85686314
1.96470630
1.80000043
1.91568637
2.57058859
2.25686288
2.33333349
2.82745147
2.86666703
2.78039265
3.18627548
2.57254982
2.11176491
2.02549052
2.00980425
1.84313738
1.95098054
1.74901986
2.03137302
1.58039236
1.97058833
2.22549057
2.09803939
2.17254949
2.51764727
2.99803948
2.55490184
3.23333383
2.56274557
2.10980415
1.99215722
2.13529444
1.87450981
2.06666684
1.87450993
2.05490232
1.66470599
1.86274529
1.92941201
2.04117680
2.05686307
2.33137298
2.92941213
3.03529429
2.90000033
2.48235321
2.23137283
2.17843151
2.35882401
2.12352991
2.25098085
2.18823552
2.11960816
1.74117672
2.02745152
1.97254932
2.28627491
2.04902005
2.65490246
3.02745080
3.03137302
2.47450995
2.71176505
2.25882387
2.14705920
2.20784330
2.20784330
2.27058840
2.14705920
2.34901953
1.85490239
1.96666682
2.10196114
2.00980425
2.30392170
2.94313836
3.05686331
2.85294127
2.56666708
3.28823519
2.19411755
2.25686312
2.11372566
1.99803960
2.10980439
2.04901958
2.32352972
2.10980463
1.81568646
2.10000038
2.21960831
2.40000010
2.77450991
2.85294151
3.14313722
2.76862812
3.31372547
2.40980411
2.50980401
1.96274555
2.26862788
1.72352970
1.97843158
2.40392184
2.16470599
1.94902003
2.03333378
2.24705935
2.18627501
2.50196099
2.82549024
2.92941236
2.63725519
2.76862764
2.36274552
2.59019613
2.23725510
1.86862755
1.61372578
2.13529444
2.20588255
1.94705892
2.06078434
2.10000038
2.33725500
2.10980392
2.53725553
3.07451034
2.88431358
2.77647066
2.54705930
2.24509811
1.98431396
2.25294113
1.85490227
1.89019632
2.11960793
1.88431418
2.05882382
2.01960802
1.71764719
2.09803915
2.57647061
2.73725486
3.00980449
3.14705920
3.12941217
2.55882359
2.49411774
1.88431406
2.27647114
1.70980382
2.19411826
1.68627477
1.77058852
2.07058859
1.73725522
1.98039222
2.05294132
2.90980411
2.67647099
2.86274529
3.29803944
3.07647061
2.42745137
2.58431411
1.80196095
2.16862774
1.51764727
2.00588274
1.51764750
1.82549036
2.05294156
1.85294139
2.37451005
2.22549033
2.66470599
2.37647033
2.98431420
3.16862774
2.50196075
2.47254968
2.40980387
1.39019644
2.00392175
1.71568680
1.76666701
1.62549055
1.62745106
2.05882382
1.96666670
2.31372571
2.35098052
2.27647066
2.39607882
3.10980415
3.01372576
2.20392203
2.58823562
2.47647071
1.70392203
2.14313745
1.72745132
1.85882366
1.52549052
1.39019620
1.89215720
1.82941186
2.42352939
2.40000010
2.11960816
2.53529429
3.01372576
2.96862841
2.36470580
2.47058821
2.48823547
2.25294137
2.20588279
1.57843161
2.03137302
1.59607863
1.36666679
1.89411807
1.97647095
2.41176486
2.19215727
2.45098066
2.47254920
2.93529439
