15.33137321
19.10588455
20.32745361
18.78039360
18.13529396
17.51961136
18.08235168
21.21765137
21.03137398
18.63137436
17.86666489
20.59412003
20.14313889
19.01961136
20.31764984
20.70392609
21.57450485
20.42744827
19.72352600
0.14901961
14.97451019
16.66666794
16.80392265
15.96470642
15.42941380
14.05490589
15.50588703
17.94509888
19.04902458
17.04509926
16.10980415
20.23137283
20.87450981
18.79607964
19.56666946
18.74313927
18.13921547
16.71961021
18.06470871
0.40784314
15.52156925
15.47843361
15.28235435
14.89215660
14.61961174
12.94117928
15.05490303
14.98627663
16.19215965
16.56078339
14.94509983
17.43529320
18.91568756
16.84705925
17.00980568
16.39215851
15.48039246
15.85686302
17.42941666
0.87843150
16.16862679
15.43137550
15.27647209
15.11372471
15.12941170
13.87647057
15.08431625
14.77255058
17.05882645
16.06470490
14.57254982
15.15882492
15.70784283
15.28431320
14.91568851
15.20980358
14.78235435
15.48235607
17.48823547
0.93137264
15.86862850
15.73921394
15.40392303
15.85686207
15.76863098
14.70000076
14.79608154
15.28235340
17.24509811
16.03333473
15.01764870
14.57451153
14.91961002
15.00196171
14.67647266
14.73333359
15.40980434
15.99215889
17.04902077
0.85882366
15.90588570
15.83725262
15.38235474
17.00392342
17.07646942
15.61960983
15.23333263
16.62352943
15.53725529
16.68627548
15.42157078
14.53725433
14.85686493
14.51764774
14.35686302
14.16470623
15.86078644
16.59607697
18.16274261
1.28823674
16.40392303
15.88823414
16.13137436
17.93921471
17.61176491
16.22353363
15.63529491
18.33137321
14.76078606
16.15882111
14.96666908
14.69999886
14.83333302
14.25686359
15.57058811
14.35098171
15.24510098
17.20391846
19.10980415
1.76078594
17.37450981
16.94118118
16.99411774
17.65097809
17.12548828
16.46470642
16.15882492
19.50196266
14.20784378
15.59019852
14.71176529
15.74706078
14.68627453
14.68039513
17.30784416
15.36470890
14.82353401
18.07647133
20.72941208
1.80784464
17.67451096
17.65490150
17.10392380
17.96078491
17.68823814
17.51764679
16.17255020
20.35490227
15.16666889
16.04902077
15.19019699
15.80196095
14.62549210
14.93725300
17.57059097
16.29019737
15.00588417
18.36666870
21.10980415
1.87647223
18.20980644
17.60783958
17.00784302
18.86078453
17.54509926
19.11568451
16.91372681
19.12156868
20.41960526
19.71764755
17.28431511
15.88823605
15.26470566
16.33333397
16.71568680
18.44313812
17.61176109
19.89608002
20.20392036
2.55490065
18.72157097
16.89803886
16.92941475
18.01764679
17.58039093
21.58039284
20.37255287
18.67058945
26.85098076
23.77843094
19.40980148
15.95686340
15.56666756
17.73921585
16.10784340
20.46862793
20.60391998
20.80392456
20.17647171
3.26470447
19.77451324
17.36470413
16.76078606
18.02744865
18.99607849
23.76078796
26.12157249
22.38823318
30.34118652
24.71960449
21.27255249
18.79804039
16.96078300
18.44117546
16.46470451
21.71961212
21.67451096
20.01568985
20.02353096
3.44117475
20.01568794
18.54313660
16.87843323
19.51176834
20.99608040
24.74705696
29.38431549
25.35686684
29.03922081
24.59608078
22.55685425
19.83137703
18.33137703
18.54313660
17.77843285
21.69804001
22.49608231
19.34705544
20.23529625
3.52156711
19.66863060
18.84901810
18.96666718
22.03725624
24.10000992
25.73137283
29.93138504
26.78627396
28.11373138
26.84902573
26.65294075
21.53333473
19.80392075
22.00392151
19.60196304
23.26470375
23.18823051
20.94901466
20.58431625
3.98823380
19.00196075
18.57058716
20.35293961
25.13529587
25.73725128
26.77647018
27.72156906
26.45098686
25.69019699
25.77059174
27.64313889
22.95490456
21.12156868
25.64706230
21.11372757
24.98431587
23.78234863
21.73137665
20.74313736
4.39607716
18.63529205
18.08627510
20.01960945
26.26667023
24.94901848
25.06274796
21.18235016
21.78431320
17.61372375
22.70000648
23.55686188
23.73921967
23.15098190
26.95882416
23.50195694
24.53725815
22.40588760
21.17058945
19.05490112
4.36666536
18.36862946
17.15098190
20.03725624
22.91568565
19.26274681
19.49607849
16.27058983
16.82941055
14.09608078
20.28431320
19.82548714
24.43529510
23.75490952
26.41568756
23.85882187
23.56470299
22.25882339
21.61177254
16.90196419
4.44509697
17.92548943
15.20196152
20.54314041
17.58039474
14.54117870
13.37058830
13.06666756
12.15294170
12.16666889
18.92353249
19.55294228
24.97646904
22.79216385
22.03921509
21.65882492
25.21764565
23.30784607
22.44510269
14.99607849
4.74313641
18.00588226
14.34313869
20.94706154
17.10392189
15.61764622
13.20000076
12.76470757
10.31176567
11.46666718
17.76274681
22.19215393
23.18432045
20.32548714
16.11176491
21.31764603
27.30196190
23.69019890
21.84901810
15.16274834
4.91764593
17.97842979
13.82549191
21.20587921
19.02549171
21.32353210
14.48235130
13.39803982
9.82745266
11.17058945
15.57254982
25.39999962
18.30000114
17.19019699
12.54706097
21.88627625
28.57842827
23.83529282
20.98431396
14.87059021
4.72156715
17.72549057
14.39412117
20.19804192
21.46274567
24.82157135
15.00784492
13.68627644
8.64313793
10.52353001
12.68431568
26.27059174
12.41176319
14.06862831
11.88823700
22.44901848
27.60196114
21.22353363
16.95294189
14.97254753
4.69411707
17.46274376
15.05882263
19.41372108
21.67254639
25.53920746
16.18235397
11.99411774
7.82941103
10.18235397
12.07843208
23.36274719
9.84509850
13.97843361
12.55490208
22.51568985
23.20980263
14.83921528
13.42941093
15.80588436
5.13137197
17.14901733
14.32549095
17.35490417
20.62353516
25.84510231
21.25098610
10.07451153
7.51568604
9.55490208
14.41764736
17.70196152
8.76470661
14.26666737
12.67058849
21.47058868
16.19019699
10.96666718
11.60784531
16.94902039
5.65882397
15.94902039
14.17843437
15.50784397
19.55098343
25.10196304
25.53333473
10.90392208
8.20980453
8.91372585
18.72353172
14.04510021
8.68235302
14.03921509
13.04902077
17.91176605
13.40588284
10.21176720
11.04706001
17.02352905
5.85490084
14.82549191
14.27842999
14.73529243
17.84117699
23.05293655
27.92549133
15.54313660
10.81176567
8.36470509
20.68431282
12.91176510
13.13725376
15.37255192
14.67647171
14.90392113
11.57254982
9.79215717
11.05294228
16.38039398
5.05490112
14.47843361
14.89215851
16.25882149
17.24117661
20.88235092
27.76470566
17.61960793
13.92353058
8.70196056
18.97058868
16.21764755
20.23921967
16.96471024
16.20588303
12.87451077
11.10980225
10.06078434
10.67254829
14.76666641
4.67254782
14.90196228
16.59803772
17.76078796
18.04902077
19.91176605
25.99411774
19.02548981
14.62156963
13.25490284
18.59411812
18.46078300
23.32941055
19.27843285
17.27058792
10.96274567
10.62744999
10.45098114
11.46470737
13.28039265
4.25686169
14.33137226
17.95686150
17.69803619
17.75686455
19.21176529
22.44314003
21.58235359
14.82745075
18.91568756
18.22157097
18.67843056
23.13921547
20.86862755
16.40980530
11.50392246
10.87058830
10.68823433
11.80196190
13.43137360
4.52745008
13.50000000
19.25294495
17.57451248
17.92745209
17.30980682
20.54705811
25.39411545
17.76274681
20.37059021
19.00588608
16.61568642
19.35882378
19.40392494
13.63333321
12.07647038
11.85686398
10.96470642
10.85686398
13.83529472
4.54509687
12.77451038
18.81176567
18.46862984
17.75882912
17.96470833
19.42156982
26.00587463
21.32941437
19.42548943
19.19608307
14.53725433
15.27451229
17.04117775
11.96470737
11.96862793
12.65294266
11.38431358
11.62744999
13.44314003
4.75490093
11.67058945
17.83529663
18.10784340
17.47451210
18.72941399
19.21960831
23.03726196
22.96666718
19.58627510
19.20391846
11.84706020
11.15882397
12.47058773
11.62156868
11.47843266
12.47058964
12.46274662
13.00392056
13.74902344
4.71764612
11.69019699
18.10588837
17.76274490
17.50784302
18.84313965
20.63529587
20.21372604
21.15098000
20.50588608
17.93921471
10.31372929
10.40980816
11.14117813
11.88039303
11.01764774
11.83529282
12.41960907
12.37451172
12.94902229
4.96666574
11.80196190
18.47254944
18.07059097
17.72745323
19.20980453
22.90196037
18.28431320
19.18431282
20.89803314
16.03137398
9.06078434
10.50784206
10.52745056
11.56862831
10.87059021
11.42548943
12.39608002
12.80392170
12.80588245
4.73725367
12.71176434
18.75098038
19.08039474
18.85490036
20.29804039
23.09411812
18.70587921
20.07058525
20.26274109
14.27451229
7.47254944
10.05882549
10.33725357
11.82549095
14.63725471
11.54705811
12.72156906
13.57647133
12.83529377
5.29999876
13.38235569
18.71176720
20.23921776
19.40392113
20.32352829
22.84706116
19.61764526
20.72744751
20.50392342
12.79607773
6.78039217
10.06862831
9.60196209
12.08039284
16.28039360
12.00392056
14.41961002
14.38627815
13.11372375
5.13725471
14.23725700
18.28823471
20.17254829
19.64901543
18.50979996
22.54314041
20.53529167
21.34313965
20.79411507
11.23137283
7.75882292
9.01176643
9.04509926
10.74313831
17.25686264
12.69411850
16.90784454
14.68431568
13.30000114
5.14313650
14.83137226
18.26863098
20.88627434
20.56078720
15.63333511
20.69216156
21.48039818
21.14313698
20.86666298
9.04509735
14.58823586
8.40392208
8.51764774
9.97059059
15.75098038
13.47647190
17.80980301
15.30980587
12.25098228
4.82745075
15.19804001
17.73137474
20.22941208
19.95294189
14.08235264
18.45686150
21.84705925
20.11765289
20.76470566
9.80392075
22.13529587
9.50980473
8.27843189
9.60000229
14.42745018
13.39608002
17.55882454
15.28627491
11.88627625
5.46470547
14.92353058
16.66078377
17.70980453
16.52156830
13.11372662
16.81764793
21.94509697
18.50392151
21.23921776
14.69019604
26.45098305
12.03725529
8.30588245
10.51764774
14.74313831
13.52157211
18.09411621
14.20392323
12.47058964
5.59607744
14.96470737
15.03529453
14.68627644
13.33725929
12.53725433
15.82157135
21.18039513
17.92353249
21.15686226
19.13137436
27.13529587
15.38627243
7.73529530
11.30784416
13.08235264
13.30588531
18.92156792
13.87843227
11.69019604
5.84313679
14.08039284
12.89215755
11.71568680
11.41764641
11.83333302
14.77843380
19.35098076
18.33333397
20.82548904
23.77647018
25.58431244
19.23725128
7.20784426
10.74313736
12.11372566
11.48627663
19.30784225
14.15490341
11.13921738
5.71960735
13.12157059
11.46666622
10.94705868
10.05097961
11.46470833
14.18431473
19.35294151
18.76274872
19.96862984
24.99215889
22.25098419
21.59215927
7.97451067
10.71764755
12.05686188
10.63333321
18.93921661
15.21372890
9.88039112
5.79019594
11.71176338
9.77843189
10.52353001
9.52156925
10.36862850
13.07451057
19.18235207
19.04901886
18.75882149
23.33333397
16.10784149
24.02745247
15.51960945
11.91764832
12.16470623
14.18039227
17.68235397
16.24902153
9.54509830
5.29019594
11.28823757
8.68431473
10.32353020
9.94117832
10.04313755
12.42353058
18.63921547
18.46470451
18.20588112
21.25882721
11.92745209
24.02352524
23.48628044
11.55490112
12.32156944
17.54901886
15.26862907
15.05098152
9.21764851
5.17450953
10.10392189
8.50392246
10.03333473
10.37647247
10.37059021
10.94509888
18.43725395
15.98431301
17.51765060
18.83725357
11.08235264
21.39607430
25.15097618
10.14313793
12.99607658
22.49411964
11.27254868
14.16862774
8.91960907
5.08039141
9.71176624
8.89411831
10.18039322
10.41764641
10.35882473
10.38431454
17.43137360
14.19804096
16.78235435
17.14313698
11.98039246
18.36666870
22.13333130
9.64313889
13.81960869
23.52353096
9.83921719
12.11372566
9.06274605
5.78627348
9.42549229
8.99607944
10.37647057
10.17255020
10.88627529
9.77451229
14.89215660
12.52353287
15.52353191
15.60588360
12.75490379
14.11372662
17.75882530
9.82941246
15.97450924
21.47647285
9.03529453
11.51961136
9.04510117
6.05882359
9.46862888
8.67843151
10.07843304
10.24117851
11.79804039
9.39804077
13.06274605
11.90588379
14.74902153
16.01568604
13.49019718
11.96078396
15.51176357
10.72157097
16.33529472
19.67843056
8.90196037
12.22157097
9.48039436
5.35686207
9.98823547
8.78235340
9.92745209
10.16666794
14.13137436
9.96666718
11.81960869
12.69215584
14.01568604
16.79019737
14.61176682
11.20392227
13.19411850
11.59607792
17.24901772
16.45098114
9.28627586
10.78627300
9.98823738
5.09804010
9.82353115
8.77254868
9.37450886
10.06274605
16.59019661
11.05686378
11.61960793
13.59215641
14.27843189
17.13921738
14.62353230
11.21372795
12.57843304
11.64313889
16.20784378
13.83529663
9.12352943
10.17843246
10.57255173
4.61960793
8.12352943
8.67843151
9.37254906
9.87058830
18.08235550
12.51961040
11.19215775
15.28627586
14.90392113
17.86078835
13.77058887
11.17646980
13.30588341
10.95098114
18.76078415
17.11960793
8.48431396
9.77058887
10.71961021
4.63137293
7.97058725
8.26862717
9.86666584
9.81176472
18.14117813
12.87843227
10.93921661
15.88235474
15.99019718
17.86274719
12.52941418
11.09607887
12.21764660
10.00000000
19.07058907
17.07843399
8.04117680
8.31176472
9.96078396
5.69803810
8.08235264
7.51176500
9.84706020
9.40392208
16.59019661
12.62353134
10.96078491
14.99607849
16.95098114
17.62745476
11.81568623
11.63333511
10.32156754
9.54509830
18.27058792
16.32352829
8.34313774
7.65294170
8.10980415
6.40588093
7.51960802
6.90588284
9.83529663
8.95686245
14.23725510
12.01960945
11.27058887
13.92353058
16.82353020
18.09607697
10.98431301
12.22549343
9.90588284
9.35490322
13.39215851
11.78627300
8.15490246
6.96666574
6.88823605
6.39607811
7.07451010
6.62941122
9.95686626
9.00784302
11.61372757
11.71372700
11.62548923
13.34705925
15.53921700
18.68431473
10.67058849
13.19411945
9.77843094
9.29804039
13.61568737
12.51960945
8.79019642
6.62549114
6.32549047
5.63725519
6.79607821
6.56078482
9.45098209
9.04901981
10.06470585
11.13921642
13.21764660
13.39411736
14.28823853
19.00392532
11.59999943
13.47647285
10.11568546
9.49019623
13.35098362
11.95098209
7.87254953
6.42549086
6.40392113
5.77450991
6.29803896
7.15294218
8.88431358
8.42745209
9.11764717
11.33921528
15.65882397
13.82353115
13.20980453
18.70588684
12.43333626
12.92941093
10.69999886
9.78431320
13.57058716
11.96078491
6.96274471
6.18431377
6.84509754
5.86666679
5.99607897
7.41960764
8.61176491
8.05882359
8.93725395
11.81176472
17.81568527
14.73921776
12.68627357
18.89999962
12.50000095
13.99019623
10.56274509
10.76078510
13.38627625
11.80784416
6.51176453
6.06666708
6.75294209
6.20196009
5.16274548
7.57058907
7.97647238
8.34509945
9.33725739
12.11764717
18.01372337
15.38235474
13.00980663
19.56470490
14.32156849
13.58039284
10.47647285
11.66666698
12.49608040
11.29215813
6.60980415
5.37254953
6.57254839
7.34901905
5.52941132
7.58039236
7.40980482
8.21764755
9.07254982
11.58431530
18.04313469
14.86862946
13.50196075
18.85686493
18.06274796
13.28823566
10.82745075
11.16862869
12.12549400
10.62941360
6.74117661
5.67254925
6.26274490
8.99411678
6.38235331
7.35490322
7.33921623
8.15490341
9.88627529
10.88627529
17.01568794
14.73725700
14.34705830
17.10784531
18.48627663
12.47451115
11.40588379
11.19019699
11.48823547
10.98823547
6.22353029
6.12548971
5.54117632
9.00000095
6.49215555
7.46470547
7.21764755
8.28431416
10.41764832
10.62549210
15.43137360
14.03333378
14.88431358
15.18627739
18.28627777
11.70392227
11.61176586
11.86078644
10.65686417
9.38627625
5.81568575
5.97647047
4.66274500
8.01176453
6.77255058
8.19215679
7.43529463
8.61568642
10.03725433
10.39216042
14.87255001
13.46078777
15.64902115
14.18431473
17.72353172
11.30392456
11.68039322
11.61568642
9.80784225
9.57450867
5.95294142
5.76470613
4.56078434
8.13137341
7.12353134
8.72352982
8.49019718
9.79216003
10.24313641
10.40784359
14.62549114
13.49607754
16.21568489
13.73333168
17.38431168
12.19411659
11.93921852
11.47647190
9.60000134
8.99608135
6.00980520
5.06470633
3.28823543
8.65294075
8.55686283
9.19019508
8.32941341
9.53725624
10.02745342
10.02745247
13.39216042
14.26078606
16.41568947
12.92352867
17.38235283
13.49411678
12.23333359
11.24509811
9.91764641
8.34313869
5.85098028
4.96274424
3.25294209
8.85294247
10.08431530
8.85294247
8.53137207
9.18431473
9.47254944
10.19215584
11.97058868
16.45490074
16.83529472
12.91372585
16.57058907
14.47451019
12.97451305
11.37843323
9.78431416
7.59019661
6.08627558
4.75490141
2.86274505
8.32156944
10.74313736
9.18039131
8.69019699
9.22352982
9.36274529
11.01176739
11.49803925
17.88823318
16.65294266
14.23529339
15.57451248
15.75686359
13.23921680
11.19999886
9.07058811
7.83333349
5.93529606
4.29607868
2.49803948
8.58627510
11.86470699
9.48235512
8.17843151
9.17647171
9.07058907
11.22941113
11.00784302
19.31373024
16.82941246
15.75490093
14.35686398
16.23137474
13.07647228
11.75294209
8.07451057
7.49215698
5.72941160
4.01960802
2.84117651
8.10588455
12.59804249
10.77058887
7.43529510
9.33529663
9.33529377
11.75294304
10.90980434
19.55882263
18.45882225
16.55490112
14.03529453
15.90784359
12.62745094
12.37647152
7.56470633
7.27451038
5.33725452
3.91372585
2.81176448
7.54901981
14.33725452
12.08431625
6.87843180
9.23333454
10.51764774
12.58039379
10.39803886
18.37646866
18.17058945
15.81960678
13.39215851
14.55294132
12.93137455
12.80980301
7.30784225
6.00196075
5.66666698
4.22745180
2.51568651
8.11764812
15.07058907
14.04313946
6.69411802
8.50784492
11.28039265
13.59804058
9.99019718
16.21372795
15.54313755
15.47646999
13.45490170
14.27254868
13.39608002
13.86078358
6.99607849
5.90392160
5.97647095
4.68627453
2.67451024
9.12352943
14.40980244
14.92745209
7.11176491
8.34901905
11.61764717
14.00980568
10.36862850
14.11764812
12.97058868
16.02548981
12.95686340
14.86078548
13.95686436
14.70392132
6.74117708
7.21176529
6.39804029
4.56666708
2.50784349
9.02157021
13.12941265
14.69411755
7.74117756
7.68431425
11.84509754
13.29019642
10.68431377
13.40980530
11.92352962
17.12941360
12.84902096
15.90588379
13.62941360
14.82156849
6.48627615
7.38039207
6.28431416
3.82549047
2.59215713
8.72745228
12.20196247
15.17058849
8.24313736
7.48431444
10.69411850
12.49215889
11.03529549
13.86274624
11.51176643
17.61960793
12.68627548
17.13529396
14.00784302
15.52549076
6.37647104
7.58823586
6.30980301
4.13333321
2.44901991
8.70784378
12.40196228
15.21764851
8.72941208
7.64902067
10.11764812
12.00196362
10.68235302
14.28431511
11.92157173
16.97647095
12.45294094
16.76274681
15.03725719
15.01568604
6.53921604
6.99411869
6.00000048
4.05294132
2.51372552
8.53137398
12.42156982
14.91568470
8.95098019
7.16862869
9.91568756
10.80980396
10.20784473
14.31568813
13.36666584
16.11960602
12.65294361
15.55882263
15.78627300
14.33921623
6.14313745
6.57647085
5.56274509
3.86862803
2.19803977
9.20784378
12.31176472
14.52744961
9.54509830
7.02156925
9.29607868
9.74509716
9.95490265
14.09411907
14.79019642
16.09607887
12.75882435
15.23725700
15.95686340
13.95097923
6.55490208
7.72941256
5.68039131
3.97647095
2.05098081
8.92352867
11.61764908
13.65490341
10.24901962
7.10196161
8.57451057
9.15294266
10.04705906
13.85686207
16.06274605
16.61176491
12.63725567
16.27255058
15.82745361
14.09215832
6.64902020
8.12352943
6.26862812
3.99607873
1.74509823
8.55490303
10.74901867
12.41372681
11.30980492
7.43529415
8.75686359
9.20392132
9.82156944
13.45686150
17.71372795
17.31960869
12.85882473
18.18431473
15.26666641
14.53137112
6.38235283
8.00392246
6.30392122
3.83921576
1.88823569
7.98823547
10.26078415
11.50784492
12.79804039
7.63725662
9.66666698
9.21764946
10.24509811
12.97451115
19.14509583
17.73529625
13.09803867
19.25490761
14.82941151
14.02745438
6.44313812
8.00000095
5.83333302
3.78235364
1.88039267
7.13529491
11.38039207
11.03333378
13.92745018
7.69215631
10.91960907
9.27255058
10.65686321
12.29019642
18.31372643
16.61960793
12.99019814
19.58823586
14.83725452
13.71176434
6.71764755
8.61568832
5.84117699
4.15882349
2.37451005
6.90000105
11.53333282
9.95686436
13.89608002
8.50784397
13.73333549
9.00196075
10.98235321
10.30392075
16.73137283
13.93137360
14.55098152
20.62941551
16.35098457
14.87255001
6.75686264
9.43725586
5.69019604
4.35882425
2.67451024
6.29607916
11.46274471
9.64902020
12.68431377
11.10588360
14.88039303
9.42352962
11.08235264
9.24509907
15.46470642
13.08431244
17.75294304
20.56078529
19.36274529
14.58823872
6.56666756
9.30980492
5.23529434
4.32745075
2.37647080
5.49607849
12.40588188
10.24705887
11.04117680
12.46666908
14.75882626
10.32745266
11.13921642
8.69804001
13.23137379
13.73725510
18.30980492
19.15489578
22.37843132
14.56666565
6.44509983
7.71764660
5.34313726
4.15294170
2.08627486
10.09999943
12.84313774
11.66078568
10.00588417
12.01764774
14.38234997
9.80196190
10.29999924
8.70588303
12.13529301
14.03529549
17.60588455
18.11372757
22.27058983
14.37843323
6.22549009
6.49411678
5.60588264
3.98431396
1.58823538
10.60980415
13.21372509
12.99608135
8.80588150
11.07451057
13.97647285
10.18431282
10.10196018
8.80980587
12.11372662
14.15686417
16.54902077
17.62941170
21.16666412
15.29215527
5.81764841
5.61176491
5.91568708
4.10588217
1.16274536
17.39215660
13.10392284
13.38627625
8.50392151
9.93921757
13.78823662
10.32353020
10.34509754
8.91960812
13.23725605
13.93529510
16.56274605
16.43333626
20.94313431
14.92549515
5.62941170
5.44509888
5.54901981
3.82156849
8.07254982
11.17451096
12.12941360
13.68823528
8.25098133
9.61176586
13.10392189
10.16666794
10.52745247
10.26274490
13.93921661
13.76470852
16.98823738
14.89412022
21.33529091
14.53137589
5.37058783
5.50392103
5.33137274
7.94705915
11.94313812
4.24705935
11.85294247
14.02352905
8.44313812
9.62549114
11.85490227
10.58627415
9.59215641
11.95882416
14.53529453
13.60000134
16.35098267
14.08823681
20.94313622
14.98823452
4.90980434
5.59019613
5.84117699
13.76470757
4.96078634
4.08431435
11.88431358
15.01176357
9.10588360
10.34313869
11.61568642
10.50392246
9.04705715
13.48039246
15.76862812
14.04313755
15.67646980
13.63333321
20.22941208
15.40196037
4.71372652
5.19607878
10.99411774
9.20588303
1.39215708
4.04313755
11.91961002
15.82157040
9.89607620
11.35098076
11.81961060
10.05098152
8.53529644
13.99411964
15.75098038
14.50196266
16.36862755
13.78431416
20.07058716
15.08235359
4.83137274
8.77254963
14.15294266
3.45686293
1.59215701
3.88627505
12.04509926
15.66862965
10.64705849
12.91960812
11.40392494
9.24509907
8.89019585
14.03725529
14.56862831
14.92353153
17.33725357
15.06666470
19.76863098
14.25098038
4.85686302
15.50980091
8.55294037
3.89803934
1.47058845
4.01372623
11.87450886
15.03529358
11.24117661
15.27255058
12.95293903
8.29215717
9.09999943
14.07843494
14.76862812
14.84706020
17.47058868
15.56470776
19.24314117
13.21372509
10.71568680
12.02745247
5.90196133
3.82352924
1.14901972
4.08823586
11.75686264
13.68627357
11.40784264
16.19019699
15.42157173
8.25098038
8.90392208
13.57843208
14.46863079
14.55098152
17.51176453
16.73725700
17.50196266
21.56470299
13.39411545
6.03725576
5.71176481
3.99019623
1.18235326
4.30784369
11.71764755
14.14509869
10.34313679
15.92745209
16.12549210
8.84902000
8.76274586
12.55882359
14.55490494
14.94313526
17.18823433
18.20784569
15.79803848
21.87646866
7.50000095
5.58627462
5.39215708
3.87451053
1.09215713
2.62156892
11.27058983
14.22156811
10.08627415
16.67451096
17.25294495
8.86274433
8.22353077
11.21372604
14.52157116
15.58235550
16.45686340
18.62941551
13.80980587
17.89019966
4.12745190
5.48431444
4.82156944
3.45097995
1.13137281
2.57450962
10.59019661
14.04901886
11.03137207
17.59411812
21.02549362
8.75098324
7.88823557
9.48431492
14.42941284
15.14509773
15.59999943
18.20980263
12.75882435
11.85098267
3.73725486
5.51960802
4.87450981
3.35686302
1.85294139
2.82549047
9.84313869
13.40784454
11.42745113
17.40588379
23.98823929
9.97059059
9.10000038
9.63529396
14.68431473
14.94117737
15.52353096
18.10980415
14.32941055
11.50000000
3.71176505
5.30196190
5.18627501
3.42353034
1.73725522
2.85882354
9.41960716
13.30980492
12.95882511
16.40000153
24.53725624
14.70000362
11.41372681
11.93333340
15.25098133
14.33333588
16.13529587
17.59804344
15.00980377
11.83529854
4.02549076
5.13333368
4.96666718
3.04313779
1.59803939
2.65686274
8.86862659
12.04901886
14.35293961
14.58431530
24.10588455
18.17059326
13.12549019
12.73725700
14.89019871
13.01764679
16.47843170
16.91176605
15.48627567
12.41568851
3.79803967
4.93725538
5.29803944
3.28431368
1.29411793
2.66862774
8.85882473
11.48235226
15.14117718
12.66078377
23.26470757
21.92549133
14.91764736
12.24705982
13.08235264
12.69804192
16.02941322
16.22549248
15.87058735
12.80784416
3.67058849
5.78235388
5.51176548
3.64117646
1.32745123
3.00392199
8.81568718
11.33921432
14.80980492
11.83921528
22.04706001
23.51568413
17.15882683
11.41764736
11.64902020
13.29411888
16.38823700
17.83725357
14.05294228
12.87058926
3.91568708
6.51960802
5.00588274
3.71764779
1.48039246
3.01176524
8.40196228
10.74705696
14.15882301
11.64902210
21.70196152
22.18235588
19.03921318
10.55098248
11.84117794
13.44706059
17.86666679
20.41176414
14.38823605
12.51960659
3.84509850
6.98039341
5.00588274
4.27058887
1.36862767
2.74509835
8.87058735
10.53725433
13.24117661
12.63725471
20.78627586
20.12941360
19.13137436
10.13333511
12.67255020
13.67646885
18.88823700
21.91176605
14.19215870
12.29019642
3.94901919
5.55098009
5.23725462
4.65490294
1.45098066
2.65294123
9.48039150
10.87450886
12.46470737
14.51764584
17.86274529
17.80980301
18.16862679
11.59411907
14.85294151
14.71568489
19.50196266
22.95098114
14.62353039
10.77450943
3.56470561
4.32549000
5.82549143
4.96274567
1.36862767
2.45490241
10.39607906
11.48627472
12.35686302
15.35490322
14.30588245
17.00196075
18.41960907
15.81568718
16.56666756
15.32744980
19.75490379
23.38235474
14.72157383
10.70196247
3.20588279
4.40392160
5.72745085
4.57843161
1.24509823
2.76470613
11.05098057
11.57451153
12.60980511
15.54902267
11.93921661
16.44313812
19.61568642
21.49411774
17.51568985
15.78823662
19.34901810
23.06470490
15.89019680
10.97843456
2.98627448
5.71568727
5.92941189
4.35294104
1.13137281
2.96862745
12.24705887
11.60980511
13.38039112
15.10000038
11.98431587
16.27451134
21.91568756
23.53137398
18.41961098
16.29411888
17.43529320
22.39411736
17.43921852
11.31764889
3.76862764
6.28235292
5.39607906
4.97647095
1.34705901
3.38431430
12.52745247
12.14510059
14.05294037
14.72549152
12.34901905
16.19412041
23.40392113
21.73529243
19.48823547
17.28235245
14.66078568
21.97450829
19.69607925
10.51764679
4.44313765
6.59411764
5.07843161
6.30588293
1.81568670
3.68627453
12.28235245
13.44705868
14.29216003
14.70588303
12.77843380
17.09412003
22.41176414
18.32353020
19.70196342
17.34705734
13.51372719
20.94902039
20.35686684
9.89019775
4.22156906
5.49607849
4.54117680
7.43333387
2.01960802
4.18627501
12.09607792
14.51176453
14.54901886
16.72549248
13.98627758
17.99608421
20.72549248
15.47450829
19.02549171
16.70588112
12.97843075
19.55882645
20.26667023
10.30588245
4.13725471
5.12941170
4.93921614
8.23725605
3.11176538
4.76470613
12.07058811
14.15098190
14.97254944
18.56274605
16.87254906
17.59607506
18.58627701
13.64705849
17.90784073
16.74510002
12.93137264
18.79804039
21.22156906
10.21764755
4.40980482
5.64509821
6.22941160
8.86470604
3.61764741
4.36470604
12.45490265
14.28627586
15.70784283
18.99803925
20.01960373
16.05882645
16.28823662
11.58235359
16.41764832
16.17647171
13.16470909
16.73137283
22.23529625
9.65490341
4.10196066
5.21176577
6.62941217
8.66470623
3.45686316
3.67843175
12.10784435
14.21960831
16.14118004
19.04706001
20.33137131
14.76470757
14.80000114
10.28039169
14.78039360
16.11960983
13.43333626
15.10392189
23.99804497
10.17058945
3.96470618
5.53137302
7.23921728
8.96274662
3.64509845
3.58235264
11.95882320
14.18235493
17.42353249
19.11568451
19.37646866
14.55490303
13.00588322
8.91176414
12.68627548
17.20000076
14.02353096
14.68431568
25.42745590
10.80784607
4.44313717
5.60980368
8.14705944
10.76862717
3.87254953
3.62156844
11.54901886
15.52157021
17.86274910
18.30392075
18.70980263
13.98235130
11.14706230
8.44902039
11.43529606
17.81568909
14.37058926
13.82156944
24.39019775
11.39999962
4.68823528
5.92352915
8.73137283
11.39607906
4.45882416
3.59607840
10.54902267
17.00980759
17.86274529
16.85294151
19.16078377
13.59803963
9.06666756
8.50784397
10.57255077
16.26666641
12.83333206
12.79411793
22.73725891
12.88431168
4.83921576
7.89019585
9.24313736
11.70196342
4.95098114
4.13725471
10.35490131
17.53529549
17.29215622
15.75882244
18.52941132
13.33137321
8.79019737
8.84117794
11.16274548
15.42745495
11.42353153
12.52549076
21.97254562
14.17451000
5.13921595
7.70392275
9.48039341
11.41176510
5.08039284
3.85686302
9.91568565
17.31176758
16.53921700
15.72745323
17.93921852
13.02156830
8.22941113
9.29803848
12.39019871
14.21176815
10.69411755
12.91960907
22.32156754
14.69019985
5.55490208
7.98823500
10.17843246
11.05882645
5.02941227
3.51568723
9.51176453
16.14902306
15.63529587
16.49411964
17.59804153
12.96078682
8.05686378
9.25686550
13.50392056
13.53921700
10.28235245
12.99607849
22.26862907
15.60196018
6.42548990
8.48627663
10.21764755
10.42549229
4.74901915
3.67450953
8.74117661
14.54313755
15.30980682
17.86862564
17.26666641
13.44902325
8.60196209
8.55098057
14.51176357
13.54117680
9.82745075
12.95294189
20.89804077
16.49607658
6.41568661
9.37843132
10.55882359
10.01764679
4.54117727
4.64313745
8.40392208
13.28039265
14.90000248
18.64313698
17.44510078
13.39215660
9.40784359
8.35686493
14.87843323
13.34902191
11.11372566
13.82352924
19.83137703
16.36470604
5.42549086
9.70784283
10.29607868
9.51764870
4.43333292
5.29607821
7.67647076
12.10392284
14.69607925
19.09019852
17.86666679
13.75490284
9.79215717
8.72941113
15.54705906
13.77647305
13.83333302
15.16862679
18.54705811
15.49411774
5.12353086
9.69411659
10.61372471
9.15490341
4.81568670
5.47058964
7.39019680
11.70588303
15.92353058
19.14902115
17.50196075
14.40196037
9.44705772
8.88823700
15.80196095
15.39019966
16.05294037
15.74314022
17.58627129
13.93725586
6.16862917
9.72156811
10.60980511
8.80588341
5.90588236
5.41568661
6.98431396
11.40196228
17.62549019
17.38627815
16.81372643
16.33529663
9.32353020
8.65098095
15.00588226
17.28235435
18.00588226
16.28431511
17.77647209
12.80980492
7.60392284
19.00587654
9.76078415
8.39215755
6.63333273
6.34705877
6.83529425
11.34901810
17.61960983
16.23137474
16.98235321
18.31372643
9.91960907
9.08431530
14.43137360
18.42744827
18.32745171
16.75882530
18.34313393
11.98235416
7.60784340
19.28038979
9.46078300
9.04509830
6.42156935
6.52941179
7.01372480
11.74705791
16.47255135
15.08039474
17.02549171
19.80588341
11.19411850
9.77451038
14.18627739
18.48627472
19.12549210
17.26862717
18.74117851
11.18431377
7.24902058
19.55489922
9.74901962
9.13921738
6.36078358
6.66666698
7.75098085
11.77843189
15.90588379
14.24510002
17.83529282
20.58431244
12.42353153
9.84313679
13.30784416
17.71764755
20.21372986
18.72745514
18.00196266
11.01176548
8.44117641
11.26470566
9.69019699
8.98235416
6.86666679
7.09607935
8.68039322
10.91764832
16.33921814
13.70195866
17.97058678
20.50980568
12.64313889
11.46666813
12.63529301
17.46862793
20.79803467
20.17451096
17.83529663
11.50588226
11.44901943
13.30980301
9.07647133
9.80392170
10.17058849
7.61960936
8.86666679
10.61960888
16.18039131
13.93725681
17.52156830
19.87843323
12.40588284
14.12156868
14.15882492
17.20195961
21.19607544
21.67058754
18.31176758
11.89803886
13.19803905
16.38823700
8.71764565
10.56078434
12.16666889
8.24706078
8.99411869
10.40980625
16.40784454
13.99608040
16.39608002
19.07843208
13.33529472
16.13333321
16.28235245
16.95097923
21.82353210
22.91764641
18.56863022
12.23529625
13.64117718
18.92548943
8.75294018
11.91960716
13.12549210
9.41176605
9.27843189
10.48235226
16.81961250
13.25882435
15.05294132
17.57647324
13.57646751
16.57254982
17.71764755
15.87450981
22.40980148
23.25294113
18.03725624
13.33725548
12.64902115
18.94117546
9.07451057
12.98235226
12.80784321
9.38235569
10.05882359
10.76078510
15.73725605
11.79999924
13.49411964
15.80588531
13.18431664
17.31176376
18.65097809
14.84706116
22.51764297
22.48431778
17.44902420
13.82353115
11.29019737
18.08235550
9.26666737
13.50588322
12.36274529
9.34901810
10.52941227
11.18235397
13.23921585
10.04706001
13.14706039
13.12157059
12.66862965
17.66274834
18.35882568
14.77451038
22.92156601
21.63529778
15.98039246
13.47058678
10.32745075
15.88431644
8.98039150
12.58823681
12.01568794
9.57646942
11.05686092
11.50784397
12.12941265
11.40392208
13.52941418
12.25686455
12.88235474
17.34509850
16.66274643
15.25098038
22.29215622
21.21372604
14.52745247
13.42941380
9.82745266
14.61960983
8.95490170
11.85686302
11.77058792
9.42745304
12.21176624
11.58627319
11.30784416
12.74117661
14.11960697
12.24313736
14.84705830
17.80588531
14.03137398
14.38823509
19.79608345
20.54117203
13.47647095
13.00588512
9.05686378
12.19804001
9.68627548
11.67451096
11.50000095
8.54509830
12.92548943
11.97451019
11.72157097
12.99215698
14.45293999
12.58823681
16.73529816
19.32941055
12.99019527
13.98235321
17.42549133
19.15490150
13.54510021
12.60000134
8.78431416
11.56078243
10.33921719
11.91372681
11.34510040
8.02941132
13.09607792
12.24509907
11.66470528
13.42353249
14.47843361
12.95882511
17.73137283
20.25098228
13.41960907
14.04510021
15.68235397
16.79215813
14.13725471
11.67647171
9.18235397
11.01372623
10.75098038
12.19019985
12.02941418
7.21568680
12.20000076
12.23529434
11.98235416
14.27647209
14.98431396
13.21961021
17.33921623
19.43529510
14.44509888
13.90588379
15.27843285
14.17843151
14.48823643
11.57843399
9.35294151
10.22548962
10.38823700
12.45098305
12.75490189
6.21960783
12.37058926
12.93137646
12.48039150
14.00392151
15.30392265
13.63725567
15.78431511
18.81764603
17.05098152
14.24901962
14.63921738
13.30588436
14.17451096
11.30392265
10.27058792
9.67647171
9.59019566
11.87254906
13.31176662
5.55294228
12.72745132
14.10784531
12.89803886
14.32156754
15.18627262
14.43333435
14.97450924
19.05686569
21.21764946
16.63333702
14.26274681
13.29607868
12.83921623
11.12157059
10.23725510
9.57450867
9.29804039
11.39019680
13.25098133
5.39999962
12.34117603
14.48627567
13.42745209
15.48823547
15.22549057
15.38431644
15.17647076
19.64705658
22.17843056
20.13921356
16.78431511
13.71960831
11.14902020
11.58627415
9.52941322
9.74117756
8.71960926
11.39803982
12.96862793
5.59411669
11.53333378
14.40784359
14.23137283
15.89215851
15.99019814
15.20392418
14.65882492
19.18431091
21.39999962
21.01764679
18.33921432
14.63137436
10.82353020
11.48039246
8.87843227
9.89607906
8.08627510
11.39804173
13.16666603
5.45686340
11.20980358
14.40980721
14.75294209
16.65294075
17.20195961
13.79215622
13.08235550
18.20784187
20.34117508
21.10784149
16.76862717
14.82941341
10.09412003
10.99607849
8.65098190
9.90392303
8.47451019
11.80196190
13.38039207
4.94313860
10.96862793
13.75490189
15.97058773
17.31568527
17.12157059
12.70784378
12.00392246
16.88431549
19.81372643
20.95490074
15.07451057
15.39019775
9.86274910
10.52941227
8.47646999
9.92745113
8.97843266
12.76862621
13.27450943
4.78235340
10.20196247
13.88627625
17.91568756
19.55294228
17.28823471
13.19019699
10.80980396
15.03725624
18.98039055
19.44314003
15.53137207
16.25882339
9.74901867
10.22941303
8.16862869
9.74901962
9.39999962
13.33725452
13.19607925
4.08431387
9.68431377
13.99803543
17.87843513
20.99803925
17.14117432
15.22353077
10.70588112
13.27843380
18.52352715
18.08627892
16.94902039
16.39411926
10.64510059
10.70588207
7.70588255
9.10784340
9.36078358
13.34706020
13.14117908
4.11960793
9.62353039
14.03137589
16.88627625
20.67646980
17.08823586
17.21960831
10.00392151
12.66862679
18.95882225
17.38627625
17.61960602
16.22157097
12.79411888
11.44117832
7.31568623
8.75882339
9.56078625
12.14510059
13.24705982
3.71568608
9.55882454
13.85882282
15.83333397
19.16078568
16.66470909
17.39608002
9.94313622
12.84117889
19.48431206
16.75882530
16.77843285
16.51176453
14.56274605
12.28039265
7.52548981
8.18039322
9.09019661
11.88039207
12.77255154
3.29607868
10.44117641
13.48431301
15.10980606
18.61960983
15.97647381
16.76666641
10.33921719
12.90196133
18.94902420
15.65294266
15.61765003
16.33529472
16.33137131
12.89411545
8.31176567
7.64705944
9.35098076
11.91764641
11.43529510
3.37254906
11.94705963
12.50196266
14.09215832
18.84901810
14.65686321
15.21764946
10.30784512
12.34117699
17.65294266
15.36862850
15.39608002
15.54510212
16.96470833
13.82745171
8.47647095
7.96666718
9.65489960
11.77058601
10.06862831
3.57647061
12.48235130
12.58431435
13.19607925
17.93333244
15.66274548
14.30392170
10.34902096
11.60784531
16.62745094
15.16862869
16.05490303
15.09215927
16.81764793
15.45686436
7.85098076
8.17255020
10.53725624
11.50196075
9.06862736
4.33921623
13.69607925
12.71960735
13.05490303
16.84705734
17.95686150
15.25882530
10.64902020
11.83529282
15.64705944
14.40000057
16.56666756
15.39215851
16.50196266
16.28235435
7.93725538
8.86470604
10.85294056
11.81372643
9.32941341
4.50980377
14.16666889
13.36274529
12.50196171
15.74509907
21.08039284
16.08627319
10.23333359
13.24902058
15.60980511
12.89803886
18.67843246
15.92745209
16.81568527
15.98627663
8.16078472
9.49608040
11.03333092
12.68235397
9.75686264
4.50784302
13.85098076
13.64705944
12.23333359
14.28627682
20.78627396
15.39215660
10.62157154
14.69215965
15.77647114
12.05686188
20.98823547
16.14901924
16.78823471
14.87255001
8.58823586
9.70392323
10.67451096
13.13333416
10.01960659
4.91960669
13.66078472
14.22745228
12.20196056
13.00000095
18.70196152
14.21372700
11.53333569
15.27647018
16.46078491
13.16078186
22.64117813
17.85098076
16.41568756
14.29803944
8.75294209
10.18235397
10.33921623
14.19411945
10.83333397
5.56666613
13.76274490
14.31372738
12.25882244
12.09019566
16.70392418
12.77451134
10.56666851
15.82941151
17.13333511
14.04117775
22.01176643
18.88235664
16.12157059
14.69411755
8.94509792
9.99411774
10.09803867
14.52549171
10.97451019
5.64117765
13.46078491
14.22352791
12.23137188
11.54313660
15.07058811
11.51764679
9.65686512
15.29215717
16.90392303
15.36078548
20.97843170
19.39019775
16.16274643
14.99411774
9.36470509
10.12549019
10.18235397
15.47058773
10.36274529
5.67647171
13.40196514
14.00588226
12.60980606
12.48235416
15.31176853
11.57254696
9.94313812
15.28039074
16.56666946
17.04509735
21.04706192
18.91372681
16.78627396
15.03137207
9.77058983
9.95294189
10.48431396
15.82549095
9.81960678
5.80196047
13.78431511
14.05882454
13.55294228
14.61765099
15.80980778
11.76470566
10.68039417
14.65098190
18.46470833
21.24117661
20.21176910
16.87058830
17.55882263
14.92549038
10.25490284
10.45294094
11.76470566
15.49411774
8.80392361
5.43333483
12.92941380
14.02745056
13.75098038
15.62941647
15.62156868
12.00196171
11.19804192
13.71568775
19.55294609
24.34706116
20.29215431
16.17647171
16.92941093
14.61176586
10.99607849
10.60783958
13.73529625
14.32549000
7.84509850
4.16274500
11.91764641
13.34510040
13.31372833
16.44705963
15.75686264
12.13921642
11.51764870
15.31176758
21.63921928
26.05294418
21.38823891
15.19215584
15.81764984
14.06666756
11.83529568
10.67255020
15.94509697
12.43725395
7.14117718
3.36078429
11.54117680
13.13725662
13.86078644
16.77843285
16.20784378
12.13725471
11.98235226
18.91372490
23.52941132
29.17843437
22.96666908
14.57059097
14.86470413
13.18627453
12.22353268
10.83333302
16.69804001
12.09411812
7.20588160
3.25294113
11.35882378
12.98627663
14.58039284
16.08627510
16.29019928
13.00000095
13.58823490
22.08235359
23.65686226
31.87843323
24.47451401
14.81568909
13.97255135
12.39019489
12.42352867
11.55098248
17.04313850
12.96862793
6.69411850
2.88235307
11.31960869
12.58823490
13.95490265
16.08627319
15.98627663
13.87647247
15.69215775
22.70000267
24.37647247
31.28431702
24.80195999
15.68431282
14.39215660
12.03137302
12.60980606
11.92941284
17.07058907
12.38627434
6.29607773
2.67254949
11.69215775
12.21568584
14.03333569
16.04117775
16.07254982
15.10784340
18.74313927
22.63725853
28.19020462
26.67450905
23.41764450
18.40000343
14.05294132
11.60784340
11.90588093
11.77843189
16.37255096
11.24706078
6.86078548
2.60196114
12.22941208
11.69803715
13.80588531
15.54510117
16.01960754
15.16274452
20.64901733
23.24509811
28.71961212
22.20980263
21.61372185
20.67451477
13.79019642
11.52353096
11.35098171
11.24902153
15.85882568
10.45882320
7.58039236
2.78627539
13.05490303
11.30588436
12.89215755
14.54705906
17.09412003
15.60196209
22.15489960
24.99607849
25.17843246
18.91961098
19.14313698
22.93333435
13.73725796
12.20588303
11.79411793
11.70196152
14.98039246
9.39803982
8.53725433
2.67647076
13.35686302
10.98823261
12.14509773
14.56862736
19.10587883
17.55882454
22.67843246
25.31961441
21.21961212
16.72156906
16.75098228
22.91372681
13.45882607
12.49411583
12.98627472
12.05882263
14.13137341
8.49215698
8.56470776
2.84313846
13.62352943
10.18627453
11.68039322
15.28823662
21.23333549
20.36863136
24.26470566
24.04117775
18.39019394
14.25294113
14.44901848
21.70391846
13.59215927
12.70588684
14.37646961
12.31764698
12.88431549
8.49804020
8.33137226
2.74509907
14.11176586
10.50784302
11.24117661
15.84510040
21.98431206
24.07059097
25.47843170
22.46666908
14.63921547
10.97450924
12.91764927
20.58039284
13.40196228
13.14902115
13.77843380
12.59804153
12.01764774
8.65882492
7.48627377
2.70980430
14.49019527
11.65686321
12.92745018
16.89803886
22.74705887
27.72353363
26.25098038
21.36274529
12.32353115
9.57647133
12.35686398
20.41765404
13.89019680
13.30588341
13.29804039
13.07647228
11.41176701
8.44705868
6.84901953
2.80980396
13.69607925
12.82941532
13.54902077
18.54706192
22.81176567
29.32745743
26.70587921
20.60980225
11.69215393
9.50196075
12.55294323
20.98235321
15.30980396
13.35490227
13.17058754
13.21568871
11.87843132
8.08823776
6.53137350
2.49607849
12.85490322
13.07843018
12.95294285
20.41960716
22.80000305
29.07058525
25.26863098
21.65098381
15.18235683
10.87058830
13.26274490
20.44509888
17.01372719
13.95490360
12.89411545
13.23921490
12.50196075
7.66862726
6.81764698
2.28235316
11.44117546
12.83137321
12.16078472
22.07059097
24.58431625
26.91764450
23.35490417
23.97254753
23.90000153
15.82941151
17.87647247
22.06666565
18.66666794
14.36274529
12.31568718
13.84313774
12.70392418
6.88431311
7.36862803
2.47647047
10.11568737
12.08039379
12.40980530
22.68823624
25.46274567
23.10000038
23.30784607
24.90980911
28.16666412
23.07255173
25.82353210
25.64901733
19.64117813
14.09019566
11.83137417
14.41961002
12.35882282
6.34901953
6.98823595
2.38235354
9.18235397
10.74901962
12.69215679
21.62549400
25.86078644
21.32353210
23.86862946
24.28431320
28.15293503
30.32941055
31.76470566
28.18431664
19.78039551
14.04313850
11.99215889
14.50980568
11.23333454
5.84313726
6.60588312
1.66274524
8.07451057
9.57058907
12.96666718
20.06078720
25.48039246
20.72941399
23.91765213
22.11960793
25.72941971
30.55098152
31.90980530
28.16274643
19.56862831
14.13921547
11.99215889
14.24706078
10.86666870
6.19411755
6.71176577
1.58235323
7.43333435
8.41764832
12.93725681
18.44902229
25.44902802
20.06666183
23.56274414
20.53529358
22.87843323
27.43529892
31.30392265
26.95882607
19.43725395
13.78431702
11.60980320
13.47059059
10.94706059
7.19411755
6.73921633
1.30588257
7.62353039
8.39607906
12.80392265
17.30588341
25.44313812
20.35490799
23.01176453
18.49803925
21.38039398
25.64509773
28.82941055
24.74118233
19.55686569
14.00980759
10.45490360
12.70392227
11.26666737
7.85098028
6.68431425
1.25882375
7.85490227
8.87058926
12.64117813
16.34509850
24.18039703
20.54705811
21.80980492
17.58823586
19.62941170
24.30392647
24.11372757
21.41568375
20.36078262
14.64902210
9.36078644
12.29803848
11.49411678
7.95490265
6.70588255
1.40784347
7.69215870
9.62156868
12.80000114
16.58039474
23.91372681
20.33725166
20.20000076
17.84117699
19.10588455
23.66667175
20.38627625
18.49216080
20.37842560
15.32353020
9.46274376
11.67843342
11.20980358
7.85490131
6.90196085
1.69803941
7.29215765
10.00588226
12.83137131
16.38235474
26.09803963
20.71960831
17.10784340
19.27451134
17.89607811
23.85882950
15.97254753
17.36274910
17.20980453
14.81568623
9.16666889
10.73725605
10.47843170
7.45294142
6.87647152
1.97843182
6.97058868
10.77843285
13.56274605
15.83137417
26.16862679
21.12745094
16.02745056
19.79608154
16.28235054
23.71764755
13.75882339
18.24510193
16.23333359
14.27842903
9.10196114
10.07254887
10.12745190
7.10980415
6.60784388
1.79411781
7.30980444
11.82941151
13.57843304
16.68823624
26.23137093
21.36078453
14.75490475
20.63529587
14.88627625
22.33529472
12.07058716
19.38235664
16.56862831
13.99215698
9.44509983
9.20392132
9.88235474
6.89999962
6.70784473
1.71372592
7.89607859
12.21568871
13.21764660
18.38431549
27.22353554
21.83136940
12.61372662
21.21568680
15.58039093
21.64118004
10.85490131
19.12157059
16.71568298
14.49411869
9.53725338
8.83333397
8.94117737
7.16078568
7.27450991
1.54117692
8.11372662
12.16470718
13.35882473
20.04117203
26.65882874
22.77843285
11.61960983
22.00000381
17.85294533
20.68823814
10.84509754
18.55294418
17.19019508
14.67843246
9.56862736
9.19999981
7.70784330
7.68431330
7.47647142
2.01568699
8.43529510
12.37058926
14.25882339
20.91764641
25.68431473
22.27058792
11.57843113
21.02745247
18.90195847
19.84509850
11.10784245
18.65686226
18.77450752
15.21372604
9.07254982
9.39215565
7.59215689
8.03333378
7.24313784
1.97450995
8.32941246
12.12548923
15.27058792
21.80980301
24.78235817
21.32745171
11.08431625
18.49804115
19.51764488
16.83529472
11.62941456
18.99411774
21.12941551
15.87450981
9.09215736
8.71568775
7.66078472
8.49411869
6.36666727
1.80980432
8.13529491
12.00392056
15.52941227
21.55686569
24.16667175
22.23137093
11.24510098
16.12352943
20.44902420
15.06470490
13.35490227
18.73921585
22.70784187
15.20784378
9.40980434
8.71568680
8.06862736
8.95294094
5.62941217
2.02549052
8.95293999
11.72352695
14.72941399
20.91568756
23.44510460
24.42745018
15.91176605
14.29215813
22.85490036
15.12549210
18.18039131
19.04510117
22.11176300
14.30392075
9.13529396
8.99607849
8.21568775
8.96862793
4.92352962
1.87451017
9.74509811
11.53333282
13.63333702
20.52941132
23.24117279
24.67646599
23.42353439
14.82352924
24.65294456
17.26078415
21.68823814
19.88235283
20.21568871
14.47451019
9.15098000
9.86078453
8.11372566
9.03333473
5.24902010
1.74313784
10.76078415
11.61568642
14.02745247
20.29412270
23.26274681
24.42744827
27.31764793
17.42941475
25.31765366
20.78431320
26.76862717
20.73921776
18.52549362
15.43921566
8.43725395
9.87255096
8.45882320
9.00196171
5.12941170
1.82941198
11.52548981
12.03921604
14.37843418
19.59215546
22.98039627
24.77450943
25.74705887
19.13921738
24.87254906
23.71961021
30.04902077
23.40980339
18.08431625
16.11960793
7.60392141
9.42548943
8.93921661
8.30392170
4.94117689
2.27843189
11.71176529
12.80784607
14.51960564
18.84509659
23.36470413
25.05098343
22.85490036
19.92157173
24.94510269
28.69804192
30.40980721
26.06078720
19.27843285
14.74705982
7.65294123
9.03333473
9.50392342
8.19803810
4.73725510
2.55490208
10.99607849
13.73529434
14.78039169
18.14117813
24.77255058
25.52941513
21.06862640
19.47451019
24.14314079
31.36862946
30.34313583
25.57254791
18.95098114
13.12941647
7.36666727
8.89411831
10.19803905
8.05098057
4.63921595
2.50196123
10.87647152
14.68431664
14.53333569
17.87255096
24.79607773
25.32941246
20.42549515
20.37647247
21.82549286
31.25883102
28.31372643
22.87451363
16.66470718
11.59804153
7.92352962
7.91372681
10.31568718
8.31568527
5.46470547
1.74705923
11.23921585
15.06078529
14.18039322
17.24705887
24.57451248
26.09411621
20.72352791
20.99215698
20.51372719
30.89412689
27.37058640
20.37647057
14.00980663
11.30784321
8.50784302
7.87254953
9.87450981
7.89803934
6.82745123
0.83725500
11.26470375
15.22156715
14.21960735
17.34902000
24.03921700
26.04314041
19.28235245
20.69020462
18.93333435
29.77843285
27.21176720
20.24509621
12.20980453
11.02156830
7.41568613
8.59411716
9.62745285
6.70980501
7.44313812
0.76078439
11.43137360
15.84902096
13.82157230
17.90196228
22.88039398
25.79019737
19.46667099
20.25490189
18.34313965
27.62745667
27.45294189
22.23725510
12.62156773
9.71568489
7.00980425
9.10588264
9.37059021
7.07843113
7.54509878
0.93529427
11.50000000
15.52352810
13.00980282
19.00784683
23.31568336
25.75882721
22.93333626
21.13725662
18.33725357
26.85882950
26.76078606
24.80588531
13.69411850
9.59607792
7.44313812
8.97843170
9.88823509
8.11176395
8.20980358
0.88039237
10.99019718
14.97647190
12.97647095
19.00784111
23.87255287
26.34313774
25.52352524
21.74705696
19.36078453
27.29607773
26.81961060
26.07255173
13.33137321
10.20196247
7.95294237
8.69019604
10.44117546
8.19607925
9.17647076
0.65098047
10.25294209
14.58627701
12.44509697
19.07646942
24.80784607
27.00784683
27.31176186
22.19608307
19.35882759
27.22352982
27.77647400
26.90588570
13.27059174
10.52157021
8.26470661
8.18235302
11.09411907
8.06862831
9.70392227
0.83529437
9.47843170
14.42548943
11.94705772
19.67843437
24.27843285
27.77059174
27.52157021
22.89804459
19.30588150
26.24510384
27.90980148
24.49803925
14.55882645
10.96862602
8.52549076
7.86666727
12.11764812
8.11176491
8.64313698
1.07450986
9.66470718
14.01372528
12.03921509
20.91960907
24.52156830
27.48628044
26.88038826
23.01765442
18.81372643
23.14902496
27.69412041
22.06470490
16.03333473
11.00980568
8.91372490
7.97647047
13.49215794
8.04313755
7.36470556
1.36862767
9.87647057
13.11372757
12.21568680
20.67843437
25.39215851
25.21176910
25.89215088
23.38824272
18.24313736
21.00588608
26.80392075
21.73333359
15.72352982
10.64901733
8.87450981
8.76274490
14.68235302
8.03137302
7.12745047
1.26274526
9.58235264
12.84313774
12.34117699
20.28431511
25.11764717
21.43725586
24.61176872
23.87059021
18.03921509
18.93725395
26.14313889
19.91960335
14.70784378
10.42549038
8.51372623
9.50588322
14.70980549
7.90588331
6.23333406
1.68431377
9.97254944
13.70784283
12.56666851
20.49608231
23.85098267
19.73921776
22.89411545
24.32549286
16.99215889
17.00784302
24.95098495
18.41960907
14.51372623
9.99215794
8.29803848
9.27647209
13.69411755
8.69019604
6.01960802
2.09803939
10.19411755
14.44902134
12.43725586
21.41372681
24.35294151
18.04509926
21.58431244
24.49803543
15.82941437
15.36274719
23.59411812
18.02549553
14.49607944
9.71176529
8.44706059
9.04509830
12.66274357
9.51568508
6.25490141
2.81764722
9.83921528
15.48431396
13.18823814
22.00784302
27.32941437
17.68627739
19.67058372
23.54901886
14.87451172
13.21764946
22.38235092
17.25294113
14.23921680
11.06470680
8.52745152
8.53725529
12.26862812
9.50588322
6.58823586
3.82352948
9.97843266
15.13333511
14.00196266
21.77450943
28.21568871
18.63529778
19.24313545
21.57843399
15.71764755
13.59803963
21.09608078
15.76078606
13.30980492
12.80980492
8.07843113
8.09411812
12.01176548
9.61372471
6.75882339
4.91764736
9.35490322
14.35686398
15.08823586
21.70196342
27.60588455
21.04118347
19.39412308
20.42941284
19.31764984
14.86470604
19.40392685
14.23529434
12.66078472
14.77647018
8.28235435
7.79215860
11.51764679
9.69607925
7.11568737
5.78235340
9.30980587
14.37255001
15.84706116
22.22352982
27.71569061
23.42549706
20.65294266
20.04117584
20.95686340
16.32156944
17.36862946
14.43725586
13.01176453
13.58431244
8.11372566
7.76666689
11.19019699
9.70000076
7.54117727
5.30196095
9.55098057
13.87451172
16.27647209
22.73921776
26.44706345
23.60588455
19.96274376
19.82941246
21.43137360
15.87647057
15.97451019
15.85294151
13.32353020
12.54510117
7.37450933
7.72745132
10.41960907
9.47647190
7.49019718
4.21568680
10.64705849
14.34117889
16.44902229
22.89215851
26.08039474
24.05686188
20.15686035
20.65686035
21.56666565
15.78039169
15.76470757
15.37646866
12.22352982
12.45294189
7.34117651
7.37647057
9.91764832
8.68235493
7.31372595
3.80196095
10.86078548
15.00392246
15.84509754
22.26274300
25.70588303
25.28627586
23.32548714
21.62745285
22.09019470
17.09215546
16.29607964
14.87647057
10.62941074
11.98235416
7.22941208
7.25098038
9.48235226
7.71372604
7.47843218
3.39803982
10.19019604
14.48235416
15.57451248
21.47059250
25.06862640
25.67450714
25.28627396
22.61176300
22.57843399
20.15098190
17.31568527
17.38431549
10.19608021
10.67450905
7.18823528
7.14313745
9.64313793
7.04705858
7.05294228
3.18627429
10.38627338
14.04117775
15.73921776
22.00980186
25.20000076
25.22941780
26.12549591
23.83921814
23.09019852
22.90196419
21.52745247
22.74901962
11.52352905
10.62745190
6.94313812
7.10196161
10.08823586
6.48627567
6.54902029
3.05490255
11.05490208
14.36274719
15.64705849
22.39215851
25.99804878
24.59411430
25.96862984
24.24314117
23.33333969
22.76667213
25.67058945
23.74313927
13.99803829
11.59215546
7.29019594
7.02352905
10.51372433
6.10392237
6.20784330
2.86078453
10.88039017
14.46470737
16.69411850
22.53725624
25.98432159
24.98628044
25.52941513
24.38235474
22.15686417
21.96666718
27.27647209
23.60392570
16.90784264
12.29804039
7.66274595
6.44117689
10.68039036
6.24705935
7.53725433
2.92156839
10.75686264
14.55686378
17.16470718
22.37843513
24.73724937
23.23137093
24.45882416
24.06470871
21.93529510
21.42745399
25.73333168
22.43529320
18.08235550
12.29803944
7.62941122
6.32352972
10.38235664
6.46862841
9.21960735
2.63137269
10.61372662
14.84902191
17.36470413
22.01176834
23.80784225
18.14706230
21.50196457
23.18039513
22.53137207
21.70196152
23.24706459
22.69215775
17.61568832
11.87647057
7.92549229
7.22156906
9.23725700
6.25294209
10.13529491
2.13333321
10.44510078
14.30784416
17.23137283
22.15686798
23.52156639
15.07255077
19.90392303
22.00000763
22.44706154
22.01568604
23.84706497
23.20196533
17.15686226
11.96470451
8.34902000
8.04706001
8.77843094
5.69019604
9.76470661
2.12549019
10.04313946
13.66274643
16.46862984
21.15686035
21.83921814
13.74510002
16.62156868
20.26274872
23.04117393
21.31960678
24.84509468
23.44117928
16.63725471
11.81372643
8.31960869
8.34902000
8.19019604
5.24313736
7.85097980
2.23137259
9.57450962
13.42156887
15.75686455
21.19804382
20.01568604
13.22352886
14.51960945
18.06274796
22.84117317
21.68235588
24.53921509
23.08235168
16.44313812
12.45489979
8.23725510
8.51568794
7.68627405
5.12156916
7.28235388
1.82941198
9.25882530
13.13529396
15.93921471
22.70588112
17.74705887
12.47647381
14.14509964
15.50000286
23.06470680
22.25686264
23.04117775
21.25097847
16.18039131
12.94117928
7.94117785
8.31568623
7.14705896
4.80784369
7.08235264
1.92156887
9.02745056
13.73921776
16.30195999
22.27843475
16.49019814
12.01764870
14.30196381
13.58431339
23.79019737
22.29216003
22.95882225
18.84705925
16.57843399
12.52941418
8.11568642
8.75882435
6.57254934
4.80588293
7.00588369
1.77647102
8.92352867
13.62941360
15.53137398
19.27450943
14.69019890
13.99411869
13.77058983
12.40000057
22.72352409
21.79607964
22.88823700
15.97450829
18.06274796
12.14313889
8.26078415
8.69803905
6.07254934
4.79411697
6.54510021
1.91176510
8.85098076
13.83921623
14.98235130
17.11372566
14.18039513
17.51568794
14.04313755
13.48627663
22.01372337
21.70783997
21.68235016
16.47058868
17.99020004
12.46078587
8.06666756
8.32549095
6.18431520
4.97254896
6.68039227
2.41568708
8.92941093
14.18823624
14.64313793
15.25294018
13.84705925
18.18039322
14.70980358
17.86470795
24.41568947
23.29215622
21.02548981
17.73921585
16.71568680
12.74705982
7.76862860
8.35686302
6.65882397
5.45490265
7.30980349
2.45490241
8.89803886
13.92745018
14.28431511
14.98039246
13.35686493
17.15294266
15.18627739
22.01765060
27.38628197
25.09020233
23.60980606
20.65490150
16.80196190
12.95098114
7.61960888
8.50784492
7.02353001
5.62941170
7.48627472
2.17058849
8.67254925
13.10588551
13.67451286
15.03921795
13.06274509
16.44510078
18.69019699
27.04313660
29.02353096
26.66274071
28.20392036
23.90980339
17.19215775
13.12549210
7.89215708
8.92353153
7.48823547
5.63921690
7.66666746
2.09607863
9.40588188
12.93137360
13.60980511
14.55490112
14.57058907
17.25294113
22.10980606
28.48431015
29.51372910
28.29411507
30.26470757
26.77255058
17.69804001
13.63725567
7.96862745
10.11372662
7.05490255
6.06666660
7.66078329
2.45490193
10.26470470
12.63725662
13.23725700
14.22157097
16.96078491
20.85490417
24.70784378
28.23725319
30.26862907
31.53921890
30.45490646
29.74902344
18.57058907
14.15294552
8.42156887
10.97058773
7.57058907
6.08627462
8.09411812
2.63137293
10.51372528
11.36274624
12.60588360
14.47058868
18.74313736
24.02353096
24.58823395
26.07647133
29.68824196
31.72549438
30.84118271
30.18039131
17.90588379
13.28431511
8.84902000
10.61568642
8.41372585
5.97450972
7.75097942
3.00196147
9.50588226
10.56274605
12.17254734
15.45490360
22.20980453
24.75490189
24.36863708
24.99803925
26.29216003
30.96470642
30.63529396
29.89020348
16.89999580
11.87843132
9.92941189
9.78627682
8.88627434
5.64313745
6.87058783
3.13333344
9.37843227
10.15294266
11.34902096
17.04902077
24.21568298
24.00784492
22.89607430
24.26274681
24.30588531
28.70000839
30.89411926
30.13725471
17.80980682
12.43529320
10.43333054
9.03529453
9.34313774
5.71764708
6.51176596
3.64313722
10.15686417
10.46078491
10.36470890
18.86078644
25.23333168
22.07450676
18.56078148
20.36078644
20.80196190
24.89019966
30.74314308
29.11765289
17.82941246
12.33725452
10.18235493
8.70588303
10.02941418
6.62745047
6.42548990
4.42549038
10.43921375
10.22157001
10.84313965
19.78823471
24.67647552
18.62352753
15.73529816
16.19411850
16.06862831
21.73725510
29.58039093
25.22549438
17.29411697
12.27451324
9.86862755
8.74705982
10.44705868
7.49019670
6.24902010
4.56666756
10.79019737
9.61568546
13.82549286
21.35294151
20.37842941
15.56078339
13.27058792
13.11372757
13.92157173
19.21765137
25.17843056
22.89608002
17.32156944
12.04706192
8.84313869
8.06274605
10.70392323
7.58431387
6.19607830
4.37843132
11.51176548
8.85294056
16.20784378
21.97254944
17.27450943
14.30784416
12.23725319
11.76274681
13.81372833
17.56274796
20.29215813
23.20980072
17.75882530
12.75294304
9.03333282
7.27058983
11.01372814
7.40392208
6.62156916
4.21372557
12.43725681
8.85686302
17.01764870
20.57647133
14.82353020
13.88039207
11.21372700
11.69019794
13.87254810
16.53921700
17.40392303
22.40588951
18.18627548
13.48039150
9.66274548
6.90980434
10.67647266
7.37058878
6.92353010
3.87254953
12.25686455
9.80392075
16.82745171
18.36863327
14.11764812
13.43137455
10.90000057
12.07647133
14.35098076
16.21372604
16.48627472
21.19411850
17.16862488
12.70588207
10.06666756
6.91372633
9.92745209
7.77058887
7.20196152
3.46470594
11.08823776
11.38627815
16.30784416
16.25686455
13.39804077
12.62353039
10.98431492
12.72549248
13.92941284
15.24313736
15.39803982
19.95098114
15.38235664
11.96078587
9.93333530
7.04902077
8.34117603
8.53333378
7.20392227
3.24313736
10.06078339
12.91764927
15.43137741
14.92156982
13.90980434
11.61176586
11.65882301
12.94902134
13.38627529
16.12353134
15.74901962
18.81764793
14.41764927
12.32941055
9.30980301
7.06274557
7.93529510
8.95686436
6.76078463
3.46078467
10.10588264
14.42548943
14.65097904
14.13333321
14.12549210
11.62941170
11.83529568
13.19607925
13.60784435
17.71176720
16.52549362
17.80196190
14.40784645
12.19999981
8.29411697
7.49215746
7.69607830
8.70588303
6.16470671
3.57254910
10.28235340
15.41960621
14.42549229
13.77647400
13.54902267
11.82549286
12.67255020
13.44313812
12.74313736
17.64901924
16.98431778
16.96470833
14.54117775
11.55098152
7.60196114
8.40980434
8.20588303
8.21960735
6.21960926
3.74705935
9.36862755
15.49412155
13.72941208
13.81372738
13.16078568
10.94117737
12.62352943
13.10784340
12.49999809
15.65098000
17.56863022
16.44117737
14.26667023
11.27843475
7.49019670
9.06862926
8.25294113
8.01176643
6.79019642
4.47451019
9.07254887
15.20784569
13.32745171
13.26470757
12.38235283
10.54313850
12.55686378
13.04706001
13.28039360
13.39412022
17.72156715
15.64117622
13.98235512
10.86862946
7.42941236
8.95098114
8.62744999
8.49019623
7.10000038
5.12941170
9.50980473
14.61568546
12.87647152
12.88431263
11.98039436
10.96862984
12.24117661
12.73333549
13.61372662
13.27058983
17.12941360
16.47843361
13.44314003
10.62941170
7.67843151
9.06470776
8.65490341
8.72745228
7.45098114
5.66078472
9.88431454
14.63333130
12.72548866
12.61372566
12.33921528
11.84705734
11.82353115
12.58431530
13.43921852
14.29608250
17.08823776
16.39215660
12.26078415
9.04901981
7.85490274
9.60980606
8.15882397
8.98627472
7.44509983
5.71568680
10.48823643
14.72157192
12.27843189
13.03333664
11.66274738
11.97843170
11.61176491
12.00588226
13.60588264
14.77647114
17.25686646
15.66470718
11.43529701
8.11176586
7.83529520
10.09215736
7.75490236
9.34509850
7.62352991
5.91960764
11.25882339
14.07450962
11.87647247
12.89019871
11.20784378
12.09019852
11.19019699
12.02157021
14.86470890
14.98235321
16.64510155
14.00784588
11.03137493
7.78823519
7.65490103
9.93529510
8.34902191
9.61764622
7.81176472
6.15490198
11.13137245
14.06274605
12.64509964
12.94313812
11.73725319
11.92941189
10.98627472
12.52941132
14.87451267
14.57058811
16.65490532
13.90588379
11.16862774
7.96078491
7.30195999
9.51960850
8.44509888
9.28039455
7.94705868
6.39411688
11.38235283
14.66078568
13.05098057
13.86274815
11.92549133
11.70784378
11.38627529
12.11372471
13.70000267
13.67451000
16.54902077
14.80588436
11.06666565
7.82941246
6.93529415
9.20980453
8.25098133
8.30784225
7.95686340
6.70000076
12.94902039
14.47254944
13.81960773
13.89019966
12.37450886
11.44706059
11.56274509
11.53921509
12.19411755
12.83921719
16.66862869
14.60000324
9.95098019
7.39607859
6.73921585
8.89019775
7.72745085
7.40588236
7.29803944
6.39804029
13.75686550
13.48039246
14.97058868
14.01764965
12.59803867
11.39411736
12.84902191
11.41372585
11.15882492
13.01372814
16.49411774
14.30784512
9.33529472
7.47647047
6.57058811
7.87647057
7.50196075
6.92353010
6.76470613
6.10784388
13.47647095
13.38431454
15.89019299
14.79411793
12.05686474
13.04901886
15.46666718
11.47647190
10.71372414
12.24705982
15.98039436
14.14902020
8.85098076
7.36470652
6.61568642
6.91960859
7.79607821
7.42353010
7.75686312
6.22352886
12.79607868
14.03333473
16.78039169
15.74117756
12.46078300
16.01176643
17.95686150
11.77647209
10.19411850
11.07058811
16.59215736
14.30784225
8.96274662
7.23333359
6.66078424
6.44117737
7.80980444
7.55686283
8.38235378
6.17254925
12.44117737
14.41372585
16.73529053
16.16862869
13.72156906
18.08235359
19.19607735
12.51960754
11.12353325
11.19999981
16.62156868
14.25882530
8.77254963
7.09411812
5.82549000
6.09411764
7.70588350
7.59019613
8.40588379
5.89608002
13.18627548
15.15294170
15.90195847
16.16862679
15.52745056
19.51568222
20.64706039
14.04901886
13.11372566
11.68823624
15.68431568
15.53725624
9.78627491
7.14705992
4.78235292
5.13529491
7.46470642
7.61568642
8.28627491
6.36470652
13.84117317
15.13137054
15.38627434
16.59215736
17.87059021
20.10783958
20.93529510
15.00980282
13.87843418
12.20980453
14.31961060
16.03921890
11.30000114
6.94705915
4.52353001
4.39607954
7.24313879
7.19411802
8.47254944
7.25686359
13.36470795
14.69411850
15.67058945
18.99803734
22.68627739
21.78823471
22.03725815
16.52353096
14.50195980
12.15882206
12.80000114
15.44902229
11.85293961
6.48431444
4.62548971
4.16862774
7.04117632
7.24902010
8.62941170
7.57058764
12.87450981
14.65686607
16.21765137
22.34117889
27.25489807
24.34509659
23.06274033
18.09607887
14.70195961
11.99804020
12.40784454
15.41372871
11.48235703
6.51960802
4.79411745
3.92941213
6.60980368
8.08431339
8.19999981
7.60784388
13.27451038
14.96470833
18.02549171
25.66078568
30.12353516
26.64705849
25.25490570
18.12549400
14.91568851
12.07646942
12.55490303
15.84509754
10.70392132
6.56274605
4.97058821
3.82745194
7.15686274
8.60000038
7.49803877
7.01764679
13.77451134
14.79608059
19.84902191
26.74901772
29.39020538
26.38824081
27.13921928
18.33529472
15.22352791
12.03725719
12.90392208
15.48235416
10.62353134
6.34509754
4.71372509
3.79803967
7.80784321
8.76078606
7.07647085
6.83725452
14.63333321
15.48823643
21.97842789
26.81765366
27.04706001
25.09607697
26.91568756
19.59019661
14.97058964
11.60196114
12.71764755
14.33529568
9.89608002
5.85882330
4.12549019
3.77058840
8.09804058
9.48039150
6.90196085
6.32549095
15.08823586
16.32549286
24.08823586
27.37059402
25.40588379
22.99411964
25.24705887
21.13726234
15.13529587
11.55686569
12.23333359
13.53333378
9.31960773
5.51568699
4.24509859
3.80980420
7.37451077
10.04901886
7.10784435
6.08431482
16.29607773
16.84313583
26.07843208
26.59607315
23.09607697
19.95685959
23.29411697
23.01960945
15.32549095
12.00196171
12.60784531
13.30392456
8.82549095
5.09019518
4.81568670
3.90588236
6.21960831
9.85686398
7.29803848
6.04117775
16.75098228
16.46274376
26.42157173
25.41176414
20.00588226
18.00980759
22.35686111
23.31568718
16.01568604
11.70392036
13.32549095
13.00196171
8.61176491
5.27843094
4.88627577
4.04313755
6.23137236
9.41176510
7.12745094
6.10784388
17.57254791
15.30784416
25.33136940
23.64117813
16.70196342
16.87451172
20.77647018
23.16274834
17.52548981
13.05882645
12.59019852
12.79215908
7.75098085
6.11960840
4.57254982
3.90784335
5.89215755
8.78431511
6.35098028
6.27451038
18.09607697
14.98039436
23.13137627
22.12548828
15.52156734
16.08627129
19.96470451
23.91765213
18.02156830
13.53921795
12.67647171
12.66666698
7.07843113
6.17647028
4.19215727
3.60392165
5.49019670
8.09607887
5.49607944
6.16078377
18.28234863
15.12353039
20.94509506
20.14510155
15.52941227
15.69803905
19.66862869
23.73136902
19.59019852
13.42353153
13.27843380
12.67058849
7.62156773
5.48235178
3.87843180
3.10196114
5.34117699
7.26862812
5.91176510
6.48039150
18.01372528
15.16862774
19.69215584
18.34117508
16.16470718
15.74117470
18.70784569
23.58823204
22.09607887
13.33921814
13.59411526
12.70980453
8.03529358
5.28431511
3.55490232
3.07451057
5.48823595
6.49411869
6.28627443
6.61764717
17.03725624
14.96666908
18.94117928
16.54706001
16.24901962
15.49804115
17.68627548
24.39607620
24.46470642
14.34706020
14.18823624
12.24117565
7.99019623
5.16470528
3.68431401
2.90392184
5.07646990
5.36274576
6.76666784
6.17058849
17.99411774
14.74117661
18.03137398
15.84706116
15.37450886
15.42941475
17.27451134
24.68627548
24.43333435
15.41176605
15.61960793
12.33529568
8.74117661
5.52156925
3.55098104
3.07843161
4.51764679
4.66862726
7.03137398
5.94313765
18.02941322
14.68627548
17.66470528
15.90588474
15.86470985
15.02157021
16.55294037
23.00392532
23.97843552
16.44705963
16.35882568
12.60392189
9.60784435
6.21960831
3.28235340
3.62352991
3.75294113
4.10588217
7.38627386
6.11372519
18.23529243
13.94509983
17.34510040
16.58823395
16.29411888
14.89411736
15.47647095
21.01960564
24.90195847
17.18823814
16.47647285
12.69019794
10.08235359
7.20784283
3.01568699
4.37255049
3.68627477
3.68823552
7.53137302
6.30980396
18.44901848
12.98039436
16.56078339
17.01372719
17.28627396
15.45490265
14.98823547
20.02745438
26.34902382
17.54117966
15.52745247
12.83529472
10.56274605
8.05294132
2.96666646
4.68627501
3.54902005
3.90000057
7.05882406
6.54902029
17.74705887
12.93333435
16.91960907
18.12157059
17.89411926
15.54117775
14.83529472
19.54902077
26.02941322
18.55098534
14.44313812
12.50588417
10.22941303
8.08627510
3.64902067
4.20784330
3.58627486
4.27843189
6.75882339
6.62156916
17.49215508
12.94117737
17.81568718
18.18039131
17.27450943
14.91568947
14.96862984
18.15294266
24.70980453
22.52941895
14.12941360
11.88039398
9.77254963
7.60980320
4.02549028
3.38235354
3.50980449
5.01764727
6.15098047
6.97647095
17.48431396
12.51764679
17.80588531
17.60195732
16.48627281
14.36470509
15.00392342
17.31960869
23.90196037
25.35098267
14.41176605
12.11764717
9.78823471
7.49019527
4.59411860
2.93529487
3.00588274
4.99607897
6.17058849
6.81568718
16.65686417
12.56666756
17.33921814
16.92941284
16.10000229
14.69215775
14.19804001
16.91176414
22.31960869
25.63529778
15.78823662
12.45098209
9.79607773
7.88039255
5.62745094
2.50588274
2.88823581
4.48039198
6.62941122
6.53725576
15.72941303
12.84313774
17.34313965
17.21961021
15.92745113
15.00196362
14.18039322
16.29216003
20.97451019
23.99607658
18.40196037
12.18627453
9.47058868
8.35686398
6.08039331
2.60980415
3.10784340
3.79215670
6.20196152
5.98235369
14.76666832
12.94902229
17.26078796
17.64313698
15.86078453
14.20392036
14.48431301
15.91372681
19.56078339
22.90196037
20.31176758
12.66078568
9.84901905
8.36470604
6.23137188
3.08431411
3.17450976
3.38235378
5.22549009
5.06274509
14.51176834
12.67647076
17.17451286
17.78431702
15.85882664
14.05294323
14.57843208
15.60588264
18.56470680
22.55686569
21.47647285
14.20392323
9.80392170
8.42941284
6.01960850
3.16274500
3.18039274
3.44705963
4.52352953
4.30588198
15.73921680
12.40196133
17.13529587
17.96274757
15.29019642
13.68039417
14.22941303
15.15490246
18.16274834
21.72941589
22.32157326
15.76078606
9.66078472
8.83725548
5.58431435
2.84705901
3.13921547
3.50784373
4.11764765
3.94705963
16.77255058
12.62941265
17.89608383
17.65294075
14.69019413
13.15293980
14.27450657
15.67451286
17.46862984
21.28235626
21.97254753
17.19215584
9.68235493
9.22549057
5.84705925
2.69215703
2.90980387
3.02156901
4.32745123
3.87647104
17.04510117
12.64313793
17.80196381
17.26275063
14.17843151
12.80588341
13.88431358
15.91568756
16.13137245
20.56078339
21.07059288
18.70000076
10.27058983
9.46274567
5.93921566
2.60980463
2.51960802
2.95098066
4.32549000
3.81960821
16.51372528
13.12744904
17.51176643
17.66862869
14.01764679
12.60784245
13.57451057
15.86863041
14.28823471
19.64509773
21.70588493
20.48627663
11.92941475
9.41372585
5.67451000
2.47647071
2.05294156
3.10980415
4.21568680
3.80980420
15.80588245
13.43725681
17.54902458
18.21372604
13.96666622
12.72549248
13.27647114
15.47646809
14.04509926
18.90980339
23.16274452
20.40196228
13.17647171
9.12549114
5.45686293
2.16274524
1.97647107
3.14117646
4.22352982
4.15294170
14.37058830
13.00980663
18.02745247
17.78627777
14.42745209
13.18431759
13.29411888
14.97255135
14.48431492
18.42941475
23.91568375
20.62352943
14.23529530
9.13333321
5.09999943
1.87450993
2.08039260
3.08627462
3.78039169
4.16274452
13.27059174
12.54509735
17.90784645
17.51568794
15.07843590
13.35098267
13.02157116
14.00196362
14.61960888
17.87647247
23.32941055
20.78823471
14.15882587
9.03529644
5.00000095
2.03333378
2.00000024
3.28039217
3.53333378
3.90196133
13.03529358
12.40196133
17.90980721
17.94705582
15.88823700
13.14902115
12.72549057
13.36470604
14.54313850
17.95097923
21.63529396
21.10784149
14.68431377
8.59803963
5.07647133
2.13725495
2.26470590
3.65294170
3.43137288
3.03725505
13.07647133
12.47255039
17.81764793
17.99607468
16.73529434
13.35490227
12.80196095
13.38823605
13.94509983
17.80784416
21.07254791
22.36078072
15.80784416
8.45098114
4.68235302
2.04902005
2.76078486
3.73725557
3.20392156
2.82549047
13.49803829
12.93725586
16.59803963
17.96470642
16.94705963
13.94313812
12.75294018
12.92745399
13.78039265
16.60588264
21.26666451
23.47255325
16.13921738
8.48039246
4.25294113
2.39411807
2.94117689
3.59803891
3.53921580
2.87058854
13.10588264
12.63529682
15.87059212
18.32156754
17.24509811
14.19607830
12.34117985
12.70000267
14.06863022
15.62156963
21.10980225
23.92744827
16.58039284
8.76078510
4.19411802
2.68627477
2.64313769
3.32745147
3.74509859
3.27451015
12.67843246
12.55098057
15.72745323
17.38235474
16.68431282
14.16862869
12.12941360
12.28235245
13.08627319
14.66078568
19.78823662
23.78038979
18.09020042
8.65294170
4.38235331
2.94509840
2.83137250
2.50588250
4.04117632
4.44705915
12.57647324
12.06274605
15.87843132
16.05490112
15.55098343
14.37843132
12.47843075
12.30980492
12.75882244
14.29215813
18.53725815
23.31176376
19.64901924
9.09411812
6.07647276
2.83725524
3.33529425
2.24313736
3.86470556
5.13921642
12.34313774
12.40588188
14.99607944
14.43725491
14.13725567
14.71960735
12.98627567
12.19019508
12.52940941
14.62353134
18.06862831
22.62940788
21.11176300
10.64117527
6.48039150
3.03137279
4.08431435
2.46666694
3.97843194
5.53529453
11.21764755
12.74117756
13.78823662
14.16862679
14.06862926
14.73333263
13.31372738
12.09411907
12.78431511
14.18039417
17.80588341
22.32941055
20.45293999
11.24509811
6.61372614
3.49607849
4.34313774
2.60392189
3.87843180
5.20980358
10.02745247
13.11176395
13.50392246
14.68039322
14.65294266
15.01960850
13.86470699
12.48823643
13.06666756
14.02549362
17.19608116
22.46666718
21.03333092
11.34901714
6.74313784
3.71176481
4.40392160
2.70588255
3.27450991
4.39803982
10.01176643
13.32549095
13.87451172
14.69804001
14.68627453
15.12156868
14.14902020
12.55294323
12.43921471
13.58823586
17.05098343
21.91764832
21.56078339
11.59607983
6.61372519
3.72941232
4.47254896
3.43333316
3.02353001
4.24117708
10.62745380
11.90980625
14.67058849
15.28823376
14.91960812
14.40784550
13.81764698
12.27450848
12.24902058
13.02353001
16.20980644
20.78235054
21.98235703
12.03725529
6.75294161
3.51960826
4.15294170
4.69215775
2.85490227
4.26862764
11.54117775
10.68431091
14.77843189
15.52353287
14.92941189
13.82549000
13.48627472
11.84313774
12.46666622
12.70196152
16.23725510
20.13725471
21.81961250
12.83921623
7.19019651
3.14117670
4.26666737
5.63725567
2.84509826
4.28431416
11.39019680
10.22548962
15.79804230
15.26274681
15.03529453
13.49411774
13.18039322
11.53137398
12.18823814
12.69804001
16.04314232
19.38430977
21.46862602
13.18235207
7.18823481
3.35098052
4.10196114
6.10784340
2.81764698
4.35098028
10.86274433
10.48431301
16.45490074
15.05686283
15.00980377
13.46862793
12.52745056
11.50000095
11.66274548
13.19215775
15.82157040
18.58627319
20.53333282
13.25294018
7.10000134
3.46078467
3.72156906
5.91960764
2.88627410
4.53137255
10.80000114
10.74705887
17.58235359
15.68039322
14.43921757
13.30588150
11.95686340
11.73333263
11.42745018
14.14117813
14.70392227
18.01568413
20.26275063
13.43333626
7.99019718
3.56078434
3.68431449
6.41176605
2.95686340
4.83725500
11.62157059
10.74313641
18.49411774
16.92549324
14.37450981
13.23333454
11.84117508
11.35686302
11.20980453
14.31372643
13.25294113
16.90000153
19.84510040
14.84313679
9.47058964
3.24117637
4.45686293
6.69019651
2.95882368
4.96862793
11.54902267
11.03529644
18.11568832
17.74118042
15.20980453
13.01372623
12.67843437
11.36078262
11.13921642
13.68627548
12.59215832
15.69607830
19.56863022
17.07451248
10.28823471
2.72353053
5.14902067
6.80980492
2.88431358
4.82745123
11.47647285
11.02156830
17.33725739
18.12940979
15.70588493
12.75294399
12.75490093
13.03725433
11.73725605
13.03529358
12.39019585
15.05294228
19.28627968
18.22549438
10.31176567
2.72352910
4.92156935
6.43529463
2.88627458
4.48431396
11.43529415
10.66078663
16.71372604
18.54510117
15.71372604
13.29411888
12.69411659
14.78039360
12.35882473
12.47843075
12.31960869
14.54509926
19.23529434
18.00588036
9.97058868
2.82156897
4.26470566
5.89607906
2.97058868
4.21568680
11.41764736
10.12549019
16.59020042
18.40000153
15.59411907
13.79607677
12.56078529
15.20784283
12.35294247
11.95098114
12.28235435
14.47255325
18.55882263
17.36470795
10.44117737
3.51176524
3.64509845
5.70980310
2.83725524
4.32352972
11.70196247
9.88627434
16.57450867
17.50980377
15.11176395
14.09411621
13.17059040
14.49215889
13.84313774
11.16470623
12.29804039
14.99019623
16.68235397
16.63529587
11.23529530
4.40588284
3.87647104
5.59215689
2.97843122
4.19804001
11.69804096
10.05882454
17.00588417
16.55882454
15.01764774
13.39608002
13.34509850
13.66274643
14.94313717
10.44509888
11.74706078
14.33725357
15.39608002
15.81764984
11.65490246
4.71176481
3.96274567
5.61568594
3.16470599
4.17058849
11.59019661
10.25098133
18.57451248
16.23529434
14.84902191
13.00392342
12.68235493
12.43921757
16.66471100
10.34706020
10.99999905
14.29215717
15.43333435
15.86078453
12.44117928
4.75098038
3.82745099
5.69803905
2.99215746
3.60392165
10.94902229
10.50196075
18.30392265
16.08039284
14.82353020
13.86862755
12.03333473
11.34117699
17.29999924
11.38823700
10.78627491
14.62156963
16.04313660
15.73921394
13.23921394
4.69019699
3.48823595
5.32352972
3.12745142
3.74509811
10.59215546
10.92548943
16.36078262
16.30784607
14.87255001
14.66078377
11.49803925
10.33137131
17.02352905
12.06666660
10.94902229
14.04117489
16.13529587
15.23529530
13.34117794
4.32352877
3.04705930
4.99215603
3.67647076
3.75882363
10.05882168
11.20392418
15.50784302
17.00392532
14.95294189
14.09607887
11.10784531
10.52745342
16.50196266
12.50392342
11.26470566
12.99411964
15.36078835
14.98235226
13.03529358
4.18039274
3.19411802
4.66274500
3.82156920
4.37843227
9.88823700
11.40784740
14.90784550
17.20588112
15.66862869
12.84902191
11.28627396
11.01764584
15.98627758
12.56862831
11.63529778
11.70784378
14.69411945
14.43137550
12.37843227
4.18039274
3.85098124
3.87058806
3.77843189
3.98039198
9.64706039
12.34902191
15.02941322
16.13921738
15.86666870
11.70196152
11.92549229
11.26470566
15.49412060
13.34117699
11.80980396
11.27254868
14.12549210
13.64313984
11.42353058
4.38235331
3.58235383
3.71372581
4.12941122
3.79411793
9.44117641
13.30588436
14.85686398
15.35490227
15.31372833
11.20195961
12.51764679
11.63137341
15.52353001
14.61568737
12.01372337
11.34706020
13.95882225
13.11372662
10.24313927
4.32745171
3.46078467
3.91568661
4.07451057
3.53921628
9.62549114
13.76666641
14.62352848
14.96078587
14.68627357
11.04705811
13.23529339
11.58039474
15.05490208
15.80392551
11.98431587
11.66078472
14.55686188
12.79804230
9.42745209
4.39607954
3.22156858
4.30392170
3.88431406
4.05882406
9.87450886
13.91960716
15.00588322
14.79411983
14.02549171
11.12549114
13.43529510
11.64314079
13.80980492
16.49411774
12.30392361
11.15490437
14.71176243
12.50392151
9.37843132
4.45686245
3.23725533
4.78627443
3.58431387
3.84509778
10.90000343
14.41568947
15.85097885
14.50784492
13.13529587
10.65098095
12.76862812
11.72941303
12.94313526
16.25098228
12.19411755
10.65882492
14.57450771
11.42548943
9.37842941
4.78627443
3.35686326
5.28627491
3.71372557
3.89215708
11.40784168
14.52157116
15.99804115
14.06274796
12.32941055
10.44901943
11.11568642
11.82941246
12.98431492
16.00784492
11.93725681
10.58235359
14.01764679
9.89019775
9.28235435
5.08235359
3.15490174
5.60392284
3.06078506
3.52352953
11.41176510
14.23725605
15.50392246
13.67843437
11.93333340
9.99804115
10.01176548
11.62941265
13.18823910
15.39607906
12.64509583
10.28627491
12.64313984
9.32353020
9.20980549
5.03725624
3.08431411
5.37255001
2.78431368
3.16470599
11.33137321
14.24313736
15.19608116
13.80784702
11.81176376
9.92941093
10.44117546
10.61764526
13.40000153
15.02353191
13.31764793
10.33333302
12.04509830
9.74902058
9.09803867
5.12352943
3.34705925
4.88235378
2.92352962
3.64117718
11.20196152
14.53725624
14.98235416
12.82353210
11.66666698
10.39411831
11.13529587
10.74509716
12.87843227
15.33725548
13.59803963
10.49215603
11.08431339
10.45882511
8.49215794
5.16274500
3.37647128
4.14313745
2.93921590
3.72941160
12.88431454
14.33137321
15.47843266
12.59803963
11.43137455
11.09215927
10.89411926
11.41568661
13.10588264
15.34902000
13.90000153
10.59019470
10.34509850
10.49411774
8.27058983
5.50784492
3.13529468
3.88823509
3.30980444
3.45686340
15.59215832
13.80000401
15.73725414
13.70784283
11.05097961
11.41764832
10.55294228
11.05686188
13.66471004
14.73529434
14.72549152
10.64117432
9.43333340
10.62353325
8.13725376
5.86862707
3.05294108
3.54117703
3.23529434
3.64509845
17.09804344
13.32156658
14.89803982
14.92745113
11.42941284
10.53921509
10.67647076
11.13725758
14.61569023
13.80392170
15.26274300
10.25098228
9.48039436
11.53333664
8.25294209
5.52549124
2.95882416
3.47058845
3.09019637
3.76862788
17.25294304
12.66078568
14.87059116
15.05490398
11.82549191
9.50588226
10.62941170
11.75098133
15.14313889
12.98431492
14.75686264
10.59215736
9.94509697
12.34510136
8.38627434
4.92353058
3.01176476
3.50196123
3.26078463
3.74705911
16.55294418
11.87842941
15.24706078
14.86666870
12.19019890
9.28039265
9.57450962
12.13529491
14.61176491
12.84117889
14.81764793
10.52156639
11.34117699
12.05490208
8.41176510
4.44313765
3.18627477
3.47647047
3.61960793
3.80392170
15.47843170
11.48039341
15.15882492
14.99803829
12.91764736
9.80980492
8.87450981
12.16862869
13.86078453
13.45686150
15.87843513
11.50196171
13.09608269
11.54313850
8.55882359
3.94313741
3.31176519
3.54117656
3.18627477
3.77451015
15.15882397
11.20588493
14.42156887
15.39019871
13.09019661
10.66862774
9.33921814
11.36470604
13.73137283
13.86078644
16.36470604
12.08823681
14.63333511
11.31764793
8.85686302
3.79019690
3.61960816
3.71372604
3.27647090
3.86666703
14.73333359
11.11764622
13.23725605
15.39216042
12.66274548
10.19803905
9.92549038
10.74313736
13.29019547
14.60391998
16.44706154
11.89804173
15.47451210
11.07451057
8.61568546
3.69607830
3.55882406
4.12941265
3.63921595
3.80000019
14.41568851
11.18627453
12.70196247
15.03921604
12.34117603
10.01176643
10.06666660
10.64509773
12.92548847
14.71176624
15.49215508
12.46666813
14.90196228
10.22549152
8.27058887
3.74901962
3.43137288
4.29607821
3.81568646
3.74705863
13.83529472
11.84509945
13.04509926
14.25882435
11.88627529
9.91176510
10.03529549
10.85490131
12.28431416
14.53922081
14.71960926
13.96078587
13.69019508
9.46862698
8.15882397
4.31960821
3.71568632
3.97843170
3.97647047
3.58431411
13.30980682
12.29215813
13.17451096
14.39803982
11.56274509
10.30980492
9.97058868
10.99607849
11.94117546
14.77843189
14.75686073
14.38627720
13.46666527
9.25098038
8.47451115
5.00000000
3.29804015
4.06666708
4.84117603
3.90980411
13.60391998
11.98823643
13.32941246
14.43529415
11.31372452
10.26078415
9.46666718
10.86666775
12.50196171
13.67451096
15.06078625
13.95097923
13.85097885
9.58039379
7.96666718
5.23921633
2.77843165
4.70980453
5.26274633
4.43137312
13.81960773
11.32353115
14.04313755
14.19019699
10.49411678
9.77058887
8.74313736
10.82353020
12.64706039
12.50392151
14.97058487
13.29019547
13.90392303
9.55882549
7.43725634
5.06470633
2.92941213
5.13921595
5.44901943
4.84705973
13.80000114
11.06078339
14.00784492
14.32745266
10.82353020
9.89607906
8.54901981
10.65490150
12.00588226
12.48627663
14.42549038
12.44313812
13.98039341
8.85686302
7.22745132
4.68823576
3.11764717
5.26666689
5.19215775
5.38823509
12.99411869
11.50392342
13.53333282
13.88039112
11.47843170
10.28823566
8.60784340
10.15098190
11.85293961
12.94313717
13.97058964
12.41764736
13.86470509
8.53725624
6.28431416
4.39019680
3.41176486
5.11372614
4.86666679
5.66666698
12.78823662
12.26470566
13.26862812
13.72941399
11.41568375
10.40392303
8.54313946
9.62941170
11.54901981
13.32157230
13.76666927
12.68039036
13.17058945
8.17058945
5.11176538
4.46078444
3.50588274
4.86862755
5.44901943
5.73725510
12.61764717
12.47842979
13.78235626
13.62941360
11.09999847
10.91176510
8.29607964
9.10980320
11.50980568
13.23333263
13.82745361
13.32941246
11.98039246
7.40980434
4.45098019
4.42941141
3.72549057
4.73137331
5.64117622
5.62156773
11.62745285
12.58039379
14.25293922
13.28235817
10.99803829
10.51568794
8.89215660
9.06274605
11.36078453
11.97254848
13.27451324
13.35686493
10.68039322
7.44705915
4.52941227
4.89215755
3.73137283
4.72352982
5.85490227
5.03137207
10.84313869
12.76862907
13.92548943
12.54118156
10.69215679
10.32156944
9.34313488
9.31960773
11.84313774
11.33137417
12.61961079
12.72156811
10.09411812
7.72745132
4.74313736
5.02352905
3.98627472
5.03333378
5.55294180
4.29607821
10.31764793
12.00980377
12.62941265
11.64902115
9.81764698
10.34902000
9.01568604
9.88235378
12.84902191
10.99607944
12.17843342
12.29411793
8.52156925
8.48039341
4.53333378
4.89215660
4.21764755
5.10588360
5.80000019
4.53921604
10.13137150
11.17451096
12.38431644
10.98627949
9.26274395
10.11176300
9.07059097
9.79019642
13.60392094
11.18039608
11.49019718
12.03333473
7.77254963
8.88431549
4.46274519
4.54901981
4.13725471
5.09215736
5.60196114
4.66862774
10.35294151
10.69019604
13.10392284
10.53921509
9.53137398
9.91372681
9.31764698
9.91960716
13.79804134
11.18235302
10.92744827
11.32156849
8.23725510
9.18431473
4.63137197
3.93529439
4.11372566
4.46274567
5.46862841
4.91372585
10.05098343
11.16274452
14.45686245
10.18627548
10.00980377
9.55686283
8.99215603
10.01960754
13.45490360
10.86470509
10.94313622
10.56078339
8.53137398
9.32745266
4.91176558
3.92941165
4.10784292
4.37450981
5.63725519
8.05882454
10.05882359
11.46666622
15.47843361
9.91176510
9.84706020
9.82156849
8.80980206
10.35490227
12.38823795
10.44706059
11.32157040
9.75490189
9.22941208
8.73921776
5.53529453
4.18235350
4.23529387
4.35098076
5.70784378
9.27647018
10.04313660
10.89215660
15.44509983
10.63725662
10.09019661
10.45686340
8.89411831
10.41176701
11.39019585
11.22549152
11.94313717
9.33725452
9.29215717
8.10588169
5.41176510
3.68235254
4.60588312
4.34902000
5.79019642
9.09019661
10.15098095
10.09804153
15.14902210
11.78431511
10.10784435
10.69215679
8.78431416
9.76078415
11.15686226
12.33921814
12.97058964
9.38823509
9.54117680
7.94313765
5.21960783
3.69215727
5.03333378
4.42549038
5.83333254
9.83529472
10.51960850
9.56078529
14.63333702
12.08627701
9.99607754
10.82941246
9.30784130
9.48039532
11.51764584
13.00588417
13.87058830
9.55490303
9.88235474
7.74313736
5.35490274
3.91176438
4.84117651
4.75490236
6.06862879
8.38627434
10.87646961
9.38627529
13.22157192
12.56666660
9.85294247
10.96470737
9.97254944
9.51176453
11.59411812
12.74901962
14.43529415
9.15686417
9.84117794
7.31372690
5.74117708
4.04705858
4.72745085
5.04901981
6.08823633
8.03137302
11.03137016
9.49608040
12.19019699
12.62156963
9.93529415
10.68235302
9.62548923
9.54706001
10.91960812
11.92353153
14.01568699
8.79607868
9.75098038
6.47058725
5.80196047
4.04313707
4.66862774
5.39411783
5.82549095
8.84705925
10.30392170
9.37451077
11.36470890
12.14313698
9.75098133
10.12156868
9.80980206
9.63137341
9.73137379
11.14117718
12.66470718
9.04117584
9.47450924
5.81372499
5.74509907
3.93137312
4.49019623
5.53921556
5.81960821
9.16274452
10.47058964
9.03725719
11.04902172
11.38823318
8.90980625
9.47451115
9.48627567
9.20000076
9.03529358
10.67058849
11.79804325
9.40588188
8.66666603
6.28627491
5.88431501
4.10392189
4.92156839
5.07647085
5.74901962
5.94509840
11.30392075
9.02941322
10.54117680
11.06470680
8.64706039
9.07647133
9.60000134
8.66862965
9.26862812
10.09411716
10.98627472
9.43921566
8.45294094
6.92548990
5.97058773
4.45098019
5.07647038
4.61568642
5.59019613
6.13529587
11.60588360
9.24117661
10.02549171
10.71176624
8.62352943
9.25098038
9.81372547
8.70784378
9.45686245
10.13529396
10.91764832
9.28823471
8.09607887
6.99607801
6.03529453
4.94509840
4.80392265
4.51372623
5.76078510
5.70196152
11.22941399
8.62156963
9.75490189
10.69215584
9.48431301
9.48235226
10.38039112
9.01372623
9.52745247
10.25097942
10.55686188
9.43529510
7.87058926
6.53921604
6.33921576
5.23725462
4.74509764
4.68039274
5.59803915
5.99411869
10.20588303
8.28431416
9.68235493
10.92156696
9.90588474
9.28627491
10.73137093
9.13529491
9.69411850
10.17450905
10.82352734
8.89999962
7.70588303
6.45686245
6.12156916
5.19803905
4.87254858
4.59215689
5.12156963
5.35686302
9.84706116
8.40000057
9.84117699
10.52156925
9.88823509
8.73921585
10.40392303
9.45490265
9.62549114
10.04705906
11.44117546
8.68823528
8.02745056
6.67254972
5.65882349
5.31960726
5.10588264
4.53137302
5.02745152
5.10980415
9.84313774
8.67058849
9.91176701
10.66862965
9.99803734
8.52156925
9.81372643
9.24902153
9.43137360
9.62745094
11.42156982
8.91372395
8.44509888
6.41372538
5.67058802
5.75098228
4.61764717
4.74705839
5.26078463
5.45490313
9.65098095
9.01960945
9.80588341
10.38627338
9.54117680
8.58823490
9.26078224
8.27451038
9.44509697
9.04117775
11.53725529
8.94509888
8.11372757
6.16862726
5.98627472
5.93921614
4.51568604
4.82745123
5.18431377
5.39607954
9.78235245
8.86666870
10.02156925
9.78039455
9.06470680
8.46470547
8.90784359
7.97646999
9.32941341
8.96274471
10.69607925
9.67647076
7.64313793
6.15294123
6.44117689
5.76862717
4.29215765
4.85490227
4.80784273
6.34705877
10.03333282
8.95294189
9.74901962
9.43333530
8.68235397
7.82941055
8.56274700
8.00784397
9.28039455
9.42549038
10.12745190
10.36078453
7.80588388
6.16274548
6.58039236
5.76862717
4.47451019
4.87058878
4.23333359
6.08235312
10.14117718
8.53725433
9.39999962
9.90196037
8.62352943
7.58039284
8.35098076
7.85097980
9.00000095
9.78627586
10.44117641
10.56470585
7.82156992
5.73333359
6.69019604
6.28431273
4.77451038
4.64509869
4.14117718
5.60392284
10.69411564
8.75882339
9.94705772
10.02353001
8.91568756
7.62549067
8.31372643
7.58235264
8.19804001
9.47646999
12.04901981
10.34313488
7.54705906
5.37647152
6.19411898
7.11568594
4.79411745
4.35098171
4.23333359
5.41764736
10.56862640
8.62745094
10.29411888
9.96862793
9.04117775
8.03137398
8.25882530
7.30784369
7.68235493
9.38823509
13.32549191
9.62941360
7.08823538
5.30392170
5.87254953
7.86470652
4.53529501
3.88039207
4.14313698
5.62352943
10.33529377
8.69019604
10.46666718
10.04509735
9.21960831
8.18039227
8.80392265
7.41372585
7.72549009
9.29999924
13.65686417
8.94705772
7.26078510
5.77843189
5.90392303
7.90196037
4.40392256
3.94313741
4.12352896
5.83333397
10.08039284
9.35294151
10.23529530
10.17058945
9.44117641
8.02941322
9.35686398
7.83333302
8.62156868
9.52157021
13.11764812
8.58627510
7.59215736
6.20196247
5.95098066
8.53921700
4.35098124
4.18235302
4.24509811
5.85490131
10.13921738
9.47254944
10.07450962
9.77254868
9.17058754
8.03333569
9.41960621
8.11176491
9.37843227
9.98235512
11.18235302
8.70392323
7.46862841
6.08235264
6.15686369
8.83921719
4.42941189
4.55490303
4.31764698
6.19803953
9.75098133
9.34705925
9.78627396
8.80392265
8.82745171
8.25098133
9.87254906
8.05490303
8.76078510
9.40784454
9.36666679
9.08039379
7.41960764
6.08235359
6.27647018
8.72549057
4.62549114
5.70588255
4.59019613
5.44313669
9.61176395
8.62156963
10.00784492
8.62156773
8.86862755
8.35882282
9.78235340
8.08823490
8.36862946
9.11176682
9.72156715
9.60980511
7.16274500
6.18431377
6.43725586
8.33921528
4.79215670
6.26666737
4.78235292
5.07058811
10.00588322
8.07450962
11.38235378
8.60392284
8.76470566
8.03333378
9.00196075
7.98039389
8.61568737
9.07843113
10.98823738
10.01960850
6.47058678
5.87451124
7.58627462
7.85882473
5.36078453
6.25294161
4.62156820
4.95490265
10.39411736
8.06470680
12.13725567
8.94902229
8.60000038
8.03725433
8.96470737
7.95686483
8.70392132
8.68823624
11.53529549
10.35686302
6.39411736
6.01764679
8.57058716
8.03921604
5.77843189
5.93921518
4.79804039
4.99215698
10.05098057
8.29215717
11.55098057
9.26470661
8.90392303
8.23725510
9.17843151
7.42156982
8.74902058
8.96666813
11.27451038
9.68627644
6.72352982
6.29215670
9.04901981
7.57843304
5.73921680
5.52549124
4.67058802
5.54313707
9.40000057
8.46078491
10.93725395
9.48431587
9.51372528
8.55098057
9.01764679
7.67254972
9.02156925
9.27255058
10.28627682
8.85294247
7.22156906
6.68823719
8.91568661
7.06078386
5.92353058
5.29803991
4.66470575
5.60980415
9.69999886
8.60588360
10.81960869
9.84313774
9.73921680
8.75294113
9.27647018
8.93529510
9.19608021
8.93137360
9.31568623
8.75882435
7.60588264
6.62549067
8.85490227
6.76470804
6.08627415
4.58627462
5.17843151
5.45882320
9.53725433
8.84509754
10.33333492
9.80000019
9.68823433
8.87058926
9.38431358
10.97058868
8.92156982
8.50784206
9.18039322
8.88039303
7.36862898
6.81568670
8.82549000
6.99803925
5.91764832
4.75098038
5.25098085
5.35490227
9.58039284
9.31568718
9.52353001
9.27843285
9.79019547
9.29215622
8.75882339
13.73529720
8.48235226
7.96274471
9.03137398
9.01176548
6.96078348
6.78627539
7.94117594
7.03725529
6.02941179
5.07058811
4.90392160
4.56470680
9.79215813
9.54509926
9.17647266
9.11176586
9.58627510
9.12549210
8.43333340
15.11568642
8.84117699
8.10784435
9.21568584
9.20000076
7.07058859
6.69019604
7.45882368
7.36862850
6.28235340
5.39411926
4.61568642
4.79215717
10.10784340
9.65294266
9.00980568
9.07254791
9.26470661
9.12353134
8.32549000
15.00784492
10.06470585
8.04705906
10.76078510
9.38627529
7.42745113
6.50000095
7.26666737
7.98235464
6.73725557
5.99607706
4.68039322
5.13137245
