26.82353592
24.49804115
21.59215164
20.25882721
19.46274948
18.72549057
18.59608078
18.40588570
18.59804535
19.57451820
18.52941704
19.58235550
18.70588684
19.12549400
19.99412155
20.91176414
21.52549171
24.48627090
25.05882835
24.26273918
23.86274719
21.99411201
21.45882416
21.13529587
19.65294266
20.56078148
20.59607506
21.09803772
20.83921242
19.93137169
21.30980301
20.22549438
20.66470528
19.83725739
21.68627739
21.13921356
24.33137321
22.09607887
19.40000534
21.65490723
21.22549057
20.74313736
20.54117584
21.02353096
21.08627129
20.96666718
21.54117203
21.20000076
20.49607658
21.88824463
20.60196686
20.58627319
18.38039398
19.64706230
19.90587997
21.72549248
17.99803925
17.02352905
18.31961060
18.89608192
19.42941284
19.62549019
20.84705734
19.23529243
19.63529778
19.28823853
18.22353172
17.85294533
19.54118156
17.78431129
16.92156792
16.38627434
17.69411469
17.95490074
19.16863060
16.70196533
16.75294495
16.25882530
16.20784187
17.47646713
16.88823509
17.25294113
15.02549171
14.28235149
13.47843075
13.03529549
12.62156868
13.43333340
13.58039284
12.50000000
14.28431225
15.64313889
15.89215755
16.77647400
16.10392189
16.44901848
15.91960907
15.92156601
15.73921776
14.09411716
13.42157173
13.37843132
11.27254868
11.84117699
10.89019680
11.05097961
11.28235340
12.06078339
12.61372471
14.19019604
15.06862926
14.96274376
16.43529510
16.77254868
16.66274452
15.94705963
15.65294361
14.64117718
11.76470757
10.38039112
11.98823452
10.25294304
11.24705887
9.11764717
9.61372566
10.58627605
11.26470566
13.32549000
14.51568699
15.32941151
15.75490189
16.56666946
17.17647552
17.00000000
16.05686188
15.90196228
13.92745209
11.23529530
9.83921623
12.10392284
9.86666775
10.66470718
8.79215717
9.46863079
11.48431396
11.60588169
14.59411716
15.38235188
15.14117622
16.73529434
16.16470528
16.40000153
16.46666908
15.85686302
15.74510098
12.73137474
10.68823624
9.93529415
11.47058678
9.50392151
10.11568642
9.16666889
10.32941246
12.84117699
13.05490303
15.48823452
16.38431931
15.14313984
17.28235626
16.62352753
16.28431511
16.04510117
15.23529816
14.25490284
12.36078835
10.22352886
9.73137283
10.45098114
9.52157211
10.51960850
9.16666794
11.13333321
14.22353077
13.50392437
15.96470642
16.89411926
15.80392265
16.90000153
16.54117393
16.22744751
15.88039398
14.34509945
13.43921947
11.79607964
9.71568680
9.66666794
9.82745171
9.74313641
11.03529549
10.00588322
11.47254944
14.90588379
13.71765137
15.98431587
16.28431702
15.48627472
15.84902191
16.40980530
15.86862659
15.47451210
13.37647152
12.76862907
11.00000000
9.30391979
9.74313736
9.94902039
10.28235245
10.91960621
10.73529339
11.70980453
14.70196533
14.33529282
16.11372948
16.49020004
15.01764774
15.17058945
15.77254677
15.27646923
15.49607944
12.16078568
12.28823471
10.71568489
9.31372738
9.67254829
9.51176453
10.45490265
11.11176586
11.47843170
11.60196209
14.38823605
15.23529625
16.58823586
16.53137207
15.17451286
15.02352905
16.01765060
16.18627930
15.32549191
12.36666965
11.74705982
11.40000153
9.40588093
9.44313812
8.92156982
10.34313679
11.34902000
11.65490532
12.15098286
14.10588264
15.81176567
16.85098267
15.59608078
14.27450943
15.79216003
16.37843323
17.35294533
15.26078224
12.16862869
11.72745228
11.78431511
9.30000019
9.21176529
9.05098152
10.50784397
11.01764679
11.87255096
13.41961002
14.62549210
16.33529472
16.54509735
15.28823662
13.71372604
18.70392227
18.19019890
20.21764755
15.27842999
12.54117680
11.80784512
11.26470566
9.40980244
9.16666698
9.18823624
10.54901791
11.01176453
12.06470776
13.46470833
15.93529320
16.63137054
15.89412022
15.05686283
15.07451248
21.86666679
21.05294037
22.92549324
15.20196056
13.00196266
11.68039131
10.76470566
9.22745132
9.36078453
9.67058659
11.22941399
11.95686531
12.07843113
13.79215813
16.46666908
16.52941513
15.65294075
15.22745132
17.53333282
24.41961098
24.63137245
23.67646980
14.62549305
12.88235092
11.77254963
10.80196095
9.07059002
9.83725548
10.30588150
11.66274452
12.14705944
12.27843189
13.88823509
15.92941284
16.58431435
16.51568604
16.55098152
19.62548828
24.02156830
24.85490799
22.80588150
14.32745171
12.91764736
11.79215717
10.52353001
8.89215755
9.85686493
10.33333206
11.80980492
12.73725605
12.39608002
13.70980644
16.14313889
18.67646790
21.68039322
21.42548752
22.89608002
23.24509811
24.38039398
20.89607811
14.06666851
12.69215775
11.39804173
10.74509811
8.87255192
9.50784397
10.13725567
11.55882263
12.86666679
12.49411964
14.11568546
16.53137398
20.72941589
26.11176109
23.92156792
24.53529358
22.06274605
23.40588951
17.68627930
14.27843189
12.03921700
11.12353134
10.38431358
8.51372623
9.49215698
9.95490170
11.47254944
12.31764889
12.38039494
14.44705963
16.94118118
22.33725739
27.05294418
23.94705963
21.45685959
15.84705925
18.26862717
13.32941246
14.31765079
11.60980415
11.65490246
10.29411793
8.21372509
9.63529301
9.54117680
11.75490379
11.66862774
12.39215851
13.85686302
17.15490341
22.77647400
24.71765137
21.22549248
17.09804153
11.88823509
13.93921566
12.66274643
14.48431778
11.47843170
12.23921680
11.02353001
8.42352962
9.21568489
9.23137188
11.84509945
11.53921604
12.61960793
13.28823853
17.18235207
22.58235168
19.92745209
16.26667023
13.06862736
10.50980282
11.97451115
13.59019661
14.33529377
11.29411888
12.22548962
10.49019623
8.45882416
8.61764717
9.03921700
11.60980511
11.99019718
12.53137207
13.12941170
17.74117661
22.64117622
17.03921890
12.23529434
9.62156773
9.77647114
11.22941303
15.30000210
13.39215946
11.31764603
12.04117870
9.28039074
8.20784378
8.57451057
9.32353020
12.14117813
11.81960869
12.13725471
13.60000229
18.44902229
22.12549210
14.40000153
10.31960869
8.80000210
9.50784492
12.05490303
15.67450905
11.86078548
11.49999905
10.82353020
9.39803791
7.87647152
8.26862812
9.08235264
11.61960793
12.13137627
12.55882263
14.81176567
20.42745209
20.83333206
12.48235130
9.80392456
8.15098190
9.36666775
13.01176739
16.25490379
11.40000248
12.80784607
10.35294151
8.92352867
7.90392256
7.55294132
9.07843208
10.90588188
12.57647038
13.05882549
15.20784378
22.27255630
19.22941017
12.21372604
9.66470623
7.61764717
8.96274662
13.75882530
16.74901962
11.17450905
12.45294189
10.07843208
8.39215755
8.10196114
7.96078539
9.19019604
10.74509811
13.36863041
12.55882359
15.31568813
22.14117241
18.08431625
12.16862869
9.82156849
8.11176586
8.33725452
13.75490189
16.54117775
10.43921757
12.07647228
10.10588360
8.25882339
7.56078386
7.87058878
9.16078472
11.76862812
13.32157135
12.04117584
16.18431664
21.04314423
17.10784531
12.25294209
10.48431396
8.02549171
9.28627491
14.30784416
17.46470833
9.02745056
11.31960869
10.61960888
8.38431454
6.63137341
7.68431425
8.78823662
11.99411869
12.96078587
15.75294495
20.19411469
21.89608574
16.46862793
13.02745438
11.78431702
8.40784359
10.97058868
14.66666698
17.34313774
8.45882416
10.91372585
10.37058926
8.25097942
6.14902020
7.61372566
8.84313774
10.92941284
13.84313679
17.95294189
21.98824310
23.77450943
15.72353172
13.39804077
14.15294075
9.16274452
11.37058926
14.77843571
17.23529434
8.47646999
10.90980339
9.80195999
7.63725615
6.21764755
7.09411716
9.67843056
10.71176434
14.83137131
18.21765137
21.92157173
24.17451286
15.82745457
13.79608059
15.55098152
10.92941093
11.37059116
14.40588284
17.47647095
7.96862841
10.75490189
10.33529377
7.42352772
6.45098209
7.11568642
10.67647076
12.31960773
15.47059059
18.75882339
16.94117737
20.72156906
17.96274757
15.67647076
15.81568718
14.98235416
13.72156715
13.22941303
17.37843132
7.92549086
10.75686359
10.58823586
7.39411783
6.24902010
7.78039312
11.09803963
15.15098000
16.71176529
19.29411697
9.60784340
15.18431377
19.61960602
19.18627548
17.49411964
20.23725510
16.06470680
14.59411812
17.11372757
8.63137436
10.52745152
10.94509888
7.63725519
5.86666822
8.33529568
10.95294380
15.78235340
17.81176376
18.55686378
6.69803905
12.10392189
16.60588264
20.76078796
18.21569061
20.95098305
16.28039360
16.74902153
16.03725624
8.32941151
10.47843170
12.24313927
8.25098038
5.67254972
10.56078434
10.32745361
14.49019909
18.86274719
15.94117832
5.57647038
8.90000153
12.98627472
19.24313927
18.40980339
18.61372375
16.28627777
19.94510269
14.84313965
9.25098133
9.85490131
12.39804077
8.31176567
6.39215708
12.36666679
9.54901886
12.59215927
17.62157059
12.58627701
6.59803963
9.42549038
12.11960793
14.63137436
17.91569138
16.48823547
17.96862984
21.93921089
13.29215622
10.47451019
9.33137321
11.60196114
8.25098038
7.14902067
12.40588284
10.09803963
13.00980377
13.75686359
9.15882397
9.45686340
10.64901829
13.16274643
10.88823509
17.46274948
16.89216042
21.80980492
23.28431702
12.57843494
11.08039284
8.80392265
10.28235245
8.17647171
7.00980330
11.41176510
11.52549076
13.94118023
10.74117661
7.75098038
9.44902134
10.31764984
13.78823566
10.03137398
17.93529701
22.26667023
23.70588303
22.20784187
12.19019604
12.23529339
7.08431387
9.10588169
7.22352982
6.78235245
9.14902020
11.79019356
14.35882568
9.33921719
7.60784388
8.11176395
9.40784264
14.98431492
13.38627529
20.99803925
27.20000458
25.25294113
21.84509468
11.86470413
11.10980606
5.56862736
7.90784264
6.70980358
6.50588274
6.90980482
11.15686226
13.20784473
8.55686283
8.07254982
7.57254887
8.60980415
16.02353096
17.50980568
23.06470490
27.28432465
25.65098763
21.44313431
12.20784187
9.40588188
5.04706049
6.93529320
5.61568642
5.80588198
5.01372623
9.83333492
10.81960773
7.57843256
8.54509926
9.26274490
8.33529472
15.50392246
20.15490532
25.48039246
26.36078453
23.09411621
20.19019890
12.41372585
8.51372528
4.94705963
5.82549000
3.73725486
4.39607859
3.69411778
8.34509945
8.12549114
7.09215784
9.81176567
11.68235397
9.40784168
15.04313850
19.74706078
25.64706039
22.84705734
18.13921928
18.22745132
12.38431454
7.80000019
3.96862793
4.51764774
2.57843184
2.37843180
2.95098066
6.12941170
4.67450953
6.37058926
11.27451134
14.94313812
13.96274471
14.76862621
17.90000153
23.26274681
17.20980453
11.23529339
16.34902191
12.26470661
7.51568747
3.31372571
2.88235283
1.88431394
0.52549022
2.22745132
4.12745190
2.72941208
5.34705925
11.50392342
16.23137474
16.58431435
13.15098000
17.44117737
20.23529625
13.54510021
8.50392246
13.50784302
13.74117851
6.89411879
3.59607863
0.97843146
0.90000015
0.22156864
1.80000031
3.59607840
2.63137293
5.07451010
10.71176624
15.69019604
17.50980377
14.20000076
18.35882378
16.77451134
11.42157078
8.76862717
10.70784569
14.72549152
6.75294161
3.40196157
0.69607848
0.32549021
0.22549021
1.52941215
4.07647085
5.92941189
5.82156897
10.77058887
13.37254906
16.27843475
18.27450943
20.58627892
14.88627815
11.30784512
9.60784340
9.80588341
14.43725681
5.97058821
3.29803944
0.88431382
0.30980393
0.48823529
1.36862767
4.98235226
9.80588341
5.54901981
10.09215736
10.27254868
13.13333130
19.26862717
22.36470604
13.78235435
11.76666927
11.56078339
9.69804001
13.69215965
5.67058849
3.78235316
1.07843149
0.48235294
0.49803922
1.56862783
5.75294161
11.05686474
5.75882339
8.29411793
7.96666670
12.07059002
17.91372681
21.55294418
13.81568909
12.13725471
12.08431435
10.39999866
12.89215660
6.14509869
3.55294132
1.83333361
0.57058829
0.34705883
2.00980401
7.12745190
10.11176491
6.11764717
6.79607916
6.79019642
13.21960926
16.33333397
21.73333359
12.13921738
12.02352905
12.28039455
11.95882511
11.90392208
5.68823528
3.06666684
2.93529439
0.55686283
0.20000000
1.71764731
7.77843189
9.29215908
7.26470566
7.36078548
7.65490246
12.55098248
16.46862793
22.46471024
9.70784187
11.42156696
12.73333359
12.55097866
11.09412003
6.21568680
3.49019623
2.96274567
0.42549020
0.14509805
1.19607854
7.91960907
9.73921776
7.14705849
8.88431549
6.57647085
11.74117661
19.67255402
24.00196075
9.03725719
11.20588303
13.31961060
11.62745094
10.41176510
6.31568623
3.36862779
3.48823595
0.30980393
0.15294118
1.01372564
7.66470671
9.43137360
6.28431416
9.88235378
6.00000000
14.31960869
23.22549248
22.50980759
9.24705887
11.19411945
12.23529530
10.20980453
9.37058830
6.60784340
3.39607882
4.72941208
0.29803923
0.15294118
1.05490208
7.24117661
7.73137379
6.01764727
9.90980339
5.78235292
21.79804039
25.10783768
18.09411812
12.48627758
12.17255020
10.66274548
9.54117966
9.24901962
6.89803886
3.32745099
5.20588255
0.25882354
0.15490197
1.21764708
7.31176472
6.87058830
5.16274595
9.98039341
8.01176548
25.12157059
22.57059097
14.20588207
13.34509659
12.28627396
10.08627415
9.95882511
9.91568756
7.51568699
4.09607840
5.63529491
0.15098040
0.17843138
1.24313736
7.30784321
6.89804029
4.01764727
9.85882282
13.66078377
24.24901772
18.57058907
12.60392284
13.00000095
12.56078434
10.89411545
10.45882416
9.93725586
7.71372604
4.76274538
5.51764822
0.15294118
0.35098040
1.27254915
6.83921623
7.34705877
3.47254920
9.54117680
16.79019547
21.25293732
14.79608059
11.45294189
12.67058945
12.34509754
10.99607849
10.63921356
9.78039455
7.93921661
5.59215641
4.87450981
0.14313726
0.26274511
1.60588241
6.70588303
9.75294399
3.51764727
7.96078396
17.67255020
17.19216156
11.03529453
10.96470547
12.03529358
11.99607849
11.23137283
10.63333416
10.13921547
8.10392284
6.04509830
4.89803982
0.18235295
0.24901961
1.45686293
7.77843142
13.14313889
3.70196104
6.22549105
15.87843323
13.29019833
9.97254944
11.82156754
12.16666794
12.00392246
11.67451096
10.35294247
10.12549114
8.56078434
5.94117737
5.49019623
0.28039217
0.20980392
1.40784335
9.40980530
15.18627644
4.18823576
6.48627424
14.07254982
9.46274662
9.64117622
11.70784378
12.11176395
11.52353001
11.30784416
10.97058868
10.83333302
8.57843304
5.32156897
6.16862822
0.28235295
0.12941177
1.45098042
10.58039379
15.12549114
6.38431406
7.30196095
11.66470528
9.71176529
10.04117775
11.75882339
12.27255154
11.75882530
11.17843056
11.40588474
11.02941322
8.58039284
5.41960859
6.44901991
0.29019609
0.12745099
1.38627470
10.35882568
13.68823624
8.82549000
7.07254887
10.51372719
11.63921547
10.22941399
10.88235378
11.77058792
12.56862545
11.58235264
12.26078415
11.12744999
8.85294247
5.47843170
6.32156944
0.41960785
0.15882353
1.70000029
9.64117622
12.21176434
10.61764812
6.57058811
9.67451191
12.64901924
10.28823757
12.33529663
10.54509735
12.96078300
12.51764965
13.31176662
10.60392380
8.43529510
5.53137302
6.34901953
0.56862748
0.12941177
2.03137279
8.25294209
11.80588245
11.49215794
6.11960840
9.48235416
11.66470623
10.36274624
13.39019775
10.94313812
14.07058811
12.67058945
13.82156944
10.92353058
7.67058849
5.00980425
6.44509792
0.52745116
0.11372549
2.51176524
5.90196133
12.97647095
11.94902039
5.16666651
9.76470566
10.81960773
9.96078491
11.89803982
13.25686169
14.44314384
12.96470737
14.55686569
10.84117603
7.49411821
4.79803896
5.89411783
0.84705901
0.19411765
2.97451019
5.15882349
14.04509735
12.13529396
5.66274500
9.74510002
9.90196037
10.48627567
10.82353020
12.82549000
13.32549191
13.04509926
14.32941246
10.52156734
7.40784359
4.80000019
5.02156878
1.01568651
0.23725490
3.28039265
4.49803877
13.66862869
11.32744980
7.29999971
9.30784225
8.71568584
11.20588398
10.47255039
10.81960678
12.00000000
12.60588264
14.34313869
10.02156830
7.66078472
5.22156858
4.97058916
0.85686302
0.35686275
4.12352991
3.55098009
12.67843151
11.60588169
8.44313717
9.86862946
8.76666832
10.90196419
10.17451096
10.49411774
11.33333302
12.27254772
14.01764870
10.78627682
7.39803982
6.72156906
5.07646990
0.92549044
0.75098044
4.80784273
4.19803953
10.79019642
13.58823586
8.69411755
10.61568642
9.24705791
10.75097847
10.41568470
10.66078472
11.59019852
13.09804344
13.11960888
10.78235245
8.05490208
7.38431454
4.41176414
0.88235313
0.71568632
5.46078444
5.20980453
9.36078548
13.42549038
9.13725662
10.74509716
10.03137493
10.86274529
10.95882702
11.07255077
12.40196228
14.83137131
12.53137398
10.82156658
8.75686359
7.82549095
4.04705954
0.79803926
0.45098042
8.32744980
6.66078424
7.79411793
12.56470680
9.74313927
11.10980320
9.61960697
11.38235569
11.78039265
12.85293961
12.91372681
15.15294170
12.32941341
11.44117641
8.72352982
8.60784340
4.35686255
1.16862762
0.86274517
10.32941437
7.51176643
7.07451057
12.68235493
13.38431740
11.44705963
9.75097942
11.66274738
13.87451172
13.02745247
12.87255001
15.37255001
11.94902420
11.67255211
9.15882301
9.81568718
4.96274471
1.82941186
2.13529420
10.58823776
7.33333349
6.21764851
12.18823719
18.89804077
11.39019775
10.11372566
10.54117870
13.62744999
12.48627663
13.45686531
15.39411736
12.34509850
11.11176777
9.66274548
9.80392075
4.86666727
2.32745123
2.88235307
10.09019756
7.05490255
6.86470652
11.56078434
20.08039665
11.76862907
10.75686550
9.74705982
13.09215832
11.93921661
12.70392323
14.42941284
12.07059002
10.61568642
9.36666679
10.75098133
6.00588322
2.34313750
2.83529425
8.61372471
6.65098047
7.26666641
10.15098190
19.04117584
12.07843113
12.67843151
9.39215851
11.02156925
11.78627586
12.30588150
13.57254791
12.25294113
10.17451000
8.47058678
11.55882454
7.27843285
2.13529420
3.74509835
7.33529472
6.51568651
7.65098000
8.47451019
17.18431282
12.29019642
12.35098171
8.45293999
9.80392170
11.81372547
12.92941093
14.51568794
12.93333340
10.35686207
7.22745180
12.63725471
7.50980425
1.86274493
4.31764746
6.97843122
5.65098000
7.58431435
8.69215775
15.64705849
13.03333569
10.52548981
8.62745285
10.12549019
11.60392094
14.32353115
14.53333569
12.74313927
10.61764812
7.07647085
12.99411964
7.10000038
1.57254899
4.25686359
7.07254982
5.39019680
7.85882473
8.70392227
14.89215660
12.26862907
9.04117584
9.02156925
10.46862698
11.50391960
14.60000229
14.52353001
12.56862831
10.79803848
6.99607849
13.07450962
6.65686226
1.53137290
4.01764679
6.00000000
5.48823643
8.46470642
7.18823481
15.59215736
12.43725395
8.28235340
9.59803963
10.76666451
12.19607925
14.10980415
14.88627815
13.00784302
9.98235416
6.55490255
13.27843094
6.57646990
1.49215710
3.80392218
5.28235340
5.43921566
7.79607868
6.92156887
15.88627911
12.97451019
7.90392256
9.39019585
11.03137493
11.77058792
14.59411907
16.02352905
12.77451038
9.64509869
6.23529434
12.04117775
6.17647171
2.29019642
3.62941194
4.18627453
5.61764622
5.80392170
6.90196180
15.45686245
12.93137360
9.12156677
9.08235264
10.39215660
10.78235435
15.48627663
15.96666718
12.67843246
9.85882473
5.28431368
11.72352982
5.55686283
2.60196090
3.91372609
1.92352962
5.81568623
4.91960907
7.02549076
14.55490303
11.64313793
11.21372318
9.01960754
9.40980530
10.65294170
16.00392151
16.00784683
12.69804096
10.16666603
4.31960821
11.42353058
5.42352962
2.34705877
5.14509821
0.82941186
5.46470690
4.59607840
6.87843180
14.20392323
9.99804020
12.69411850
9.88039207
9.73137379
12.29215622
16.52353096
16.54901886
12.73137188
9.82156944
4.38627434
10.76274490
5.31568670
2.24509811
5.31372547
0.33921570
4.35882378
4.35294151
6.99804020
14.93333626
9.53725433
11.85882473
10.32745171
10.19607925
12.79019833
15.37647057
16.30195808
12.49607944
9.52941322
4.44901991
9.91961098
5.07843161
1.95686281
4.28627443
0.29019609
4.23333311
4.02745152
8.36274529
15.63333416
11.14705849
11.32549095
10.58039379
13.81568909
12.21176624
13.73725414
15.74901867
12.69804001
10.93921471
3.76666737
9.66078568
4.80196190
1.45490205
3.23725533
0.20392157
3.90392184
3.50196075
9.26666737
15.57058907
12.03725815
12.31764603
11.36862850
17.40588188
12.26274681
13.22156906
15.67843246
12.15686607
12.34509945
3.29019642
9.42156887
4.08627462
1.46078432
2.48823547
0.62745106
3.32352972
3.00588274
10.30588341
15.09215736
11.89019775
13.17255402
12.42353058
17.76274490
12.15882397
13.21372700
15.77451038
11.40195942
12.00588131
3.23137283
8.81764698
3.40588236
1.39607859
2.34313703
1.22941184
3.04313731
3.31372571
9.79999924
14.64509678
11.40000153
13.70392036
15.19411755
16.60000229
12.26470757
13.58235359
16.11960793
12.45098114
12.94705963
3.02745152
7.56862736
2.75098038
1.39803934
1.68627501
1.41568637
2.62156844
3.74705887
8.76274490
15.36470604
11.43529606
14.06470776
18.05882263
14.62353039
13.05882454
14.25098228
15.39411926
13.48627377
14.21372700
2.50980425
7.00784254
2.54509830
1.40196085
1.42745185
1.65294111
3.23725486
4.29411840
8.13725567
14.33725643
11.42745304
14.60000420
18.54706001
11.35098076
13.91372490
15.10196114
15.14117622
13.43921661
14.57647228
2.08823562
6.21176481
2.91176534
1.57450986
1.59607923
0.89019614
3.94705915
4.04705906
7.33529520
11.80000114
11.20784473
15.86666965
17.52353096
10.35490131
14.45098114
15.45098114
14.59804344
13.23529530
14.99803829
2.19019628
5.60980511
3.49803948
1.52352953
1.72745180
0.14509805
4.09804010
3.78039241
7.24705839
10.01764774
11.73529530
15.98431683
15.49019623
9.96274471
14.38235188
15.41372871
13.83921528
13.41568661
15.16862774
2.62156892
5.57058859
3.66666722
1.57647085
1.92745161
0.21568628
3.78039265
3.85294175
7.94313812
8.63137245
12.31764793
16.59607887
15.00196362
10.31372643
13.07647324
15.09215832
13.75294495
13.68431473
16.12352943
3.22352982
5.90588236
3.73529482
1.66078460
2.22745085
0.42549020
3.52549100
4.17843151
9.02156925
8.30588341
12.39608002
19.00588608
15.96666622
10.59019566
13.34313869
15.39215851
14.13725471
13.25098228
17.45686340
3.96078444
6.08627462
3.75490212
1.10980403
1.67843187
0.54117668
3.36078429
4.78627491
8.61372471
8.29803944
12.27450943
20.62549210
17.03921700
10.89607811
13.59019756
16.97059250
14.19216251
14.59019661
18.59019661
4.58235312
6.03725481
3.52941227
0.52745104
0.80196095
0.48823529
3.09803963
4.80784321
7.97843218
7.63529491
11.79804039
22.30784225
16.21961021
11.10588264
13.24117661
16.84313965
14.18039131
14.91960907
18.47058868
5.36078501
5.94509888
4.12352943
0.27254903
0.47254902
0.54509819
2.75098038
4.93725538
6.86666679
7.22156906
11.07058907
23.32549477
15.23529530
11.90588570
11.70980835
14.57451057
14.08235455
14.48235416
18.20980453
5.82549143
5.95686293
4.57254934
0.34901962
0.36666667
0.52549028
2.57647085
5.22941160
6.65686321
6.84117699
10.76470661
23.23529625
16.00000381
13.52353001
10.26078510
12.29019833
14.56078720
14.54902077
18.76470566
5.66862726
5.48039246
4.44705915
0.23137255
0.32156864
0.53333348
2.46078444
5.49215794
7.39607859
7.03137255
10.75098228
22.71176910
19.47254944
14.58431721
9.93725681
11.41960907
14.88235664
13.88039112
19.32156754
6.02745104
4.46862745
4.73725605
0.29803923
0.62941200
0.47647059
1.98431385
5.86274576
7.90196133
7.52352953
12.16274643
20.77059364
21.69215775
14.83333492
9.99411869
13.40588284
14.96862602
13.77451134
19.74901962
6.68823528
4.42745161
4.52352953
0.37058824
0.80392200
0.37254903
2.09803915
6.31764746
8.23137379
7.55490255
13.58823681
18.84117889
24.25294113
16.43921661
9.07254887
16.11960793
14.96274662
14.10980606
20.25882530
7.52549219
4.55686331
5.10392189
1.19803953
0.90980411
0.47254902
3.67058873
6.35294104
8.62157059
8.11372375
14.11568546
16.77647400
26.56666946
20.37647438
9.25490284
17.90784454
16.02745247
14.93529606
20.22941208
8.69804001
4.16078472
4.65294123
1.70392191
1.19215703
0.78039259
4.38235331
6.10588264
9.07843113
8.23137283
13.45294476
15.96666622
25.82352829
21.51372528
13.87255383
17.82745171
17.83725739
15.93137550
20.54314041
8.79019547
4.41372585
3.81372571
1.78823578
1.27058828
1.01764739
4.97647142
6.09019613
10.24313641
8.22352886
13.09804058
14.89608002
23.02157021
21.36667061
23.31960678
17.78823853
18.38823700
15.67255402
21.82744598
8.36470699
4.48823595
2.80980372
2.09607887
1.53137279
1.52549064
4.59803963
6.37254906
11.64902115
8.65098095
12.96274471
14.15882492
19.81960487
21.21764565
26.26862717
18.17647171
17.59019661
15.39411640
21.10196304
7.95098162
4.15490198
2.55294180
2.70588279
2.60000038
1.74117684
3.62352943
6.27058935
11.78823471
8.58431435
11.92941189
13.27647209
18.14902115
20.76863098
24.88627815
20.10391998
17.57255173
15.81568527
20.22157097
8.11764908
4.30784273
2.79411817
3.45294166
3.85882401
1.91960824
3.86274529
6.21372604
11.68235397
8.63921547
10.56470680
12.54509735
17.58627510
19.63333702
22.52353287
22.09019279
17.82745171
17.16863060
20.42941856
7.83333349
4.87058926
2.78039217
4.87254953
4.55294132
2.76274538
4.45294142
6.05098104
10.92745304
9.44705963
9.11176491
11.65294170
15.83137226
16.61372566
19.19019699
23.62549210
18.13137436
19.91960526
19.53137779
8.33333397
4.89803839
2.73725557
5.89607954
4.99215698
3.85098100
4.69803905
5.98431349
10.09804058
9.60196304
8.14313698
11.77647114
14.33725452
14.96666908
16.24117661
22.81765175
18.06274796
21.96274567
17.83921814
8.53921413
4.37450981
2.61568689
6.71960783
5.21176481
5.07843065
3.76274490
6.21372604
8.46666622
10.16666603
8.31960869
11.58431530
13.66862965
13.78627491
14.94902420
19.31960678
17.80000305
23.71177101
15.87843418
8.51568699
4.19215727
2.23529458
6.60196257
5.38431406
5.00784349
3.73725533
6.12549114
8.20784378
10.53529453
8.74313831
11.79804230
14.53529263
13.62156868
14.39411831
16.90784645
17.71568680
25.31568909
14.81176853
9.10588360
4.44313717
2.36470628
5.92156887
5.93725586
4.50392199
5.07450962
5.60784388
7.91176510
9.94902039
8.56274509
11.56470680
13.87451267
14.37843132
15.35686493
16.95686340
19.49803925
26.44314003
15.01960945
9.50196171
3.80392194
2.21372557
5.46078491
5.79411745
3.97058797
6.29215765
5.11176443
7.67451000
10.13333416
7.97843170
11.50392246
12.95490360
14.81568718
15.48823833
18.39608192
21.05882072
26.95294571
15.12156963
9.68627644
3.36470628
1.99411786
5.18235350
4.96274519
3.83333325
7.46862745
5.09215832
7.55294132
11.00980377
7.44705915
11.55490303
12.87451363
14.56274796
15.62549210
19.86862564
22.20000458
26.78627396
15.15098476
10.49607944
3.72745156
2.14901972
5.30392170
4.27058840
3.87058854
7.30784416
5.46666622
7.75686359
11.00980473
7.34509850
11.41568756
12.87450981
14.50588417
16.69999886
20.05882263
23.39999962
25.91764832
15.76862812
10.86470795
4.08627510
2.31176472
5.30000019
3.37647104
3.40588212
7.44901991
5.60784435
8.13333321
10.51568604
7.17647028
11.91176510
12.68431282
15.03529358
17.75882149
19.72745514
24.07058716
24.58039284
15.88235378
10.33137226
4.41764688
2.63725567
5.13921642
2.49019623
3.16274548
7.83921528
5.84313774
7.83725452
9.46470451
6.62549114
12.37647152
12.82549191
15.04313660
17.52941322
19.61372566
25.80980873
22.31372833
15.32745171
9.93333435
4.76470566
3.11568689
5.07451057
2.04705906
2.51372576
7.75098085
5.95098019
7.45882320
7.93333387
6.43529415
11.94509697
12.36274719
15.00784302
15.91960907
20.38627815
28.08431625
21.28431892
16.26078606
9.89215851
4.65686226
3.38431454
4.87843180
1.64901972
1.91372573
7.42745209
5.60980415
7.24705982
7.01176596
6.49804020
11.14901733
12.92548943
14.46667004
15.19607830
21.03137398
28.34706306
19.43333817
16.96666718
9.78235435
4.69019651
3.64705896
4.81176567
1.34313762
1.57058847
6.33529377
5.67254972
6.71176434
6.53333378
8.03529358
10.52941227
12.79607868
14.02156925
15.00392532
21.36863136
28.83726120
17.56863403
16.94314003
9.74313831
4.86862707
3.90784335
5.06862736
1.39019644
1.41960800
5.92941141
5.37450981
7.13333416
6.00980425
8.86470604
10.60000038
13.59804153
13.90784454
14.82941246
20.67450714
28.80196190
16.72745132
17.20980835
9.46078587
5.52156925
3.92352962
5.45294189
1.35882390
1.03529418
6.04117632
4.99019670
7.94705915
6.04117680
9.41176701
10.82941341
14.10588455
13.34510136
15.31764793
21.00588036
29.29412079
16.51960564
16.41764832
9.50392246
5.55686331
4.40588188
5.70196199
1.33921587
0.71176469
6.07451010
4.95294142
7.88823652
6.26470613
9.69607830
11.43921757
13.96470833
13.38431549
16.27647400
21.77451515
28.46079254
16.81372833
15.89411736
10.33725548
6.91960907
5.96274519
5.77450943
0.86470598
0.75490201
6.12941217
5.22941256
7.37254953
6.08235264
10.20392227
10.78039360
14.81176376
13.06863022
15.87647057
22.55882645
27.08627510
16.74314117
14.40980530
10.85686302
7.56470680
7.69411850
6.38627529
0.64313740
0.71960789
5.74902010
5.68039322
7.73725462
5.73921633
10.71372509
11.03921700
14.61764622
13.77058983
14.80196190
22.95882034
26.39607620
16.24313927
14.70196152
10.65490246
7.53725433
9.12941265
7.60588360
1.07254910
0.78039217
5.23725557
6.45294094
8.72549057
5.76078367
10.67843246
13.84706402
13.57059002
14.17647266
13.85686398
23.38235664
25.66274643
16.97843361
13.74901962
10.31372643
7.17647076
9.88235283
8.45490265
1.62156880
1.26470602
5.21372604
8.21372604
9.97647095
6.07254934
10.61568737
15.35490513
13.97254848
14.11176586
13.70196056
22.98823547
23.04509544
17.79804230
12.44510078
9.97647285
7.49999952
10.98039150
8.53529549
2.05294156
1.49803925
5.23333359
10.54509830
12.83333206
6.55686331
10.69019604
14.54117584
15.34117794
14.54117966
13.53921700
21.58039284
20.95490265
18.70980453
11.66471004
9.56666660
8.35882473
10.81960773
8.65294075
2.44902039
1.53529429
5.10588312
11.88823700
14.60588360
6.61764812
10.48235321
13.49608135
15.42352962
14.59411812
13.81568813
20.20980835
20.01176453
19.50784302
11.00784492
9.06862736
9.71960831
9.84117794
8.88235378
2.96274543
2.01568651
5.16078424
12.11764717
15.20784473
6.55294132
9.57058811
14.14902306
15.30588341
13.53921795
14.47842979
18.57450867
18.98039246
20.44313622
9.68235397
8.88039207
10.81372547
8.53333378
8.37254906
3.83529496
2.07647085
5.40196037
11.73333359
15.28235435
6.45490170
8.74509907
15.93137455
15.16078568
12.81176376
13.93333244
18.42745399
17.98039055
20.71764755
10.10392380
9.34117699
11.25882530
7.07843208
7.51176548
5.17843151
1.80980396
5.09607887
11.30392265
15.87843227
6.62549019
8.85490227
17.67255020
13.96862602
12.84705830
13.84117603
19.05098343
17.40784454
20.01176453
10.50588608
10.40980434
11.23921490
6.14705849
5.93137360
5.73725414
1.86862767
5.09215736
11.23333454
15.40000057
6.84509945
8.91764832
17.28627586
13.26862717
12.78431416
13.21372700
19.29215813
16.38431358
19.83921623
10.32156944
11.72548866
10.53137398
6.04509878
4.45686293
6.47058821
2.07058859
5.49411774
11.34902191
15.49020004
6.39215803
8.37451077
16.65293884
13.14313889
13.76863003
13.61568832
20.11568642
16.07451057
19.23137283
10.66862774
11.46666718
9.95686531
6.40000010
4.39803982
6.89019585
1.95490217
5.40980434
10.86470509
14.83137417
6.53529501
7.91568756
15.49215889
13.48627377
14.68235588
15.26862907
20.06666946
15.69411659
18.81961060
10.65490437
11.14705849
10.13725758
6.98235416
4.68627501
6.85294104
1.68431377
5.45098019
9.79804039
13.26666737
7.94509745
7.61372614
13.79804420
13.53921509
15.06274796
17.44706345
20.04117775
15.24117756
17.05098343
10.42941380
10.99019623
11.15490150
7.14509821
4.53333378
6.19215775
1.51960790
5.73921585
9.10784340
12.67647266
10.37843323
7.70196152
12.16862774
12.93137360
14.87451172
20.30196190
19.80196381
15.59804249
15.64117813
9.93529224
10.30980492
11.33725452
7.14509773
3.97450972
5.86862803
1.07843137
6.35294151
9.81176472
13.46666813
11.50784111
8.09411716
11.17058659
13.16666603
14.70980549
22.41960716
19.51176643
15.59216022
14.31176567
9.90588284
9.10588360
11.91372681
7.25294256
3.75490260
6.40196133
0.88235295
6.06274509
10.78235340
15.44117928
14.11961079
8.10980415
9.97255039
14.34902191
15.57647133
23.36274910
19.23332977
15.31960773
13.03529453
9.65098000
8.97058773
12.43921852
6.96274567
3.46078467
7.02156830
0.81764716
5.93333387
10.76862907
16.87059212
15.74509621
8.13137436
9.23333359
14.36274624
16.03137207
24.22156906
18.57058716
16.04706001
12.70588303
9.79411888
11.04902172
12.09411812
6.85294151
3.44117689
6.69411850
0.70784318
5.62156868
9.85097980
18.22549248
15.86470604
8.13921547
9.43725586
13.59411907
16.41960716
23.48431587
17.80392265
16.14706230
12.60000134
9.93529510
14.72941399
11.52549171
6.82352924
4.01372576
5.58235312
0.80000001
4.92745161
9.26862812
17.60196114
15.00784302
8.05294228
9.62156773
13.36666584
16.24313736
22.80588341
17.15882301
15.76862812
11.92941189
9.47843170
17.86274338
10.10980511
6.53333473
4.26274586
4.48823595
1.25686312
4.79411697
9.96470737
16.32156754
14.71568584
9.42941284
9.01764679
14.74117661
14.64117622
22.12156868
16.59804153
16.57255173
12.21960926
8.72745132
19.02352905
9.22941017
6.80588198
4.14117718
4.12941170
1.65490222
4.49607897
9.67647266
15.24117661
14.65098381
10.23333454
8.51960754
16.05294228
13.80784512
21.24902344
16.47255135
16.87843323
12.32941246
8.02941227
18.91765022
9.32549095
7.54706001
3.85882354
3.85294151
1.97647119
4.17058849
8.13725567
14.43333626
14.73333359
11.20784378
8.60784340
16.64509964
13.17451096
21.05097771
16.57451057
17.22353363
12.70784378
8.01372623
17.42549133
10.26274586
7.28627491
3.68235326
3.53137279
2.43333387
4.05882359
6.81960773
13.80392361
14.46274567
11.26274490
8.80000114
16.66078377
12.26274776
21.11960793
15.28627491
17.96666718
12.81372643
8.38039112
16.68823433
11.32941341
6.33137274
3.11960793
3.12745094
2.91960859
4.15098095
6.49411774
12.95686436
13.25490475
11.11176586
9.35686302
15.84117985
11.79019737
20.51764870
15.13137436
17.70392227
12.56666851
8.40588188
16.07647133
11.75686455
6.46470594
3.23529434
3.25490212
3.61176515
3.73333311
6.35294104
11.74902344
12.05882549
10.19608116
8.89019585
14.92156982
11.46274471
20.18038750
15.84902096
18.07058716
12.09019661
8.45098209
16.23725700
12.54509926
6.42745209
3.31764674
3.04902005
4.55686283
3.82941198
6.02941179
10.29803944
11.76470661
9.17450905
9.16666698
15.63333416
11.49608231
19.57647133
15.25686264
18.93529320
12.36862850
8.57647324
16.14313889
12.00980473
5.95098066
3.12549043
2.81764746
5.18627453
4.59215736
6.11372566
9.97254944
11.53333473
8.64117622
10.16274643
15.66666889
11.77647018
18.93333435
14.44902229
19.34705925
12.05490494
9.18431377
16.96862984
12.04705906
6.25882435
3.49215651
2.99215722
6.20000124
4.72548962
6.47647142
9.21372604
10.85490322
8.48823547
11.60000134
15.09411812
11.67647076
18.95882416
14.75098133
19.57647324
11.45490074
9.06862831
17.23725700
12.49215698
6.09803963
3.77843142
2.69607878
6.28431416
4.65882349
7.11960840
8.41568661
10.34313965
8.76078510
12.70392036
15.07254887
11.81764793
18.51765060
15.02940941
19.17451286
10.91960716
8.73137379
17.39999962
12.15686417
5.93725538
4.23529434
3.06078482
5.91372585
5.82549047
7.91960907
7.98627472
10.78823376
10.04509735
13.39215755
14.03921509
12.55490208
19.35882568
15.04902172
18.61764717
10.55490112
8.77255154
17.73333359
11.74117756
6.14902020
4.11568689
3.30784345
5.14509821
6.02941227
8.26470566
7.87450981
10.78627396
10.34705925
13.29804039
14.18038940
13.27254868
19.46470833
15.16470623
18.57843208
10.70000076
9.22549152
17.91765022
11.77451134
6.20196199
4.01176500
3.52548981
4.34509850
6.28627539
9.20588398
7.78823566
10.17646980
8.72352982
13.17058849
14.29999924
14.66666794
18.46078300
15.49412060
18.62941170
10.94117737
9.82156944
18.12157059
11.67059040
5.87254858
3.82745123
4.61372614
4.17647123
7.18823624
9.69019699
8.32352924
9.88823605
8.38431454
13.32549191
14.15294361
15.16470718
18.14313889
15.04706097
18.46274567
10.76274490
10.25490379
18.60980415
11.59999943
5.48823500
3.65294170
5.73333359
4.38235283
7.68235350
9.30000019
9.40980530
9.52353001
8.78823662
13.95294285
13.78627491
16.28431702
17.92156982
14.90000439
16.59607887
10.40980434
9.69411659
18.49411583
11.64509678
5.35686255
3.67451000
5.81372547
5.15098095
7.52353001
7.78235435
9.28627396
8.87646961
9.50588417
14.61372757
14.02353096
17.17646980
17.49411774
15.42745113
15.28039265
10.03137207
10.24705887
19.30784225
12.70392132
5.36078548
3.82941175
6.20784378
6.33137417
7.64117622
6.90980339
8.84902096
7.60196161
9.27647209
15.09804153
14.31176662
18.49411774
17.34313965
16.43921280
15.46666718
9.78235531
10.00588417
20.24313354
13.61176300
5.26666784
3.90980411
7.14509821
6.83725595
7.49804020
6.66862726
8.34902000
7.05490303
8.70392132
15.48039341
15.41568661
19.20784760
16.39411736
16.57842827
16.26078606
10.00000095
9.70392132
20.76666832
15.18823433
5.26274586
4.48235273
9.48823643
7.28823519
7.31568766
6.46274519
7.78235340
6.37254953
8.94313812
14.51764679
15.71960926
18.79216385
15.24117374
16.77647018
15.59215641
10.56274605
11.26274681
20.64902115
17.08431435
5.22941160
5.27058840
10.00980568
7.26666737
7.71960735
6.68431473
7.55097961
6.18039274
8.81568718
13.20980453
15.90392208
17.78431129
14.47450829
16.55098152
14.50000095
11.14117718
12.70980453
19.55686188
19.22549248
5.41372538
6.24705839
9.04509735
7.24509907
8.47254944
7.21960735
8.12745094
6.71372652
9.27254963
11.38235378
15.83725643
16.90392113
13.45882607
16.10196114
13.86862755
12.03725529
12.72156715
18.89411926
20.13726044
5.76274490
7.22549009
8.25490284
6.92549038
8.74705887
7.18823624
7.83921623
6.61764669
9.64117527
10.44313717
15.76078701
15.38235664
13.65686226
16.65490341
14.03725529
12.91960812
12.46078682
18.80588531
19.71764755
6.47843170
7.92549133
8.31568623
7.24313784
8.82156944
7.17647028
7.57058859
6.67451096
9.10392189
9.95490265
15.44902134
15.08823681
13.44313717
16.87843323
13.78431129
13.68627548
12.21372795
18.36470985
19.64313507
6.87451077
7.80980444
8.85097885
7.61176491
8.62941265
7.27058744
8.21960926
6.69411850
8.40392113
9.21568680
14.82548904
14.83529472
13.02156734
16.74902153
16.61176109
14.08627605
10.06078529
18.50980377
18.45489883
8.45294285
7.25686264
8.47254944
8.46666813
9.29411888
8.35882378
9.36470509
6.13921642
8.15294170
9.41568661
13.91568851
14.72941589
13.16666603
17.62745285
18.51960945
13.53725624
9.73529243
17.56078720
18.33725357
10.34313774
7.00588274
7.86274624
9.01568699
9.91372585
9.21960926
9.58039284
6.60784197
8.05490208
8.94313717
12.79019642
14.23137379
14.00588131
18.28431320
17.20195961
12.51764965
9.68039227
16.81176567
19.29804039
12.85490036
7.01568604
6.93333435
8.96078682
10.37647057
9.83725548
9.46666622
7.34901905
7.66274500
8.93921661
12.82157230
14.19607830
13.86862659
18.04314041
16.48039246
11.59215736
10.00196075
16.17646980
20.07058716
13.78234959
6.55490160
6.34313774
8.60588360
9.65882301
9.89411736
9.99411678
7.82745123
7.50000000
8.83921528
12.64901924
14.33529472
13.27843094
17.24313927
15.84313679
11.44117737
12.30588245
15.62353134
20.02744865
15.37058926
5.58823538
5.65882492
7.89019632
8.79411888
9.47254944
9.85686302
8.76666641
7.66470575
9.31764889
12.37450981
14.44705963
14.62941265
17.66078377
15.51764679
11.06862831
12.38627529
14.85294151
19.47254753
16.55882263
4.38823557
5.14117622
7.67058849
8.75098038
9.57451057
8.84117699
8.10784245
7.96862698
9.94705963
11.87647247
13.92156601
15.56862926
16.69412231
15.40588284
10.50588322
12.03725529
13.14313793
18.79803848
18.33725548
3.74117637
5.16470575
8.00588512
9.58235168
11.27255154
8.46078587
7.02941227
8.15686321
10.48627472
11.85686207
13.81960773
15.94313908
14.83137321
15.48823547
9.18235302
11.32941341
12.63921642
17.55294228
18.71372795
3.73333383
4.62745190
8.45490265
10.45294285
12.90196228
9.00588322
6.94117689
7.91960812
10.64902115
12.70784283
14.31568813
17.12353134
13.30000019
14.62745190
8.50000095
11.17843151
12.22156906
16.96470451
18.47647095
4.74901962
4.21764708
8.66862774
11.16078568
12.24902153
9.72745132
7.30196142
7.81568670
10.11960888
13.23921394
14.68627453
17.24509621
12.49804115
15.68235302
8.54313850
11.99607754
12.75097942
15.95294380
17.71372795
6.47254848
4.04705858
8.40980339
11.81764603
10.46274567
10.44902039
8.12549210
8.40784359
9.69215679
14.60784721
15.34313583
16.40392113
12.25490284
15.51960754
9.03333378
12.27254963
12.92353058
13.93333340
17.20196152
7.29411745
3.95882320
7.92549181
11.26666737
9.88431454
9.99607944
8.84117699
8.78431511
9.50196075
16.53137398
15.43529510
15.22941399
11.91765022
11.90000057
9.21960735
10.22941208
13.16666889
12.16274452
16.90392494
8.52353001
3.81176472
7.35882378
10.61960983
9.33137417
10.12549019
9.87451172
9.92941284
9.67451191
18.06863022
15.84510136
14.19608021
11.68823814
13.42941284
11.14117527
19.75686073
13.38823509
11.84509850
16.93921661
9.18235397
3.56078458
6.44313812
10.23137093
8.60392284
10.29999924
10.41372490
10.17451000
10.02156925
18.71765137
16.14313889
13.64902115
11.38823700
12.99803829
11.09215546
20.02353287
12.93921757
10.71764851
17.48235512
9.37451077
3.19411802
5.51960802
9.66078377
8.61960793
10.17451096
10.50195980
10.15293980
10.53333473
18.76274300
16.99607658
13.41176510
11.33725643
10.55686188
8.86078453
19.59803581
12.64313793
10.71960735
17.50980568
9.78431320
3.54313755
5.15294170
9.19804001
9.09803867
9.55882359
10.45294285
10.18039131
10.79215813
18.53529549
17.20195961
13.18235207
11.10588360
10.17647171
8.18431473
11.19999981
11.70000076
10.70392132
17.60784340
11.32941246
4.03137207
4.94313717
9.39411926
8.97843075
8.89999962
10.20980453
10.70980453
10.65882301
17.65686226
16.97451019
13.19999886
11.05882454
9.51764965
7.92941236
11.51568794
11.62941551
10.68039227
17.04706192
13.45490456
4.75686312
4.66666698
9.49215698
8.70000076
8.47646904
9.79803848
10.68235207
11.28823471
17.04706001
17.30784416
12.99607849
11.81568623
9.43725681
7.74117756
12.31176376
12.57647038
9.90392113
16.37254906
15.89804077
6.31372547
4.83333349
9.27255058
8.89607811
8.27058792
9.21372604
10.34313869
12.51764870
17.11764908
17.13529205
12.79804039
12.47843361
9.64117813
7.31372547
12.86274529
13.64901924
9.16666698
15.89411831
17.52549171
7.96666765
4.78627491
9.08823586
9.45882416
8.10196114
8.90392208
9.91568565
13.05294037
17.37451172
16.74706078
12.33921719
12.30980587
9.31372643
8.32156944
12.69804096
13.78823566
8.91176510
14.96470642
17.90980530
9.98627663
4.48235273
8.57058716
9.08823586
8.36078358
8.54706001
8.93921757
11.86862755
16.63137436
16.51961136
13.23529530
11.46274471
8.79803944
7.87254953
12.35490417
14.43725586
8.61176491
14.88235283
17.91568947
12.32548904
4.20980406
8.72745132
8.73333454
8.71176529
8.12941170
8.38823509
10.55294228
15.98431396
15.99412155
14.12157059
12.54117775
8.72352791
7.72352982
12.81764698
14.20000172
7.94902086
14.56862926
17.65882492
14.16470814
3.88431454
8.70784283
8.59019566
8.98627377
8.00196075
8.57254887
10.41372490
16.92353058
16.10588264
15.24902153
14.47843266
8.30784321
7.93333483
12.83137417
14.29804134
7.90980434
14.43921661
17.31960869
13.99019527
3.99215746
9.01176453
9.32156754
7.69215727
8.08039284
9.34313679
9.91568661
16.52745056
17.30196381
16.55686569
15.25490475
7.54509926
8.63333511
11.00784397
13.42745399
8.14902020
15.20392227
17.13137245
13.94313908
4.65098047
9.44705868
10.87058926
6.80392170
7.62941217
9.96862888
8.71176529
15.17451286
18.63725662
18.33725548
17.39804077
7.19019651
7.65882397
10.83921528
12.00196075
8.30000114
15.54902172
16.60784340
13.70000172
5.84705925
9.40196037
11.48235321
7.49607944
7.40784407
8.92549133
8.30196190
15.68823719
19.86274529
19.00392342
18.31960678
7.26078510
6.58235264
10.63333416
11.50588322
7.73137283
15.45098114
15.59215832
13.98039341
7.29215622
9.84902191
10.81176376
8.84902000
8.31176567
8.50980377
8.19999981
16.09019470
20.94902229
18.95098305
18.11764526
7.52745056
6.91176510
10.34509850
11.40980339
7.08431339
15.81176376
14.80588436
13.81568909
8.29607964
10.06274509
9.80000114
10.01764584
9.92745304
8.31568623
8.86862850
14.90980339
20.36666679
19.31569099
17.87647438
7.79803848
7.71176481
10.31764889
11.13725567
6.09607935
15.81764889
14.52941227
13.14313889
9.36666679
9.31372643
9.14705753
11.39804077
12.40196133
7.66862726
9.85882378
14.37058830
17.45294189
18.48235130
17.24509811
10.05882454
7.65882301
10.21176624
11.06274605
6.04902077
14.97843266
15.11960983
13.38039112
10.33725834
8.86862850
9.63137341
12.48627472
14.08431625
8.08431435
10.36862755
15.01764870
16.06666946
16.90980530
17.42941093
9.85098171
7.46470642
10.56470585
10.89215946
5.85882330
13.44117641
16.43333435
13.76470470
11.16862583
9.01764774
9.67255020
13.28235626
14.72353363
8.85882473
12.06274605
16.28431511
15.69412136
15.51372814
17.49607849
9.88627529
7.46078491
10.71176529
11.71372509
5.21764755
12.39803982
16.80588150
14.45294189
11.71176434
10.30784321
9.89215755
14.27254868
14.16862869
9.77842999
12.81372833
16.37254715
15.61764622
14.83333206
17.28039169
11.33137321
6.16078520
10.36666679
13.61960888
5.27843189
11.39804077
17.14901924
15.35294247
11.97058868
11.48039341
10.47451115
14.87647152
12.72157097
10.20196342
13.60196114
17.30980110
14.86666965
14.15490150
16.99804306
11.04314041
7.04313755
9.60000038
14.17058849
6.05882454
11.08627415
17.24117661
16.15490341
12.32353020
11.42745304
10.25098133
14.53725433
11.41176605
9.49608040
13.54510021
19.71372604
14.65686131
14.14313889
17.22549248
11.00784397
7.42352915
8.74705982
13.27058983
7.04117823
10.67451096
17.35686302
17.40196037
12.51176739
11.39215755
8.68431473
12.27255249
10.09804058
9.27451038
14.01764965
20.84706306
15.53333569
13.65490341
17.00196266
10.84705925
7.39019537
8.37058735
12.36274433
7.98235273
11.42353153
16.76274872
17.79215813
12.82745171
11.29607773
7.88039303
11.68627548
10.61568642
10.40784359
15.42941189
19.52353287
15.30391788
13.90392113
16.99019814
10.84705925
6.66274548
8.45882320
11.23333263
9.17450809
11.21372604
16.25686455
18.51764679
12.90196037
10.12941074
7.90588236
11.46862984
11.30196285
11.87843132
16.86078644
17.88823509
14.69999981
14.47058582
17.61960983
19.21176910
7.08627462
8.77058887
10.04901981
9.32548904
10.55490112
15.66078472
18.69607925
13.43921471
10.59607887
8.04313850
11.02352905
10.90980530
12.05882359
16.28039169
17.10196114
14.84509850
15.78823757
17.61960983
19.39019966
7.72156858
9.06274605
9.23333549
8.61764717
10.62352943
16.55490685
18.34313965
14.29607868
11.85098171
9.62744999
11.01176453
9.52549076
11.74509716
15.57647038
17.00392532
14.85490227
16.48627853
16.87059021
19.71764946
7.41372538
10.29215527
9.38235283
6.87058783
11.33529472
17.12352943
17.87647057
13.97451019
13.16666794
10.59803963
11.06078434
8.31176567
11.61764908
15.06666756
17.59216118
15.31765175
16.97843170
17.05882645
11.10392380
8.62745190
11.63137436
8.52549171
5.15882349
12.05490208
17.62548828
18.24117470
13.35882568
14.55097866
10.10196114
12.17843151
8.25294209
11.16274548
13.36470509
18.63333321
17.15490341
16.81961060
17.73725891
11.29019737
9.16470718
12.30980396
7.10000038
4.70392132
11.87254906
16.22744942
17.21372604
12.70980453
16.03921509
9.06470680
12.21372795
7.82745075
10.61372662
11.78823662
20.26078415
18.86274719
16.98235512
17.34313965
11.27059174
10.60392284
12.96666813
6.19215775
4.29411745
10.53921604
14.43921661
16.66666985
12.55490589
17.88431740
8.92941189
12.12941170
7.65294266
10.04117775
10.90392208
21.12352943
19.66078568
17.46863174
16.58039474
11.35097885
13.60980606
14.90784168
5.42352962
4.30196047
8.97255039
14.24313831
17.01372719
12.75490379
18.26274872
9.95490265
12.67255211
7.57843208
9.25098038
11.42157078
19.64509964
19.85098267
18.15098190
15.71372414
11.45098114
17.62745094
16.06274605
4.98235369
5.04509783
8.32745171
14.30196190
16.58235550
12.97058868
19.47451019
11.10980606
13.59215736
7.56666708
8.97843266
11.85098171
18.09607697
19.69215584
18.44314194
14.96470833
12.24509621
18.27647400
16.81960869
5.43137360
5.89607954
8.68235493
13.42353058
16.09412003
13.67843151
20.05294418
11.51568794
12.96862888
7.50000000
9.47647095
12.02745152
17.63137054
19.16470718
18.27647018
14.54901981
13.39999962
14.95686340
17.33333778
5.83137274
6.81176567
9.30588341
12.42745399
15.07254791
14.19803810
19.66666794
12.09608078
11.53137398
7.74901962
9.96078491
12.25686264
16.97647095
17.87842941
18.17647171
14.58235359
14.03333282
14.75098038
17.15882683
6.14509869
10.13333321
8.56078434
11.44117641
13.82549095
14.46862888
17.76470566
13.30588531
10.53529358
7.47843075
10.52548981
13.20196056
18.36470604
17.71372604
18.59803963
14.95882416
12.74902153
15.28627586
16.51764679
6.47058773
12.61568642
7.47254944
10.97647095
12.09019756
14.22352982
16.25882339
15.68823433
10.38823605
7.57058859
11.04117775
14.33333492
19.61176491
17.58823586
19.46470833
14.67843342
12.20784473
15.91176605
15.54705906
5.92156935
13.78823471
8.33137226
10.87647057
9.49411774
14.33333302
14.90000057
17.67450714
9.24705887
9.26078606
10.88823700
15.34902191
20.51372719
18.60000038
19.94313812
14.29411888
11.99019623
16.57255173
14.51372528
5.27451038
14.03137493
8.93333435
11.55294037
9.16470718
15.66862679
14.92745113
18.69804001
9.33529472
10.74509811
10.78431511
16.10000038
20.20392036
19.39411926
19.62352943
15.09608269
12.54901791
16.20980644
13.79215813
5.28627396
13.34117699
9.09215736
12.35294533
9.22745132
16.90784645
15.78627396
18.92156982
10.91764927
10.77451134
10.92353153
15.71372795
18.49607849
19.21176720
20.26862717
16.10196114
12.67646980
15.96274757
12.52353001
5.13725519
12.60980511
8.94509792
13.42548943
8.77843285
17.70196152
18.19608116
19.09019661
11.22549057
10.25294209
11.24313545
14.46862793
15.53137207
18.55490303
21.55490112
16.34509850
12.08235455
16.35882378
11.27843189
5.11960793
11.74117661
7.38039255
13.96862793
9.31372738
17.63921547
20.81372833
18.92745209
11.26078510
10.08235359
11.34117699
14.32156754
12.39411736
17.82156944
22.30588150
16.06470871
12.17059040
16.21764946
10.33529282
4.91960859
11.53137302
6.06078482
12.70980453
9.63725567
17.04313850
21.48627472
19.30195999
12.17255116
9.74509907
10.56666851
14.37647152
11.24313736
16.87255096
21.60392189
16.25686264
12.51372623
15.39411926
10.01372528
5.46274519
10.13333416
5.33137321
11.23921585
9.88627529
16.56078529
21.97647285
19.94510078
14.87647057
9.54313946
9.86274529
13.35098171
10.34509754
15.20980263
19.14313698
15.38235569
13.20000267
14.16078377
9.28627491
6.35686350
9.12353039
5.18235302
11.24117756
9.50588417
15.18235397
21.74313736
19.44510269
17.21568489
9.72352886
9.06078339
11.76862907
10.33529568
14.12549114
18.26862907
15.10980511
12.58235359
13.34509754
9.47058773
6.64901972
8.71176338
4.66274500
11.30392265
10.32745266
14.50784492
20.88823318
19.61568451
18.27451324
10.36274719
7.75098133
9.88627529
10.22157001
12.53137302
18.47255135
13.65294170
10.99804115
13.02156830
10.65294170
6.92549038
8.27843189
4.18823528
10.38823509
10.95686436
14.13333225
20.34510040
19.99019432
19.19019699
11.63529587
7.16862917
8.50392246
10.81568718
12.60784340
18.01372528
12.74117756
11.28235340
12.51764584
10.79411888
6.23921585
7.86862803
4.70392227
9.36666679
11.81176662
13.09411716
19.95490265
20.85098076
20.59215546
14.34117794
11.45686436
7.87058926
11.18235302
14.30980587
17.06470680
12.39215851
11.09019661
11.88235283
11.23921490
5.27254963
7.55294228
5.84509850
8.53137302
13.83529472
11.81568718
20.02352905
21.39411926
21.80587769
16.16470528
15.06666946
8.44705963
10.77254868
15.35294247
16.16666985
11.88823509
10.59019756
11.42549133
10.47647095
4.19215727
6.65098047
6.13137341
7.21568632
15.57647419
11.67255211
18.05294418
19.71568680
20.66666412
19.39019394
16.86666870
8.93137455
11.06274605
15.57254887
16.30980492
11.22352886
10.21960831
11.11568642
9.30196285
3.50196123
6.48627472
6.11176491
6.46470547
15.79804039
12.54117775
14.67451096
16.90980530
18.07646942
22.60588264
17.39607811
9.97647190
11.09019756
15.05882454
16.57058907
11.04509926
9.96862793
10.87843132
8.78039169
2.87647104
6.90392160
6.59215641
5.62156963
14.80196190
12.62941265
12.69999886
15.70588303
16.09215927
22.25294113
17.35686111
10.90392399
11.18627739
15.60588455
16.21764565
11.28039265
9.39411926
10.11960888
8.89215755
2.16666698
6.78235292
7.65098095
5.76862860
13.49804115
12.78431511
12.67451000
15.74313736
16.61176491
20.77843094
17.06274414
11.78431225
10.70784378
15.26078606
15.59608078
11.34705925
9.88627434
9.62549019
9.46666718
1.95686305
6.37647009
8.35490227
6.21568632
13.17451096
14.26862907
13.25686359
15.11764908
18.64117622
18.10392380
16.32353020
12.09411907
9.95686245
13.19019604
14.68235397
10.70588207
11.01372528
9.70196342
9.68627548
2.25882363
6.10588217
7.88235283
6.24705935
12.07059288
14.23725414
13.60000134
13.80980492
20.64510155
16.82549095
15.42745399
12.48823833
10.86862850
12.20000172
14.17647266
11.18431377
12.41764736
9.50588226
10.41372395
2.66666698
6.72745132
6.35490227
6.69215775
9.49608040
13.11960697
13.48235416
12.77647114
21.70392227
15.63921642
15.48039246
13.38823509
12.42941284
13.74706078
13.06078434
11.54313755
13.10392284
9.45882416
11.38627529
3.28235316
7.58431292
6.01764679
6.91764688
8.01372623
12.84313965
13.01568794
11.89215755
20.83137321
15.34705925
16.16470909
13.84117603
13.32745171
15.46862602
12.13921642
11.84705925
12.57451153
9.12156868
12.14313889
3.81372571
8.59019566
7.91960812
6.95294094
6.99411821
12.67451096
11.90392208
10.17647076
18.45686531
16.57451057
17.08039474
15.19608116
12.99804020
17.36666679
11.44509792
12.32745266
11.73529625
9.26274490
12.36470699
4.12352991
8.36666679
9.12548923
6.76078463
7.32745171
12.60000038
11.80588436
10.03529453
17.90196037
17.17646790
17.00196075
16.97059059
12.35686302
18.38431740
11.47450924
12.43333340
10.50000191
9.81960773
12.09215641
4.31764793
7.14509773
10.11960697
6.08039331
8.84117699
12.73137379
12.17646980
10.97451115
17.71960640
18.12548828
17.52156830
20.63137436
11.50000095
17.98823547
11.27254963
11.82745171
9.14117622
10.94117737
12.23137093
4.43333435
6.32549095
10.70588112
5.44117641
10.11176586
12.53529453
12.91568756
12.20196152
16.15882683
19.91568375
18.61568451
21.86862946
12.50392437
16.39999962
11.18627548
11.07647228
8.68039322
11.72745132
11.49411774
4.81960678
5.91372585
10.54510021
5.32549095
9.91176701
11.99411678
12.19411850
13.14117908
14.80196095
20.68235397
19.57058907
19.92941475
14.90588474
13.24117947
11.86078644
10.66078281
9.75686359
11.59999943
10.36274529
5.43725538
5.44509888
10.72941399
5.22156954
9.32353020
11.86274815
11.97255135
14.01372623
14.70392323
19.69019699
19.77059174
19.08431625
16.28823662
12.73529434
12.39803886
10.54706097
11.23921585
11.75882244
9.15882397
5.83529425
4.88235331
11.06274700
4.68823528
8.31372547
11.75882435
12.44902039
13.86862946
14.63137150
17.62941170
19.81176758
19.05294037
16.78039169
13.14313984
12.95293999
11.32745171
12.14117718
11.98039150
8.53137302
6.16078568
4.19803953
11.35686493
3.75294209
7.50196028
11.06470680
12.97451115
13.53333473
14.29608059
15.65882587
19.54314041
21.08431435
17.48039436
14.80392361
13.65686417
11.68627453
11.84902096
12.10196400
8.53137207
7.54313707
3.95882392
10.96274567
2.62549067
6.71960735
10.97058773
14.48235130
14.57843304
15.27843285
14.87843418
19.29019547
22.78627586
20.23137283
20.18627357
14.76274490
11.55294132
11.00784397
12.19215775
8.49803829
8.97646904
3.68235350
10.80392265
2.93725538
6.15294170
10.46666718
14.82156849
15.14901924
17.40196037
14.40196133
19.08039665
22.56470490
22.64313698
24.10000420
15.40784264
11.63137341
10.56862640
12.01960850
8.26274395
10.60980415
3.42352962
10.90588188
5.64509869
5.40392160
10.51372528
15.33921623
15.71176910
19.03921509
14.24313736
18.83921432
22.72157097
24.65882111
25.30980682
16.76862907
12.12549210
10.45490170
11.43725395
7.95490313
12.72157288
3.94117689
11.17843342
8.85097885
4.06078529
11.55490494
15.54117870
16.00196457
19.01764679
13.48627663
17.24509811
22.89215660
25.69999695
24.52156830
17.94117737
11.62549019
10.78431511
10.44901943
7.98235321
13.67647076
4.89215803
11.48627567
13.76274681
2.92156863
14.22745132
15.88039494
14.96862698
17.40588379
13.36666489
16.21176529
22.89019394
25.13529968
23.99019623
18.31176567
11.46862888
11.70980453
9.92745113
8.31176567
13.29019547
5.72549152
12.38431358
15.62548828
2.98823524
15.27647114
17.34313774
14.79803848
17.36274719
13.07059002
16.24706078
21.55098724
23.74509811
23.71960640
18.08235741
12.83725643
12.06274605
8.81568527
8.63333416
12.33921909
5.64313745
13.00980568
16.30196381
3.13921571
14.64705849
18.93137550
15.28431416
17.84313583
12.97451019
16.29804039
21.60000229
23.71764755
24.19215775
18.03921509
14.34902000
11.61764812
8.42549038
9.16862869
10.92941380
5.34117651
13.14313889
16.78823471
3.58823586
12.76274490
20.74509811
16.98627472
18.41372681
12.73529339
16.02941132
22.99215508
24.64509773
27.84902000
18.46666527
16.14902115
10.55882359
8.50392437
10.43333244
10.24705982
5.00784349
12.03137302
16.05098152
4.07843161
11.23921490
21.11372757
17.90588188
17.45098305
13.26274490
16.84705925
22.77254677
24.97450829
29.50196838
19.83726120
17.58235359
10.31372738
8.44509888
11.27254868
9.60196018
4.98039198
11.05097961
15.31568718
4.50196218
10.47646904
20.44314194
19.70784378
17.43529701
14.44509983
17.97059059
22.02353287
26.74510384
29.00588799
21.52156830
18.81764221
10.25294113
8.41176510
12.12745094
9.53529453
7.11960793
11.55686283
16.29803848
4.89607954
9.60392094
19.42353058
20.67843437
18.29216003
15.27058983
18.93137360
23.48431778
28.43725586
28.28627968
22.90392303
19.35685921
10.77058983
8.25882339
13.00196075
9.93137264
12.50784397
12.38627625
17.77451134
5.52941227
8.96470642
17.91764641
19.70981026
18.36862946
15.48627472
19.35686493
24.14901733
27.37254906
26.91960907
22.57058525
20.19019890
12.01176357
8.91568756
14.21372700
10.30000210
16.29607964
12.24509716
17.03921700
6.01960945
7.89215708
16.54902077
19.27058983
18.32549286
15.66666794
18.84313774
24.22745514
24.36862564
26.55490685
22.70587730
20.77255630
13.03333282
9.93725586
15.74509716
11.55882263
18.78235245
11.34313869
14.69019699
5.84509850
7.60588217
15.57647133
20.64118004
17.92941093
16.00588417
18.49804115
23.42745209
21.17451096
24.72941208
22.27450562
22.37254715
14.19215679
11.45490265
17.66274452
11.92941284
19.70588303
10.66274643
11.02548981
4.99019670
8.34313774
15.14117718
21.05294609
17.10196114
16.17843437
18.21372604
22.74901962
19.88235664
23.61176682
21.78039742
23.08823967
14.55294418
12.01372528
18.62353134
12.84509754
19.78823662
10.28235340
7.19607830
4.73529482
10.60588264
14.83725548
20.02157402
16.99215698
17.01372528
17.67255020
22.80196762
20.75686264
23.07255173
20.57843208
22.81176758
14.93333626
12.66666794
19.34902000
13.36274433
17.61372566
10.51568794
6.10196066
5.24705887
12.10784340
14.96862984
19.71372604
17.42353249
17.11568832
18.47843170
22.47059059
21.25490189
22.99803925
20.10784531
22.27254868
15.02353287
13.62549305
20.30980492
12.63137245
13.77058792
10.32745075
6.12156868
5.58235359
12.43725491
15.96470642
19.03529167
18.55294037
18.20195770
19.83333015
21.65098190
23.48627472
22.42352867
18.44509888
21.40588379
15.19215775
13.96078587
20.66862869
11.19607830
11.39215755
9.63725662
5.60588264
5.00784397
12.58039093
16.68627548
17.98627472
18.44313622
17.95294380
19.56666756
21.03137016
26.64118004
20.08823776
18.60196114
20.16862869
15.65686321
14.10784531
21.03725624
9.21372604
10.43529606
8.99411869
5.03725529
4.64117670
13.16274643
16.20196342
18.52745056
15.21961117
17.74706078
17.85882187
20.11568832
27.21960068
16.99804115
20.12549019
18.89019775
16.22745132
14.99215889
20.43921661
8.17647076
10.33529282
8.21764755
4.89411831
4.74313784
13.43725586
15.75098324
17.62745285
12.91372681
16.97254944
17.07450867
18.77058983
24.94902039
14.98431778
19.77843475
17.02941132
16.60195923
15.81372833
19.86667061
7.58039236
9.78431416
6.34901953
4.71568584
4.63529396
12.59804153
16.17843628
13.91568756
11.41960716
16.84902191
16.16862488
18.07843018
18.96470642
12.57647133
17.23529434
14.69804192
16.52941132
15.78039360
19.82745361
8.57254887
9.35294247
5.32156754
4.29019642
4.20196152
12.28823566
15.92745304
12.48627567
9.77058983
16.21960831
16.13725471
17.86862755
16.54117584
12.61568642
15.53529263
13.76470757
15.51764774
15.79608059
20.91373062
9.72549057
8.34509850
4.74117661
4.08235312
4.19019699
13.10392284
15.62745190
12.45882416
8.25490284
14.35882092
16.13725662
17.70000076
15.77255344
13.31960869
15.44313812
14.11372662
14.77254868
15.96274567
21.52157211
10.21960831
7.48431349
4.43333292
4.14509773
4.90588284
13.05882454
15.32941341
12.43137264
8.18235302
13.53137493
16.17254829
18.02745247
15.70588207
14.63333416
16.04313660
15.16666794
14.28627586
16.12157249
21.60784531
10.58823395
6.81764746
4.38627481
4.44117641
6.09804010
12.83137131
15.40980625
12.73333454
9.64509869
13.55882549
16.81961060
18.01960945
17.81568527
17.54313850
16.88823700
16.84705734
14.63333321
16.12157059
21.04902458
10.55294323
6.06862783
4.51568651
4.61960793
6.69215727
12.16666889
15.71372795
14.02941513
12.37450981
13.89803886
17.54509926
16.95098114
19.03333282
19.99607849
18.08627701
17.54117775
15.32156944
16.57451057
19.87843513
9.85490322
5.67450953
4.40784311
4.72745085
7.38627434
11.29607773
16.23921776
14.76078701
14.45882416
14.65490341
16.28039360
16.28235626
19.42941284
21.07647133
18.30392456
16.81960869
15.99607658
17.10392570
18.61372757
9.69803905
5.65882397
4.44509840
5.25490189
7.98431396
10.90588093
15.13333416
14.17843246
13.99411774
15.37254715
15.50000000
15.31960773
18.60588264
21.84705734
17.35882378
15.79215622
15.88039398
16.77842903
17.90784264
9.85294151
5.53921604
3.79215741
5.93137264
10.53333092
10.22156715
13.84509850
12.42156887
13.06078529
16.01568794
17.51176834
15.07450962
16.20196152
21.84705925
17.45882416
14.95882320
14.78627491
16.30980301
17.49215889
9.97058678
5.68627501
3.62941241
6.10196114
12.21764755
10.29019547
12.36470699
10.37451172
11.06470585
15.72157288
17.50392532
15.44509983
15.32941437
20.43725395
17.27451134
14.30588150
13.53921509
16.31961060
17.16470718
11.25686646
5.68627453
4.20588303
6.28431463
13.10391998
10.67254829
10.90392303
9.29607964
8.42353153
14.85686302
17.17647362
15.21176624
18.14509773
18.63725662
17.09412003
13.55098152
12.72352982
16.46274567
16.47647285
12.83529663
5.41372585
5.36078453
5.79607868
13.69999886
10.87058830
10.59019470
9.59215736
7.56078577
14.55294323
16.87450981
16.47058868
21.14117622
19.23725700
18.08235550
13.95686340
12.86078453
15.89019871
15.73137474
13.51568699
5.00588322
8.59803867
5.62941217
12.82353115
10.85098076
10.30000114
9.65490341
7.66666698
14.04117680
15.62157059
15.88039398
22.34314156
21.52353096
19.08823395
12.70196056
12.92549133
14.79607582
15.47450924
13.18235493
4.90392113
10.45686245
5.70588255
12.28235245
10.68039227
10.05490494
9.11372566
7.21960878
12.87254715
14.69608021
13.77451134
22.21764946
24.29608154
20.35490227
11.70000076
12.65686512
14.30000401
15.18823814
12.50000095
5.10196114
12.16274548
6.25882435
12.83725548
11.37058830
10.02745342
8.09803963
6.58039284
10.84509850
13.57843018
11.84902096
21.27254868
26.68039513
19.80587959
12.18235302
11.94902039
14.60784626
14.85098171
12.80000019
5.07451010
13.20196152
7.28039217
12.61568832
11.62549210
10.14706135
7.68627501
6.20980358
9.11176586
13.36078548
10.90392303
20.53921890
25.64706230
18.03137207
13.20000172
11.67255020
16.18039513
14.56666470
14.15098190
4.80588293
12.78235435
7.34705877
11.88627434
11.54117775
11.32548904
7.87843132
6.68431473
7.73333311
13.04117680
10.52941227
17.99412155
20.77843094
12.68627453
14.31568909
11.63137245
18.55490303
13.97647095
14.64117813
4.60980368
11.12353039
6.81960821
11.47255039
11.15686226
12.59607887
8.51176548
6.21176577
7.13333368
11.93529415
10.05097961
15.04117584
16.80784416
10.79019642
14.96470547
12.49019718
19.06862831
13.94313717
14.77451134
4.78235340
9.09804058
5.92353010
11.33137417
10.69607735
13.01764774
8.72352982
5.92745161
6.50980473
10.26666641
9.85882378
13.08431435
16.48431587
10.84902000
14.66862869
14.61372662
18.77058983
14.11372375
14.25882626
4.94705915
7.36274529
5.08431387
10.65098000
9.69607830
13.00000000
8.81176472
5.73921585
6.69019604
9.12156963
10.10000038
12.94509792
17.50000000
11.28627396
14.74901867
15.35882568
18.11176300
14.45882225
13.36862946
4.94705915
6.27843142
3.92745137
9.30196095
8.77451134
12.57059002
8.70784283
5.37254906
7.66274548
8.83137321
10.34117889
13.30784225
18.05882454
11.70784473
16.36470795
15.45882607
17.82940865
13.81569004
12.73137379
5.13333178
5.83725500
3.90196157
7.76666737
8.64901924
12.50392342
7.91372538
5.78823566
8.47843170
9.06862736
10.01960754
14.31372452
17.87059021
11.93725586
15.64117813
16.21568489
17.54117584
12.76862907
12.00392056
5.95294189
6.09607935
4.19019651
6.57843208
9.76274681
12.23529530
7.85686302
6.57451057
8.80196095
9.28431320
9.76666832
15.02941132
17.96274567
11.69215870
14.60588360
18.23529625
17.34902191
11.64117813
12.07451153
6.82156849
6.26078510
4.42941189
5.70392179
10.83529568
13.01176453
8.07058811
7.45686293
8.49607754
8.75098133
10.08823395
15.30196190
17.50196457
13.06078434
14.84902000
20.24901962
16.32744980
10.35294151
13.41176605
7.16078472
6.18235397
4.73529434
5.05686331
10.62352943
13.81372452
8.40784359
7.56078434
7.88039112
8.11372662
10.45294189
15.90392113
16.73725700
13.35098171
15.58627605
21.71764946
15.40784264
9.87451077
15.10000229
7.61176586
5.42352915
4.96666670
3.99215746
11.65294075
14.91961098
8.59019661
6.47254896
7.01568604
8.24313736
13.00000000
16.26862907
15.75686550
13.25098133
15.25686264
22.01177025
14.31568527
8.57058811
15.74902058
7.86666679
5.30784321
4.73333311
2.97254896
12.76862812
16.73921585
9.02941322
5.40784407
6.81372643
8.52745056
16.80784225
15.68235588
15.10000324
13.94313812
13.69411850
20.84510040
13.29804230
8.01764774
15.46274567
8.11960793
5.23137283
6.03333330
2.66862750
11.44313812
18.68235588
9.70196152
5.73921585
6.82549095
8.74510002
19.40587997
13.85097980
13.31372356
13.88823700
13.12353134
19.46862793
12.60784340
8.52156925
14.67451382
8.18823624
5.21176434
8.27254963
3.20980453
9.66862774
19.59411812
9.69411659
7.83921671
6.14509821
8.05490208
19.71764755
12.72744846
12.68627548
13.10980415
12.71372414
18.47647285
12.77254868
8.47843170
13.78823471
8.17451000
4.90980482
9.85490227
3.33921647
8.04313660
17.95294571
10.72156525
10.17647076
5.49803972
7.21176529
17.41176605
11.98431492
12.46862888
12.97451019
12.37058830
17.32941246
12.53921700
8.47647190
12.90980530
8.28039360
6.51176453
9.76470757
3.14313769
6.96274471
14.98431492
12.01568699
12.53529263
6.68627501
6.98235321
13.04313946
12.23529434
12.34706020
13.01176643
13.19019699
16.79215813
11.95098114
8.61568642
12.12156868
8.34509945
8.71568680
9.26274776
3.26470637
6.60784340
11.60392189
12.65490341
13.94705963
8.38039303
6.98431301
10.03333473
12.62941265
14.64706230
12.38627434
14.25294209
16.53921700
12.02745247
8.77058887
11.03921413
8.26078510
9.65882397
8.27843094
3.53333378
6.66666842
9.20980453
11.18823528
13.58627605
8.74902058
7.13529396
9.31764793
13.78627682
15.75882626
10.40980339
14.86470699
16.97646713
12.40980625
8.70784378
10.25686169
8.01960850
9.33137417
7.18235350
4.17255020
6.69607878
8.00784302
10.68235683
12.74705887
8.97255135
7.10392094
9.75686359
16.48627472
15.80588150
9.38823605
15.59019852
17.29216003
13.49019718
8.02745247
10.27058792
7.44705963
8.16274548
7.07843113
5.00000048
6.84509802
7.79607821
10.19411850
12.53725815
9.00784397
7.18235350
10.34313774
17.73921776
16.41960716
9.79607868
15.63529205
18.29019356
14.66274452
7.88039303
10.63529491
7.20588303
7.47058821
7.27451086
6.97646999
7.36470652
8.01960850
9.19607735
13.61176682
9.06470490
7.92745113
10.89607811
18.87843895
16.35882378
9.59019661
14.26862717
19.07254982
15.67255020
7.78627443
11.08431530
7.90588284
8.34509754
7.56274509
8.31176472
7.28039360
8.33333302
8.76274586
14.75294113
9.09215641
8.73921585
10.87058830
20.30784035
15.84313869
9.57451153
12.66078377
18.99411583
15.50392246
7.12549067
11.35686398
9.12156963
9.48627377
7.93529415
10.89215851
6.96470642
8.83921528
8.67058849
15.96862888
10.73529530
8.93137455
11.31568623
20.26863098
15.17058563
9.68039131
12.44706154
17.89411926
14.32941151
6.50196075
10.61176491
9.47058868
9.76862907
7.53725576
12.98823547
6.62156916
8.50784206
8.61176586
16.44117737
12.77058983
8.24117756
11.11176491
20.06470871
15.10980320
10.15490246
12.62353039
16.87059021
12.84314060
6.82745171
9.58431530
10.16666698
9.51764774
7.01568699
13.50784588
7.32352972
7.92941236
9.54901981
16.76274681
12.88627529
7.54313755
10.99411964
17.98235321
14.73725510
11.36274529
12.59804058
14.75882435
11.63333225
7.42549133
8.22352982
10.60588264
9.09607983
7.75686216
12.63529301
9.72941399
8.88235188
10.85294342
15.58039284
11.01372814
7.71176481
11.37255001
15.14117622
14.50196075
12.02548981
12.91176605
12.62549019
11.06274605
7.71764755
6.80196142
9.86274433
8.49607944
9.14509773
12.65686512
14.43333340
10.00784492
10.92549133
12.37451267
9.89411926
7.42156982
11.49019718
11.97451210
14.88235188
12.58823681
14.33137321
10.79607964
10.21176529
7.54901886
6.42156887
8.87647152
8.15686417
9.78235245
11.74313736
17.11372375
10.88823700
10.03529453
10.47647190
9.87647343
7.60980463
11.79215622
10.42156982
15.23529530
13.22157001
15.80784416
9.94313622
10.40196228
7.59999895
5.84705877
8.43137360
7.65686464
9.73137379
9.27058983
17.07058907
11.67451286
8.80392265
9.47058868
9.61372566
8.93921471
12.32745266
10.08431435
15.73921776
13.10588360
17.05294037
9.43725586
10.46470642
8.66470623
5.44313765
8.60784435
7.79215717
9.15490246
8.11568737
16.24706078
12.33137226
8.81568718
8.32941055
8.58039188
9.65294266
12.92156982
10.00000000
16.00980377
14.20000076
16.18627357
9.64117527
10.80784225
9.01568794
5.52941179
8.53137207
7.97843266
8.51568699
7.63921595
14.76470470
14.81960869
12.21764851
7.60588312
8.55098057
9.67255020
13.23137379
9.00195885
16.05097961
15.56470776
14.94902229
9.83921528
11.18431377
8.78627396
5.60196161
8.50392151
7.80980539
8.60000134
7.29215813
12.93137360
17.93333435
15.39019775
8.03529549
9.85686398
10.43137360
12.75098133
8.18431473
16.14901924
16.23921585
13.85686302
10.48823643
10.85882378
9.28627491
5.86470556
8.16274452
7.89215755
7.80980301
6.73333311
11.51764774
19.84313774
20.07059097
8.96274471
11.89411831
11.78039265
12.65882492
7.93725491
15.67059135
17.01764870
12.53137207
10.53333569
10.69607735
10.46862793
6.81960869
8.68235397
8.09215832
6.66862869
6.00784349
10.25882435
18.07254791
23.90195847
8.81568718
12.84313869
13.06274700
13.69607925
7.87450933
14.71568584
17.10980606
12.29804230
10.60196209
11.25490284
11.67647076
7.97647142
9.33921719
7.69019604
6.33529377
5.59019661
9.10196114
16.19804192
24.75098419
8.14117622
13.73529720
16.69215775
15.01176548
8.12941170
14.00392151
16.77450943
12.64117241
11.98627472
12.92941380
13.03333569
9.20392227
9.34509754
7.71960735
9.21764851
5.80392170
8.23137283
15.03921700
22.28431511
7.60980463
13.82549095
19.48235321
15.61960983
8.70000076
14.57450962
19.28627396
13.00196266
13.98627472
13.74509621
14.18627548
10.19411850
10.21764660
8.09607792
12.97843361
5.44117689
7.88431406
13.25882339
16.99019623
7.33333302
13.54705811
19.86470795
15.21372604
9.47843170
16.62941360
22.44705963
13.06862831
15.88039303
14.08823586
14.66862965
10.46667004
11.03921795
8.42549038
13.89215946
5.21568680
7.89411831
12.97254944
13.96470547
6.78039312
12.66470718
17.88235474
13.56274700
9.50000095
17.51960754
23.72745705
13.51764584
16.73333359
13.92353058
14.90392208
10.29215908
12.69019699
8.42156887
13.17450905
5.57254887
8.49215794
12.19411659
11.02745247
7.38235378
11.58039474
17.22549057
12.19019699
9.59019566
19.43725586
22.82549477
14.18823624
18.02548981
13.38039398
14.59608078
10.65490341
13.61568642
8.06666756
11.18431377
6.16666698
9.23725700
11.57450962
9.16078377
7.21568584
10.71568680
16.95098305
11.78823566
9.58235359
21.29804230
22.50000191
16.04314041
17.72156715
13.51568794
14.11764812
11.54313946
14.23725510
8.37450981
9.55490303
6.66666698
9.19804096
12.02941132
8.33333206
7.22353077
9.49804020
15.59215832
12.53333664
11.15098095
21.92352867
21.58823395
18.51764679
15.51176453
13.54706001
14.08627415
11.91176605
13.82157040
9.58431435
8.18431377
6.74705839
9.12156868
12.67843342
9.80980492
7.33333397
9.45882511
14.82353115
12.28627491
13.38039398
21.77059174
20.00392151
19.12156677
13.49607849
13.60980606
13.46666718
10.14117622
12.37647057
10.98039341
6.30196095
6.50000095
9.76666832
12.85882568
11.97843361
7.82941151
9.24313736
14.45490265
12.43921757
17.12352943
21.41568565
18.99215698
19.00784492
11.30000114
13.29216003
13.15882587
8.45098114
12.24902248
11.12549019
5.93529510
6.25294161
10.65882301
12.09803963
13.00392151
9.07450962
9.01960754
14.95686245
13.44902229
19.53725815
21.42941284
20.32941818
17.48431206
10.45294189
12.65686417
13.77059174
7.42941141
11.55686283
10.94313717
6.27647161
6.24901962
11.77843285
11.69804096
13.17058945
10.81960869
8.62156868
15.74117661
14.17254829
19.72941208
19.91960716
21.21372795
15.41176605
9.62548923
12.28823566
15.26470852
6.26274538
9.59019661
9.82156754
6.66862869
6.92156887
12.86862850
11.22941113
13.91372681
12.33529377
8.42941284
16.58235359
14.20980740
19.79803658
19.89411926
22.82745361
13.17254925
8.46470547
12.26666451
15.89215755
7.40588284
8.45686245
8.86470604
6.93333292
8.64313698
13.02745247
10.22157097
15.28235340
13.79804039
9.91960812
16.96078300
14.79411793
19.88627625
20.55882645
23.69215775
12.55882359
9.13333130
12.88235569
15.61176395
9.74117851
7.86666727
8.32941151
9.29215717
10.88627529
12.69215870
10.01764679
15.30195904
16.20980453
12.74509621
16.49803925
15.60196209
19.80784225
20.36470795
23.99607658
11.37058640
11.06470871
13.97451210
15.03529739
10.72941494
7.08235312
7.83529520
12.06470394
12.00980473
12.33529568
9.92549133
14.22353172
18.49020195
14.69215584
15.80980587
15.36862755
19.89019394
19.29216003
23.91176605
11.09215736
11.83725548
15.07843494
15.03137398
12.55294132
6.08431435
7.98431349
13.76666737
11.80196285
11.41568661
8.74117756
13.00588226
19.11764717
15.34706020
15.49608040
14.88039494
19.88039398
18.34706306
21.68039322
11.69019508
12.45686436
15.99999905
14.75097942
13.65294266
5.90000010
7.62156820
14.31764698
11.14117622
10.22352982
7.80196095
12.21568775
20.38431358
16.17450905
15.91176796
13.40784454
20.49216080
19.54509926
18.61568832
11.82549191
13.78823376
15.97842979
14.10392094
13.66078281
6.02549076
7.25098085
14.10588264
10.67843056
9.25098133
7.31176472
9.93529510
22.16666412
18.50000191
15.36274815
11.98235321
20.52745056
20.82156944
15.65294266
11.44901943
15.89411736
15.56274700
12.75294113
12.87451363
5.86666727
7.35882282
13.84902000
9.55098152
8.65686321
7.44117689
9.28039169
22.22156906
19.62941551
14.10392189
12.15490246
19.82941055
20.53922081
14.50784397
11.21176529
16.60588264
14.41372681
11.90392017
12.63725376
5.79411697
7.46666718
13.04117870
8.37254906
7.26862860
8.17254925
9.66666698
19.61176491
19.70196533
12.31568909
12.52353096
19.06470490
19.76666641
13.88627434
11.35490322
17.88823700
13.87843227
11.57450867
13.22744942
6.04705906
7.68431377
12.25490284
7.50588322
6.13137245
8.14117813
10.06078339
16.84117889
19.24313927
11.59019756
13.38039112
18.47646904
17.85294151
12.68235493
12.01960945
18.28431511
13.90784359
11.43137169
13.85686493
6.08627462
7.96666718
11.03529453
6.64117765
6.16078472
8.45490074
13.84509850
14.27647114
17.28823662
12.16274548
14.20784092
17.25882339
16.96667099
10.76274490
13.40588284
17.99411964
14.41176891
11.39804077
13.90196228
5.91372633
7.67843246
9.93529510
6.22156858
6.23725510
8.42352867
16.95098114
13.42353249
15.03921986
12.77843189
14.34902287
17.17843246
17.27450752
9.45098019
13.71764851
16.51960945
14.87647152
11.22941303
13.07843208
5.90784264
7.23137236
8.98039150
6.49607849
6.50784397
8.08823586
17.81568527
13.88235092
13.96666908
13.22352982
14.15490246
17.36470413
16.53529167
9.30980396
13.94313812
14.80196381
15.70980549
11.19019699
12.67058754
6.00588274
7.44117641
8.30196190
6.83921671
6.58039379
8.46666718
17.31960869
14.17451096
12.44117737
13.45686436
13.33137321
17.93529510
15.31568527
9.47058964
13.47255039
14.43529415
15.76470947
11.16470718
12.35490227
5.85490179
9.44902039
7.47058821
6.89607954
6.93725538
10.42745304
18.54313469
14.83137321
11.19019604
13.72549152
12.85686684
19.65882492
13.63921642
9.56862640
14.01176643
14.33137417
14.99215698
11.35490227
12.14313698
6.40980387
11.18431568
7.39607906
6.89803982
6.70588303
11.19804001
18.30588341
15.09412003
11.50588131
14.00784397
12.81176662
19.99411774
11.82157040
9.17843151
14.60980415
14.37647057
14.30588150
11.48235416
12.02156925
6.88431358
12.54313850
7.94313860
7.40196085
6.70196152
11.12353230
16.06667137
15.95686340
12.49411583
13.83137321
12.09215736
19.36862946
11.64117527
9.21176529
15.42353058
13.88823509
13.59607983
11.22941399
11.47058868
7.67647123
13.55686378
8.88627529
8.77843285
7.34902000
11.70588493
14.70195961
17.69019890
13.17843151
13.50196171
11.26666737
18.83137131
11.37255001
9.18431091
15.80196190
13.84705925
12.89019680
11.01372433
11.30196285
9.10196209
13.44509983
9.82941246
9.84705830
9.36470699
12.32745361
13.57059002
19.41372871
13.46862793
13.12941170
11.04117775
17.09804344
11.06666756
9.95098114
15.31764698
14.55882359
12.27843094
11.30980492
11.06666756
10.53725529
12.33137226
9.70392132
10.54902172
9.62352943
12.58039188
13.58039093
20.43921661
14.56274796
12.69019699
11.50980568
15.32157040
11.84313774
10.70196342
14.75882530
14.82745171
12.00391960
11.46666622
11.27843094
11.82157135
11.16666794
8.91764832
11.66666603
9.21568680
12.57451057
13.41176605
20.22156906
15.74902058
12.63921547
11.20980549
15.12353134
12.21764755
14.01176643
14.42549038
14.90980339
12.38039494
11.15686226
11.59019661
12.51960754
10.47058964
8.29411888
10.97451019
8.70980549
12.66078472
12.25490189
19.29804230
16.84706116
11.96470833
11.19215775
14.83333206
13.08431530
18.46862793
14.43137360
15.34117794
12.73333549
11.00588322
11.72157001
12.28431416
9.86078548
8.17647171
9.08431244
9.35882282
13.49411869
11.70000076
17.74901772
16.74706078
10.79999924
11.36862564
14.30000114
14.40588379
20.12548828
14.54705906
15.11372757
13.32157135
11.03137302
11.45294094
11.71961021
9.08431530
8.42549133
8.06470585
9.43725491
14.28823566
11.92156982
16.04509926
15.69019794
9.14705753
11.49804020
14.75490475
16.10392189
19.10000038
15.00196266
14.42352772
13.85490227
10.95882130
11.42156982
10.13529682
9.60000134
8.61960793
7.32156897
9.48823547
14.93529510
11.56862831
15.90980721
13.65490341
8.65490246
11.52549076
15.76078510
18.16470909
17.99411774
16.14509964
13.27451038
13.90784550
11.56274796
11.96274567
9.68431377
10.48823547
8.61764812
6.65490150
9.24313736
14.13333321
11.30588245
17.18823624
11.82157135
9.40196228
11.05294228
15.33333588
18.57255363
18.96863174
16.13921547
12.16470814
13.74117851
12.23137379
11.77647018
9.19607830
11.06862736
8.63921547
6.72941208
9.46274567
13.26863003
11.49215698
19.87842941
11.21176624
9.51372528
11.34902000
16.21764755
18.54117775
20.50392532
15.45489979
12.16274643
14.25490379
12.79804039
11.42549038
9.12156868
10.96274757
9.16470528
7.81960821
9.48823643
12.17451000
11.17450905
23.71765327
11.78039169
9.82745361
12.61764717
16.56274223
18.75098038
20.82941055
15.49607849
12.77843380
14.44902325
13.63333702
10.34313869
9.00588322
9.56078625
10.16078568
9.89803982
11.02157021
10.70784378
11.07647133
24.86078835
12.58627510
11.38039112
14.73137283
15.99412060
17.08431625
19.36274338
15.17058945
12.72352791
15.17058945
13.88235474
9.25294113
9.24314022
8.67058754
10.51960754
11.71568680
14.00196266
9.74509811
11.73529530
22.38235474
12.18039227
12.37255001
15.82353306
15.63529587
14.11176205
17.59019852
14.72941399
12.27843094
15.92941475
14.31960869
8.92548943
10.15294266
8.44509792
11.05882359
13.20588398
17.51176834
9.09019566
12.20000172
18.55294228
12.43137455
12.81372738
15.99215698
13.86863041
12.10784531
16.47843170
14.36274719
12.82549095
15.74117661
15.09411812
8.44117737
11.16666698
8.79803753
12.13921547
13.59411907
19.54705811
10.58039093
13.77843285
15.41176605
12.50980377
13.63333511
15.08627605
11.67058945
12.37843132
16.92941284
15.01960754
13.79215622
15.31176567
15.96470833
7.95294094
11.83921719
8.55686188
13.52353001
13.08823681
20.89803886
13.43333530
15.74117374
11.77451134
11.98235416
15.40196323
13.80980301
11.59412003
13.70980263
19.57843208
17.22549248
13.60196114
14.38627434
17.40980530
7.70392179
10.90980339
8.93921661
13.09215927
12.10392189
20.79999924
14.14313698
15.52157021
10.33529663
11.51176357
16.40784454
13.38431549
11.96862602
14.47451305
21.89020157
18.73529625
12.85882378
13.96078300
18.74705887
7.36078501
9.61176491
9.38627434
12.77843189
12.19215679
19.72941399
13.81960773
13.96078777
11.31764793
11.57254982
16.51764870
13.38823605
11.74117756
16.35490417
23.17058945
18.77058792
11.24901962
13.87059021
19.59803772
7.37254953
8.13725567
9.80980396
12.60784340
12.32941341
18.92745018
12.99411869
13.21764755
10.96470642
11.98039436
16.42156792
13.70784378
12.20980453
17.73333359
23.26078224
18.05490303
10.18431377
14.14902115
20.51960945
8.23137188
7.02745152
11.89607811
11.83137417
13.33921909
16.79019737
12.20000172
12.86470413
11.03333473
12.64509773
15.56862831
14.45490265
15.42941284
18.59215927
23.46862793
16.78235245
10.28823471
15.40392208
22.53334045
9.58235359
6.88235378
14.14902306
11.79803944
14.28627586
14.25294304
12.14117813
13.08431721
11.24902058
13.52549267
14.32549381
15.53137589
18.26470757
19.69411850
22.27451324
15.79411983
11.77058792
17.46862602
22.78823280
10.74510002
6.69019556
15.65098000
11.35882378
13.84313869
11.47451115
13.10784245
13.93333626
10.95882416
14.36078548
13.36470699
16.44313812
19.67843246
22.24117851
20.15882492
14.38823509
14.66470718
18.79607964
22.29411507
11.54509830
6.32549047
15.33529568
9.82353020
13.27647209
8.85294151
15.37059021
14.83529377
11.31960869
14.55490112
12.88823414
16.94902039
19.49215698
24.32157516
16.87254906
14.66274929
17.12157059
19.33529663
21.27059174
12.07843304
6.03725529
14.46862984
8.90980339
13.23921585
8.29411793
15.40392208
15.36274719
11.00392342
13.58431625
13.58039284
17.35882378
18.98823547
22.94509697
14.39412022
15.94509888
18.52156830
19.59803772
19.83529472
12.87058735
5.77058792
12.50588417
8.20784378
12.70392227
9.27647114
13.65882397
15.50980473
10.65882492
13.58431435
15.69215584
16.20784569
18.89019585
19.83529472
13.13333511
17.12941360
18.91372299
19.80784416
17.66275024
14.17254829
5.69019651
11.09215927
7.63529396
11.77058792
10.60000134
12.04901981
13.80588341
10.52941132
14.14509869
15.89019585
14.69216156
18.79803658
18.06274796
13.23725796
18.92156982
18.96078682
19.36470413
15.58431625
15.99412060
5.39999962
9.61568737
7.28235340
10.42549133
11.72941017
12.39019680
13.26666832
10.72549248
15.66470718
15.59608364
13.53921604
17.41764832
16.29019356
13.78039455
18.65098000
18.59411621
17.31568527
14.21764851
17.27059364
6.19019699
8.33137417
7.57058907
9.79019737
12.36862659
14.04902077
13.16470623
10.62353230
15.65882397
15.36862850
12.78823566
15.84313965
15.37254906
13.37647152
18.86470413
17.05686378
15.77647305
13.24902058
17.80196190
7.68235207
7.16274548
7.97254992
10.00392342
13.07843208
14.76470852
14.29411697
11.65686417
14.48627281
15.14902020
12.63333511
14.27647305
14.23529339
13.31568623
20.20784569
15.58235168
13.60980511
12.16470623
17.40980339
9.14901924
6.58431435
8.11372757
10.14117813
14.70392418
14.34509754
14.92549133
12.09019470
14.00196075
14.60196018
12.83921719
12.74313927
13.27843475
13.64313889
21.69804382
14.83137131
12.06078625
11.28627586
16.81372452
10.13137150
6.63529491
8.32745266
9.51764870
16.64706230
13.94902229
14.74705887
12.00392342
14.53137207
14.17647171
13.13725567
12.66078377
12.54902267
16.76862907
22.85294151
12.95686054
11.65294075
10.90588379
16.59804153
11.12745190
7.14509869
8.60588360
8.63921642
17.60000038
13.49607754
15.16666698
12.03921604
14.04902077
14.16274452
13.94313908
13.21764851
12.78627491
21.73333549
22.21764755
10.89999962
11.84117699
11.19215775
16.37254906
13.26470661
9.84902000
9.63725281
8.41764641
17.16863251
12.75490189
16.69804001
12.25686455
13.68823719
14.46667099
14.07254887
12.70588398
13.31960964
23.51960945
19.40588570
9.84117699
11.56862831
11.43529510
15.95294189
15.55098057
12.85490608
11.41764832
8.80980396
15.36470509
12.72549152
17.51568794
11.96666813
14.11372757
13.53725338
12.99019432
12.38235474
14.00196266
23.50000000
17.24510002
9.86862946
11.51372528
11.69019699
14.75294304
17.54705811
15.83137321
13.68823624
10.67451000
13.58235359
13.45686436
19.08235550
11.40784264
14.69019604
11.57058907
11.25882435
11.48431396
15.45098019
21.50588608
15.01372623
10.44705772
12.03529549
12.40784645
14.33529854
19.19215584
17.46666908
15.91568661
13.58431530
13.18823624
13.58431435
18.98431206
10.88039494
13.39019394
10.87450886
11.03137302
10.73921680
15.35882282
19.57058907
13.79216099
11.01568699
12.62549114
13.17843342
13.87058926
20.40784454
18.15490150
18.81568527
16.38431358
12.63333702
12.89607811
17.43333435
11.65098095
12.20784092
11.67451000
11.06470966
11.62353134
14.54509926
16.82941055
13.45882320
11.99019718
12.14117813
13.19804001
13.78431416
20.52548981
18.08431625
19.93137169
18.39608002
12.05882454
12.60196400
16.10588264
11.89019871
11.83725357
12.22941113
11.18823433
12.32745075
14.57843208
15.41764736
13.95686150
12.55294132
12.73921585
12.63333321
13.85882473
20.19215393
17.63921738
20.01372719
19.35686302
12.51764679
13.27451134
13.06666946
11.19215775
10.40392113
11.97842979
11.15686417
12.33333397
14.10588074
14.62941456
13.83529568
13.35686493
13.74509907
12.47058868
14.30000114
19.06470871
17.02745438
19.07647324
19.31373024
13.26274586
16.01176643
12.09411812
12.22352982
9.69215775
10.61176491
11.87059021
12.30980396
13.45882607
13.89412022
13.46078491
13.63725662
14.11568832
12.09411907
15.05882454
17.58235359
15.26470470
17.71372223
17.98431778
13.94117737
18.74901962
11.27843380
14.56666660
9.51764679
8.69803905
12.42352867
13.15098095
13.15882492
13.80000019
13.51961040
13.79411888
14.39411926
12.79215717
15.75098133
16.76078415
14.06274509
15.96862793
15.93529701
14.40588474
19.79803658
11.55686188
17.11176682
9.46078682
8.39607906
12.59607792
12.88235569
13.66862774
14.75294209
15.78627586
14.22941399
14.01960850
13.32353210
17.30195808
16.77647209
13.28627682
13.94706059
13.85882568
14.02745247
19.19411659
12.40784359
19.16666794
10.11960888
8.73333359
13.45490170
13.28823566
14.36078644
17.02548981
18.01372910
14.73529530
14.03725529
14.07255077
17.87647247
17.06274796
13.97451115
13.52745438
12.94117737
13.62353039
17.59607887
12.43333244
18.89607811
10.34705925
8.99215794
14.14509964
13.12745285
14.30588722
18.76862526
18.63725471
15.34117794
14.50980759
15.58039474
17.99608231
17.43333435
15.28627396
13.72549343
13.64706230
13.02353191
15.43725681
13.33529472
15.88235378
9.30196190
9.29019642
13.59608078
11.99411583
13.90784454
21.09216118
17.93137360
16.10588074
15.15098381
16.38823509
18.39019966
17.68823624
15.78235340
13.43137550
14.84117603
12.76863098
14.55882549
14.61764622
13.90000057
8.46274567
9.16078568
12.94902134
12.11568642
14.20784664
22.54117775
18.07255363
16.53333473
15.77255058
16.46666908
19.04706192
18.37450981
15.53333282
12.79804134
15.20000076
12.86078453
14.29803753
15.45097923
11.92352867
8.14117527
8.91568756
12.45490170
12.69804192
15.57451248
24.07646751
20.62548828
16.22745132
16.47058868
15.67450714
19.19607925
18.41961288
14.80588341
11.87058830
14.89215851
13.80195999
14.40392208
14.97255039
10.12156868
9.33137131
8.69019604
12.66078568
14.80980396
17.44902039
24.84510231
22.24509811
15.18627644
16.52745056
15.27647018
18.81372833
17.46274376
14.06470680
10.80784607
14.87647057
13.92157173
14.76078606
14.71764851
10.30392265
9.67058945
8.88235378
13.59803772
16.60196114
18.46862793
26.22745132
22.98039436
13.45098114
16.94117928
14.71176624
18.65490150
16.94706154
13.28039360
9.95882320
14.99215889
14.00980473
15.92352867
14.05097961
10.36274624
9.40000057
9.26666737
13.49215698
16.68235207
18.10980797
25.99608421
21.87254906
12.85097980
17.98235130
14.12156963
18.33529663
17.50392342
13.67450714
9.51765060
15.09019566
15.29804039
17.55294418
14.18431664
10.80980396
9.52549171
10.02156734
13.54313946
15.78627586
17.90980339
23.18823624
19.45882607
12.81960964
17.78431511
13.63921452
17.56470680
18.15490341
15.04117584
9.41176319
14.97647285
15.92156887
18.84509468
15.24313927
11.50391960
10.16666794
11.22745228
14.00392246
14.57451057
17.07843208
20.12549782
17.07058716
14.21961021
16.76078415
13.81176567
16.50784302
18.16470909
16.14706039
9.95294094
14.76863003
15.91372681
20.59999657
18.45686340
12.19411850
10.92156887
13.16666698
14.82352924
13.67647171
16.05882454
17.20000458
15.16470623
15.16470623
15.51961040
14.65686512
16.32745361
17.73921394
16.75489998
10.85490131
15.40784740
15.43725491
21.66863060
21.52940941
13.93529415
12.60392284
14.43725681
15.85490131
13.94902229
15.55098057
15.05294228
14.14706135
15.05686188
14.36470795
16.52941322
