22.49412155
25.80588150
24.56274796
24.46862411
23.52745056
23.16862869
22.32353210
23.33921623
23.13334084
22.89020157
23.96666718
23.45490837
23.58235931
23.99999809
24.05097961
24.52548981
25.62352371
10.23333263
23.50980759
25.52745056
24.10981178
24.44313431
23.59412384
22.03725243
22.63137627
23.49019432
23.44902992
22.85686874
23.98431587
23.24902725
22.88431168
24.38038635
24.07059097
23.87844086
25.28823471
9.98039246
25.10980988
24.87254715
23.15882111
23.78235435
23.19412231
21.39999962
22.00391579
22.21961403
22.07843018
21.79607391
22.19607925
22.10196304
21.65489769
23.67254639
23.72549820
23.67451286
26.07647133
10.83529377
23.55294418
25.30980492
22.49803543
23.90392303
23.42353249
21.89019585
21.96862793
21.99216461
21.50979996
21.70980263
21.22352791
21.63137245
21.21960449
23.43725204
23.88627625
24.41372490
26.22941208
10.93529320
22.39411926
25.74901962
22.62941360
23.90000534
22.99411964
22.19215965
22.35883141
22.33726120
21.62940598
22.10980415
21.45685959
21.95097923
21.25882339
23.82156754
23.76863098
24.82941628
25.78235626
11.33333302
22.37059021
25.80587959
22.87647247
23.09019852
21.94901848
21.15686417
21.63922119
21.70392036
20.98234749
22.02156830
21.53528595
21.93136597
21.40392876
23.98235321
24.42156792
25.13922310
26.22941589
10.90588188
21.61960983
25.31961060
22.73530006
22.17451096
20.94509506
19.28627396
19.87450790
20.63529396
20.30196571
21.61568832
21.12156677
21.29803658
21.60392570
23.48432159
23.79607964
24.45098305
26.58040047
11.48235226
20.62157440
23.44314194
22.46274757
20.88039398
19.14313698
17.95490646
17.99412155
19.14117622
19.37450600
20.21960449
19.81960869
20.15098190
21.17058182
22.15686035
22.91764832
23.65686226
26.47255516
11.33725452
19.47058868
21.40587997
21.67842865
19.22745132
17.50000191
17.65098381
17.69411850
18.58235550
19.17255020
19.86666679
19.69804382
19.83529091
21.19803429
21.14901733
22.64509964
23.37647629
25.57450867
11.30784225
20.09804153
20.43333435
20.76862907
17.85686302
17.24510193
17.78235245
17.68235588
19.05294418
19.73529434
20.31176758
20.54509735
20.53725815
22.00392342
20.44901848
23.75490379
23.85490417
25.19804001
10.34705830
19.80588150
19.47254944
21.00196075
18.68235207
17.52156830
18.37058830
18.08627510
20.10980225
20.45098114
20.80980301
22.49607658
21.91568947
22.91176796
21.96862793
26.09412003
25.41960716
24.67058563
10.90588093
19.99019623
19.90000153
23.02941895
20.70980072
18.23333168
19.14510155
20.40000153
21.20783997
21.26470184
22.75489998
25.25490379
23.11765099
24.06078720
23.47255516
28.00588226
26.24705887
23.95686722
11.12941265
20.29215622
20.95686531
23.56863403
22.01176453
19.90784264
20.78235435
23.35294342
23.61568260
21.99607277
24.57255173
26.45686531
24.04313850
24.78824234
23.62745667
27.50000191
25.49608421
21.90195847
11.71764660
17.85098267
21.60195923
23.69020081
22.89803505
21.40784454
22.76862907
24.79607964
24.89607811
23.09608078
25.72941589
26.00588036
24.86470604
24.52157021
23.33726120
26.52157021
22.62353134
20.62156868
10.89999866
16.99215698
22.09216118
24.37451172
21.92745781
21.01176262
24.20196342
24.64902306
25.65098000
24.40784454
24.83726311
26.14117813
24.85686493
23.75686073
22.66078568
24.95097733
19.38627625
20.12940979
9.52352810
19.76274681
22.34902191
24.91960716
20.94313622
20.07058716
25.41372681
23.60785103
24.32156754
24.96470261
24.04901886
26.48039436
22.85098648
23.08039284
22.37059021
21.67058563
17.34313965
19.74509621
9.07254887
21.05294800
22.94902039
25.29411697
21.56470108
19.74313736
24.33333588
22.64313126
22.01373291
24.80784607
23.94509697
24.91960907
20.71961021
22.42745399
22.64705849
18.50588226
16.66470909
18.40196037
9.03137207
19.13137054
23.06863213
25.24117279
22.71372604
20.81568527
21.80000114
22.58431625
20.86078644
23.84706497
23.07058716
22.11176300
19.29019547
22.24313545
22.55294228
16.97843170
15.95098209
16.31372833
8.73921585
19.29411888
22.37843513
24.91568756
22.99215889
21.88039017
20.04706192
22.81764603
19.69607544
23.49412155
22.05882263
18.85490417
17.34705925
22.82548714
22.81960869
15.65098190
15.15490341
15.33137226
9.13921452
18.74313927
21.52941132
24.51765442
23.40784454
22.71960449
20.11372757
21.76274300
18.91764641
24.91960716
20.81960869
16.99411583
15.13529396
23.81372833
22.52352524
15.27451038
14.74902344
15.30980396
9.60000038
17.75098228
20.47843170
23.13725662
22.46667099
22.80980682
20.55882263
20.25882149
18.87059021
24.58235168
19.65686798
15.50784111
14.02941227
22.48823357
21.27647018
14.92156792
14.15686512
15.40196323
9.90392208
17.85294533
20.12157059
21.53529739
22.08235168
22.50784302
20.93137360
19.16470528
19.70392227
23.77647400
18.24510193
14.54705906
13.49215698
19.87058830
18.77843094
15.19607925
13.59607792
15.45098591
9.56862736
17.54314041
20.49607658
20.00980759
21.49999428
21.69411659
21.40588379
19.36274338
19.21960831
22.06666756
17.99608040
14.77451229
13.41176605
16.82353020
15.80980396
14.94314003
13.81764889
15.34902096
10.07254982
17.73529053
19.96078300
19.51568794
20.40980339
20.10000038
21.68627167
19.88627243
18.59215736
20.08235550
16.70392418
14.77842903
13.49804020
14.53921509
14.44510174
14.34706211
14.17058754
15.53725624
10.77843189
17.87646866
19.30980492
18.68039513
18.57451248
19.06274414
21.80784035
18.89608002
17.86274338
16.97451210
16.16862679
14.83137131
13.43921661
13.97255039
14.00196171
13.94117737
14.62156868
15.89608002
11.17647171
17.89019585
18.44313622
18.53529358
17.40196037
18.69607925
22.22941780
17.87254524
17.20392036
15.44509983
17.26666832
15.64313698
13.50588417
14.05098152
14.13137150
13.73137283
14.67255020
16.00980568
10.72549057
18.04902267
16.77843475
18.70392227
17.30784225
18.02353096
22.36274147
17.92549133
17.16666794
15.28039360
17.38627625
16.33333397
13.80588341
14.37058926
13.87843037
13.34509850
14.50980568
15.50588417
11.27450943
17.78627205
15.62157059
18.04901886
17.53921318
16.54902077
21.38039207
17.67843246
16.75294113
16.84902191
17.05293846
16.64313698
13.49803925
14.21372795
13.64705944
13.19607830
14.60392380
15.23725510
11.01176453
16.98823738
14.12941456
16.89607811
17.21568489
15.57450962
19.88039589
17.49020004
16.06274414
18.32352829
17.02744865
16.83725548
13.10000229
13.93921757
13.42157078
13.38627625
14.73921776
15.48823547
11.89019680
15.87843132
13.30784512
16.33137131
17.00392151
15.36666775
18.61175919
17.63921738
16.28823280
17.98039246
16.57843208
16.51765060
12.80588150
13.99804020
13.11960983
13.49608231
15.00000000
15.11961079
11.97451210
15.87843323
13.11960697
15.93137264
16.53529358
15.50000000
17.12156868
17.41568756
16.54509735
17.11568832
16.47059059
16.24510002
12.24117756
13.92156792
12.86078453
13.51764870
14.74705887
14.75294018
12.96666431
15.92549229
12.90195847
15.50196171
15.77059078
15.00391960
15.54313660
17.94705772
17.76470757
15.96666718
15.70000267
16.91764832
12.16666889
13.86274815
12.52156830
13.63529587
15.06274891
15.17255116
12.97254944
16.51568794
13.01176262
14.44706059
15.12353039
14.98823452
15.24313831
17.70784378
18.24509811
15.27451038
15.05098438
16.98431206
12.08627605
13.14902115
12.61372566
13.20196247
14.93725300
15.51764870
13.61372375
16.64902115
12.70000267
13.25882435
14.76274776
15.27451229
14.89019775
16.95294189
17.39804077
15.01176357
14.77058792
15.29019833
11.88039207
12.50000095
12.50784492
12.73333740
15.14313889
16.16862869
13.83137321
16.01176453
13.55294323
12.62941551
14.01372719
14.40784359
14.29215717
15.23725605
15.42941570
14.52941418
14.16863060
13.93333340
12.21568871
12.72745037
12.06274509
12.40588379
14.77058983
15.98823547
14.09999943
15.94705963
13.38235283
12.83921719
13.74901676
13.58431530
13.47058964
14.06274796
12.78431320
14.50784492
13.73333168
13.51764774
12.35098171
13.13529396
11.92941189
12.57843208
15.00588512
15.75882530
13.94902134
14.89019680
13.78627491
12.44509697
13.72156906
13.00588417
12.98039341
13.37451267
12.23529625
14.90784550
13.49412060
13.42745399
12.33529663
13.02156925
12.16666698
12.58431339
14.47254848
14.68235397
14.41568565
14.29607773
14.96274662
11.86078453
13.65294075
12.89803982
13.08627510
12.70000076
12.34901810
14.01176834
12.89019775
12.81372738
12.89215851
12.73725700
12.48627472
12.13725471
14.90588093
14.41176701
13.78235626
12.53333473
15.27843094
12.35098171
13.74510002
12.58431530
12.96667004
12.50392437
12.21372509
13.19215584
12.39411736
12.85686493
13.58431625
12.03137207
11.70196152
11.94902229
15.40392399
14.80196285
13.84117603
11.56274509
14.67058659
11.73333454
13.76078415
12.39019775
12.37058830
12.34117794
12.26274681
12.69803905
12.36274529
12.87059021
14.04117966
11.31568718
11.26470757
12.28235435
15.52745152
14.53725815
14.14117813
11.28235340
14.67646980
11.50784302
13.99019718
12.65490055
12.08627510
12.26078415
12.35098171
12.57647133
12.50588131
13.08823586
14.03529453
11.10000038
11.08823395
12.30588531
16.13137436
14.74117947
14.14509964
11.42156982
15.46862984
11.74902153
14.59411907
12.94313908
12.31176662
12.38235378
12.56470776
12.45490265
12.18235302
12.42745209
13.72157001
11.58235455
10.35490131
12.27843094
15.69804287
15.09215832
14.18823719
11.61176586
15.77255058
12.11372757
14.39019775
13.13725662
12.20392323
12.94706059
12.98627377
12.04117775
11.81372738
12.15293884
14.79411602
12.47058964
10.12156868
12.20392323
14.50588131
15.00392532
14.53921413
11.30980492
15.45098209
12.00196266
13.63333321
13.19804096
12.42941284
13.01568699
13.84706020
11.78431511
11.54117775
11.65882301
17.75489998
13.75098133
13.70784378
11.91764832
14.19411850
14.51764965
14.51764488
11.01568604
14.68039322
11.84706020
12.74901962
13.08235455
12.62549019
13.37255001
14.02156925
11.80196095
11.43725681
11.03725433
20.38823700
16.30588531
19.34706306
11.58235455
14.21176529
14.28823662
14.52745438
11.51764584
13.94117832
11.77254772
12.04117680
13.37843132
13.08431625
13.71176434
13.98431396
11.91764641
11.97255135
11.15686321
20.69804192
19.47647095
21.41961098
11.41176414
13.77647495
14.21764660
13.99803925
12.01372719
13.65098190
12.24509716
11.94313812
13.89803791
13.18235302
14.51764870
14.81372452
12.38823795
13.47843361
11.77254963
19.64510155
21.48823357
22.73529434
12.45882320
13.82941246
14.14705849
13.79804134
11.79019547
13.37058926
12.07843399
12.03921604
13.83137321
13.51372719
16.89803886
15.34509850
13.18431377
14.98235416
12.34902096
17.29215813
22.15882683
23.38627625
14.52745438
14.10000134
14.05294323
13.32941246
11.67058754
12.79804039
12.38823700
11.38039207
13.96666813
13.55490303
17.74509811
14.74510002
13.53137302
15.63137436
16.16470718
16.02744865
22.49999809
23.61176872
15.51568794
13.95882320
13.59607983
12.55490303
11.84705830
11.85882282
12.70000076
10.90392208
13.76666546
13.96862698
17.59019661
13.93333435
13.42352962
15.05294323
21.83137703
17.26863098
22.14313698
23.26471329
16.28627396
12.99019623
13.39215469
13.19804001
12.15490150
11.55294418
12.99804020
11.51960945
13.46078491
14.89215946
18.62353325
13.62549019
13.18039227
14.20588398
24.20000267
19.16471100
20.51765060
21.65686035
17.86470795
12.88823414
13.80392170
13.64510059
11.44313717
11.48627281
12.29607677
11.70588398
13.34902000
17.18823624
19.66078568
13.14706039
13.38823509
13.33529282
23.26470947
19.20784760
17.71372604
20.61176109
19.34510040
12.74705791
13.87647057
13.07058716
11.17255020
12.05490112
11.55490112
11.04705715
13.16470909
17.39215660
18.71372795
12.89215851
13.94509983
13.32156944
22.17058754
17.68039513
14.61960697
19.18431854
20.12941170
14.33921814
14.11568642
12.72352886
11.42941284
13.85882664
11.14313698
10.75098038
12.69804001
16.50000191
16.99019814
13.39607906
13.99019623
13.86470413
20.88431931
15.60000038
12.77647209
18.50784683
21.35098076
15.82549095
14.73921490
12.71568775
11.70784569
14.23725700
10.56666660
10.82352924
12.68627357
14.69411755
16.00000191
14.38431549
13.74706173
15.06078625
19.80980682
14.51176739
12.32941151
17.38823509
21.68627357
16.32549095
14.66274834
12.75686550
11.44509602
14.19019604
10.52157021
11.09215736
13.34706116
13.21176720
15.28431511
15.60000134
13.79412079
17.06274796
17.39803886
12.62941265
12.12549400
16.28235245
21.52745056
17.41372681
14.37451267
13.45490170
11.59804153
14.07843304
10.40392113
11.29019737
13.84706116
11.73137283
15.07647133
16.16274643
13.85490322
19.16470528
15.19804382
11.97647095
12.71372414
15.45882607
20.79608536
18.80000114
14.20000076
13.34706116
11.76862717
13.62745285
10.60000134
11.68627453
14.28235531
11.27843189
15.17451096
15.62745380
13.86470604
20.00784302
13.85490227
12.26666546
13.78235531
15.05490494
19.51961327
19.07254410
14.52548790
12.80000114
11.62549400
14.10980415
10.61960983
11.74901962
14.22549152
11.71176434
15.66862869
14.54901886
13.73725510
19.73333549
13.28235531
12.58627415
14.92353058
14.46666718
17.36666870
19.50979996
14.85882473
12.53333473
11.17058659
13.71764946
10.21372795
11.68235302
14.05686188
12.04313660
15.90196133
13.72745228
13.99607754
18.39411926
13.06078243
12.76078510
15.39607811
14.68431664
15.26666546
19.46274185
15.57254887
12.45098019
10.55490112
13.54117680
10.27254963
12.18039322
13.75490379
11.46862984
15.86471081
13.82745266
14.70392227
17.09411812
12.90588188
12.92549133
15.11764717
15.27254772
15.31960869
19.87059402
16.60980225
12.72941303
10.40392208
13.98039246
10.70784473
12.73137283
13.04705906
11.20196247
15.61372757
14.10000038
15.69411945
15.70196247
12.95294094
13.86078453
14.76470566
14.73137665
15.65294266
19.15882492
18.10784531
12.79803848
10.52941227
14.19804001
10.84902096
13.55882645
12.12156868
11.18235397
14.90392303
15.10196304
16.35098076
14.37255001
12.82745266
13.87058640
14.33921337
13.91568661
15.04902077
18.23725891
20.02549362
12.77842999
10.14509773
13.75098038
10.97058868
14.98235416
11.23529434
10.74509525
14.34117699
17.02157211
16.14902306
13.74117756
12.91764736
13.48235321
13.47450829
13.93921661
14.04509640
18.43333626
21.22941208
11.81960869
10.01372719
13.81568909
11.43333340
15.78431702
10.28627491
10.86078644
13.63921833
18.08235359
15.26862717
13.22745132
12.81568813
13.15686417
12.47647285
14.66274357
13.22744942
20.33725739
21.29216003
11.75490189
9.50784302
14.51176643
11.95882416
15.68431377
9.67058849
11.09411716
13.14705944
16.85686302
14.72352886
13.04313469
12.87843227
13.36078453
11.90588379
14.63333416
12.69215775
19.80196381
21.21960449
11.57058525
9.71960926
14.70195961
12.24117851
14.82353115
9.26862621
11.01176643
12.80980587
14.48627758
14.22941208
13.10588169
13.58823872
12.73921585
11.81568718
14.25882244
12.64706039
17.74509811
20.75098038
11.88431358
10.18039227
14.83725643
12.90588474
14.27451229
9.08627510
10.42352772
12.57843018
12.72352886
13.42549133
13.16078377
13.98039341
12.60980415
11.98235512
13.71960831
12.39019775
16.84117889
20.54117775
12.27254868
11.12549210
15.19411755
13.74313831
13.43333435
8.55686283
9.80392170
12.09804058
12.03137398
13.29607868
14.24509907
14.22549057
12.31372261
11.58235359
13.65882492
12.55490112
16.15686226
19.66666603
12.51176643
10.80392170
16.05098343
14.60784626
13.26078606
9.09607983
9.73529530
11.67450905
11.75686359
13.06078243
16.10392380
14.22941303
12.51764870
11.17058945
13.96274662
12.63529396
15.28823376
18.01960945
12.52156830
10.39608002
16.63921547
14.61372566
12.96666718
10.38039207
10.20784283
11.27254963
11.10196114
13.14705849
17.27647209
13.61764717
12.10196400
11.78823757
13.64901829
12.65686226
15.05490303
16.69804001
12.65294266
11.00196075
17.60588264
14.59019947
12.16078377
11.96666622
10.65882301
10.84313583
11.34705925
13.46863079
16.28235245
13.34117794
12.15490437
12.85882473
12.86862850
12.49803829
15.40980530
15.64901829
13.24509811
10.70196342
19.29803848
14.86862850
11.77843285
12.99804020
11.64509869
10.98039246
12.11568642
13.61765003
14.55686283
13.40784359
12.58431530
12.91960812
13.15294075
12.44313908
14.86666679
15.68235588
15.55882740
10.15882397
18.00588417
16.27843094
11.21176434
13.29803944
12.70588398
11.20588207
12.80000114
13.21960831
14.07843208
13.15882301
12.72745228
13.28823566
13.55294132
12.81764793
14.10196209
16.42548943
17.46666718
11.54117775
16.97843361
17.21176147
10.20196152
12.97451210
13.50588417
10.82156849
13.60392284
14.04509830
14.34313965
12.85098076
12.72156715
13.91764736
13.45294189
12.65882397
14.65294647
16.42745209
17.34901810
12.55686283
15.70588398
17.17255020
9.31764698
12.93921757
13.28039265
10.23529339
14.11569118
14.24313736
15.10588264
12.72352886
13.08431530
14.22352886
13.32156849
12.38823605
15.11960983
16.17255020
17.03333473
13.39803791
15.11960983
16.47254944
8.56078529
12.71372604
12.00588131
9.77843094
12.84706116
13.66666698
14.64705944
13.38823605
13.31568909
14.11372662
14.14509773
12.15882397
15.38431644
15.87058640
16.73137283
13.58039284
14.24117374
15.09019566
7.24313784
11.83725548
10.70196056
9.61372566
11.61568737
12.49803829
14.07843399
13.35882378
13.75882435
14.20784378
15.05686474
12.70392227
15.39019775
15.88235283
16.13333702
13.05882549
13.47255039
13.56862926
7.11960697
12.01960945
9.87843227
9.79411793
11.74117565
11.81176376
14.59215832
12.97647095
14.49607944
14.56666660
14.73333454
13.14313602
15.28431416
15.35882473
14.66078472
12.88627529
13.37255192
12.68235397
7.17451143
11.59019566
9.15490246
9.84705925
12.59411907
11.70588303
14.71176624
12.51568699
14.53137493
14.67058849
13.82549191
13.53725624
14.73921585
15.04117680
14.31764793
12.84902191
13.93725491
12.35882568
6.91764736
10.82156944
8.70784473
9.35294151
12.92745209
13.45882511
15.26666832
13.11372757
13.80588436
14.82157040
13.71960640
13.54510021
14.36078548
15.02941132
13.62156868
12.69411850
14.33137417
11.92941284
6.73333454
10.12941265
8.21372509
8.66078472
12.54313755
16.69019699
15.87058830
13.63333321
13.41960907
14.69216061
13.55294228
13.59804058
14.03333569
14.38431454
13.22745037
12.15686607
14.14510250
11.17058754
7.27254963
9.56274509
7.21764803
8.88039303
12.33529472
18.61176491
16.62156868
13.46470737
13.09215927
14.44509697
13.10784626
13.57254982
14.28627586
14.51568890
12.62156963
12.05686378
14.09215736
10.10980225
7.64117622
10.38431549
7.12352991
9.96470642
13.21961021
19.17451096
17.50980377
13.06666660
12.99608135
14.02549171
13.14706230
13.58627415
14.22352982
14.84902096
12.99215412
12.39804173
14.06274319
10.60784340
8.27647114
12.34509945
8.64117718
10.13333416
13.09215736
18.96078491
17.09019852
12.60392094
12.67451191
14.24902058
13.67647171
13.11372566
14.68823719
14.60000229
13.65098286
12.91176605
15.43921852
10.44706059
9.13333416
13.79215908
12.21764755
9.84313583
13.28235531
16.56078339
16.38627625
12.86078453
12.30980301
14.74313927
14.23137474
13.50000191
14.24902344
14.82156944
14.08039284
13.40588093
16.91568565
9.76470661
10.17843342
15.09411907
17.97255135
10.15490246
13.59804058
14.82353306
15.55294323
13.13333511
12.73725605
15.26470757
14.29411697
13.66862774
14.49019432
15.89019775
14.74705982
13.48823643
18.92156982
10.21372509
11.92353058
15.27647114
22.87451172
10.29804230
12.93725586
14.08039284
14.88823795
13.61765099
13.53333473
14.81960773
13.76274776
13.02745342
15.08431625
16.77255249
14.96666718
13.78039455
20.83529282
11.37058830
14.16862965
14.77254963
24.62941170
11.38627434
12.97842979
13.05098248
14.35882568
15.31568718
14.31764889
13.92744923
14.21176624
12.73137379
15.22157001
17.11764908
14.77451134
13.37254906
20.89215660
11.67255306
14.67647076
14.70000267
23.46666718
13.11764812
13.58039379
12.69412041
13.88039112
15.93921661
15.87451267
13.48431301
14.59803963
13.27843094
15.05882454
16.76078606
15.06862831
13.43333435
20.74313736
11.43921661
14.93529606
14.67255211
22.29804420
15.28235340
14.05686378
13.15686417
12.95294189
15.64901924
16.66470528
13.99019623
14.24313927
13.88431549
14.84902096
16.12941360
14.90196133
13.27647114
20.49019432
11.29019547
14.08235168
15.77254868
19.11568451
16.33921623
14.96470833
13.23137283
13.05098057
15.46470642
16.99607849
14.41764736
13.86667061
13.92157078
14.49804211
14.85882378
14.47451019
13.58235455
19.85098267
11.39607906
12.80980301
18.48431587
18.20980644
16.45686340
15.05490494
13.15098095
13.41765022
15.55098248
17.20196342
14.49411774
14.53333664
13.71961117
14.76274395
15.16078663
13.67059135
12.39411736
19.97647095
11.61568832
12.28431606
19.70392227
18.51372337
15.40588379
14.21176720
13.54705811
13.66862679
15.88039207
17.25098038
14.48627567
15.11176872
14.07451057
14.90588379
16.18431473
13.49607849
12.52156925
20.02549362
12.27254963
12.07451057
19.60196686
17.98039436
13.92548943
13.84313869
13.47451019
14.70588398
17.01960945
17.28235435
14.51176453
15.70392323
14.62353134
14.50195980
16.34313774
13.31960869
12.66666794
19.93725967
12.96078682
11.61568642
18.07058716
17.23921967
13.82745361
15.01764774
13.23137569
15.60588074
17.94509888
16.95098305
15.05294132
17.00784492
14.77843285
14.64509869
15.50196266
13.23333454
12.57843113
20.32941246
13.97451115
11.99215794
16.80784416
16.78039360
15.10000038
16.86274719
12.84705830
15.62156773
17.17255020
16.26274681
16.65686417
17.96078682
14.36274242
14.79607773
14.97255135
13.25490093
12.08235455
21.52157211
14.79019737
12.02549076
15.57843304
15.61372852
15.45882416
17.91372681
13.52940941
15.50588608
15.60000038
14.72745228
19.41372681
19.51176262
13.87843418
14.39019775
13.82157135
13.34117603
11.59607983
23.09019279
14.91176510
12.17059231
14.19019604
15.29019737
15.56862736
18.09803963
15.52353191
14.96862698
14.58235264
13.37450981
21.08038902
19.15294266
14.16862869
13.71372604
13.99608231
13.47450924
11.61960697
23.01568604
15.82353401
13.00196362
13.20980549
15.26666641
15.38431549
17.12941170
17.90196037
14.27647305
14.24117756
13.28039360
19.99411774
17.20980835
14.09215832
14.10392284
14.39411545
13.20784378
11.05098152
22.80784225
16.11372566
14.34509850
12.87647152
14.56470680
15.98235607
16.97647476
20.25294113
14.02941322
14.17058945
13.06470680
17.29215622
15.39803886
14.28627586
15.04705906
14.26274872
12.37842941
11.20588303
22.98823547
16.58431625
16.50588226
12.26666832
13.75490189
16.35490417
17.45294189
21.75098419
14.32941532
14.86470699
12.71960926
14.34117603
13.90980148
14.80588436
15.20980549
14.24117661
12.14313889
11.47254944
23.28038979
17.37058830
17.50196266
11.01764774
13.56666756
15.74509907
17.47647285
21.79607964
14.78823853
15.65098000
13.88235569
13.52745056
13.14705849
15.43333435
15.27450752
14.02745342
12.68823624
11.24313641
23.09020042
17.24313927
17.35294151
10.27647114
13.99019623
15.65294266
17.52352905
19.97450829
15.09804153
17.28235435
15.56666756
13.50784492
13.04706001
17.09019852
15.68235207
13.82549286
12.86078262
10.56274605
21.99607658
16.16078568
15.47843361
10.55294228
14.30784416
16.37254906
18.58235741
17.82353210
15.25490093
19.77647018
17.75294304
13.66666698
12.10000134
17.99412155
15.80392075
13.77843571
12.50000191
10.46862888
21.04509926
14.57843304
12.62940979
12.06274700
14.06274509
17.72941208
19.59411621
16.80000114
15.00784492
20.24117851
20.64902496
14.22156906
11.70588303
18.46862793
16.27843475
14.43921661
12.32156944
9.98235321
18.65098381
12.17058849
12.10980511
13.55098152
14.27058792
18.16862869
18.99803925
15.93725491
14.96666718
20.22353363
23.66863060
13.69412136
11.86078548
18.94509888
16.86274719
14.70784569
12.35097980
9.72156906
16.41372681
10.20391941
11.10588264
13.35686398
14.05098152
18.49019814
17.44705963
15.43725586
15.19999886
22.29608154
25.44705963
12.72353172
12.79215908
17.55294418
16.62941360
14.54314041
12.56078339
9.24117661
16.52745056
9.21372414
10.17254829
12.88823509
13.90784359
18.60000229
17.32549095
15.79411888
15.27450943
25.42353439
25.20392609
11.94902039
13.83333588
15.52353001
16.12156868
13.57058811
13.43333244
9.04705906
17.66862869
9.30588245
10.16666603
12.26078320
14.54313755
17.77843285
18.15882492
15.39019489
15.36862659
27.21764755
24.37058640
11.94509983
14.31568718
14.91568756
16.85882759
13.84902096
13.87255192
9.24117661
18.06274605
9.86666679
10.06666756
11.08823681
15.46078682
16.93921661
18.36078262
14.60392284
16.38627243
26.26666641
22.58235168
12.64706039
14.18627739
16.23137283
16.71176720
15.00392151
14.18431568
10.08431435
18.30588531
9.93529320
10.26274490
10.96274376
16.43529320
16.47059059
18.05490112
14.18431568
17.78627777
26.23921585
20.60784721
12.86274624
13.82549191
17.11372375
16.32745171
15.39607811
14.18235397
11.38235474
18.11372757
9.79411888
10.76470661
10.91372585
17.19412041
16.23921585
17.53333282
14.32745171
19.88823509
25.60784340
19.22744751
12.86470509
13.55294037
17.13529587
15.90392113
14.88823795
14.26666832
11.70196247
17.60588264
10.20980358
10.85294342
11.18039227
17.43529320
16.61372757
16.74313927
14.57843208
21.51372528
23.74509811
18.50588608
13.00392342
13.56470871
17.00784683
17.03921509
14.40980434
13.99608040
11.73333359
18.13725662
10.11960793
10.42549229
11.12353039
17.12157059
17.10784149
16.67255020
14.87255096
22.39019775
21.50588608
17.15294075
13.34314156
13.26470757
16.98823547
19.35098457
15.33137417
13.86274719
11.53725529
17.92941475
8.90196037
9.82941151
10.71568680
16.93725777
16.99804306
16.51764870
14.62744999
22.75098419
19.20980835
16.10588264
12.54901886
13.10392284
15.41764927
20.73137283
15.82156849
13.32353115
11.43725586
18.16078568
8.27058792
9.40196133
10.75098038
16.17843246
15.40196323
15.98431587
14.72156906
23.78039551
17.79804420
15.05490494
11.67646980
12.73921585
13.93529797
20.85686302
15.73725510
13.52549362
11.19804001
17.70784378
8.02156925
8.92352962
11.70980644
15.84902287
14.30980206
15.87255001
15.43921661
24.96274757
19.58235359
15.82549381
12.38431454
12.78627586
13.33529663
21.32745743
15.08431339
14.56470490
11.21372604
17.64117622
7.92156887
8.51176548
12.95490456
14.62352943
14.80980301
17.09804344
15.86274529
25.19019508
22.52156830
16.88823509
15.53333473
12.44313812
13.16078568
21.77451134
14.35686588
15.22941399
11.55686378
16.51372528
7.46274519
8.37254906
13.73137188
13.75882435
15.01176929
19.24117661
16.02548981
26.22156906
23.26667023
16.70392418
18.19607925
12.13725471
14.22941399
21.70392418
13.86274910
15.74313831
13.29608059
14.97058773
7.48039341
8.68039322
13.11568737
12.72745228
14.03921509
20.00588226
17.97647285
26.73529625
20.94314003
15.61765099
19.89608002
13.85882664
16.46078682
19.86274910
14.05294228
17.09019470
15.76274681
14.28627396
7.48431301
8.76862717
11.53137398
12.66078472
13.74902248
20.04509735
21.83137321
26.36666679
18.46666908
14.42352772
21.70196342
18.23725891
17.51764679
16.79607964
13.93725491
18.76470947
17.01568794
15.20392227
7.64705896
8.44901943
10.94509888
12.58627319
14.15686321
19.14117622
25.63921547
24.94117928
16.93529510
13.79216003
23.49019241
22.66666794
18.08235359
15.66274834
15.09803867
19.06666946
16.54118156
14.88039398
7.30588245
8.45882320
11.82745171
12.20392323
14.27059078
17.74706078
27.67254829
23.09019852
15.76274776
13.65098095
24.47647095
23.97646713
19.54706001
15.69804096
16.12156868
16.88039207
15.10392380
14.47843075
7.18823576
8.52156925
12.69804287
11.98039150
13.51568794
15.96274567
28.75686646
20.99020195
14.48235607
14.70000172
24.30588531
23.44706345
22.74510002
16.29607773
17.06470680
15.51568604
15.30980206
14.44118023
7.20392323
8.53725529
13.97254753
11.89803791
12.74706078
14.74313927
28.53137589
19.20196533
14.03921509
17.29804230
23.96470261
22.93137169
25.82353020
16.33529282
18.75686455
14.19019794
15.61960888
14.37843132
6.66078472
8.69019604
13.60000038
11.66470718
12.19607925
14.81960869
27.69411850
17.49804115
13.85097885
18.87058830
23.69411659
24.15294838
26.07843018
16.45686340
19.04117966
13.61568737
16.19019890
14.91764736
6.44313860
8.35098076
13.67647171
11.68823528
11.91960716
14.78627491
27.93333626
18.34313774
13.72156906
18.68431473
22.70000267
25.24510193
23.94117546
17.46470451
17.61568451
13.23137283
17.17254829
15.08823681
7.20588350
8.07450962
14.09804058
14.06078625
11.35490227
14.58235455
26.52549362
19.57254982
13.88627529
18.03137398
22.43725204
25.59412003
22.07254982
18.59803963
16.53333473
12.75686359
18.77647018
15.75294304
8.81568718
7.95882416
14.26666451
19.29999733
12.71568680
14.35882473
25.32156754
18.95490265
14.41961098
18.46274757
23.25686264
25.12941360
22.11568832
18.47647095
15.63137436
12.75294399
20.07058907
16.69607925
11.26863003
8.83137417
15.12745190
26.26470757
15.73333168
14.30980778
23.80000496
18.42941093
15.28039169
18.67647171
24.61765289
24.64901924
23.06470490
17.94509888
15.16470528
12.43529415
20.51764679
16.79019737
14.63725662
10.49803925
15.09216022
29.76470947
19.60587883
14.73333454
23.05098343
18.13725281
15.58039188
19.07058716
24.10784531
24.99803734
23.76470757
18.32745361
15.91961002
12.63725567
20.89608192
16.77450943
17.71372795
12.29019737
15.98235416
29.65490723
24.10784340
14.38823605
24.00784492
18.39803886
16.51568604
20.22941017
22.78627777
25.86078835
23.61372566
18.99804115
17.76470947
12.58235264
20.92941284
18.04509544
17.85882568
16.42156982
19.83137321
27.66862869
27.11569214
13.99411774
24.53333855
18.97059059
16.72353172
21.49804115
20.36863136
26.37646866
22.53921509
19.17059326
18.97647095
13.68235302
19.90391922
19.20980453
16.04706001
21.61372757
23.84706116
23.91373253
26.89019775
13.84901714
25.74313927
20.90980721
16.31960869
25.10196114
18.62745476
25.52353287
22.27058983
19.57451248
19.32941437
15.21568584
18.69215965
19.04901886
15.29411793
23.56862831
25.80196381
22.33137703
25.73333359
15.89804077
27.76274872
22.41176224
16.43529510
27.51568794
17.60588074
23.67842865
22.33333397
19.95882797
18.48235130
15.79215717
16.94509888
17.49019623
15.56078434
22.51960945
26.40588760
21.26274490
24.66666985
20.37843323
28.06470680
22.60588455
17.48627472
27.33725739
19.01961136
21.54902077
22.04902077
20.70784378
18.77843285
16.03333473
17.11568832
16.91960907
15.55294132
20.62353134
25.96079063
20.40196037
23.34314156
25.13137245
26.14117432
23.94510078
20.29019547
26.19019699
20.77842903
21.08627319
21.27450943
21.27451134
20.75294304
15.84509754
16.71372604
17.11568642
14.81764793
20.20392418
25.62941170
19.49215508
22.02745056
27.59999847
23.42941284
24.66274834
25.40392113
23.61764717
21.69411850
22.43725586
21.67647171
21.89607620
21.50784492
15.72941589
17.03529549
18.12352943
14.32549095
19.70195961
24.40784454
18.48039246
20.58431435
28.64117622
21.59411621
24.61764145
29.63529396
20.48627281
22.49215698
23.03725624
23.65098381
22.39019394
22.53333664
16.50000000
15.78431416
19.34117889
14.18823433
18.17058945
21.92157173
18.87843323
19.44902039
27.67843246
19.62157059
23.96666718
29.96863174
18.83137512
23.04901886
23.66862488
25.40784836
21.70196342
22.24901962
17.00196266
15.66078758
20.47842979
14.27843380
15.88627434
19.29804039
19.58235359
17.85882568
24.66666603
17.23333740
22.61568832
28.40980721
19.44510078
22.40588379
23.77843475
25.03921700
21.25882149
21.30196381
17.67254829
15.66274643
20.48039627
14.66666603
14.36078644
17.74313927
20.67058372
17.73529816
22.76470184
16.01176453
21.02549171
27.05489731
24.30588150
22.78039551
22.85686111
22.66666603
21.79216194
20.23921967
18.20196533
15.63529587
19.37647057
14.69412327
13.75098324
17.50980377
22.11568832
19.37843323
21.26862907
15.78823280
19.79607964
27.17059517
28.21960640
22.90784645
22.53725433
22.06666946
21.45882607
19.94117737
18.55294037
15.19411850
17.47647285
14.47450829
13.24313736
16.75882530
25.67059326
21.38627434
19.93725395
16.34509850
18.86078644
26.70392609
28.41372299
22.95294571
21.95882416
22.47451401
20.55294037
19.76862907
19.43333435
14.55686188
16.63725471
13.97254753
12.75490284
15.68823814
27.21764755
23.42352867
19.01568985
16.59216118
16.57255173
23.99999428
24.45294952
23.20980263
21.32353210
22.54510117
20.32745361
19.33725739
19.84510040
14.38431263
15.16666889
12.62745285
11.89804268
13.21961021
25.84902382
25.58235359
19.10000229
16.89019966
15.20392132
20.27254868
21.86470222
23.36274338
21.43921471
23.26863289
20.92548943
19.10980606
19.78039360
14.37058830
14.66862679
10.96862793
11.50196075
11.60784245
22.75294304
27.49019814
18.14705849
16.90196228
14.35294056
17.70196533
20.68235207
24.07843018
21.45882416
24.50784492
21.59608459
18.81764793
19.85685921
13.99804020
14.35686588
10.01372528
11.11176491
10.72941113
19.51568794
28.20000458
17.13333321
16.62157059
13.97059059
16.73725510
21.64902115
25.33921623
22.13529396
26.46862793
22.60392570
20.01765251
20.00000000
14.25294113
14.12353039
9.76470757
10.30392361
11.18039322
16.77647018
28.27059174
18.10392189
16.41568947
13.54510021
16.63333511
24.05882263
25.41569138
22.94117737
27.68039322
23.85293770
20.91176414
19.85490036
14.42156982
13.70980167
9.51960754
9.76470757
11.15294170
14.60784435
26.06470490
19.33921814
16.30980301
15.22157097
18.49215698
26.04509544
23.49020004
24.57843018
28.06471062
24.12745285
21.44705582
19.36666489
15.15098190
13.49215603
9.20196152
9.65294170
11.42941189
13.56862926
24.39216042
19.81372452
16.27646828
20.19607735
21.73921776
26.84510040
21.36470413
26.45294380
27.66470718
23.93529510
20.87647247
19.99607849
15.13137436
13.15882301
8.94509888
9.48039246
11.60195923
12.75490189
23.07647324
20.27255058
17.15882683
26.99411392
27.50784874
25.57059479
21.01764679
27.70196533
26.12549210
24.11568642
20.10980415
20.43529510
14.71568680
12.08627319
8.78823566
9.24705982
11.19803905
11.64509869
21.26470757
21.65686226
20.37451172
31.42745399
30.61764908
24.52549744
22.99411774
28.28235626
24.01568604
24.23333549
20.65882111
19.84117699
15.34117699
12.30784321
9.05097961
8.96862793
10.74509811
11.71176529
19.70392227
23.61569214
23.44313812
31.92549133
31.79804039
24.49804115
27.96667099
27.75490570
23.08823776
23.82941437
22.40000153
18.88039207
16.60784340
11.78627491
9.14509964
8.85490322
11.34902000
12.72745132
19.18627548
24.58235168
25.11372757
31.92941284
31.12157440
27.53529739
31.21764946
26.55686378
24.28627396
23.16274452
23.69019699
20.10588074
16.75294113
11.65686321
9.38431454
9.40588188
12.71568775
13.91960907
20.17255211
24.08627892
25.56470680
31.33333588
29.84706116
30.09019661
31.96470642
25.17451096
25.87451553
22.11372757
22.88628197
22.99411774
16.55686378
11.04705906
9.82549000
9.88627338
14.17647171
15.27451038
20.79411697
23.72941017
25.25686836
28.35490799
29.46862602
31.89215851
31.89804077
25.48235703
26.50784302
21.25294304
21.97059250
25.23529816
16.35490417
11.26274586
9.68039417
10.78038979
14.75686359
16.20392418
21.12157059
23.45882797
25.27647209
25.67646790
29.77058983
31.79608154
31.79607964
26.56666374
25.79804039
21.74901772
20.97254753
26.24510193
16.83529472
10.88627529
9.33921623
12.71568871
13.83725548
16.53137398
21.40784264
22.38823700
25.54706383
25.90981293
30.50196838
30.69215393
31.76274681
26.72745132
24.59412193
22.76078606
20.49607849
26.16471100
17.35685921
10.26862717
8.81960869
14.57058907
13.18431473
16.36274529
20.51765060
21.03725243
25.40000534
27.95686531
31.61176682
29.80000496
31.17255020
26.39803886
23.89608192
22.69607925
20.41372871
22.99215698
16.92353058
9.63921738
9.08039093
15.20392513
12.74705887
15.40980339
18.34510231
20.51568222
25.13921356
30.01568985
30.22941208
28.70000267
31.37647629
26.17255211
23.32548904
22.72745132
21.48431778
20.10588264
15.62745094
8.96078587
9.19412041
14.78235340
11.82157040
14.38235474
16.98039436
21.22745323
26.75098801
30.87450981
27.56863022
27.47255135
31.38235283
29.50000191
23.38823509
22.23725510
21.91176605
19.59215927
14.80196190
8.50588226
9.82941341
14.99803925
12.55882359
14.04117680
15.58823681
21.65882874
29.14706230
30.17255402
25.62352753
29.07647133
31.43529892
30.78235435
23.36470795
21.64706039
21.92549515
19.01568794
14.07843399
8.58823586
11.32549095
13.65098000
13.92157173
13.40000248
15.49019718
21.74901962
31.02745247
29.12353516
23.73529434
30.72156906
31.51960945
30.64313698
23.22352791
21.64313698
22.00196075
17.39608002
13.44313908
9.00784397
11.56274605
12.27058983
14.53137112
12.70784473
16.42353058
21.42353249
31.92156982
27.99215508
22.65882874
31.16078568
31.50000191
30.37255096
22.35097694
21.40196419
22.42549324
16.40000153
13.12156963
8.88627529
12.03529453
11.21176434
15.15294075
12.27843285
17.00392151
20.63333511
31.62745667
26.83529854
21.72353363
31.21176529
31.52549171
30.00000381
21.70783806
21.11372948
22.73333740
16.66862679
12.14117527
8.24117565
11.54901981
11.90588188
15.33529472
11.32548904
17.01568794
19.28431702
29.33333397
24.66078568
22.01960945
31.24902344
31.58039284
29.70000648
21.55686188
21.55686378
22.11961365
16.99608040
11.47450924
7.86862755
10.28627586
13.74117565
16.33137321
11.27255058
17.33137131
18.40588188
24.97058678
23.56274796
22.71764374
31.68823814
31.63921738
29.54313660
21.75490379
21.90784454
21.25294113
17.15293884
11.98039246
8.05686283
9.12156963
15.21765041
17.61764717
12.14313698
18.33921623
17.59019852
21.22941399
22.13137436
23.01568794
31.47843170
31.77058983
29.61176491
22.25294495
22.14313698
21.95098114
17.42157173
12.23725605
8.45686245
8.70588207
15.42941284
16.69999886
13.36666679
19.07450867
16.59608078
19.30392456
21.14706421
23.03333473
31.19608116
31.54706192
29.10000229
22.74313545
22.26667023
22.90392303
18.06470871
12.32156849
8.80196285
8.30588245
15.60000134
14.50392246
14.19019604
19.32941628
15.73921776
19.31764603
20.59019661
23.90588188
30.72941208
31.29804420
28.71372795
23.14117241
22.33921623
23.07843399
17.86862946
12.44117832
8.71764660
9.01960850
17.64314079
12.85686398
14.53333282
19.30784225
14.99019814
20.04117966
20.33529282
25.22157097
29.96666908
31.53333473
27.96862411
22.96667099
22.25686073
22.93333244
18.11176682
12.21764755
8.28627491
9.87254715
19.82353210
11.63921738
14.67843246
18.18431473
14.48627758
18.83921242
20.47451019
26.39608192
29.41960907
31.13137245
27.35490227
22.69215393
21.57647705
22.11372375
18.13725471
11.92157078
8.14705944
9.36470699
21.46078682
11.69215775
14.48823738
16.80392265
14.30392265
18.80195808
18.64118195
26.77254486
29.32941437
30.56274605
27.15097618
23.07058716
20.75098228
20.88627243
17.83529472
11.99215794
8.43725586
9.60980415
21.42157364
12.71176434
14.08627415
14.99411774
14.25882339
18.93333435
18.29412079
27.22156525
28.89215851
29.94705772
26.20392418
21.75882721
20.43333626
20.64313889
17.69607735
12.90784073
9.06078625
10.92549133
21.52549171
16.71176338
13.57843208
14.44314194
14.31568527
17.57843018
18.33333397
26.90980530
29.34706116
29.71764755
24.97646904
20.16862297
19.87255478
20.31764984
18.68235397
13.68823528
9.77254963
12.09215927
21.59215927
21.17450905
12.29019547
14.52353001
14.36667061
17.57843208
19.36274338
25.90980530
29.75882339
29.00784302
23.66666222
19.45490265
20.45098114
19.34313583
20.15686226
13.79803944
10.80000210
12.24510002
22.35490417
23.75098038
11.31568718
14.88039303
14.74706173
19.94510078
21.17254829
24.90392303
28.73333359
28.37059212
23.15686035
19.63725471
20.49803734
18.51960945
20.18627739
13.63529491
12.01176834
12.29215717
21.32744980
24.87647057
10.92941189
15.16274548
15.57843304
23.12941360
24.12941170
24.44314003
28.05490303
29.75294685
23.16862106
19.96274185
19.89803696
18.31372261
19.96862984
13.52941227
12.23333549
12.76470852
19.56666756
23.60000038
11.36274719
15.88627625
15.47843266
24.89412308
26.59019852
24.73921585
27.63922119
28.49608421
22.04313469
19.07255173
19.04510117
17.71176338
20.26862526
12.96470547
12.92156887
13.27451038
16.80980682
21.31176376
12.73725700
18.13529587
15.08627319
25.24117279
26.85098457
25.11960411
27.32549095
27.83137321
21.02352905
17.13137245
17.88627434
17.14706039
19.62156487
11.79215717
14.14313698
14.10588455
14.80980206
16.81176949
13.90196037
19.47843170
15.74509811
26.23725510
26.14118004
24.83137703
26.09216309
26.37451172
21.00000191
15.38431454
16.77255058
17.35490036
18.24510002
10.67647171
15.08039570
14.57647133
13.97451115
12.95098114
14.40784264
18.35490417
16.35882378
27.05490494
25.82941437
24.58431244
24.72549248
25.83529282
20.86274529
14.83333397
16.32744980
17.51568794
17.03529549
9.40196228
15.59019852
14.29608154
13.26470566
10.98039341
15.38431549
16.21960831
17.49215698
27.84706116
23.84705734
24.56666565
23.50588799
25.51568604
20.43137550
14.59412193
16.38627625
17.34705734
16.50392151
8.18431377
16.04706192
14.20784760
12.86470604
10.80784130
15.59215927
14.76274586
19.28235245
28.02352524
21.99411392
24.40392494
23.13333511
25.77451134
19.37647057
14.44118023
15.98235321
17.08627319
16.65686035
7.67450953
15.42157078
14.22549248
12.95686436
10.89215755
14.74313641
17.27450943
22.40392303
25.31764603
21.50392532
24.10196495
23.65294266
25.39412308
18.66274452
14.38235569
15.04510021
18.72549438
16.71960831
8.03529549
15.00196457
14.25294304
13.03529549
11.01764679
14.37451172
22.45686340
25.81960678
22.81764603
20.81568718
23.38823509
24.05293846
24.06078529
18.71960640
14.72745037
15.18235493
19.59019852
16.87255096
9.47646999
14.52745152
14.90784454
13.03921604
11.18235588
14.96470737
25.59803581
27.89019012
21.79607964
20.77058792
22.86862946
24.25882149
23.58039856
18.52352715
14.70196247
15.24313927
18.43725777
17.05098152
11.56078529
14.45294380
15.31568909
13.50196075
11.24705982
15.97059059
25.88235474
27.71764946
22.74313736
22.27647209
22.53922272
23.77058792
22.99020004
18.44901848
14.33921623
15.16078854
18.08431435
16.55490494
13.27254868
14.37451172
14.94901943
14.09607983
10.79019737
17.47843170
24.19215584
25.20196342
24.33137131
22.92548561
22.13725090
23.36862755
22.33136940
18.74117661
14.25490379
14.59804058
18.18431473
15.54117966
14.66666603
14.09019470
15.15294266
14.58039379
11.64509773
18.41960907
22.22156525
21.99411583
24.84705925
22.80980301
22.09607506
23.15294075
22.04705811
18.61372757
14.14706230
13.85098362
17.51764679
14.93529606
15.21960926
14.36862850
15.19804192
14.35098076
12.14314079
18.85294342
20.98823929
20.86470985
24.78823471
22.01568222
22.44118118
22.79608154
21.33529472
17.82353020
13.76274681
13.46078396
16.52549171
14.28235245
14.85490227
14.93529320
15.10980511
13.63137245
12.18235302
19.12549400
20.83333778
22.68235397
24.56471252
20.75686455
22.44705963
21.94902039
20.65294456
17.25294113
14.01764584
12.54706001
16.15882492
14.46078587
13.86470699
15.31960869
15.56078720
14.22156906
12.36470795
18.97647095
20.95686531
25.41960526
23.88431549
20.14509964
22.37058449
21.39999962
19.70980835
16.86274719
13.32353210
12.28235340
16.54313850
14.55490303
12.94706154
16.19999886
16.70196152
16.60000038
12.87254906
18.86666870
22.18627167
26.77842903
23.14705849
20.16274452
21.72941589
20.67647362
20.26862717
16.59608078
13.12353134
12.19215679
17.34902000
15.07843208
11.47450924
16.79215813
16.75294113
19.59412003
15.39215660
19.57842827
24.00196075
28.63333321
21.79804039
20.03529549
21.03137589
20.19215775
20.25098038
15.94510174
12.96862698
11.79607868
17.27059174
15.14705849
10.11960793
16.35098076
16.94117737
22.54509735
17.59215736
18.54902077
23.43922043
30.23921967
20.36862946
20.26078415
20.73529434
19.99412155
20.25686455
15.91961002
12.59215546
11.55294037
16.58627510
14.24509907
9.32941246
15.25294209
18.02941132
23.58039665
18.17843437
15.88823605
20.76470947
28.04902077
19.85882187
19.86078262
20.67842865
19.59412384
20.36666679
15.83137321
12.75686359
11.35294247
15.42353058
13.66078663
9.67843151
13.88039112
17.96666718
23.66863441
18.16666985
13.42941475
17.47843361
23.66470337
19.47058868
19.81960678
20.95490074
19.69804192
19.92941093
16.03921700
12.60588551
11.24902153
13.84706020
13.67843246
10.28627491
12.93921757
16.91961098
22.89215851
18.01960945
12.03725529
13.91568756
20.40587997
19.43725586
19.53921509
20.38627052
18.92745018
19.12353134
16.09215546
12.61372662
11.01176643
13.11960697
13.33137321
10.33333397
12.36470699
16.14117813
22.51765251
17.18823624
11.49019527
12.75294209
19.55490303
19.54314423
19.27255058
19.53333282
18.01176643
18.37646866
15.86274719
12.82156563
11.07058811
13.19999886
13.30392075
9.94313717
11.79411793
15.50980473
21.74901772
15.75882435
10.85294437
12.34509945
19.50588608
19.92157364
19.15294266
18.44705963
16.77451134
18.10000229
15.04902077
12.66666794
10.90588188
13.39608002
12.94901943
9.91176510
12.34313774
16.01765060
20.05097961
14.59607983
10.50196075
12.59608173
19.93921661
20.49216080
18.75490570
17.84509850
16.07254791
17.34117889
14.41960907
12.46274471
10.55882454
13.70000076
12.96862793
9.87451267
13.33333492
17.12548828
18.18823624
13.87450790
10.18431282
12.86274529
20.24705887
20.74509811
17.83725739
17.48235321
15.45293999
16.56470871
14.22156906
12.00784588
10.58235264
13.05686474
13.09019661
9.86862850
14.53333282
17.53725433
16.85686302
13.61764717
10.26666737
13.15490532
20.30392456
20.93725395
17.17255402
17.45490074
15.20980644
16.29019737
14.16666412
11.29607582
10.57059097
12.40588474
12.57646942
9.00784397
15.02156925
16.30980492
16.77843285
13.68039322
10.76470566
12.42352962
19.70000267
20.78627396
16.81764793
17.35686302
15.18823719
16.56470871
14.07843113
10.98823738
10.28431416
12.55294323
11.54117680
8.38823605
15.24902248
14.25294113
16.41372871
13.48823452
10.83137321
12.48235321
19.00588226
19.95294189
16.50000191
16.63529396
14.41176605
16.13529587
13.80196285
10.92352962
10.32941151
12.32157135
10.60980606
7.96078491
14.23333645
12.71764946
15.12353325
13.31960869
10.76274776
12.79215717
17.72352982
19.29019928
16.02549171
15.93333626
13.70196438
15.69804001
13.60980606
11.30392170
10.15882206
12.27647209
10.86862755
7.42352915
12.83725452
11.75490665
13.83921814
12.96666718
11.31568623
12.79019642
16.40784454
19.24118233
15.23529339
15.12745190
13.68431377
15.52353096
13.61960793
11.45098114
10.33725452
12.43529701
11.96666718
7.20392179
11.34902096
10.86666870
13.16274738
12.34509659
11.51568794
13.08627701
15.71568584
19.58627319
14.56274414
14.17058754
13.68431187
15.87254906
13.04510117
11.42548943
10.22549057
12.54510021
11.20588207
7.08431339
9.48627472
10.74117756
13.20980453
11.78431320
11.43137455
13.39215851
15.42941189
19.71176720
14.66078663
13.54509735
13.20784760
15.42745399
12.78431416
11.79019833
10.50392246
12.29803848
10.49215698
6.76274586
8.83921623
10.60392094
13.03137302
11.35294247
11.68235493
13.45686436
15.15686321
19.08039474
14.69607925
13.19411659
12.79607964
15.11176586
12.78235245
12.32941246
10.08431530
11.14313793
10.41568661
6.23529482
8.80784225
10.94705772
12.96470833
10.97646999
11.46862888
13.43529701
15.09803963
17.91176796
14.50980377
12.97451019
12.75686455
14.72745323
12.41568661
12.50196171
9.49019718
10.56666660
11.32157040
6.02548981
8.00392246
10.75490379
13.32353115
11.06666756
10.91372681
13.40000248
14.95686150
17.44902039
14.74313831
12.86078453
12.63725376
14.45294189
12.04313850
12.35490322
9.57647133
10.10392189
11.56470776
6.50980473
8.01176643
10.36862659
13.57254982
11.51176357
11.10000134
13.24510002
14.82745361
18.17450714
14.97450829
12.89411545
12.59804153
14.51568794
11.83921432
11.95098114
9.12353134
9.83725548
11.99215698
6.78627491
8.10980415
10.47058868
13.89411831
11.45882416
11.56470871
12.78627396
14.74313736
18.68234825
14.88823795
13.06862926
12.12353039
14.06470871
11.89804077
10.99019527
8.79411888
9.90588284
11.59999752
7.27647114
7.97254992
10.61764908
14.94902039
11.55097961
12.02353096
12.61960983
14.62941360
18.13921928
14.68039417
12.65882492
12.03921700
13.47254753
11.32745171
10.18823624
8.76470852
9.45686340
11.01960945
7.73725510
7.80980492
10.91372585
15.54510021
11.72157097
11.82353020
12.87843323
14.49019527
16.42745209
14.37059021
12.42156792
11.65097809
12.13921738
10.97843266
9.89607906
8.77058697
9.42156982
11.06078434
7.87647152
7.65686321
11.02549076
15.36078739
11.93137455
11.97254944
12.79804039
14.38823795
14.78039551
14.12156677
12.72941208
11.13921642
11.76863003
10.97843266
9.45490456
8.89999962
9.51176453
11.08039188
7.66274405
7.65882397
10.93333435
14.68823814
12.27058887
12.30196095
12.68627548
14.08039284
14.43725491
13.63529682
12.30392075
10.59999847
12.46862507
10.66274452
8.86274624
9.00000000
9.36274529
11.28235435
7.72745132
7.98431396
10.49607849
14.22353077
12.76862717
12.21372414
12.60000038
13.35882378
14.51764774
13.44510078
11.87451077
10.52352905
12.55294323
10.40784454
9.05882263
8.47058868
9.49804115
11.50980282
7.73921585
8.11764812
9.93529510
13.16078568
12.95490360
12.13725662
12.39019585
12.50392151
14.29411697
13.93333340
11.32940960
10.74313831
12.41960716
10.24902153
9.52745056
7.97647047
9.71176529
10.97254944
7.10196018
7.90980434
9.95490265
12.72549248
12.77059078
11.88823509
12.64509964
11.97647095
14.12549210
14.20392227
11.18431568
10.58823395
11.27646923
9.61960888
9.76470566
8.39803886
9.52744961
10.51568699
6.73529530
7.73921490
9.71176338
12.86666679
12.83921528
11.43529701
12.89216042
11.50588322
13.55882549
15.09412003
10.36078644
10.15882397
11.00196075
9.28039455
10.30980492
8.86862755
8.31568623
10.98627472
6.78823662
7.98823643
9.23333359
12.70980263
12.82549095
11.03921509
12.87647247
11.66078663
13.28627777
14.82549095
9.88431358
9.85490227
11.35882378
9.65490341
10.89019775
9.02352905
7.39803982
11.07647133
6.54117775
7.79019690
8.90980434
12.39607811
12.65882397
10.74509811
12.54313755
11.88431454
12.79019737
13.26862621
10.08431435
9.24902058
12.34706020
9.68823433
10.31372547
8.54509735
7.56274605
10.84706116
6.14902020
8.19607925
9.54706001
12.07059002
12.25882626
11.03921604
12.22745228
12.44509792
12.09803963
13.34313869
9.98039246
8.91764832
12.09215736
9.62745285
9.51764584
8.37843227
7.85098171
10.51176739
5.62941265
8.56666756
9.81176376
12.04705906
11.59607887
11.23725510
12.40588093
13.20000076
12.30000114
14.17647171
9.61372662
8.99215698
11.45294094
9.73333359
8.95294094
8.64117813
7.51960850
10.47451019
5.51960850
8.49411869
10.20196152
11.66274548
11.46274567
11.15882492
12.77450943
13.40588284
12.60588264
15.10980606
9.93725491
8.84509850
11.26078320
9.56470776
8.79019642
8.52156925
6.89803982
11.14509869
5.84117651
8.83333302
10.25294209
10.85490227
10.87058830
11.28431416
13.06862831
13.14509869
12.67255020
14.64901924
10.05098152
8.49019623
11.65490246
9.34313965
8.88039303
8.28823566
6.30784273
11.92941284
5.81568670
9.08823490
10.02549076
10.66078377
10.59215736
11.24705887
13.28431416
12.98627567
12.12941456
13.96274757
9.52745056
8.40392208
11.69019890
9.40000248
8.15490437
8.14509869
6.35490274
11.99019623
5.42156935
9.67254925
10.78627682
10.94313717
11.40588188
11.23921585
12.88235283
13.53529549
12.12745285
12.45882416
9.41960907
8.39019680
11.58627510
9.18039322
7.75294209
8.49215698
6.42549086
12.63529396
5.97254896
9.22745037
11.42156792
11.24510098
11.86078548
11.90588284
12.55098248
12.98235703
11.83921432
11.42745113
9.45293808
8.30196095
10.63921642
8.69803905
7.78235340
8.47451210
6.65490246
12.83921528
6.66470671
8.30588341
11.65294170
11.44313717
11.63921738
12.69412041
11.88235378
12.24313831
11.36274624
11.28627396
9.51764679
8.51372623
10.39411831
8.62941265
7.93529415
8.43137264
7.00392246
12.50392342
7.31568575
7.94117689
11.42745304
12.29411983
11.65490437
12.82549000
11.52941322
11.74902058
11.03529549
12.10784435
9.42353058
8.81372547
10.80588245
8.50196075
8.40392303
8.19019794
6.88235235
13.80980396
8.04902077
7.95882368
11.15882397
13.08431435
12.20588303
12.25490284
11.53921604
12.30392075
10.93333435
12.99411869
9.04705811
8.84902000
11.36863041
8.67451096
8.54117775
7.87843180
6.30980444
14.13333511
8.09019566
7.72352886
10.65490246
13.28823566
12.22353077
11.55490112
11.71176434
13.61372566
10.60000038
13.10980415
8.56470680
8.71372414
11.65490246
9.43333435
8.33529377
7.75490189
6.14705896
14.07058907
7.46666813
7.61176491
10.17843056
13.11372566
11.92745209
11.03921700
11.57451057
13.71372700
10.02157021
12.40196133
8.36078548
8.50000095
10.10784245
9.88627625
8.06078434
7.84117556
6.45490217
14.00196171
7.25882387
7.57647085
10.10588264
12.42353058
11.72156715
10.73137283
10.87843323
12.54901981
9.62549114
11.85490227
8.33725452
8.20784378
9.16470528
9.94313717
7.53529501
7.85294199
6.66666698
14.27647018
7.38431406
7.85098076
10.25098038
12.35490227
11.45490456
10.60784340
10.09607887
10.61764812
9.34117699
11.26862812
8.42549038
7.47450924
9.06862831
9.13725567
7.60588217
8.08823586
6.36274576
14.68431282
7.14901829
8.41960812
10.14705944
12.28627491
11.23137474
11.09803677
9.79804039
9.52941322
9.34117508
11.15490150
8.54313850
6.98627424
8.81764793
8.77451038
7.65294170
7.94313765
6.03333378
15.25098133
6.95098066
8.39607906
9.66274548
12.02353001
11.13333416
11.77843189
9.60980701
9.40196133
9.37254810
11.46666622
8.63333321
7.30000019
8.58431435
8.80980492
7.43529320
7.59803963
6.01568699
15.53333473
6.31764746
8.18235397
9.83725643
11.35686493
11.26666641
11.98039341
9.21176529
10.02157021
9.90980244
11.35686302
8.39999962
7.59019661
8.28431416
8.85686302
7.45294142
7.60196114
5.89019680
21.36666489
6.65294170
8.17843151
10.10784435
11.16666698
11.27450848
11.30980492
8.87450886
9.96862698
10.54901981
11.09019566
8.09019566
7.72941256
8.84509945
9.42745209
7.79803991
7.85686207
5.45882320
21.06274414
8.32941246
8.06666756
9.93725491
11.00000000
11.57843399
10.83529377
8.79803944
10.14705944
10.28627300
10.83529377
8.14117622
8.28431416
9.59411716
9.27451134
7.62745142
8.04705906
5.61568594
20.37058830
9.77843285
8.92548943
9.82549095
10.71176529
11.98431492
10.87058735
8.90980339
10.36470699
9.67843246
10.25294113
8.24509907
8.40392303
9.50588226
7.98627424
7.30980349
8.13921642
5.93137217
15.24901962
10.65098095
10.60588360
9.44117641
11.22353077
11.74902058
10.64705753
9.38039303
9.58039284
9.63921547
10.13725471
8.15294266
7.98235273
9.55097961
7.69215631
7.39411736
7.88039207
5.78431416
14.62157059
11.10980606
11.21764755
9.56666756
11.58235359
11.64705849
10.10196114
9.69215870
9.35882378
10.39019585
10.01764965
8.17843246
8.06274605
8.63137341
7.77451038
7.59215689
7.74117661
5.03137255
14.16470718
10.86863041
11.29019642
9.60980606
11.38627434
11.52157021
9.96470547
9.64313698
9.38235188
10.97254848
9.62157059
7.98823547
8.05882359
8.33137321
7.19411755
7.74313784
8.02353001
6.04313803
12.19804287
10.20392036
11.25882626
9.50196171
11.38039112
11.29803944
10.03529453
9.59999943
8.40196133
10.27647018
9.19607925
7.95097923
7.94509840
8.61960793
6.66666651
7.74902010
7.83725452
7.79999971
10.67059040
9.68823433
11.43921661
9.77450943
11.57450867
10.86862755
10.37647152
9.28627396
8.05294132
9.97647190
8.93725681
8.24117756
8.34705734
8.46470642
6.94313860
7.44705868
7.11960840
8.53333378
9.87254906
9.79215717
11.06862736
10.20392227
11.34509659
10.73137093
10.05294323
8.89803982
8.33921528
10.14902020
8.91960716
8.36666775
8.46862793
8.05098152
6.93725491
7.38627625
6.88627481
8.90588284
9.46274662
9.47843266
10.65882587
10.50784302
11.36470604
10.58627510
9.29215622
8.35686207
8.81960773
9.95882320
9.07058811
8.56470585
8.25098133
7.24901962
6.65882444
7.45686293
6.76666737
7.53921700
9.01960850
8.63725567
10.06470680
10.53529358
12.33529377
10.04313755
8.78823662
7.80392170
8.76470661
9.76862907
8.87647057
8.94117641
8.12745094
7.39803982
7.07254934
7.39215660
6.36274481
7.57059002
6.92353010
8.53921604
9.98627567
10.11764812
13.19803905
9.73333359
8.30980396
7.86078453
8.70588303
9.31176567
8.33921719
8.83921528
7.65294218
8.09215736
7.27254915
7.57254887
6.36666775
7.68235302
7.24902010
8.77450943
10.05686283
9.70980453
13.42352962
9.20196247
7.77647209
8.54509830
9.04509926
8.37058830
7.76470661
8.55490112
7.89411783
8.82548904
7.05098057
7.34902048
7.45686245
6.51372576
7.38823462
8.19215775
9.42156887
9.03921700
12.11568737
8.84509945
7.86862850
8.55098057
9.97254944
8.34902096
8.08823586
8.37647247
8.30980396
8.43333340
6.95686340
6.90980434
8.71960831
5.57647085
7.81372595
7.82941151
9.05294228
8.70980453
10.08235550
8.50784492
8.08627415
8.60784340
10.71764755
8.76274586
8.56078434
8.07451057
8.84313774
7.94509840
6.63725567
6.81568670
9.38627529
5.00588322
8.16862774
7.95686388
9.60196114
8.78823662
8.73137283
8.27451134
8.19019699
8.50392151
11.04117584
9.38823509
8.81372547
7.97058964
9.25294209
8.65098000
6.94313812
6.64313841
9.29607964
5.08039188
8.20196152
8.18627548
9.28235531
8.86862659
9.15098190
8.29411983
8.24509907
8.18039322
10.96274757
9.72352886
8.78627586
7.95882368
9.06470585
10.08627415
7.66078424
6.53921700
9.43921566
5.14509821
7.80588245
8.27451038
9.22352982
8.86470604
9.21764946
8.58431435
8.65098000
7.75490141
11.05882454
10.40392208
8.47843170
7.69215727
8.75686359
10.18039131
8.05882454
7.10196114
8.56078434
4.79019594
7.57254887
8.44902039
9.70588207
8.78627682
9.00392246
8.76666641
9.44705963
7.30392218
11.70980358
10.99607754
7.78823614
7.69215679
8.77058983
9.89215851
8.27254868
7.12549067
8.41176605
4.67450953
7.28039312
8.67254925
10.23725510
8.62156868
8.84117603
8.65294170
10.03725433
6.90980482
12.09607887
10.59804058
7.05490208
8.10588169
8.60392284
9.12941170
8.34117794
6.21176529
8.10784340
4.72941160
6.46274519
9.35686398
10.70392227
9.01568699
8.76862812
8.19803810
10.23137093
6.86274624
11.09412003
10.03333282
6.76862764
8.15293980
8.35097980
8.96666718
8.16078568
7.34705877
6.56470585
4.90980434
5.84902000
9.78431511
10.57451057
9.90588284
9.22549057
8.28823566
10.18823624
7.40000105
9.93725491
9.21176529
7.07451010
7.77450991
8.43921566
9.81372643
7.93725586
9.25882530
5.54902077
4.62549019
5.79803896
9.41176510
9.58431435
10.18823624
9.09215832
8.33333397
9.64117432
8.65686226
9.47058868
8.25490284
7.29411793
7.11764717
8.65490246
9.56666660
7.65294218
9.33333492
5.42745113
4.10392237
6.52156925
9.13725471
9.76862907
9.78235435
8.95686340
8.39607811
9.59411907
10.01372719
10.14509773
7.93333435
7.44705868
6.83921671
8.77254963
9.00588131
7.66274595
9.23725605
5.47451019
3.98823571
7.13921642
8.35294151
10.08627415
9.50588322
9.23725414
8.06274605
9.45686245
10.62941170
10.40980530
8.93725491
7.50000048
7.29019737
8.49803829
8.43725491
7.57058811
9.49411964
5.90588236
3.65098047
7.44117737
8.20980453
9.93921661
9.09803867
9.35490227
7.66862869
8.69411850
10.26862717
10.65882492
9.31960773
7.07647133
7.33529377
7.98431349
8.39803982
7.56078386
8.62548923
5.70392084
3.41372561
7.09607935
7.55686283
9.78627586
8.69804001
8.79804134
7.50000143
7.99411821
9.09215641
10.95098114
10.23529434
6.62549114
6.94705963
7.65294075
9.12157059
8.19607830
7.61764765
5.21372604
4.11176491
5.96274567
7.41960812
10.03725529
8.70784473
7.87254858
7.18823528
7.30588293
7.89411879
10.20980358
10.18235397
6.58627415
7.16470528
7.57451057
9.06078529
8.72352982
7.04117727
5.08431339
4.55490255
5.36862803
7.08235359
9.64509964
8.70588398
7.04313850
7.03725529
7.10784245
7.50588322
9.23725510
9.75294113
6.90392208
7.58627415
7.51960897
9.31960869
9.19804001
6.58431530
4.91372585
4.28823566
5.35490322
6.57451010
8.76078510
8.48627663
6.80980492
6.92352962
6.96470499
7.55490255
9.20195961
9.62941074
6.74705887
7.61764717
7.85490131
8.59804058
9.83725548
6.41960859
4.70196152
4.25294161
5.50784302
6.09215736
8.46862793
8.56666660
7.28431416
6.49804020
6.77843237
7.85098076
10.12745285
9.90000057
6.50784349
7.49803925
8.16078377
8.54705811
9.67254925
6.15490150
4.53333378
4.37843180
5.65686321
6.20980453
7.97647142
8.36862755
7.92941236
6.14509821
6.46470690
7.58235312
11.05490112
10.14509773
6.52156973
7.07843208
8.18039227
9.22941208
9.52941132
6.05686331
4.74117708
4.61960793
5.00784349
6.54705858
7.86666632
7.87451077
8.00196171
6.10784292
5.95882368
7.52156830
10.30392170
9.33529377
6.47450972
6.30000019
7.85294151
9.42353249
9.83921623
5.90784407
4.89411783
4.65098143
4.50000048
6.10196066
8.02745247
7.54509735
7.42156982
6.14901972
5.54705954
7.63725471
9.31372643
9.52745056
6.45686340
5.53529596
7.96666718
9.69411945
9.10588169
5.99607944
5.05098200
4.25294161
3.79607821
5.06470585
8.33921528
7.44313765
6.78431416
6.21176577
5.53333426
7.14901972
9.51764870
9.39411926
6.47647047
5.36666727
8.70392132
9.87254906
8.61568737
6.41764784
4.96274567
3.87843156
3.60392213
4.29607916
8.28627586
7.58627558
6.81764793
6.37254906
5.73529577
6.92941189
9.80588436
9.88235188
6.18039274
5.63529396
9.03137493
10.10196018
8.55098057
6.45490217
4.34901953
3.81372571
3.88039207
4.20784330
7.75882387
7.25098133
6.60588264
6.30980492
6.03333378
6.90980387
9.31568718
10.20000076
6.00000095
6.18039227
8.76470661
10.85294151
8.58627605
6.70196056
4.39019632
4.66078472
3.86470628
4.09019661
7.25882435
7.05490208
6.60196209
6.73725557
6.28823471
7.20784235
9.21764755
10.46862888
5.86078358
6.01372528
7.98235321
12.08823490
8.25882339
6.63137293
5.03921700
4.94705868
3.89019608
3.91176558
7.10392189
6.62549019
6.53137350
6.89411783
6.57058859
7.40784407
9.07059193
10.28039169
5.84509802
5.86078453
7.56470585
12.09215927
7.40196133
6.16274500
6.41764736
4.79019594
4.42549086
4.24313736
7.07254839
5.99215794
6.62745142
6.80588245
6.69607830
7.40784359
8.32353020
10.08627510
6.19215679
6.13137293
7.55686283
11.88823509
6.78823662
5.98039198
7.31960726
5.39607906
4.91764832
4.53921652
7.20000029
5.47450972
6.91176510
6.65490198
6.96862745
7.57058859
8.00196266
10.33333492
6.68039227
6.88039207
7.57254982
11.96274376
6.85882378
5.89607906
7.29999971
6.80196238
4.68823528
4.39411736
7.55294275
5.40196133
7.01568794
6.32156849
7.46274471
8.38235283
8.14705849
10.50000191
6.96078396
7.59019613
8.05686283
11.59411907
6.98823547
6.45882273
6.87451029
7.61568785
4.29019642
4.20588255
7.71568584
5.54902077
7.03725529
6.36470652
7.43333387
9.52745056
9.42941189
11.16274643
6.92352915
8.18823624
8.67451096
11.40588093
7.11372471
6.70588303
6.79019642
7.86862659
4.21764660
3.95294118
7.85490179
5.59019661
7.18823528
6.92745113
6.90784407
10.22941303
12.26863098
12.36863041
6.75294209
8.67255020
8.83921623
11.43921757
7.44313812
6.86078548
7.29019642
7.96470499
4.26078415
3.68235373
7.46862745
5.63529396
7.38039351
7.16862822
7.07451248
10.50784588
14.10392570
12.49607944
6.49607944
8.49411774
10.46470737
10.13725567
7.80392170
6.97058773
7.87254953
8.09019661
4.35294104
3.68823576
6.81960821
5.63529396
7.84117651
7.24313688
7.79215670
9.91961002
15.09412003
11.69804096
6.37843180
8.05686188
11.91764641
9.45490074
7.79803991
6.87451029
8.18235207
7.75294209
4.28823566
3.50392222
6.07058859
5.30588198
7.61960745
7.88039207
8.04901981
8.75490189
17.30784225
10.90588188
6.30000019
7.91960716
13.09215927
9.95490265
7.53137255
6.91372585
8.88431263
7.16274500
3.84313703
3.78627491
6.22352982
5.08431339
7.46078491
8.22941208
7.90196180
8.52745056
20.03725815
10.36274529
6.25882435
8.20196152
13.80196190
9.82156849
7.61960697
6.96274662
10.23137283
6.83137178
3.83137274
4.00392199
6.21372700
5.31176567
7.40000010
8.07451057
7.97647190
9.02941132
21.90195656
10.24902153
6.71764660
8.83725548
12.71568489
10.02745056
7.88431454
6.91372585
11.21960831
6.42548990
3.82352996
4.76862860
5.94705915
5.57843208
7.40392303
8.46862793
8.10980415
8.88627529
22.28236008
10.46078396
7.30000019
9.94705963
11.22941208
10.47059059
7.87647247
6.98823500
11.37451172
6.02156925
3.73333383
5.70784330
6.25098085
5.78823614
7.61960840
9.22941208
8.08235455
8.16078377
20.96274948
11.38039494
7.20784330
9.97647190
9.93333340
10.23333454
7.64509869
7.09607887
11.34510040
5.84117794
3.73137283
6.78823471
6.37843180
6.02745152
7.37843132
9.46862793
8.07843208
7.57451057
20.50980186
12.81764793
6.98039246
9.97843266
9.10588264
9.61764908
7.20784330
7.03137255
11.27058792
5.52156878
3.20000005
6.60196114
6.06274652
5.96470642
7.30588245
9.32548904
8.13725567
7.20588350
21.00980949
14.04509735
6.98431444
10.14706135
8.90980434
9.35882473
7.10588217
6.90196085
10.50784397
5.56274462
3.15294123
5.44313669
5.69411802
5.65490198
7.26274538
9.25098038
7.86078501
7.04705858
19.43725586
13.95686531
7.21960831
11.16274643
8.76274586
9.36078453
7.25294113
6.88431501
10.39019585
5.88823605
3.62352967
4.85490179
5.99803972
5.34313774
7.27058887
8.97842979
7.62745190
7.75490284
15.59019756
12.39019966
7.39019728
12.08235359
8.08039188
9.19607830
7.18431377
7.03333378
10.54902077
6.01176596
3.98039198
4.64117670
6.13921499
5.36862755
6.88235331
8.47254944
8.39019680
8.90784264
12.69215965
10.89019680
7.00392199
12.81176662
7.32156992
9.43529415
7.29215813
7.39215755
10.05294228
5.68627501
3.56470633
4.32156849
6.05686331
5.31372499
6.25294161
7.87843180
8.98823643
9.52941322
11.78039360
10.56078529
8.05882454
11.52745247
7.27058887
10.04313660
7.61568642
7.82941198
9.30392456
5.21176577
3.47058845
4.00392199
5.81176424
5.30392122
5.85294199
7.70196247
8.87451077
9.87646961
11.91764832
10.59804058
9.53137302
9.58235359
7.70392132
9.72352982
7.97451019
8.01176453
9.18039322
4.93333387
3.43137288
3.64117670
5.12352991
5.52549124
6.28235340
8.50000000
8.69803905
10.02353001
12.62941360
11.30588055
8.81960869
9.09804058
8.17843246
9.30980396
8.01764774
7.67058849
9.03529453
5.14509773
2.98823571
3.43529510
4.74705935
5.44313812
7.36862803
9.61764717
8.22941208
9.79411983
12.70000362
12.39215755
7.66470575
8.50392151
8.50196171
8.37058926
7.52353001
7.11960745
8.68627453
5.57647085
3.03333378
3.13921595
4.52352953
5.36862803
8.19804001
10.19804096
7.63137341
8.96862888
12.06666756
13.23725414
8.21960735
8.49999905
8.55098057
8.16274452
7.31176472
7.15490198
8.46078491
5.87058973
2.71764779
3.51764727
4.25882387
5.54313755
8.72744942
10.34117603
7.89411736
8.48039246
12.74705982
13.29607868
8.77843285
8.87255001
8.25490284
8.05686378
8.14705849
7.35882425
8.38627434
5.81372595
2.59803963
3.68235350
4.25490236
5.79215765
9.67843151
9.56274509
8.24117661
8.78823662
13.29803944
12.39215565
8.78039360
8.04509926
7.76666737
7.64313698
9.20588207
7.84117699
8.43921566
5.27450991
2.48039222
3.98823571
4.00588226
5.78627396
10.36862850
8.49607849
8.21176529
9.35882378
14.10784531
13.08823681
7.72156858
6.82352924
7.27058983
7.68627548
9.27646923
7.97254848
8.14313602
5.52156830
2.54509830
3.82549071
3.61568666
5.71176529
10.19215775
8.07058811
7.61176491
10.04117489
14.54509926
14.09607887
6.31960773
6.75490189
6.81176615
6.92745209
8.99411774
7.76470709
8.22156906
5.51176596
2.68823576
3.44901919
3.31176448
5.25686312
9.28823471
7.83333492
7.14117718
10.48823643
14.85098267
14.02745247
6.30196142
6.96078396
6.36274481
6.44117689
9.21372700
7.02157021
8.31372738
5.38431358
2.68823552
2.87647128
2.80588269
4.39019632
8.30392265
7.53725624
7.46470594
10.38627720
15.37451077
13.40980434
6.39607859
6.69215727
6.11568546
7.62156916
9.26470661
5.93921661
8.22352982
5.63725471
2.70196104
2.94117665
2.44901967
4.05098057
7.70000076
7.48823547
8.14706039
10.59411907
15.24705887
12.99999905
6.60980415
6.47254992
6.12745094
9.79411697
9.06274509
5.45686340
7.51372576
6.48431396
2.85686255
3.41176510
2.36862779
4.27254868
6.93921614
7.37255001
8.73333454
10.46470737
13.39608002
12.78039265
6.40980482
6.42353058
6.19804001
10.32941151
8.50392151
5.41176653
6.72745132
6.83333445
2.86078453
3.24902010
2.47647095
4.41176510
6.17647123
7.02941227
8.45294094
10.20392323
16.69607735
14.81176376
5.96470642
6.26274586
6.47647095
10.20392323
7.47254992
5.24901962
6.32941246
6.68627453
2.44117641
2.89803958
2.62745142
5.16666746
5.93333340
6.63725519
7.48235369
10.14313698
16.31568527
13.65686131
5.45882416
5.80980396
6.26862717
9.90980625
7.04705858
5.58235359
6.13725567
6.70784283
2.38235307
2.84901977
2.91764688
5.63333321
5.91568661
6.86470652
6.38235378
9.87058735
15.81568527
13.09215832
5.03529406
5.79019690
6.03921604
10.10980320
7.24509907
6.04902124
5.85882378
6.90588331
2.61960793
2.75882411
3.32941198
5.71764755
5.75686359
7.52353001
5.78823471
9.73333454
12.64706039
8.65882397
5.14117622
5.76666689
5.84902096
9.92352962
7.47254944
6.21372604
5.35882330
7.01764536
2.61568713
2.50588250
3.49411798
5.78823614
6.20980453
7.52941179
6.15882301
9.36078358
14.04705906
8.69804001
5.36078453
6.07254934
5.60784340
9.57843304
7.42353058
6.49215794
5.31568670
7.00588274
2.69019628
2.35098076
3.13921595
5.55490255
6.68823433
6.76274586
6.86666775
8.58823490
14.07843208
8.62941265
5.25882387
6.04902077
5.64509869
9.20784473
7.00196123
6.80980396
5.47647047
6.70980406
2.96078444
2.13137293
2.61176515
5.27451038
6.45490217
6.18039227
6.90588379
8.52549076
14.22549057
8.15490150
5.27647018
6.14117670
5.68039274
9.54117584
6.78627539
6.78627443
5.30392218
6.33529377
3.14509869
2.02941179
2.25882363
5.01176500
5.98823595
6.01372623
7.10196114
8.69411850
14.23921585
8.06274509
5.40196133
6.22549009
5.99803877
10.00588322
6.92353058
6.47254896
5.56274557
6.20588160
3.32156897
2.19411778
2.48235321
4.95686293
5.89999962
6.57843161
8.00588417
8.56862736
12.01764679
8.39803886
5.05686331
6.18627453
6.59215736
9.85098267
6.73137331
5.96078348
5.41176558
6.06666708
3.28627491
2.18235350
2.33921599
5.04313850
6.05490160
6.93725491
9.36862755
8.69215679
12.17058659
8.61176395
4.97450924
6.21568680
7.05294180
9.71176529
6.23333406
5.54117584
4.74313784
5.82156897
3.44509792
2.30784321
2.24509811
4.87058830
6.30392218
7.15686274
10.39411736
8.98823547
12.66470528
8.37058735
5.42549133
6.11960793
7.05294275
8.83921528
6.90588284
5.13921785
4.28039265
6.17843246
4.25490236
2.50784349
2.56666708
4.49607897
6.07843161
6.70000124
10.52549171
8.99607849
11.19607830
7.79607916
6.95294189
5.70392084
7.11568642
8.43137360
7.38823605
5.08627462
4.17254877
6.26862812
4.70784330
2.24705863
2.66862750
4.07254934
5.34509850
5.61176395
10.02352905
8.78235340
10.79607773
7.97843218
7.77058935
5.28431416
6.90196133
8.44313717
7.48627472
5.34901953
4.13333416
5.98039198
4.42745113
2.00784326
2.51372552
3.56274557
4.69215822
5.08823538
9.56666660
8.82353020
10.50392246
8.45490360
6.24313784
5.24902010
6.14117765
8.28235435
7.68627548
5.31764698
4.03529453
5.75294161
4.30784273
2.17647076
2.54901981
3.42156935
4.46470594
5.09803867
9.40784359
9.08431435
10.88627625
8.81764793
4.63725567
5.50196075
5.71960783
8.13137341
7.62352943
5.30784321
3.68431377
5.20980358
4.33529425
2.31568623
2.77254891
3.46666694
4.76666641
5.62352943
9.17058945
9.41372585
11.17647171
8.77058792
4.22549057
5.47843218
5.66274500
8.04705906
7.63529396
5.73529387
3.62156892
4.85882425
4.59411907
1.97058856
2.43725514
3.43333411
5.20196199
6.05294085
9.06862831
9.34901905
10.95686340
8.06862736
4.42941189
5.26274586
5.64705849
8.25490189
7.67843151
7.25098038
3.72941232
5.06274557
4.86862755
1.80980420
2.53921604
3.46666718
5.24509716
6.62549067
9.63137245
8.63725662
10.64313698
7.25294113
4.65098190
5.02941179
5.49803925
7.41176462
8.37647152
7.79215717
3.85294151
5.59019661
5.33137274
1.78039229
2.88039279
3.62941194
4.94509888
6.65882397
10.09804249
7.50784302
10.32549095
6.49607897
4.82941151
4.95098019
5.44117689
6.40196085
8.62941170
7.46078396
3.69215727
6.18431377
5.48431396
2.13137269
2.88235331
3.75490284
4.90588284
6.55294132
9.49804020
7.05686235
7.96078444
6.16078520
5.06666756
4.56078482
5.28431416
6.39215660
8.53137207
6.34509850
3.78627419
6.84313726
5.43725538
2.43333364
2.63921618
3.68235373
5.08235312
6.44705963
8.64313793
7.40000153
7.31764841
6.02156925
5.13333321
4.26862717
5.30196095
6.71176577
7.59607840
5.53137302
4.02745104
7.05490208
5.19019604
2.07843161
2.52745152
3.70784330
5.27058792
5.81764746
8.27843094
7.48627567
7.08431482
5.87647104
4.82352972
4.43725491
5.53921604
6.95490170
7.03333426
5.18823671
3.76078463
6.94117737
4.84117651
1.71568632
2.48627472
3.90784383
5.41764688
5.24902058
8.15686226
7.08431530
7.25490189
6.05882406
4.36862707
4.39607859
5.47646999
7.37058830
7.06666708
5.33725548
3.49019647
7.21372652
4.89411831
1.30392170
2.66274548
4.09019566
5.45098114
4.76862717
7.98627472
7.03529453
7.07647133
6.26470566
3.91372538
4.40980434
5.40980387
7.60392237
6.96666765
5.38039160
5.16470623
7.41372633
4.78039169
1.26078463
2.86666679
4.52353001
5.12745094
4.90784311
7.85686350
6.83333492
6.98431444
6.17647028
3.59019613
4.88627434
5.51960802
7.68235397
7.28039217
5.12745094
7.99019575
7.82549095
4.46274614
1.52549052
3.05882382
4.75686264
4.90196085
5.29411793
7.11960793
6.60196066
8.07254982
5.91568613
3.67843175
4.82745075
6.08627510
7.33725500
7.01372528
5.12156963
9.01568699
7.67255068
4.21372509
1.72156870
3.03529429
4.59411716
4.79019690
5.36078501
6.33725548
6.54509878
9.00784397
6.13529396
3.52352953
4.26862860
6.60980368
7.13529491
7.39803886
5.08235359
8.64705849
7.20784473
4.25490236
1.68823576
2.96666694
4.44313765
4.73137379
4.91960812
5.83921528
6.37843132
9.50980377
6.70392227
3.40196133
4.17843199
6.45294094
7.06470680
7.90588331
6.08431339
7.89019728
7.52156830
4.39803934
1.89607871
3.05490279
4.53921556
4.78627539
4.56078434
5.72745085
5.79607964
10.55294418
6.61372566
3.23137283
4.49607849
5.95294237
7.31568670
8.41960716
6.68235254
6.33333445
8.09215736
4.33725548
2.35098100
3.10784340
4.64901972
4.94117641
4.23921633
5.83529377
5.27058792
11.13137245
6.31372595
2.77254939
4.73137236
5.42745113
7.59019613
7.97255039
7.43921518
5.71764755
8.65490150
4.07647038
2.59411788
3.00000000
4.62941217
5.00196123
3.72941184
5.64901924
5.19411802
10.78431416
6.42156982
2.81176519
4.81764698
4.95882273
6.94313812
7.36274624
8.77058887
6.28431416
9.59019756
3.88823581
2.64117670
2.80392194
5.14902020
5.03529406
3.45882416
5.06078386
5.64509773
10.09804058
6.68431425
3.32352972
4.81568670
4.73529482
5.81764746
7.48039293
9.89215565
7.13333416
10.72941303
3.65686250
2.43333364
2.37254930
5.25882339
5.04509878
3.37058854
4.98823595
5.71960831
9.50000191
6.82549143
3.35686326
4.87451077
4.76274538
5.28431320
7.93333340
10.49019814
8.42156887
11.61764812
3.38627505
2.20784330
2.00196099
4.98823547
5.09411812
3.35098076
5.25686359
5.53137350
9.29215813
6.87647104
3.50784326
4.96666670
5.11764717
5.12941170
7.50000000
11.47058773
10.61764622
11.97646999
3.24705911
2.35490251
1.92745125
4.22352982
5.11176491
3.43137312
5.54902077
5.56862783
9.40588474
6.54509878
3.52745128
4.70196104
5.36666679
5.30980396
7.78235245
13.88431454
13.04510021
11.58431149
3.12352991
2.76274538
1.91176498
3.36862731
4.93529415
3.85490179
5.53137302
5.68823528
9.67647171
5.90784216
3.83137298
4.79019594
5.38823557
5.55490208
7.16470718
16.71764755
14.91176701
11.01568699
3.20000029
2.76274562
1.97451031
2.81568646
4.53921652
4.14901924
5.45490217
5.72745132
9.43725491
5.36274529
4.12156916
4.81372595
5.52156878
5.23333406
6.82941151
18.26862717
15.62745285
10.63921833
3.34313750
2.44509816
2.38431382
2.80588222
4.24902010
3.97058845
5.41372585
5.78235388
8.05294037
5.20000029
3.96862745
4.36666632
5.49411774
4.62745094
7.53137255
17.71568489
15.12353325
9.94117737
3.40588236
2.28431416
2.91176486
3.09215713
4.23725510
4.00000048
5.34901953
5.62156963
6.72941208
5.26470518
3.93725538
4.44902039
5.05686331
4.61764717
7.93137312
15.76078415
14.30392170
8.73725510
3.73921585
2.55490232
2.60000014
2.72549033
4.34509897
3.95294166
5.34902000
5.81372547
6.48627472
5.27450943
3.99411821
5.18039322
4.57254982
5.20980406
8.52353001
13.73529625
13.43725681
7.69607830
3.93529487
2.65294147
2.48823571
2.45882368
4.38431358
3.62156892
5.02549028
5.46666813
6.25490189
5.13529539
3.86862755
5.55686283
4.43333340
5.64901924
8.24705887
11.75686264
13.12156963
6.84117794
3.93333316
2.35686278
2.28823543
2.25686312
4.58235407
3.65098047
4.54509830
5.25098181
5.89411831
4.99411821
3.58235312
5.01960897
4.10588217
6.28039169
8.48235321
10.21372604
12.10392284
6.11960697
3.89411807
2.32156897
2.19215703
2.68627477
4.59411812
3.76862764
4.17451048
5.59999990
5.61960793
5.00588322
3.19411802
4.18823576
4.25294161
7.00980425
9.54509830
9.43921661
10.48627567
5.85294199
3.87843132
2.45490241
2.00980401
3.01764727
4.16078520
4.04117632
4.06470585
5.65686321
5.79215717
5.05882406
2.97647095
3.55294156
4.55098009
6.69019699
9.47058964
8.37450981
8.00196171
5.86666584
3.88627434
2.47254968
2.09019637
2.97254944
3.69215727
4.21764660
4.08431387
5.80784273
5.77058792
4.81372595
3.01176500
3.50196123
5.07843113
6.04117632
8.82156754
7.35294151
6.40784454
6.10392046
3.86862803
2.60980415
2.40000033
3.10196114
3.42941236
3.73529387
3.99215698
6.19803953
5.37058830
4.52941227
3.12156916
3.96274543
5.40980434
6.28235340
8.07843113
6.37647200
6.18039274
6.32549000
3.79999995
2.65686297
2.34313750
3.14313793
3.27254939
3.17254972
3.81764722
5.81372643
5.39607954
4.51372623
3.15882421
3.86274529
4.70392179
6.41372633
10.99215698
5.44902039
6.95882368
6.31764650
3.72549057
2.79803967
2.23137259
3.10000014
3.35098076
3.05882430
3.43725538
5.42352962
6.28823566
4.64117670
2.93921566
3.28431439
4.16470623
6.46078491
11.46470642
5.30392170
7.45490217
6.61372566
4.26274490
2.81764746
2.44313741
2.95882368
3.45294142
3.15686274
3.40000033
5.03137207
7.39019680
4.81764698
2.78823519
3.11960840
3.93137264
6.63529491
11.51960850
5.68431377
7.56666660
7.00784397
4.59411716
3.04902053
2.65882373
2.78039217
3.29803944
3.12745166
3.50392175
5.26274490
7.44902039
4.46078539
2.64313769
3.03333330
4.01372576
6.64313793
11.14117718
6.03921700
7.90784502
7.76078463
5.19607830
3.49215698
2.88431430
2.68627453
3.34705925
3.09215689
3.60588241
5.40196133
7.34117746
4.40588188
3.17451048
2.88235354
4.12941170
6.23137379
10.95882320
6.09607887
7.78039360
8.78431320
5.61960697
3.74313784
2.92352939
3.02549028
3.32745099
3.29411745
3.53921556
4.44705820
6.68823528
4.62156868
3.80196095
2.74509788
4.43137312
5.65098000
10.95686245
6.09803963
7.31372595
9.86862850
5.68431520
3.55686331
2.60980415
3.64902020
3.08823562
3.58235359
3.48039222
3.40196133
5.79411840
4.90784359
3.87843180
2.96470618
4.27647114
5.89411831
11.09019470
6.09215641
6.79215670
10.61960888
5.39804029
3.26274538
2.39803958
3.90980387
3.21176481
3.57058835
3.54117680
3.14509845
5.54313803
5.39803982
3.90784359
3.36862731
3.93725491
7.39215708
10.81764603
5.74313736
6.39999914
11.01764679
5.45294094
3.24901986
2.49019647
3.79411817
3.41568613
3.37254930
3.63921618
3.16470599
6.39803982
5.33529377
3.91568685
3.55294156
4.59215736
10.96666527
15.77842712
5.25098085
6.48627615
11.23137379
6.23921633
3.38823509
2.80000019
3.77450943
3.36862779
3.38823557
3.68235302
3.59607863
6.68235302
4.95686388
4.01568651
3.77843142
5.65686321
12.70784378
15.60195827
5.27843142
6.64901972
10.83529663
6.50784302
3.45294118
2.67843127
3.69607854
3.23137331
3.72549009
3.78039265
3.93529439
6.75098085
4.83725548
3.78039217
3.79019642
6.16274595
14.42353058
15.74902058
5.22352982
6.93725586
10.46078491
6.75686216
3.78627467
2.69019651
3.12549043
3.00784421
3.59215736
3.82156897
4.57843161
6.69019699
4.47058916
3.85882354
3.89411783
6.15686226
15.97058868
9.36078548
5.06078482
6.90000057
10.40588379
7.20588255
4.04313707
2.90196085
2.73921561
3.10784340
3.02941179
3.85490227
4.74313736
7.30392122
4.15882397
4.69804001
3.84313726
5.70196152
18.71372414
8.88431454
4.83921623
6.94509840
11.07058716
7.69607830
3.92156863
3.11568666
3.10588241
3.43529463
2.82549047
4.10000038
4.52941179
7.84117746
3.91568589
5.25686359
3.91176510
5.97843170
20.24313927
8.27058887
4.79411745
7.02745199
11.92941093
7.45294142
3.65294123
3.28235316
3.47254944
3.33921552
3.02156878
4.50980377
4.29215670
7.93529415
3.78627491
5.68823576
3.94901943
7.36274529
20.04509735
8.24509907
5.03921604
7.15098095
13.04117775
6.88039207
3.31176496
3.46470571
3.58431387
3.24117613
3.06666684
4.74509811
4.19019651
8.10980415
4.43529463
6.30392170
3.80980420
8.67451000
18.30392265
8.26078415
5.18039227
7.44901991
14.11960983
6.67254972
2.98039293
3.66274548
3.72941208
3.53529382
2.90000010
4.76274586
4.51764679
7.80588198
5.51764870
6.16862869
3.93137288
9.15882301
15.84117699
8.53725624
5.05686188
7.54901934
14.32941341
6.41764832
3.17843199
3.35882378
3.60588312
3.44509816
2.84705877
4.45686245
4.79215670
8.29803944
7.42745161
5.65686321
3.52745152
10.13333321
13.12156868
8.27843189
4.97254944
7.85490227
14.11176586
6.34313726
3.35098147
3.13137269
3.30784345
3.37843180
2.94117618
4.23921633
5.11764765
11.09215546
9.30784416
5.49215746
3.42745161
11.37451172
11.11176682
7.92548990
5.40588284
8.51764774
14.01176548
6.66274643
3.36666703
2.89803958
3.38431334
3.57254934
3.04313755
4.49019623
5.30588245
12.89999962
9.47451115
5.36078453
5.07254982
12.26470661
11.58039379
6.00784397
6.21372604
9.36078453
13.20588303
6.85490274
3.37254953
2.98235297
3.75490260
3.78235340
3.10784316
4.58627415
5.13921595
12.08823586
8.24313736
5.11568642
9.13333511
13.65294170
12.24705887
6.11372614
6.84705973
9.52156925
13.22549057
6.50392199
3.56666708
3.24117708
3.93921614
3.69607925
3.11372566
4.30784369
5.42352962
10.34117699
7.08823586
5.45490265
13.17647076
14.17647171
11.62745190
6.68039179
7.34313822
9.70588207
13.35490227
6.38431454
3.45490193
3.26470613
4.03921604
3.56470633
3.15686274
4.00784349
6.01568651
8.55097961
7.14705992
6.32941198
15.31568527
14.10980511
10.68431568
7.12745190
7.72157001
9.77647305
13.89412022
6.77647161
2.90392208
2.99607897
3.86078453
3.58039236
3.22353005
3.98627448
6.19999981
8.13333416
7.12156868
6.78627491
15.71568680
13.14313889
9.09215736
7.54117584
8.08039284
9.63921452
14.08039284
6.94117641
2.43333364
2.77843189
3.41764736
3.54902005
3.26274514
4.38627434
6.27451086
8.15490341
6.89215660
6.89607859
15.15490437
11.54902077
8.06078529
8.40392208
8.76862812
10.09019756
13.72941208
6.98823500
2.68039250
2.84509826
2.69411778
3.52745104
3.23529410
4.80392170
6.06274509
8.31176376
6.31764746
7.14901924
14.64117718
10.46078587
7.68431473
9.29411697
9.74509811
10.22941303
13.49019718
6.54117727
3.00000000
3.05294156
2.33529425
3.85098076
2.83921552
5.28627443
6.35294151
9.05294228
5.47843266
8.71764851
14.33921814
9.58235550
8.01568604
9.58823586
10.69804001
10.01372623
13.68627548
6.16666698
3.15490198
3.31764746
2.73921561
3.61568642
2.94901991
5.26078415
6.57254887
9.31568718
5.26666689
9.39607906
14.32156849
8.77451038
8.04313850
9.79804039
10.69411850
9.53137207
14.23333359
6.35490274
3.06666708
3.19803977
2.41764712
3.34901977
3.12745142
5.29019642
6.44117641
9.13529491
5.12352991
8.91960716
13.82941341
8.62352848
7.82745123
10.00196075
10.61764812
9.44117832
14.24706268
6.96862841
3.10588241
2.82745147
2.41372609
3.38627481
3.23921561
5.26078463
6.25294161
9.51960945
4.95882368
8.12352943
13.02745247
8.14902020
7.70196152
10.30588150
10.94705772
9.78039265
13.11764622
7.46666670
3.31960821
2.63333368
2.83137274
3.54705906
3.53333378
5.29215717
6.42353010
10.10392189
4.92745161
7.62156868
11.96470547
7.29803944
7.79019642
10.40784454
10.53725529
9.39019585
11.40588093
7.77843189
3.39803982
2.75294161
2.52156901
3.75686336
3.74509859
5.79019690
6.83333302
9.88823795
4.86470509
7.60784292
11.03725719
6.90784264
8.22352982
10.43137264
9.35293961
8.49607944
10.82941151
7.71960831
3.27254891
2.91764736
2.74313760
3.76470661
3.86470652
5.90000057
7.09411764
9.23529434
5.23333359
7.57058811
11.18039131
6.74509811
8.77451134
10.54117680
8.23137283
8.15882587
11.65686607
7.29804039
3.30588269
2.83921599
2.75294137
3.85882378
3.64117694
5.89803982
6.93137264
9.06470680
5.59019661
7.49607849
11.91176414
6.71372557
9.04313755
10.73725510
7.78039265
7.51372528
12.97647190
7.63725519
3.30392170
2.75294161
2.70588255
3.64705920
3.56470561
5.95490265
6.98039293
9.29804039
5.43529463
7.76862812
11.92941284
6.60196066
9.20980453
10.56470490
6.86470652
6.74117661
13.45098114
8.63725567
2.97647095
2.92745113
2.60980392
3.12352943
3.72156906
5.78431416
7.15686274
9.34117794
5.86862755
8.09215832
12.22941399
6.46666765
10.17646980
9.75294304
5.70000076
6.44117689
13.40588284
9.26470470
2.70980430
2.78235340
2.12549043
2.50196123
3.80588293
5.53333426
7.28823614
10.23137283
6.62745142
8.87647057
12.37255001
6.61568594
12.20588207
9.12156773
5.28039265
6.40588236
14.04509926
9.61568737
2.76862741
2.52745128
1.85098064
2.43333316
3.56862807
5.21372604
6.92745256
10.56862736
6.84509754
8.89411926
11.98627663
7.14509773
14.39804173
8.67451000
5.15294123
6.32549047
14.70391941
9.98039341
2.72745085
2.56078434
2.11568642
2.96078491
3.42352962
4.68235302
6.41960955
10.13921547
6.53921652
8.38431358
11.44902134
7.93333387
15.00196075
8.03921604
5.12941170
6.28431416
13.91372585
9.58823395
2.72941279
2.61568713
2.47058845
3.32549095
3.52745104
4.27254915
6.61764765
9.66666698
6.35686350
7.75882387
11.03725624
8.93725586
13.97647285
7.48823595
5.44901943
6.40980387
12.50000000
8.59803867
2.91960835
2.73725510
2.87647080
3.27254939
3.60980415
4.21764708
7.26078367
9.97058868
6.40392208
7.93137360
10.80196285
9.70784187
11.56862736
7.13333464
5.65882492
6.84117746
11.33921623
7.98431396
2.91960835
2.63725495
3.11960769
3.07450986
3.77647090
4.62549019
7.61568642
11.32941341
6.17451048
8.36862850
10.72941399
10.15686321
10.85882378
7.45490313
5.98039150
6.90784311
10.53137302
8.01568699
2.63725543
2.59803987
3.07843137
2.89803934
3.70196104
5.22745228
7.55882406
12.86078453
6.14705944
8.94902039
10.03529358
11.41568756
12.63725376
8.54902077
6.59411812
7.05490160
10.72941017
8.19607830
2.51372552
2.75098085
2.84902000
2.81176496
3.63333392
5.73529434
7.02548933
13.60391998
6.73725414
8.62745190
9.04117680
14.19999886
14.00195980
8.92745113
6.89804029
7.31568670
11.24509811
8.12353134
2.76078439
2.72156882
2.75882387
2.79019618
3.20980382
5.68627453
6.58039331
13.70000267
7.75882435
7.55686331
8.20392227
15.71372604
13.71176624
8.40196133
6.86666679
7.38823652
11.47647095
7.79607964
3.13333297
2.50392175
2.54705954
3.01960850
3.14313745
5.08431339
6.51960802
13.21568871
8.36470699
7.20196104
7.57254887
14.90392113
11.51764870
7.35490227
7.14705849
7.10784483
11.32745171
7.40784359
3.25882339
2.78431392
2.39215732
3.14117670
3.53725529
4.50392199
6.35098076
12.37058830
8.18431377
7.53137255
7.04509735
12.56666660
8.25294209
6.39803886
7.54509974
6.86666584
10.62744999
6.88823509
3.11568618
3.08823514
2.78627443
2.97451067
3.43921590
4.81960869
6.17058849
12.32157040
7.47058821
7.52352953
6.78431368
10.30980587
6.40588331
6.24313688
7.47254992
7.08823490
9.42157078
6.42745113
2.90392208
2.87451053
3.15490198
3.08431387
3.07058859
5.66078472
6.32353020
12.47058964
6.75294161
7.19215631
6.82156992
9.97450829
6.62549067
6.45490170
7.11176491
7.45098209
8.72353077
6.24705839
2.71176481
2.90588284
2.99215698
3.09215689
3.08039236
5.61960840
6.17843151
11.55097961
6.26274586
6.78823471
7.10588360
10.56666946
6.99019670
6.84509802
6.58823490
7.42156982
7.71764708
5.97843122
2.56274533
3.32549047
2.93333411
2.97647095
3.06470633
5.25294113
5.95686245
10.46862793
6.10196114
6.30784321
7.14509964
10.41961002
6.95294094
7.44902039
6.49803925
7.21372652
6.99999952
5.96666765
2.85882378
3.22549009
3.02745128
3.07451057
3.16666675
4.51176500
5.90000010
9.65686417
6.01372623
6.31568718
7.27254915
9.27843285
6.99804020
8.00196171
6.44313765
6.81176519
6.99019623
6.07058811
3.06078458
3.06470609
3.20784354
3.37647128
3.17843151
3.84705901
6.20784330
9.29411983
5.83137274
6.45490360
7.53725576
7.53333473
6.64313793
8.48039246
6.56666660
6.52352905
6.86666775
6.17843151
3.20980406
3.02941179
3.18039227
3.08627462
3.34117675
3.54705930
6.39607859
9.50980663
5.72549105
6.25294209
8.03921604
6.83921719
6.49215698
8.76078510
6.82156897
6.23725414
6.59607887
5.91568661
3.47647071
2.98235297
2.97451019
2.54313731
3.31372571
3.52549076
6.07058859
10.14313984
5.51764727
6.26274586
8.45490265
7.66862726
6.35098124
8.80392075
6.97450972
6.16470623
6.63725519
5.40784359
3.51960802
3.06470656
2.90980411
2.50784326
3.12156868
3.53921604
5.59215641
10.69804001
5.31176519
6.46862793
8.49607849
8.61176586
6.16666651
9.24902058
6.99019670
6.24117661
6.91764688
5.34313822
3.56078482
3.03921628
3.00392199
2.51176524
3.31764746
3.56666660
5.39411831
11.11764717
5.57647181
6.38431406
8.28235340
8.82352924
6.70000172
10.06078625
6.91960812
5.96666670
7.63333416
5.72352982
3.73921537
2.85686278
3.18431401
2.57843161
3.48431396
3.55882382
5.46666622
11.39608002
5.96666574
6.26078415
7.62744999
7.92549086
7.35686255
10.33333492
6.51764727
5.82353020
8.04509926
5.50196123
4.04117680
2.76274562
2.99019599
2.62156868
3.34313798
3.67058778
5.42353010
11.97646999
6.48431301
6.20000029
7.31960773
7.20196152
7.42548990
9.81960869
6.05686331
5.53529453
7.82941294
4.92549038
3.72549009
2.74509811
2.91568661
2.52549028
3.21372581
3.57843161
5.42745113
12.08627605
7.15686369
5.84901857
6.90980482
6.42549086
7.48235416
9.42745018
5.94902086
5.33725548
7.25490189
4.74901915
3.90980363
2.87254882
3.10784340
2.90784335
2.89215708
3.31176496
5.87843227
11.51176453
7.14313745
5.43921709
6.15098047
5.59999990
7.50392151
9.41764641
5.90980339
5.19019651
6.39607906
4.95686293
4.51568699
2.80000019
3.37058830
2.81960773
2.96274543
3.28431392
5.75686359
11.22549248
6.63333273
5.47647047
5.79607868
5.29411840
7.49804115
9.67254829
5.62156820
5.01176500
5.93333292
4.85882425
5.01764727
2.96274543
3.41176462
3.00980425
3.53725600
3.82745147
5.34117603
10.93333530
6.54117537
5.38235283
5.91764736
5.79019547
7.66470575
9.73725700
5.58627510
5.06666708
5.68039227
4.56078482
5.70588350
3.21960831
3.20392203
3.05294108
4.05098009
4.85686302
5.44509840
11.10784435
6.45294094
5.20196152
5.76470709
6.57450962
8.34313774
9.02353096
5.81960726
5.20392084
5.39215755
4.46078444
5.95882368
2.89607835
2.97058868
2.92352986
4.51372528
5.77058887
5.27450991
10.90196133
5.92745161
5.58235359
5.56078529
7.31764841
9.12941074
8.04313755
5.86078405
5.24509907
5.57843208
4.50588322
5.68431377
3.16862798
3.29803967
2.77647114
4.38431406
6.49411917
5.26666737
10.50196171
5.26274538
5.70784235
5.36078405
7.65098143
9.97058678
7.59019661
5.71176529
5.06274605
6.07451153
4.43725538
5.15686321
3.37254930
3.43921590
2.80980444
4.28627491
6.98431396
5.17843151
10.56274605
5.49607754
5.12549019
5.27843189
7.38627434
10.31372643
7.61764765
5.42352962
4.56470633
6.66666698
4.28431273
4.39215708
2.86862779
3.13333368
2.62352991
4.55490208
7.48431349
5.08627415
10.52156925
5.59019661
4.56862736
5.41176510
6.90980291
10.07843113
7.27254915
5.39411783
4.57843113
6.47058964
4.03725529
3.87254930
2.98823547
3.35882354
2.82352948
4.17843151
7.42156887
4.99411821
8.97843170
5.38039160
4.84313774
5.71568584
7.04705906
9.99019623
6.69999886
5.28431463
4.72745085
6.16274548
3.67254949
3.69215703
3.44509816
3.60000062
3.04117680
3.36274552
7.68823576
4.90392113
7.29411888
5.19803905
5.29411840
6.10588264
7.32353020
9.49411774
6.47058868
5.15686226
4.50392151
5.85294151
3.63137293
3.49803948
3.22352934
3.44901991
2.99215746
3.16274524
8.12941170
4.80000067
7.16862869
5.45686340
5.47450972
6.45882416
7.22549057
8.34705925
6.64705801
5.01764774
4.56470585
5.44313669
4.08823586
3.31176448
3.01568675
3.50196099
3.16666675
3.14705920
7.62745142
4.79019690
7.96274519
5.83725452
5.64313698
6.47058868
7.43529510
7.63333368
6.81764698
4.60784292
4.60000086
5.18627501
4.34901953
3.24509835
2.90784383
3.36274529
3.34901953
3.07450986
6.81764698
4.82352972
8.85882473
5.94117689
5.58431435
6.15882349
7.80196238
7.19804001
6.86470556
4.38039303
4.24313736
4.65686274
4.21372557
3.08823562
2.80196095
3.12941194
3.04509830
3.12745118
5.90392208
5.42941093
9.88823509
5.86862564
5.28823566
5.86862850
7.72745132
7.12941027
6.20980501
4.48627472
4.04705858
4.36666632
4.31176567
3.11764741
2.68039250
2.61176491
2.88235283
2.90588284
4.53725481
5.80000067
11.22549152
5.29019690
4.80392122
5.75882387
7.38039207
7.10392189
5.84509850
4.21568680
4.08823586
4.13333321
4.15882349
3.25098038
2.52156878
2.19019604
3.16078568
2.80588222
3.74509859
6.03725481
11.50391960
4.95490265
4.42156839
5.70196152
6.55490208
6.57451105
5.46862841
4.10784292
4.18823576
4.06470585
4.01960802
3.29607892
2.71960807
2.20000052
3.24705982
2.76274538
3.49215698
6.13529587
11.27058792
4.79019690
4.35490179
5.75686312
6.54313755
6.53725481
5.33921671
4.20196104
4.35490274
4.25098085
4.17254972
3.21960855
3.09019637
2.71372628
3.09411788
2.59019637
3.62352920
6.12156963
9.64705944
4.52745247
4.37254906
5.83529425
6.87254953
6.86666632
5.06470680
3.90588284
4.44313765
4.51960802
4.22549057
3.30980372
3.02549076
3.38039255
3.05098009
2.49215722
3.40588307
5.73725462
7.36666632
4.58627367
4.38627529
5.71568537
7.12941170
7.17255020
4.91960812
3.66078448
4.24509859
4.70784378
3.82156897
3.41764736
2.76862788
3.48627448
3.06470609
2.58431363
3.26274538
5.37843227
6.58431339
4.75294113
4.31764793
5.57647133
7.50196075
7.09411716
5.16274548
3.96666741
4.03921652
4.49411774
3.60000014
3.36470604
2.81764722
3.09804010
3.20000005
2.71960807
2.79803967
5.37843180
6.17843246
4.67058802
4.18039227
5.52549076
7.37647104
6.27058840
5.15882301
4.02745104
4.04705858
4.03725529
3.88823557
3.24117708
3.13333344
2.57451010
3.02745128
2.90588284
2.91764736
5.49215794
6.01764679
4.40000010
3.99803948
5.30196095
6.59215736
6.20392275
5.16078377
4.07058811
4.07058811
3.94117641
3.98823547
3.04117656
3.25490189
2.56078506
2.79803967
2.96666646
2.96470642
5.61568546
5.96078491
4.04117680
3.95686293
5.05686378
5.88039303
5.92745066
4.68823671
4.21568632
4.24509811
4.07058859
3.96274495
3.02156878
3.27647090
2.69019651
2.79411793
3.12941170
3.05294132
5.25686312
5.57843113
3.93921638
3.69215703
4.79019642
5.52549171
5.78431320
4.39411831
4.18431377
4.37647057
4.20980406
3.64509821
2.87843227
2.66666722
3.05098057
2.75882363
3.00784326
3.19215775
4.28235340
5.23529387
3.98627448
3.43333364
4.37647057
5.87254906
5.97647095
4.35490227
3.96078396
4.40000010
4.35490274
3.76666641
2.48235321
2.21176505
3.01764798
2.56274581
2.59215713
3.14705873
3.65098095
4.72549009
3.75686336
3.48823524
3.99411821
5.89607954
6.42548990
4.12549067
3.74705887
4.28039217
4.36078453
3.74901986
2.41960812
2.42156863
2.93725538
2.70196128
2.38039255
2.82352996
3.45294118
5.00392199
3.54313779
3.63725519
4.05882406
5.64705944
6.13333368
3.73725533
3.61372542
4.04902029
4.22745180
3.64117670
2.90980434
2.55882382
3.21176505
3.06470633
2.48823547
2.61176491
3.34705877
5.10980511
3.58039212
3.54313779
4.15294170
5.57647085
5.81764746
3.50784278
3.35490227
3.79607844
4.51176548
3.77843165
3.36666703
2.53725529
3.27058911
3.22548985
2.59019637
2.67254925
3.61960793
5.09607840
3.66666746
3.39607882
3.90784359
5.24705935
5.22549057
3.43725514
3.07254934
3.59215736
5.15490246
3.49411821
3.17451024
2.75686288
2.76862741
2.95686316
2.82549071
2.41960835
3.56666684
5.03529453
3.64901972
3.35882378
3.42549014
4.70392179
4.68823433
3.42745090
3.11568666
3.33725548
5.14313745
3.07254934
3.00588202
2.91372585
2.83529449
2.81960869
2.83137250
2.34313774
3.60784340
4.95490313
3.75098062
3.00980473
3.69803953
4.36470604
4.47647095
3.57254887
2.86274529
3.39803982
4.76078463
2.90000010
3.11960816
2.88627505
2.78235340
2.85686326
2.53529429
2.42745113
3.30196118
4.74705935
4.09019613
3.01372576
3.71960807
3.90588260
4.31372547
3.59607840
2.85882425
3.74509835
4.34509850
2.95686293
2.96274519
2.80000043
2.85294104
2.99803925
2.46274519
2.64117670
3.21176505
4.58235359
4.32156897
3.18627501
3.87058830
3.86862779
4.22745132
3.41176558
2.91960788
3.78431392
4.09019613
3.34902000
2.75686312
2.92156887
3.16470599
3.06078482
2.87254906
2.67451000
3.14705873
4.50392294
4.10196066
3.10392165
3.96862745
3.78823566
4.10392189
3.21372557
2.89803982
3.46078396
4.07843161
3.56666684
2.93529487
2.97843146
3.35098076
3.15294170
2.99607873
2.60000038
2.94705915
4.44509888
3.79803920
2.89607859
3.82352948
3.57450986
3.86666703
3.19215703
3.16666698
3.51960826
4.09411812
3.39607835
3.13921642
2.88431358
3.37451029
3.13137269
2.80392218
2.66274548
3.18627453
4.36078501
3.56666732
2.75490189
3.66470599
3.50196123
3.55882382
3.19411778
3.29607821
3.60784316
3.79803967
3.16078448
3.32156873
2.77843165
3.43921590
2.92941213
2.76666689
2.84509826
3.49019647
4.35294151
3.37843156
2.62549067
3.42352962
3.22156882
3.40784335
3.18823576
3.02549028
3.29019690
3.31568623
3.05098104
3.04509807
2.68235326
3.34117699
2.88431430
2.56470561
2.90392160
3.86862731
4.44901991
3.29019618
2.59607863
3.40392232
3.27450991
3.20588303
2.78627467
2.90000057
3.02352977
3.21372604
3.09803915
2.82941222
2.56274557
3.40588260
2.78823566
2.48823571
2.76274538
4.02941179
4.72941256
3.03921556
2.77451038
3.81568599
3.27451015
3.09019637
2.77843142
2.97843218
2.99019647
3.47450995
3.09803915
2.88627458
2.85294151
3.17843151
3.19607830
2.53529429
2.72352934
3.61372614
4.77450991
2.77058864
2.92352986
4.12745047
2.99803948
3.04902077
2.93725538
3.10392118
2.94509840
3.35098124
3.42941236
3.38039255
3.01176524
3.17843151
3.29215693
2.77451038
2.76078415
4.00980425
4.79019642
2.74313760
2.82156944
3.98039150
2.98627472
3.19019604
3.03137255
2.79607821
3.10784364
3.32941175
3.39411783
3.71960831
3.13529468
3.28235316
3.11372566
2.88823557
2.80196118
4.63529444
4.98823643
2.67254901
2.83137298
3.64509845
3.18823624
3.04705906
2.94509816
2.89607835
3.26666713
3.42352962
2.90196109
3.92352962
3.41176534
3.30392194
3.12549090
2.78431392
2.94705915
4.47647142
4.97843170
2.73725533
2.58039212
3.51568651
3.32549024
2.92745113
2.91568637
3.12745142
3.21568632
3.46274495
2.86274552
4.05294132
3.43725491
3.15686321
3.09803963
2.62549043
3.10588288
4.19019604
4.58823681
2.97254968
2.07843161
3.43137264
3.30980396
3.09019613
2.80000091
2.81960845
3.17451000
3.50588250
3.09607863
3.70980406
3.46274543
2.71960807
3.07843137
2.56274533
3.17254901
3.92745185
4.25490189
2.81372571
2.09803939
3.24509811
2.98039198
2.96470618
2.52745104
2.90588236
3.30784273
3.33921599
3.04117632
3.00392222
3.11764693
2.65882373
3.30784392
2.65098071
3.31960821
3.82352972
3.97058868
2.54901981
2.15098047
3.19607902
2.85882401
2.93725491
2.51764727
2.81372571
3.31960773
3.14705896
3.04313755
3.21176529
2.78823566
2.63137293
3.48235345
2.72352958
3.52549100
3.94509888
3.84705853
2.54117703
2.32745099
3.18039227
2.70000029
2.69215751
2.19019604
2.79803991
3.17254901
3.25294161
3.04117703
3.78235245
2.66862774
2.48627448
3.38039231
2.58039236
3.36078477
3.71372581
3.90588260
3.00196052
2.48235345
3.21764755
2.31960797
2.64509845
2.15098071
2.89607835
3.10980392
3.38235283
3.08627486
4.24509811
2.72549033
2.29607892
2.69215703
2.64509821
3.10588264
3.65098071
3.86078453
3.20392156
2.90588236
3.07451010
2.11960816
2.37843204
2.47843170
3.00000024
3.48039222
3.36274505
3.00588226
4.42941236
2.64509773
2.22745132
2.36666679
2.59607911
3.22745156
3.65686321
3.50196099
3.00784326
3.09019637
2.74509859
2.22156906
2.18235350
2.71372581
2.88627481
3.63137317
3.28431416
2.78627491
3.98823571
2.61764765
2.32941198
2.52549076
2.33725500
3.49803925
3.49411845
3.23137283
2.80000019
2.85294127
2.63333392
2.26666713
2.22745132
2.71960783
2.76666689
3.45882416
3.37647057
2.65294147
