17.37255287
24.87647247
23.10588455
21.15294456
20.39019585
20.19019318
22.41764832
22.72745705
21.55490494
20.76666832
21.65097809
21.93725014
21.97451210
23.20980644
18.65882492
24.11764526
22.11568451
21.23333359
20.91961098
18.84117699
19.68824005
20.03922272
18.75882339
19.11960983
20.23921394
21.43725395
21.64901924
22.51175880
16.85490417
22.59412003
20.26666641
20.64902115
20.16274261
16.37843323
17.16862488
18.05490303
17.94117355
18.37646866
18.70588303
19.64313889
21.66470909
21.59803581
16.93333244
20.64117622
18.90392303
20.31764603
20.42745018
15.93529415
15.71568966
15.63529778
17.15686226
17.59215546
17.01176262
19.55882263
22.07254982
20.75490379
16.69999886
18.57450676
18.06274796
20.51960373
20.25490570
15.94117737
14.99607849
15.75098038
17.78431702
18.44314384
17.35097885
18.27254868
22.01960564
19.75882530
17.01764679
18.64705658
19.18235397
20.83333015
20.24117851
18.60588455
17.09803963
16.05098152
18.72549248
19.24313354
18.75882339
19.81176376
21.71372414
19.65882492
16.29411888
18.98431778
19.65490341
20.66862869
20.94706154
21.56078720
20.37647247
18.48431396
21.33137321
21.78627586
20.03725624
20.94509888
20.57451439
19.55882454
16.73137474
18.24705887
19.52157021
19.95490456
20.89999962
21.31960678
21.11175919
21.03725815
22.26666832
22.57843399
19.56274223
21.12549019
18.29216194
18.10784531
16.78039169
17.29412079
17.85686302
18.51568794
19.23137283
18.83529472
19.72549057
20.93136978
20.17843628
20.19412041
17.56862640
19.71372604
17.24117851
16.94706154
15.87843227
16.41372871
15.84901905
16.30000114
16.66274643
15.16470718
16.10000038
17.31372643
15.53529453
15.65882683
15.08235359
15.95294094
16.16274834
15.77254963
9.79019547
15.43725681
14.67254925
14.38823795
14.42941189
12.83921528
12.51372623
13.44902134
11.75490093
12.56078529
13.06666756
11.95098209
14.21176529
14.34509945
9.34117794
14.53333282
13.63921642
12.95882511
12.60000038
12.13725662
11.06078434
10.59019756
10.28431416
11.23529720
11.43725395
10.16470528
12.78431416
12.95882416
12.71764565
13.63725662
11.88431549
11.65098286
10.70392132
11.42352962
10.53529549
9.60784340
9.84901905
10.52156639
10.30196190
10.17647171
11.92156792
11.68431568
13.23333263
13.11764717
10.63333321
10.36862946
10.08431435
10.69608116
10.38823509
10.29019833
10.23333359
10.56862831
10.14902020
9.90980434
11.82549191
10.92941093
12.96078587
14.03333282
10.23137283
9.64313507
9.88823509
10.28431416
10.29411697
10.74117756
11.22549057
11.71372414
10.14313793
9.28627586
11.35293961
10.75490189
12.40980244
15.92353249
10.18627548
10.05294228
8.96862984
10.55294323
9.73921394
10.80000210
12.10000038
12.44313908
10.17451000
9.48235416
10.97254944
10.74313927
12.13921738
17.64705658
10.36862659
11.55098152
8.56470680
10.70392132
9.22156906
12.05490208
12.94706059
11.86470699
9.98627472
9.35490036
10.37058926
11.06274700
12.50784397
16.88039398
11.01960659
13.02353001
8.62941074
10.40196228
9.43725491
12.90392303
13.78039169
11.09215832
9.92352867
9.35882473
9.96470642
11.19215775
13.16666698
14.69411755
11.36078262
13.42549229
8.81960964
10.24509811
10.27450848
12.90784359
14.75686550
11.06274700
10.10196304
9.46666622
9.86274338
10.62157059
13.37058926
12.58823776
11.06470680
13.01764679
9.15098095
11.17450809
11.34902000
13.12745094
13.86862850
10.67647076
10.52941227
9.46862888
9.57647133
10.27254868
12.83921719
11.19019604
9.91764641
12.16078472
9.15294075
11.69215679
11.46862793
12.15686226
11.38235378
10.85294151
10.51960945
9.52745152
9.08235359
10.26470757
12.23725796
10.41764832
8.87058926
11.05098152
8.65882397
11.80980301
10.49411774
9.45294189
9.38235188
10.25686264
10.41568661
9.44117641
8.69803905
10.28627491
11.08431435
10.41176701
9.09804058
10.39999962
8.31176472
11.54706001
8.95098114
7.92353010
7.92353058
10.47450924
10.51176643
9.28235340
8.36862755
11.13921642
9.81176567
10.26078510
9.75098133
9.89019680
8.46666622
13.08431530
8.98235512
7.76470613
8.14902020
11.39215660
10.35686302
9.52745152
8.33529568
12.29019928
9.17451000
9.96666622
10.38431549
9.31176472
8.57058907
14.34509850
13.50588226
7.78431416
8.65490150
11.94902039
10.15490150
9.80392361
7.95686245
14.02745056
9.33921623
9.79804039
10.66862774
8.65490246
8.26274586
14.52156734
21.33333397
8.35882378
8.99803734
11.71764755
10.06078529
9.98235321
8.26078606
15.27843189
9.72548962
9.88823509
10.92745018
8.33921719
8.02549076
13.74313927
20.79607964
9.49999809
8.53529263
11.10784340
10.07647228
10.04313660
8.96666718
15.87451172
10.93921852
9.92941189
10.66274643
8.47646999
8.27058887
12.70980549
17.02352715
11.92745304
8.61568737
10.51176548
11.22156811
10.56470680
9.92745304
15.99215603
12.93725395
9.31568813
11.06274605
8.54313755
8.45686245
11.27451134
13.05686283
14.93333435
9.06274414
10.21764469
12.57843018
12.26078415
10.95686245
15.04902172
14.90392303
8.89411736
11.74510002
7.95294046
8.05686378
8.94313717
11.26666737
16.39999962
8.86666679
10.21568489
11.88627529
14.11568642
12.87058830
13.15097904
14.77451038
8.78431416
12.57647038
7.65294027
7.58823538
7.16274595
10.59607792
15.13529491
8.66078568
9.52353001
9.66470718
14.49411869
14.99804020
11.99411869
13.96470547
8.22941303
12.71372700
8.33333397
7.52941132
6.59607983
11.63529491
12.69411850
8.49804115
8.05294132
8.17843151
13.77647018
15.71764660
11.64313889
13.67843246
7.80588150
11.68235302
8.77254868
7.30196047
6.79215717
12.21764755
10.97058868
8.34313869
7.35294247
7.53137255
12.59804153
16.04705811
10.44705772
13.74509907
7.82745218
10.81764698
8.31568623
7.35097933
7.82549047
13.48235321
9.91372585
8.41960812
7.34706020
8.17451096
11.28627586
14.84902000
9.76666737
13.30980301
8.52745152
10.54313755
8.21568584
7.70000076
10.58039379
14.81568718
9.42745113
8.22941399
7.04313850
9.07059002
10.20980453
13.52549171
9.72745132
12.92745209
10.15882301
10.17647076
8.53529453
7.39804029
13.91568756
15.31568527
10.70000076
7.94705915
6.96470642
9.99607849
10.15686321
12.92352962
10.19411850
12.17450905
11.52941322
9.86666775
8.35490322
7.02548981
13.99803925
14.24705696
11.37647152
7.74313736
7.30588245
11.00392246
10.04117680
12.53137589
10.96274662
11.30784225
11.64705849
9.85490131
8.10000038
7.01568651
11.30196381
11.46470451
10.36274815
8.02156830
7.53529406
11.98627567
9.77451134
11.40980530
11.17254925
9.87450981
12.73529339
9.34117699
8.23137379
6.99607801
9.56078434
9.42745113
9.25686264
9.51372623
7.52745199
12.34509945
10.00196075
10.19803905
10.96862793
9.03137302
13.79019547
8.94705868
8.14313698
7.44509888
9.12353039
8.03725529
8.49215794
11.42941093
7.60980415
12.11568832
10.24313736
9.77647209
11.48038960
8.53333473
14.42156982
8.83137417
7.97647047
7.87450981
10.34902287
8.44117641
8.92549038
13.78823471
8.44117641
11.81568718
10.97843170
10.30588245
11.65882683
8.69803905
14.02157116
8.66274548
8.45294094
8.28039360
11.51568890
9.40000153
9.85294247
14.76078510
9.87450981
11.18627548
10.44509792
11.23137283
11.33333492
8.83137321
13.59804153
8.90392303
9.68823528
9.83921432
11.70784092
9.35882282
9.98039246
14.45490456
9.72353077
10.30000114
9.57254791
11.67059040
10.54510021
8.79215717
12.54509830
9.29804039
10.88039112
12.21372700
11.44313908
8.83137321
10.35882378
13.94901848
8.75294209
8.89999771
9.46666527
11.81372643
10.39215755
8.80980396
10.92156982
9.37058830
11.86862755
14.90784454
11.49215889
9.39019585
11.17059040
13.84313965
8.84902096
8.19019699
9.23921585
12.53921700
10.57843018
9.11176586
9.49607754
10.10000038
12.65294170
16.45097923
10.65686321
9.52549171
11.48627472
13.47451210
8.71568584
8.21372604
9.27058983
13.17843342
10.95686340
9.48039246
8.97843170
11.35098171
12.81176567
17.70980453
10.01764774
8.64705944
12.35098267
13.15490150
8.72745132
8.09019661
10.01176357
12.75098228
10.65686226
9.63333416
9.35098076
11.72548866
12.70588303
18.45490456
9.42745209
8.31568527
12.06470776
12.83725548
8.43137360
8.30392265
9.84117699
11.92352676
10.47058773
10.00196075
10.10588264
11.25686359
12.80980492
17.73725700
8.84902000
8.26862717
11.13921547
12.90784359
8.45882511
8.48823547
9.64509869
11.06666756
10.36862659
10.38235378
10.52549267
10.88039398
12.85882473
15.32156944
7.28039217
7.67843199
9.44705963
11.95490360
8.57254982
9.59411812
9.73921490
10.78235435
10.36666775
10.21960735
9.93137455
9.91568756
11.88235378
12.12353039
6.59803963
7.33333349
7.88235331
10.40392399
9.33529377
10.93725586
9.65294266
10.43529224
10.01372528
9.46666718
9.58823490
8.50980377
10.26078415
9.04509830
5.80784321
8.52941227
9.72352886
9.22156906
10.60392284
10.69607735
9.62745094
9.81568718
9.05686283
8.92941093
9.96470642
8.10980415
8.85293961
7.89804077
7.26078463
13.70196152
16.18235397
9.11960888
12.02549076
10.79215622
10.60392189
9.70196247
8.63725471
8.83725548
10.40588379
8.13529491
8.21372509
8.47451115
13.01372623
21.31764603
22.17843246
8.81960869
12.37843323
12.15882492
12.07451153
9.50196266
8.49607754
8.90980339
10.67647171
8.50000000
8.34313869
8.72745132
20.06274414
25.05686951
21.61764717
8.16666794
13.24705887
14.22745037
13.11961079
9.33921528
8.65686226
8.95098019
10.37843227
8.58235264
8.49019718
8.69411755
23.41764832
24.37451553
17.24117661
8.26470566
14.30000114
15.45490265
13.89019680
8.84117603
9.80784321
8.82941151
10.56666565
8.71372700
8.55490208
9.16666698
23.14706421
20.55097961
12.78039265
9.11372566
16.35686302
16.14902115
13.40588188
8.58235359
10.90392303
8.30392265
10.94705582
8.84117699
8.62745190
9.82745266
21.56470871
15.70392418
10.23921394
9.51372623
19.23921394
16.74509621
11.48039436
8.96666622
11.06666660
8.48627472
10.76470566
8.49803925
8.97450924
10.15882397
19.69804001
12.10196018
9.17058659
8.24509907
19.13529778
17.02548981
9.87058926
9.37646961
11.20784378
8.72352886
10.43921566
7.94509745
9.45882416
11.40980530
16.89411545
10.09804153
8.84901810
7.57254934
16.16470528
16.18039322
9.06078434
9.59411907
11.33921623
9.84313679
10.31568623
8.03529549
9.35686398
12.58431435
14.64706135
9.50000000
8.74117661
7.62156963
14.38039017
15.27058887
8.75490284
9.01372623
11.46862984
12.38235283
10.26078606
8.84117699
9.02549267
13.21176624
11.49215889
10.00196171
8.44313717
7.78627443
13.69411850
14.77450943
8.62941265
8.05490303
11.16666603
15.46470642
10.46470642
9.27647114
9.19803905
13.31372452
9.10392189
10.88431549
11.19804096
7.70196152
13.48235321
14.24313736
8.44902039
7.56862783
11.43529510
16.66274643
10.70392132
9.02353191
9.38823700
13.58823490
8.30392170
10.96470642
13.53333187
7.81764841
12.76666737
13.91372871
8.42352962
7.26862764
11.20196056
16.38235474
11.92745018
9.00392151
9.10784435
13.52548981
7.84706020
10.40196228
14.99607658
8.13529491
11.91960907
13.65686321
8.16666603
7.26862860
10.51961040
15.66862869
13.82156849
8.48039341
8.79019737
13.50784302
7.54509926
9.65490341
17.17058563
13.12156868
13.87647152
13.63333416
7.89019537
6.89411831
10.76274395
16.06470871
13.65686512
7.94313765
8.82745075
13.37254906
7.47058868
10.04313850
18.49019623
19.27059174
17.09215927
13.99019718
7.54705954
7.71176529
12.24509811
16.08431435
12.75882530
8.21764851
8.95098114
12.66862774
7.73529482
10.73137188
17.36470413
21.47843170
19.04313850
13.78235531
7.31960773
9.77647209
13.14901924
15.61960888
12.93725681
8.47647190
9.16274643
11.29804039
8.03333378
10.65882206
14.58431435
19.51960754
19.42353249
12.40980434
8.05490208
12.07059002
13.23529530
15.67843246
12.63333321
7.96274519
9.56274509
10.50980568
7.60392189
9.71568680
11.96666813
15.71960831
17.87842751
10.60392284
10.00784588
14.32941437
13.26274490
15.64313698
12.96078491
7.55686235
10.08431244
10.32352924
7.28039360
8.75098228
10.35490131
12.24901962
13.48823452
9.80392075
13.60784340
15.82745075
14.69411850
15.37646961
13.21372509
7.53529549
10.62157059
9.76078415
7.91960859
8.89999962
11.00392056
9.51960850
9.44117546
10.31176567
16.19215965
19.07254982
16.20588493
14.58823490
12.94705963
7.70196104
11.13725567
9.27647018
9.78627491
9.23137379
11.11176491
9.57254887
8.17647076
12.13529491
20.01568794
21.92353249
17.59803963
13.83725643
11.59607887
7.45882368
11.64902020
9.05097961
11.72156811
9.33333492
10.78235340
10.79607773
8.80784512
13.49019527
24.81764984
20.94314003
19.03137207
13.38627529
9.64705944
7.05882454
12.55490303
8.85882187
12.51960945
9.00196266
10.81960678
10.81764698
9.64509869
14.12941170
26.46078682
17.06862831
19.02941513
12.52745152
8.59411907
8.06078434
14.05686283
9.07647228
12.22156906
9.46470642
12.14902020
11.01568413
9.45490265
15.47058773
23.94705963
14.08823681
18.26078606
11.12745190
8.29607868
10.51960659
14.90588379
9.54705906
11.53725529
10.43921661
12.60784435
10.80588150
7.87058783
16.34313774
18.87255096
11.29804039
17.68627548
10.24117661
8.11960793
12.77843285
15.22353077
9.98823643
10.92156982
11.01568604
12.11568737
10.22353268
8.22157001
18.09019852
14.01176548
10.97255039
16.36078835
9.51960850
7.93725443
12.97843361
14.69411755
12.20980549
9.75882339
11.20000267
12.02941322
9.35098171
10.14705849
18.25686073
12.04509830
11.70588303
14.36078262
10.16078568
7.57254982
12.97254944
14.31568909
14.10392094
9.22156906
10.85490227
11.59411716
10.06470680
13.41764641
17.98431778
11.60588360
11.87843132
12.95882607
10.88627434
7.52352953
13.26862907
13.26862907
13.90784454
8.50196171
11.24509907
11.85490513
12.13529491
14.21372604
18.46078682
11.00196266
12.03529453
13.31372643
10.98039341
8.41764641
14.20392227
11.76666641
12.02548885
8.64509773
11.97254944
13.29019737
14.46666527
12.58235455
19.42353058
9.97451019
12.27254963
14.18627453
10.35098076
9.87059116
16.13921928
10.85293961
9.64313889
8.32941246
12.17254829
15.11568451
15.51961136
11.39411831
18.57255173
9.31960773
13.89411926
15.95882607
9.49411774
11.45098209
18.06470680
10.60392380
8.80980492
8.28823376
11.95686340
15.65490341
15.19019699
10.70000076
16.05098152
8.90196037
14.69803905
17.10588455
9.13725758
12.97843266
18.74706078
10.74705887
8.03725529
9.35686207
11.59019566
14.48431492
13.48627377
10.50392246
14.17255116
8.93921566
14.57843113
16.05882263
9.18823528
14.30392265
18.32941628
10.83137226
8.51568699
9.58039284
11.30980778
12.77843094
11.81176472
11.28431416
14.20000362
9.12549114
15.49608040
15.46470737
9.63529491
16.18039322
17.37647438
11.04117966
9.91960907
9.23529625
10.45686245
11.39411545
10.61568642
12.47450924
14.21960831
8.99607849
16.07843399
16.52549171
10.25882435
16.79608154
16.46274567
11.96470451
12.07647133
10.19999886
10.38431549
10.51176548
10.00784397
13.32941151
14.46274471
9.25098038
17.02156639
16.91764832
10.29411697
16.40392494
15.83725739
12.54313850
16.01372337
11.36078453
10.23921585
9.58627510
9.49019718
13.21176529
15.28431606
9.34313774
17.82941437
16.14705849
10.28235245
15.22156906
15.05490303
12.72745228
19.91764832
12.87843132
9.89019585
8.34705925
9.12941265
13.30588436
15.34117889
9.77647018
19.93333244
15.03137302
10.63333225
13.76274490
13.91960907
13.12156963
20.62745285
15.53921700
9.58235455
7.33921576
8.82549095
13.13137150
13.89411831
10.82156849
23.42941284
13.93921566
11.31764603
12.82549095
12.80784416
13.57843208
18.59804153
18.11764908
9.06470680
7.35098076
8.85490227
12.87647247
12.56078625
12.66274548
24.59607887
12.05294228
11.50980568
12.21764755
11.93725681
13.97647285
16.63725471
19.20784378
9.47843170
7.61372662
9.57647133
14.42156982
11.52941322
15.61764812
21.52549362
10.89411736
11.59803867
10.85294056
11.23725414
13.97058868
14.88823700
18.71372604
10.55294228
7.47058964
10.19019604
17.20392227
10.43921757
18.09803963
17.55490303
11.19019699
12.29215622
10.62549114
10.49607944
13.16862965
12.33921623
16.91568756
9.80000019
7.74509811
10.15686417
18.85686493
9.82941055
20.24901962
15.43725586
11.20588303
12.90784359
11.07451153
9.83529472
12.04509830
10.80784321
14.71764755
9.53137398
8.51960850
10.16078472
17.90196037
9.10980415
21.39999962
13.08627510
11.19019604
14.14902306
12.45490265
10.69607925
10.79803848
9.62549210
13.13725662
8.44509792
8.59999943
11.63333416
16.95293808
8.76274490
20.10391998
10.53529644
10.48235416
14.44509697
13.97255039
12.47254944
10.21176529
9.31764793
11.64313793
8.17058849
8.47254944
12.89411926
15.45294189
10.45098209
16.96078491
9.18627548
10.74117851
14.13333511
14.48627472
12.35097980
9.97451019
9.61176682
10.00980473
9.01372623
8.51764679
13.99411869
14.31960869
12.82156944
14.12941265
9.74509811
11.91176414
12.86274529
13.98431396
11.28431225
10.30392170
9.57254887
8.87254906
12.04313660
8.78431511
16.49215889
13.37255001
14.66274548
12.07647228
10.78627396
12.30196381
11.05294037
13.61764622
11.96470547
10.41960812
8.78235340
9.21568584
18.10588264
9.09215832
18.46470833
11.32941246
16.03725433
11.54509926
10.69607735
12.20000076
10.05686283
14.00784397
13.04117966
10.44902039
8.71568680
10.51568794
22.90000343
10.02353096
19.39803886
9.65098000
16.36666679
12.67646980
10.94705963
11.63921547
9.26862907
13.93333340
14.03725719
10.31764698
9.23333549
12.05882263
25.64509773
12.76078510
18.75881958
9.53333378
15.91568661
14.26666451
11.35686302
11.84705925
9.27450943
12.39215851
14.13921452
9.72549248
9.28039169
13.74313927
26.40000343
19.17059326
16.79411507
9.72352982
14.56470490
14.37058926
11.09215641
12.70000172
9.43137360
11.09019566
13.49607849
9.14901924
9.69607830
14.59019756
25.41176796
24.32549286
14.48431206
10.44705963
13.22745228
13.93333340
11.41372490
13.55490398
10.30392265
10.82353115
12.92941284
9.42549133
9.60784531
15.40588284
22.50196075
24.81176567
13.91176605
11.79411888
11.91176605
13.95490170
12.62156868
15.09019756
11.74705982
11.26862717
15.79607773
10.40980434
9.85098076
16.09215546
18.40980530
23.00980377
14.19019890
12.97058678
11.38039112
13.02941322
14.20392227
16.00196075
12.25098038
11.57255173
17.69607925
10.74117470
10.55490017
15.70980549
15.19215870
20.44509888
13.30000114
12.69803810
11.89607620
11.58431435
13.67451191
15.81176567
12.30980587
11.18823814
16.86666870
9.52941227
11.00000095
16.50392151
14.57450962
17.70000076
11.16274738
12.04313755
11.54313755
10.88431454
12.68039322
16.61372566
12.61764908
10.57058811
13.95294094
8.27254963
11.12745190
18.47254944
14.25882149
15.76470661
9.68039131
11.85490322
11.14117622
10.79607773
12.31176662
17.85490227
10.99999905
10.78627586
11.71764851
7.67451096
11.10392380
19.65490150
14.92744827
13.73921680
8.60392284
10.75490189
10.46078491
10.68431473
11.61568737
19.23137474
9.52549076
10.52941322
10.54313850
7.13333416
12.35490227
18.82157135
15.30980396
11.50000191
7.88823557
10.59411907
9.90980530
10.59019661
11.61372471
18.27843285
8.31372547
9.84902096
11.13921642
8.05490208
15.45686340
17.54902267
14.68039322
9.63921642
7.20784426
10.88627529
9.28039360
10.36078548
11.41372585
18.23529625
7.95882416
8.82745266
11.46078491
9.41568661
18.52156639
15.84705925
12.90588188
9.32549095
7.39215755
11.19019794
9.27451038
10.12941074
10.48039150
19.31568336
8.27451038
7.66862822
11.50392342
9.87254906
18.97058487
14.16274548
11.93725586
9.50196075
8.19804001
12.91372395
9.57843113
9.59019661
10.10784340
21.16470909
9.28823471
7.57450962
11.87647057
10.34705925
17.66274643
14.05294323
12.27059078
9.54509735
8.70784378
16.29803848
9.53333282
8.94705868
10.49019623
22.50981140
10.28431416
8.65294266
11.36274433
10.13529491
17.75490379
14.53333378
13.20784378
9.50196075
8.39411736
17.24313736
8.88235378
8.48627472
10.68235397
21.71568298
10.75686264
9.89999962
10.92745018
9.70196152
17.02744675
13.83137321
13.08431435
9.61372471
7.88235426
14.47255135
8.67843056
8.22352982
11.61176586
20.25490379
10.79607964
10.52353096
10.35098171
10.11960888
15.86863041
12.81372547
13.13921738
9.72745228
8.48039246
10.86862755
8.91568565
8.40588379
12.71961021
19.30980301
10.78431511
10.55490303
11.13529587
11.08235359
15.04901886
12.67451096
12.11764908
9.94705963
11.71960735
8.14902020
8.91568565
8.88235283
15.57255173
18.07254791
9.61372662
9.92941284
12.45490074
12.54313850
15.10784340
12.08039284
10.66666794
9.80392075
14.64117908
6.86862803
10.02156925
11.17058945
18.89607811
16.07647133
8.71568680
9.53333473
11.71960735
13.89608192
14.68627453
10.96470737
9.72156811
9.34509850
14.47058868
7.26862812
11.47254944
13.11176586
21.51372719
13.56274700
9.78039360
10.28039265
10.65686417
14.84706020
13.27450943
10.63529682
9.16666794
8.63333416
11.81960773
7.40000105
12.21372700
13.04509735
22.46470642
12.04117584
12.26862812
11.56078625
10.35882378
16.08431625
12.40588570
11.42745113
9.00784397
8.12156868
9.33529663
7.87058926
12.96274662
12.02549171
21.88039207
11.29999924
14.29607868
11.52745152
12.38431549
16.06666756
13.24705696
12.27843285
9.50588322
8.66078377
8.45686340
8.46078587
13.65686321
13.53333378
20.86274147
11.30980492
14.88823509
10.92549229
16.55882263
14.87843227
14.67843246
12.89803982
10.47647190
9.60196114
8.36470604
8.38431358
13.41961002
17.51176453
19.26274300
12.77058983
15.67647457
10.98039150
18.65294266
14.61372757
15.07058907
12.19804001
9.72549057
10.62941265
9.11764908
9.04509830
13.57647228
21.78039742
18.04706001
13.68039322
16.31372643
11.10784531
17.16863060
14.45686245
15.95686531
11.85293961
9.05294132
10.52941132
9.68431377
10.82353115
12.90784359
24.27255249
17.49019432
13.47451210
16.57058716
12.26274395
15.79607868
14.85490417
16.18235397
11.92941189
8.71960640
9.78039360
9.57647133
11.91372585
12.52157021
25.69020271
16.14118004
14.95098305
15.41764641
13.98627281
15.47647285
14.94706059
16.00588226
12.66862869
9.09999943
8.51764774
9.22352886
11.76666737
12.28627396
25.69804192
15.31372643
17.96078300
12.68235302
14.43921661
15.51372623
14.21176529
16.73137474
14.02745152
9.77450943
7.49411821
8.91568756
11.94509888
13.47058868
24.54509544
16.30000114
20.30000114
10.39608097
13.13529587
14.73921490
14.64902020
16.96470451
14.69215870
10.42941093
7.64705944
7.75294113
12.28039265
15.27451324
21.85685921
18.18627739
21.03529549
9.67843246
11.75490284
13.67451191
15.67647266
15.64902020
14.56667042
11.06666660
8.73529530
8.21176529
13.59804058
15.15490246
19.12941360
19.10391998
20.38235474
9.63137245
10.43333435
13.20000172
15.97255039
13.55882549
14.00196171
11.77843285
9.79215813
10.92941189
15.87647057
13.58627510
17.22157288
19.04117584
19.08235550
9.58039188
9.20784378
12.67451096
16.36470413
11.70000076
12.85294151
12.10980415
11.13725471
15.55686569
16.71372795
14.28823662
16.55490303
17.94117737
17.78431702
9.34705830
8.69215679
12.42157269
16.42156982
10.80980396
11.88235188
11.94706059
12.91372681
16.47451210
15.71960926
18.94705582
15.33921719
16.60784340
16.55294228
8.88235283
8.85882378
12.03921795
16.03333282
9.81372547
10.79215813
11.66274548
14.36862755
15.88235474
17.50588417
22.22940826
14.20784283
15.14313793
16.76078415
9.01372623
9.15490246
12.83725834
15.07254982
9.13725662
10.36274433
11.78235435
14.89804077
14.01176643
19.41568756
20.95490265
12.59019661
14.22353077
18.52941322
10.21568584
9.30588245
14.53333569
14.14705753
8.92745113
10.24117661
11.90392303
14.71176434
13.19999981
19.16274452
18.24117661
12.05882263
14.24117565
20.09019279
12.75686646
10.63137341
15.79804039
12.59019661
9.19215679
10.10000038
11.41764832
14.04313946
12.24902153
17.31568527
16.84706116
13.57254982
16.77450943
21.34902000
15.98431492
12.42745209
17.26470566
10.50000000
9.91960812
10.04117870
10.39019680
13.50588036
11.76666641
15.83529568
16.50980377
17.18039322
21.06667137
22.16470718
18.67255020
13.44509697
18.85686111
9.05882454
10.83137226
10.19215775
10.10196018
13.51764870
13.16666603
17.02157211
16.90588379
20.97646904
24.46471214
22.53725815
21.67450905
15.28627396
18.66862679
8.47451019
12.16470814
11.26274490
9.82156944
13.75490093
15.79215717
19.63725662
15.79607868
23.68235588
25.31764793
21.08823395
21.89411926
17.73921585
17.64313507
8.29411888
12.38627529
11.66274548
8.56862831
13.59019470
18.67646790
21.46666718
14.56078625
24.28431702
24.74510002
19.39607811
21.05882835
19.09608269
15.67647076
8.29999924
12.92941284
12.16470718
7.50000095
13.12156963
22.70588112
23.07450867
12.53529549
23.44706345
23.47843552
16.86078644
18.65490150
17.59019852
13.06078625
8.40196228
13.52549267
12.37451267
7.26666689
13.11176300
23.39804077
23.15098381
10.83137321
20.70784378
21.87255096
14.23921394
17.62156868
15.14509964
11.07647038
8.10392094
13.98039341
11.56274605
7.39803934
13.74313831
20.85490799
21.35882568
9.66078568
17.44901848
20.05882454
12.08627510
18.51764679
14.93921471
9.98235321
7.59411860
14.18823338
10.77646923
7.89607906
13.65294075
18.70980453
18.06470680
9.38235283
15.70196247
18.35098267
10.78431416
18.03725624
15.67647266
9.36666775
7.19608021
13.97647190
10.29019737
8.11568546
12.07647133
17.45490456
15.22353172
9.69999981
14.68235302
16.75882530
10.17843151
16.29215622
16.19412041
8.92745113
7.05098104
12.96862793
10.19804001
7.96078444
10.00980473
15.34902000
14.11372566
10.49803829
14.16470718
15.71568775
9.90392303
13.55294228
16.82156944
8.24313736
7.58431435
12.12157059
11.15097809
7.87647200
8.53725433
13.64509773
13.48627758
11.69607830
14.04117775
14.90000057
9.51764774
11.27647114
16.12353134
8.05490208
8.46274567
12.08039379
12.01176357
7.89803934
8.06862736
12.06078434
13.64313889
11.64509964
13.31960678
14.15490437
9.59803963
10.26078510
13.57451153
8.25294209
9.79607868
12.77058983
12.93725491
8.49803925
8.15686226
12.08431435
15.47451019
11.99803925
13.11372471
12.66666412
9.49607849
9.70784378
10.09999943
8.73333263
10.52352905
13.73333263
13.30000210
8.89803886
8.62156868
12.04117870
17.13333321
12.37254906
12.78431320
12.10392380
9.21764660
9.48235416
8.00980377
8.77058887
10.59215832
14.21176529
13.33921528
8.39411831
9.20392132
10.91960621
17.41568565
12.87255001
13.26274586
12.25882339
9.15294266
10.01764679
7.90980434
8.52745056
9.81960773
14.34313869
13.46470737
7.98823643
9.36470509
10.13137245
16.65686417
13.10195923
13.84117794
12.01960754
8.99411964
10.58627510
8.15490246
8.59804058
9.52548981
14.52745056
13.05294514
7.65294170
9.46470642
10.39607811
15.57451057
12.91372681
13.09999943
12.03921700
8.62156963
11.09803963
8.04313755
8.98627567
9.46470547
14.97058964
12.23137093
6.95294189
9.34902191
12.09607983
15.10000515
12.44117641
12.25490284
11.70588207
8.47451115
10.59804058
7.34902000
9.31372547
8.90196228
15.50392151
11.78627396
6.67451000
8.98431396
13.95882607
14.44509792
11.71764851
12.03333282
11.35686398
8.33529472
10.34902096
6.90980387
10.79607868
8.51568699
15.59803963
11.23137188
6.58039236
8.97058868
13.84706020
13.96470642
11.05490303
11.64901924
11.31176662
7.99215603
10.41960812
7.04902029
13.44117451
10.01372719
14.20196342
10.44902039
6.26666737
9.22353077
13.24509811
13.99999809
11.57058907
11.34509850
11.08235455
8.36666679
10.27255058
8.13921642
14.29803848
11.31960773
12.47254848
10.14509869
6.34902000
9.27843285
13.14706039
15.03921604
13.08823586
10.94313812
11.06078529
9.67647076
9.70980549
8.96666622
13.26666832
10.78823853
12.25294209
10.49019623
6.36470652
9.05490112
13.26862812
16.06862640
14.09999847
10.41960907
10.88039207
11.13333321
9.21372700
9.41960907
12.88039303
10.41764450
12.45686340
10.87255001
6.26274586
8.58235455
12.82941246
16.45098114
13.43333435
10.16078472
10.09607887
13.09411716
9.13725567
9.83529377
13.46862888
10.40196133
12.27451134
11.47843361
6.29019690
8.67843246
12.81372643
15.99215603
12.33529472
10.30196095
9.20784283
14.20392036
9.17058849
10.78039169
13.91176701
10.07254982
11.92157078
12.09411812
6.61764812
8.96078491
13.45490170
15.70980740
11.33529568
10.60784435
8.60980320
14.84902191
10.17843342
12.48431396
13.13529491
10.22157001
12.35097885
12.20588303
7.16078424
8.97647190
13.31764603
15.40000057
10.15490246
9.67058945
8.54901981
15.35882473
10.42156982
13.86274624
10.41764832
9.64117718
12.67059040
12.43333340
7.53137255
9.19019699
12.89215755
15.79608059
9.40980530
9.23529339
9.10196209
15.98627472
10.34705830
15.70588207
8.86274529
9.50196171
12.83333206
12.62352848
8.62156963
9.66274643
13.08039379
15.61568642
8.99999905
8.55882454
10.01764774
15.83333397
11.05294132
17.23529625
8.93137264
10.15098190
13.80195999
13.35882282
9.45882320
10.26862812
12.57058811
14.76862621
8.69803905
8.25686359
11.43921566
14.75490475
12.27451038
17.62745285
9.16078472
10.54117775
14.57451057
13.96274471
9.61372662
10.74313927
11.25686359
14.44510078
9.40784168
8.70784473
12.71176434
13.69607925
12.43137360
15.85294437
9.60784531
10.56078529
14.48627472
13.52156830
9.92549133
10.91568565
10.41568661
14.65490341
10.47843075
8.77843094
13.94313717
13.83725548
13.44705868
12.63529396
10.24117661
10.18823433
13.54117870
12.94117641
10.10000038
10.68039227
10.18039322
15.11960888
11.75686264
8.58431530
14.09607792
13.44901848
15.44901943
10.07058907
11.89999866
9.88235378
12.27843285
12.57647228
9.86078453
10.49215794
9.33137321
15.18235397
13.37843227
8.45882416
13.86078453
12.63529205
17.72549057
8.57647133
13.34117699
10.05490112
11.79607964
11.59803867
9.23725510
10.46862888
8.96274567
15.22157097
14.24705982
7.78235388
13.15097904
12.30588341
19.38235474
8.65294075
14.51960945
10.15686226
12.00392246
10.67451096
9.45098209
10.11960697
9.85686302
14.44509888
14.23725414
7.28823566
13.78823757
11.45293999
18.71764755
10.29607964
15.28823471
10.42745113
12.47451210
10.00000095
10.27451229
9.62941074
9.98235321
13.61960697
15.40980530
7.02352953
15.48235607
10.65882301
16.87254906
11.41372681
15.54509830
11.02745152
13.11960793
9.78039265
11.09019661
10.25686264
9.30196190
14.75882339
16.03333473
8.38235283
16.94314003
10.59803963
15.39803886
11.32353115
15.34313869
11.32549000
13.73921680
9.84313774
11.46078491
10.68235397
8.71372509
17.02745247
14.15686512
10.23921776
15.80195999
10.83921528
13.76470757
10.69019508
13.88823605
11.79019737
13.88627625
9.97647190
11.47843170
12.19608021
8.75686264
19.98039246
10.93725395
11.79804039
13.48431587
10.99215698
13.24902153
10.43333435
11.84509850
11.85882568
13.04313850
9.95098114
10.77058983
14.67451000
10.00784206
22.15882492
8.62352753
12.49607944
12.17451000
10.82353020
13.07254982
10.16666698
11.23137283
11.93921757
12.06862831
9.63921738
9.70588398
15.21764755
11.21764660
21.28823471
7.61568785
12.22549152
11.09215832
10.90980434
14.09019661
9.44901943
10.42941284
12.50784492
10.88823700
9.61372566
9.24901867
14.60588455
11.72745132
17.23921776
6.93333292
11.40196133
11.10980415
11.28431320
14.84902096
8.24510002
9.49608040
12.29215717
10.64705753
10.26274586
8.83921623
13.50980473
10.98627663
12.07255077
7.11568642
10.70196056
10.69804096
11.49804020
15.02352905
7.36666775
9.35097980
11.98431492
10.76666641
10.31764698
9.63921642
13.08627510
10.21765041
8.75098133
7.45882368
9.89215565
10.22941303
11.73333359
14.97451210
7.30196095
10.29215622
11.86274529
11.32744884
9.82156849
10.86862850
12.55490303
9.81372643
8.49019718
7.89607859
8.54313660
10.13921928
12.04705906
15.25490189
7.59411764
10.64705944
12.06862831
11.72157001
9.54313660
11.10000038
11.77647305
9.74117851
9.37843227
8.64706039
7.71960831
10.48627281
11.90784359
15.04313660
7.83529568
9.73529339
12.01372719
11.24117756
9.10000038
10.45686340
12.23921490
9.78823566
11.98627663
9.52745152
8.44313717
10.85882568
10.91176510
14.20980549
8.44902039
9.23137283
11.65686226
10.65098000
9.17451096
10.20980453
12.39411926
10.60000038
16.22745132
10.46862602
9.28235435
10.49411774
9.70980549
13.81176567
8.81568623
9.40392208
11.25294304
10.40196037
9.76470757
10.10784340
11.67451000
11.73725700
18.28039360
11.60392189
8.67058945
10.56078625
9.59215736
13.71960735
9.05686283
8.79411793
10.98823547
10.50784397
9.99607849
9.93725681
11.65294075
12.13137436
16.99608040
12.58823776
8.37451077
10.42941284
9.76470566
13.36666775
8.75882339
7.90784311
11.10392094
11.08627415
10.27058887
10.07647133
11.66470718
12.39411926
13.13137531
13.06862926
9.63725662
10.55490208
9.09803867
12.84313774
9.09803772
7.52156925
11.06470490
11.57843208
10.95098209
10.48235321
11.20196152
12.98235416
10.23921585
13.64902020
10.80980492
10.48039436
8.72157001
13.42157078
9.80392170
7.85294056
11.34510040
12.05098152
10.96078396
10.43921757
11.46078491
13.98431492
10.54509735
16.04902267
11.34902000
10.36274719
8.78039265
13.27647114
10.52352905
8.47647190
11.76274490
12.28627205
9.51764870
10.28627491
11.10196114
14.94313908
12.13529491
17.50980568
11.50980473
10.44313908
9.32353210
12.27254868
11.30784321
9.55882454
11.53333092
12.21372604
8.87843037
9.77059078
10.58823586
15.38235378
16.76078606
16.03137016
12.84510040
10.82353020
10.04313850
11.65098000
11.86078358
10.31764889
11.04901886
12.31568527
9.47843170
9.89215755
11.41176319
16.57254982
21.80784416
14.24509716
14.82941055
10.06274509
10.32353020
11.16862869
11.87647152
9.77843094
10.72156715
12.67254925
10.31764793
9.75882626
12.34117889
18.29607964
22.11568642
13.56862736
15.76666641
8.87647152
10.69804192
10.35882282
12.40784550
8.70196247
10.11176682
12.70000076
11.20392323
9.22549152
12.65490341
19.73333359
19.64706039
13.33529472
17.05097961
8.82745171
11.38627434
9.98823452
11.98823452
8.21176529
9.56863022
12.33529568
11.33725739
9.91372395
11.89804077
19.52548981
17.43529510
13.79412079
18.85098457
10.74117661
11.42549324
9.55294228
11.23725414
7.99215746
9.19215679
11.68039417
11.61961079
10.55686283
10.98627472
17.47059059
17.37254715
15.54313755
19.89608002
13.05490112
10.64509773
9.24117661
11.05098343
7.97843122
9.56666851
11.15686131
11.91764832
10.81176758
10.02745247
13.87647152
17.68823624
17.46274567
16.04705620
13.14313793
9.64705849
9.23725510
11.79411983
8.70392418
9.89215660
11.02353096
12.34902000
11.02549171
8.89411831
10.47058868
17.22353172
17.08627701
10.37843227
10.78627682
9.48627472
8.81372643
12.78039074
10.51960945
10.08039093
10.67451096
13.13921642
11.34509945
8.41764736
8.44705963
16.46666718
13.99608040
7.38431454
7.66470718
9.91176414
8.52941227
13.82353115
12.13921547
9.88039207
11.58627701
13.84313774
11.90980625
8.29804039
8.31764793
14.71765137
11.04706001
6.36862803
6.09607792
10.61176682
8.46274567
14.55098343
12.72353172
9.58431435
13.09804153
14.03137112
12.47843361
8.20784187
7.91764832
13.90392113
9.90784454
5.77058792
5.65098095
11.48039246
7.98235321
14.73137474
12.31960773
9.29803848
14.27647495
13.74313736
12.91960716
8.93725491
7.97647142
14.31960869
9.62549019
5.20588303
5.91568708
11.87647247
7.80784321
15.21568680
13.00196171
8.74313831
13.10392189
13.18823814
13.18823624
10.15098095
7.68627405
14.83529377
9.05294132
5.12941217
6.50196075
11.87255096
7.49411774
14.74117756
13.50588226
8.65294170
11.73529339
11.87647152
13.62941360
11.21176624
7.53725624
13.98235226
8.54901981
5.55098009
7.02156830
11.43725491
7.17843056
12.98627472
13.39803791
9.38627529
10.91961002
10.58627605
13.31176567
12.65490532
7.68627501
13.28235435
8.45294094
6.56274605
7.11960697
10.91568661
6.68431425
11.01176453
12.55490112
9.63137436
10.57058811
9.44902134
11.96274471
14.39411926
7.58823490
13.26666737
8.31176567
8.16862774
7.38627434
11.31764793
6.78627396
10.52745152
11.44117832
9.42549038
10.25098038
8.79019547
10.92352962
13.72744942
7.38039255
12.35686302
7.88627481
9.58235264
7.67058849
11.64902020
6.78823662
10.27646923
10.44117737
8.63921547
9.29411697
8.87254906
11.06274796
11.21372509
7.36666632
10.50588226
7.24313784
10.83529377
7.68039417
11.53529644
6.68235350
10.16078377
10.24902058
8.10588264
8.16862774
9.39608002
11.73725510
9.67255020
7.57843161
10.06078434
6.77254915
11.60784245
7.43333387
11.18235493
7.09215736
10.12548923
10.14902115
8.38627434
7.80196190
10.32549000
12.62156963
9.57451153
8.12353039
10.82941341
6.80980492
11.60196114
7.44706011
10.68039322
7.10196161
8.99411964
9.01568794
8.44902039
8.29607773
10.21372509
13.22156906
9.87254906
8.73333454
11.32941246
7.14509773
11.53333473
7.75882387
10.77451038
7.59215736
8.14117622
8.31372547
8.43529415
8.63333321
10.66470718
12.55686378
10.61176586
9.50980282
9.90784359
7.23529530
11.61176682
8.14313984
10.62744999
7.87254858
7.79804039
7.26470661
8.08823586
8.47843075
11.93137360
11.17254925
10.98235512
10.01176548
8.72156906
7.22745180
11.01568794
8.37843227
11.52941227
7.73725605
7.74117613
6.22549057
8.00588417
7.75490236
13.20588398
11.12745094
9.96274662
10.80392265
8.62941170
7.50000095
9.33137321
8.61764717
11.79215622
7.63529491
8.12940979
5.95294142
7.80784321
7.28823709
12.68627357
11.12549305
8.39019680
11.83529663
10.97254848
7.50000048
7.47058868
8.50000191
11.52156925
7.61764765
8.76862717
5.74902010
7.51568699
7.40000057
11.15294170
10.37647057
7.26862764
12.46470642
14.44509697
7.19999933
6.72941208
8.00784302
11.39999962
7.43333340
9.12744999
5.85686398
7.16470528
7.97450972
10.01568699
9.41764832
6.93137312
12.11764812
15.54509926
6.75686216
6.64901972
7.55882454
11.58039379
7.25098038
9.80980396
6.92352915
6.66078520
8.58039284
8.14313889
8.69607925
7.35882473
11.60392284
14.36078548
6.31568623
6.90588284
7.23921585
11.74901867
6.99803925
11.15490341
7.86666727
6.45098114
8.69411945
7.30000019
9.02745247
7.49215794
11.60392284
13.98627281
6.33137321
6.04901934
6.99607944
11.46078682
6.69215679
12.16470528
9.05490208
6.34706068
8.82352924
7.40196133
9.29607868
7.58627510
11.66666698
13.56274605
6.10784340
5.31764793
7.33921576
11.40392208
6.58235312
11.90392208
10.21176529
6.09607840
9.02157021
7.48431492
8.91764736
8.13137341
11.77450752
12.55097866
5.89019632
4.78039169
7.93333435
11.33137321
6.94509792
11.06666756
10.44313908
5.95294094
9.37255001
7.42745209
8.55490208
9.45098209
11.23529339
11.60588169
5.70784426
4.16666651
8.33529472
10.85098076
7.46862793
10.93725586
10.35098076
6.21176481
8.60980415
7.63333368
8.78431416
9.92941284
10.55490303
10.08039188
6.05882406
4.17647076
8.44705868
10.06666660
7.22157001
11.36274433
10.78038979
6.35882473
7.98235321
7.79803896
8.79411793
9.31372452
10.05686474
8.17843246
7.14509821
4.61176491
8.82745075
9.46470642
6.92941427
11.61372757
10.96274662
6.03725529
8.07843113
8.18235302
8.22352982
8.65490437
9.74313641
7.60588264
8.63725471
5.21176624
9.14509773
9.07451057
6.97647095
11.48823452
10.63529587
5.91568613
8.21176434
8.29607868
8.03529358
8.71764851
9.59607887
7.89803886
8.96862888
5.62941217
9.61568642
8.48823643
6.69999981
10.77647114
10.19215679
6.24117565
8.89215660
8.94313812
8.24705982
8.00784397
9.27254772
9.41176510
9.48431396
5.43333292
10.66274452
7.86666632
6.51176548
9.63137341
9.97450924
6.74313688
10.47843075
9.02941132
8.20980358
7.70392227
8.97843170
11.19607639
9.16862774
5.14509821
11.17646790
7.37451029
6.13137293
9.51764679
9.70195961
7.19019699
11.43725586
9.40196228
8.26862812
7.81568670
9.32156944
11.22549057
8.47843361
4.61960840
10.79804039
7.62941170
5.58235359
9.63529396
9.36274624
7.70980358
11.24901962
10.12156868
8.46470642
7.51372528
10.48235416
9.95098114
7.97843218
4.05490255
10.79019642
7.74902010
5.21568584
9.15490150
9.17843151
7.68823528
11.85882378
9.92352962
8.36862850
6.98823547
11.36274529
8.60980415
7.64509916
3.66470599
10.55686188
7.24117661
4.92941189
9.52156925
8.81764698
7.67647123
11.97843361
8.51568794
8.32156944
6.52548981
10.87255096
7.75686312
7.01176596
3.84117675
10.49019718
6.27254868
4.53333378
9.44705963
7.87058926
7.43529463
10.78235340
7.56862783
9.02549076
5.81372499
9.70392227
6.71568680
6.60392237
4.35294151
10.59019661
5.73725653
4.40196085
8.40392208
6.79019642
6.90392208
10.33137417
7.50000000
9.76666641
5.05686331
8.72941208
6.04509830
6.52745152
4.97647142
10.69019413
5.74901962
4.63529444
7.41176414
6.25293970
7.13725567
9.89607906
7.47647190
9.79804134
4.73529434
8.13725567
6.00980377
6.40980387
5.80000019
11.29607773
5.85098076
4.74509811
6.57843208
5.87843084
6.70588255
9.57451057
7.88431454
8.10588360
5.73333359
8.49411869
6.37647152
6.10588264
6.39999962
11.23333359
5.77058840
5.19215679
6.21764708
5.54313755
6.27058887
10.24902153
8.32549095
6.93725586
7.23333311
8.66862965
7.23921585
6.25686264
6.79019785
10.31568813
5.56470680
6.13529444
6.04902029
5.08039284
6.02353048
10.39215660
8.71176529
7.33333302
8.38823700
7.84902000
8.40980434
6.88823509
7.54705954
9.63333321
5.21176434
6.57451057
5.61960840
4.63921642
6.08235312
10.04902172
9.01764774
7.00196123
9.85882187
6.90588284
9.57647133
7.28235340
8.25882339
9.43137264
4.89019632
5.40392160
6.29215670
4.67647123
5.78627539
9.79999924
9.15882683
6.75882435
10.22549057
6.18823528
10.19607925
7.06862736
9.39019585
9.20784378
4.37254906
4.14313793
7.31176519
4.60784340
5.71764755
9.44314098
8.81568623
8.20980453
8.92941093
5.36666727
10.38039207
6.59607840
10.35882378
8.98431396
3.99803948
3.22352982
7.88627481
3.93333364
6.20000076
9.07254982
8.58431339
8.58039284
6.95882368
6.22156811
10.14509678
5.88627434
11.51176739
8.93725491
3.85686350
3.34313703
7.69999981
3.50980496
6.35686302
9.01960945
8.90784264
7.87058973
6.23529387
6.91372538
9.44705963
5.12745094
12.00392342
8.97058964
3.39019632
3.61568618
6.63725519
3.18039274
6.59999943
9.00784397
9.03725624
7.18627501
5.31960773
7.17647266
8.78823566
5.48431349
11.78431606
9.02745152
2.88627505
3.90196133
5.29607868
3.16274548
6.81764698
8.67843246
9.07254982
7.21764851
5.00196171
6.61764812
8.19608021
5.82549000
10.64902020
8.73725700
2.72745156
4.02745152
4.38431406
3.47843194
6.90196085
8.14705944
9.26274490
7.46470642
4.91960859
6.14313745
7.20980406
6.47058868
9.51568508
8.19019604
2.57647133
3.40784335
4.27647114
3.68235302
7.22352982
7.59215832
9.87843132
7.06862783
5.16274595
6.18823528
6.55882406
7.73921585
9.07254982
7.89411783
2.47451043
3.08823562
4.19215679
3.79215693
7.55882311
7.09411860
10.66470528
6.57843161
5.63529348
6.29411745
6.44901991
9.65686131
9.07647133
7.06274557
2.34902000
3.21764755
4.16666698
3.63137293
7.49411726
6.82352972
11.25686646
6.81568718
6.38823605
6.08039236
6.23137283
11.72352982
9.00980473
6.13921690
2.10588241
3.48627496
4.65882397
3.11764741
6.98431396
7.12745142
11.82549286
7.16470623
7.39019680
5.89607954
5.95882416
13.24313927
8.83333492
5.71176529
1.85294187
2.66666698
5.29019642
2.87451005
6.15490246
7.69215727
12.37058830
7.31960869
8.13333416
5.93333340
5.98235416
13.92549133
8.70784378
5.02352953
1.70980406
1.81764722
4.34705973
2.91176486
5.73529482
7.54705954
12.10196209
7.58235359
8.47058773
5.82745171
6.39607859
14.36274624
8.74705887
4.26078415
1.78627515
1.99607849
4.09215736
2.86862755
5.63921642
7.16666698
11.46666622
7.89411736
8.30392075
5.31960726
7.37843227
14.30196190
8.56274509
3.91176534
1.90588248
2.73725510
10.52156830
8.56274605
7.44313860
7.68235350
10.82156944
8.83725548
8.38823605
5.10000038
8.99215794
13.86078644
8.16666603
3.58235264
1.61372602
3.37058878
18.96666908
14.99608040
9.66862965
7.60980511
9.89999962
9.08823586
8.52156830
5.18431377
10.51372528
13.08039379
7.54902029
3.38235331
1.46078455
3.14902020
19.02745628
15.18039227
10.07450962
7.62352943
9.03137302
9.91960907
8.88627529
5.19607878
11.73529530
11.93921661
7.40392160
3.30588245
1.66862786
2.73529458
9.49411774
15.38039398
10.44313812
7.84509802
9.08823586
12.33333397
9.27254963
4.77450943
12.24705887
11.08235359
7.42156887
3.24313736
1.52156925
2.66666698
9.57647133
14.32941341
10.85098076
7.53725529
8.15882397
14.23333359
9.25098038
4.42156839
13.08823586
10.91176319
6.99019575
2.95490217
1.20784342
2.82352948
11.86666679
13.83137321
11.20588303
7.93333340
7.26470613
13.16862774
9.24313736
4.76274490
13.27058792
10.81372643
6.68627548
2.60000014
1.22156918
3.05686331
13.70980549
12.18235207
10.09215832
8.39804077
6.37254858
11.97058868
10.54705811
5.48627472
13.02549171
10.60588074
7.05686331
2.27058840
1.18039286
4.02156878
14.31568813
12.38627720
10.24902058
8.18627548
5.98431396
11.61372662
10.67450905
5.98431396
12.78627777
10.60000324
7.43333340
2.42352939
1.32549059
4.80196142
12.86078262
16.11568832
12.24117947
9.06862736
5.90392208
11.67450809
9.71960735
6.01372623
12.88627529
10.05686474
7.21568632
2.58431387
1.39803970
5.30392218
12.39607906
17.08627319
12.81176567
10.15490055
5.53529453
11.27254963
9.82745171
6.46274567
12.54509926
8.53921509
6.68823671
2.75686240
1.34705913
5.15490198
11.62157059
15.05686378
10.75490284
9.88627338
5.70392132
11.19215775
10.19019699
7.05294228
10.90588188
6.95490170
6.43137407
2.43529415
1.07058847
5.29215765
11.38235378
14.39999962
14.30980492
9.22941113
6.66666746
11.60980606
9.84902096
7.53333426
9.40195942
6.51568651
6.10980415
2.01568651
1.02156889
4.64902020
11.59019852
15.15097904
16.77059174
8.37058926
6.85686302
12.98627567
9.80392361
8.20980453
8.83725548
6.67058897
5.57058859
1.89019620
1.34313738
3.81176519
11.03725719
14.60980511
15.59215832
6.93725538
6.56862783
12.54705906
9.27451038
8.36666679
8.29019547
6.54901981
5.12941313
1.59803951
1.29803944
2.40000010
5.52941275
1.29607868
2.17843151
5.91372490
7.04902077
11.10392284
8.29411793
8.65490150
8.09215736
6.54117775
4.84509850
1.45490253
1.49607873
2.11960816
7.56274509
1.53137267
2.27451015
5.67450953
8.05686378
8.82156944
7.37058926
9.15490246
8.34117603
7.10000086
4.56862736
1.40980422
1.67254937
1.47450995
8.09411812
1.31960833
2.07843137
5.17647123
8.84313774
8.13137245
7.00980330
9.68235302
8.43529510
7.81372643
4.07254982
1.26666689
1.59607852
1.42352962
6.75097990
1.75686288
2.22941208
4.76274586
9.96862888
8.90980530
7.23529434
9.97450924
8.51176548
7.81764793
3.91372585
0.86862779
1.58627474
1.55490243
4.33333445
1.24705923
1.98039258
4.30980396
11.56470490
10.54902077
7.71960831
9.96470547
8.64509773
7.28431368
3.67058802
0.85490221
1.47843194
1.96274567
3.22352982
1.80784345
1.91960800
4.04902029
12.31764793
13.18431282
8.19019604
9.75686264
8.52156734
6.70588350
3.25686312
1.17843187
1.16862762
1.80784345
2.66666698
2.07254910
1.76274550
4.11764669
11.59215736
13.99019623
8.27254963
9.74117756
8.41176414
6.34705925
3.04117680
1.06666696
1.06078446
1.65686333
1.79803944
1.75882375
1.73529434
3.93921566
10.25490379
12.63725567
8.28627491
9.94901848
8.54705906
6.46862841
2.81764698
0.86078447
0.96666688
1.87254941
1.16862762
1.48039234
1.60000026
3.30392194
8.88039398
10.83725452
7.69803905
10.62549019
8.78235340
6.48431301
2.70588303
1.05294132
1.17058837
2.48627472
1.31960821
1.30784345
1.80392182
3.05490232
8.24901962
9.81372643
6.34313774
11.18823433
9.15294170
6.49411869
2.42352962
1.27058840
1.02941203
2.62352991
2.02156878
1.33529437
1.98823559
3.37451029
7.91176414
10.18627548
5.21372604
10.61372662
9.42549133
7.11568689
2.02156901
0.98627466
0.55098045
2.66078424
2.60392189
1.43921602
2.05882406
3.22941232
7.50000048
11.08039474
4.68039227
9.90391922
8.77843094
7.14509916
2.03725529
0.70392174
0.42549020
2.37647104
2.77450967
1.10588253
2.13137293
3.14509821
7.51764822
10.50784302
4.51764727
8.93137264
7.25882339
6.81764698
2.09215713
0.68823540
0.46078432
2.15490246
2.74705887
0.59215701
2.25098085
3.41960812
7.76274490
8.65294266
4.30000019
7.77843189
6.05490208
6.63725567
2.13725495
0.82549042
0.36078432
2.39607882
2.96862769
0.50588238
2.32352996
3.95882392
8.27450943
6.77058840
4.09215736
7.15490150
5.71372557
6.20196104
2.30784369
0.93333358
0.44705883
2.30392194
3.58627486
0.74705893
2.31960773
3.60588241
8.11960888
5.94509888
4.26862764
6.36862803
5.75490189
6.05490208
2.16274524
0.73333359
0.56078440
1.78431380
3.87843132
0.98431396
2.38823533
3.18431377
7.30196142
5.50588226
4.14705896
6.00784349
5.61960840
5.87647057
2.04117680
0.50980395
0.66470605
1.25686300
3.43333340
1.13529432
2.23333359
3.09803939
6.01960897
4.96862793
3.84902000
6.54902172
5.52352953
5.68431377
1.92549074
0.40980393
0.39411765
0.85490209
2.58627486
1.62156892
2.15882373
3.60588264
5.14313698
3.87843156
3.71764731
7.35686398
5.45686293
5.51176453
1.70980453
0.40392157
0.28235295
0.61764711
1.28039241
2.25098038
2.70196104
4.05882359
4.29215717
3.68235278
3.80000019
7.87843084
5.34901953
5.52745104
1.51568651
0.45882353
0.35882354
0.45882353
0.60588270
2.51764750
3.68823600
4.14902020
4.17843151
4.18235254
3.83333397
8.04705811
5.17843246
5.53529406
1.45294166
0.40196079
0.39803922
0.68235320
0.61372560
2.29607868
4.04901981
4.29607821
4.27058840
4.09215689
3.93529487
8.18823719
5.05490303
5.37058830
1.44313753
0.26078433
0.51764709
1.38039231
1.14313757
1.77647102
3.61176515
4.80392218
6.50588417
3.76666665
4.23529434
8.21764660
5.17058849
5.30980492
1.37843180
0.21960784
0.65098047
2.09607887
2.48627448
1.46470606
3.10392165
5.63333321
8.59804058
3.61764717
4.52549028
8.00980377
5.46862745
5.47451019
1.23921609
0.30196080
0.60392165
2.18039227
3.47843194
1.62549031
3.03921556
6.55882406
8.88627338
4.39804029
4.79019594
7.90784264
5.73921490
5.53333330
1.05686331
0.44509804
0.46274510
1.78431392
3.74705935
1.90980411
3.08039236
7.29607868
7.99411678
4.25686216
4.98823643
7.90980387
5.81960869
5.29803991
0.95490247
0.45098040
0.28039217
1.36274529
3.53921580
1.78823555
2.61568642
7.81764841
8.15882397
4.07843161
5.52745199
7.82156849
5.96862793
5.16470671
0.69411796
0.41176471
0.22745098
0.92352962
2.72549033
1.52549028
2.12549043
7.99607897
8.32745171
3.95098090
5.88431406
7.58039379
6.04902029
5.26274633
0.68235314
0.44901961
0.26666668
0.69215703
2.16470623
1.54117692
2.10392189
7.10784292
8.85294056
3.52549100
5.33137274
6.64117670
5.79411888
5.22352982
0.64509827
0.33725491
0.22941177
0.90784335
2.38823581
1.51764727
2.22156906
5.98627424
10.95686436
4.22156858
4.24509859
5.53921652
5.28627491
4.88039255
0.56274527
0.42352942
0.17843138
1.16470623
2.70392156
1.32745123
2.18039250
4.64313793
11.92941284
5.25882387
3.80196071
5.03529358
5.07843113
4.53333378
0.65294135
0.79215711
0.14901961
1.06862772
2.64901972
1.20980418
2.18823576
4.02156878
10.79215717
6.03921461
4.03529406
4.67254877
5.27843189
4.38235331
0.50784314
0.75098068
0.14901961
0.80196100
2.54901958
1.12941206
2.20000052
3.85686255
8.25882339
5.49804020
3.88235307
4.50392246
5.26862812
4.17843151
0.30392158
0.57450998
0.18431373
0.44509804
1.83137262
1.01960790
2.36274505
3.79411817
5.58823586
4.05490255
2.92549086
4.24117613
5.02352905
3.87058973
0.21764706
0.39411765
0.26666668
0.36470589
0.75490218
0.93921584
2.72156906
4.30980396
5.06862736
4.10588312
2.07254958
4.08039236
4.83137274
3.62352967
0.24313726
0.76078439
0.21176471
0.50392157
0.38823530
0.86274523
3.06862783
4.83725548
6.99411774
5.09804010
2.32156849
4.03921604
4.70784330
3.63137269
0.32941177
0.78627467
0.09411765
0.51176476
0.44705883
0.65294123
3.24117708
3.80784345
9.27647114
5.94902039
2.87058854
3.91764688
4.54117632
3.65882349
0.29019609
0.64705896
0.12352941
0.49019608
0.63529432
0.34901962
3.17451000
2.86666727
10.25686264
6.34706068
3.18431401
3.79019666
4.56470585
3.34509850
0.23725490
0.46666667
0.16470589
0.54705888
1.09411800
0.20392157
2.82745099
2.32745123
10.67058754
6.03137255
3.27647090
3.47450995
4.82745028
2.91764712
0.21960784
0.14313726
0.13333334
0.54901969
1.41176498
0.22745098
2.40784335
2.29607892
11.96666718
5.79411745
3.03529477
3.07647085
5.07254934
2.71764708
0.20000000
0.22941177
0.11960784
0.30980393
1.30784321
0.26078433
2.06078434
2.30980444
12.10196114
5.86470604
2.61372566
2.92156887
5.08823633
2.36470556
0.27450982
0.23725490
0.12549020
0.24117647
0.90784341
0.31568629
1.87647092
2.17843151
9.74313736
6.16274548
2.38627434
3.21176481
4.90980387
1.95686316
0.31568629
0.20588236
0.12549020
0.24117647
0.79803950
0.31372550
1.93725491
2.14901996
6.56470633
6.34313774
2.05686283
3.30784321
4.95490265
1.83333349
0.28235295
0.16274510
0.12549020
0.27254903
0.58823544
0.28431374
1.84705889
2.38823581
4.11960840
5.71568632
2.35294175
3.32156897
4.84313822
2.08235359
0.19803922
0.11568628
0.12549020
0.25686276
0.32745099
0.23725490
1.85882366
2.51568627
2.95882368
4.91568613
2.56862760
3.22549033
4.65098095
2.29215693
0.17254902
0.08823530
0.12549020
0.33333334
0.31176472
0.15686275
2.00784326
2.31176519
2.76078463
4.00588322
2.68823552
3.27843142
4.48431492
2.26274538
0.24705882
0.08039216
0.12549020
0.39215687
0.30392158
0.28039217
1.84901989
2.44705915
3.07058835
3.41372633
3.07254887
3.47647071
4.19607878
1.82941210
0.30784315
0.13725491
0.12549020
0.35686275
0.37058824
0.52549022
1.78039241
2.96078444
3.42745161
3.96470594
2.90000010
3.31764746
4.15294123
1.26078475
0.28823531
0.17843138
0.12549020
0.49803922
0.40980393
0.80000007
1.78431404
3.79803967
3.81960797
4.62156916
2.61960816
3.09019637
3.98039269
1.00588262
0.16274510
0.10980392
0.12549020
0.74117666
0.30000001
0.96470594
2.31176519
4.66078424
4.18627453
5.03137255
2.22352958
2.95490241
3.81372619
1.01960826
0.16862746
0.17450981
0.12549020
1.40000033
0.26470590
1.11764717
2.80980396
5.85686255
4.51960802
5.52744961
2.27843213
3.05490232
3.62745142
1.09803951
0.20196079
0.12745099
0.12549020
2.49019647
0.30392158
0.96666676
3.33725548
7.40000057
5.00000000
5.85882330
2.65294147
3.20392179
3.53529453
1.13529444
0.20196079
0.40588236
0.12549020
3.49411798
0.33137256
0.60196078
3.61568666
8.83333397
5.44705868
5.85294199
3.93921638
3.17647028
3.20980430
1.19607878
0.16470589
0.51372558
0.12549020
3.77058864
0.41568628
0.44117647
3.69019604
9.49019718
6.04902029
5.44117641
5.31372499
3.30588245
3.02549100
1.13529432
0.14705883
0.54313731
0.12549020
3.55098033
0.63921595
0.55882353
3.84705925
8.68235397
6.22157001
4.93137264
6.29019690
3.49803948
2.99411774
0.92941189
0.12745099
0.85490215
0.12549020
3.37254977
0.86666709
0.69019610
3.71960807
7.11568689
6.78627443
4.74705935
6.14902020
3.43725514
2.61568642
0.72745115
0.15490197
0.63921583
0.12549020
3.40392137
0.93137288
1.05098045
3.79019594
6.55882406
7.22745085
4.98039293
5.39215755
3.44901967
2.41568708
0.88039237
0.12352941
0.38039216
0.12549020
3.21372604
1.01176512
1.17450988
3.46666718
6.12745142
6.78039217
5.17451096
4.56666756
3.07647109
2.41176534
1.06862783
0.13921569
0.25882354
0.12549020
2.59803939
1.31372607
1.12745130
2.91176510
4.54901981
5.71568632
5.77450991
4.21372604
2.49411798
2.70392156
0.96470624
0.16274510
0.17254902
0.12549020
2.47647071
1.49803960
0.98039246
2.34509826
2.91176534
5.28235292
6.67058897
3.95686364
2.40980411
2.85686302
0.70000035
0.16274510
0.20784314
0.12549020
2.49215698
1.49803936
0.82156873
2.32941175
2.30588269
4.39019632
6.00588226
3.78235340
2.61960816
2.48431349
0.66274542
0.14901961
0.29411766
0.12549020
2.44705915
1.59215736
0.64901972
2.26470613
2.08235335
3.12941170
5.68627453
3.94705963
2.73725510
1.92156863
0.69019628
0.13137256
0.29019609
0.12549020
2.39803934
1.54313779
0.49411765
1.71960831
2.01176500
2.85490227
6.08235312
3.75098062
2.67058849
1.50196123
0.71960801
0.13529412
0.23137255
0.12549020
1.80000007
1.16274524
0.46666667
1.52156878
2.27647114
2.58823538
6.16862774
3.25686336
2.17058873
1.19803941
0.79607856
0.14117648
0.18039216
0.12549020
1.61568654
0.99215716
0.47058824
1.33333349
2.44117665
2.53333354
5.92745209
2.75098062
2.28235340
0.95686299
0.67843157
0.12549020
0.11764706
0.12549020
1.65882373
0.94901991
0.49803922
1.24509823
2.77450991
2.67058849
5.28823471
2.80392170
2.46666670
1.04509842
0.45686275
0.12549020
0.12549020
0.12549020
1.51764703
0.97058845
0.49019608
1.13921583
2.78627467
2.69019628
5.00392151
2.79803967
2.37058830
1.13333368
0.24117647
0.12549020
0.15686275
0.12549020
1.39215684
1.28823566
0.43529412
0.99803948
2.68235302
2.64901972
5.05098104
3.04509830
2.30980396
1.18627477
0.20980392
0.12549020
0.16470589
0.12549020
1.05098045
1.60980439
0.33921570
1.15294135
2.37843180
3.59607863
4.65882397
3.09019637
2.47843122
1.24705899
0.23921569
0.12549020
0.16470589
0.12549020
0.66470593
1.54902005
0.29019609
1.20196116
1.93921578
4.37843132
4.00980473
3.02352905
2.29411793
1.26862776
0.18431373
0.12549020
0.15686275
0.12549020
0.58823532
1.18431401
0.31764707
0.89607853
1.79411805
5.97647095
3.82156873
3.29019618
1.73529458
1.10392177
0.15294118
0.12549020
0.12549020
0.12549020
0.53333336
0.92745131
0.37647060
0.85098046
1.65686297
6.33137321
4.04117680
3.48039222
1.38039255
0.90784341
0.15294118
0.12549020
0.11764706
0.12549020
0.74509811
0.74313754
0.52156866
0.80392164
1.30588257
6.25882387
4.25294161
3.40392208
1.24705923
0.75098056
0.27450982
0.12549020
0.12549020
0.12549020
1.10784316
0.69411796
0.48627451
0.60196078
0.74117661
5.27647114
4.16078472
2.90196109
1.50588250
0.88235325
0.30000001
0.12549020
0.12549020
0.12549020
1.63921583
0.73529440
0.45098040
0.56862748
0.45098040
4.08235359
4.02548981
2.43529415
1.35686290
0.70196104
0.24705882
0.12549020
0.12549020
0.12549020
1.87254918
0.90392202
0.42549020
0.50784314
0.47450981
3.22745132
3.99411821
2.46862769
1.20392179
0.34705883
0.14705883
0.12549020
0.12549020
0.12549020
1.60588241
1.07843161
0.33529413
0.41568628
0.72549051
2.84117651
4.09019566
2.73725581
1.13725519
0.28039217
0.11764706
0.12549020
0.12549020
0.12549020
1.07450986
1.31176519
0.27058825
0.56078434
0.78431392
2.87647080
4.14901972
2.78039241
1.14509857
0.38235295
0.12156863
0.12549020
0.12549020
0.12549020
0.76078433
1.46862805
0.29803923
0.69803935
0.64313745
3.03725481
3.99607873
2.60588193
1.28627479
0.37058824
0.16274510
0.12549020
0.12549020
0.12549020
0.73725492
1.47254920
0.35686275
0.54705888
0.79411781
3.05686307
3.74902010
2.50000048
1.23333371
0.30196080
0.13725491
0.12549020
0.12549020
0.12549020
0.63725495
1.08235347
0.34117648
0.54117650
1.42156887
3.10588264
3.51372576
2.42941213
1.14705896
0.43529412
0.12549020
0.12549020
0.12549020
0.11764706
0.55882353
0.75686294
0.27843139
0.66666675
1.94705915
3.07843161
3.50196099
2.31568670
0.90784329
0.58235300
0.12549020
0.12549020
0.12549020
0.12549020
0.41372550
0.94117677
0.36274511
0.63725495
1.99215722
3.27647114
3.45294118
2.19411826
0.74705887
0.72549033
0.12549020
0.12549020
0.12549020
0.12549020
0.41764706
0.86274540
0.36470589
0.52352941
2.06274509
3.25490212
3.12549067
1.78627479
0.72156870
0.63333350
0.12549020
0.12549020
0.12549020
0.10980392
0.42549020
0.43529412
0.52156866
0.48627451
2.08627486
3.10980439
2.74117637
1.45882404
0.99411780
0.42352942
0.12549020
0.12549020
0.12549020
0.11764706
0.28627452
0.21372549
0.58823538
0.57843137
1.74509835
2.88431406
2.82549071
1.23137295
1.14509833
0.34117648
0.12549020
0.12549020
0.12549020
0.14117648
0.30980393
0.16666667
0.46666667
0.75098044
1.82549047
2.35098100
3.15686321
1.06470609
1.06078458
0.29411766
0.12549020
0.12549020
0.12549020
0.19607843
0.24705882
0.17647059
0.56666672
0.96666694
2.29607868
2.12549019
3.30392194
1.27058852
1.23333371
0.20196079
0.12549020
0.12549020
0.12549020
0.23529412
0.14509805
0.20196079
0.55490202
0.85294139
2.42745113
2.16862726
3.75098109
1.47647107
1.47843158
0.13137256
0.12549020
0.12549020
0.12549020
0.19215687
0.18039216
0.31960785
0.57843143
0.55098039
1.97058845
2.20980453
4.17058802
1.51176524
1.51176488
0.12156863
0.12549020
0.12549020
0.12549020
0.18431373
0.22941177
0.28431374
0.50588238
0.47450981
1.91764748
2.04509878
4.37647104
1.60196102
1.20784330
0.12941177
0.12549020
0.12549020
0.12549020
0.15686275
0.24901961
0.21176471
0.68627459
0.92745113
2.45882368
2.28823519
3.98039269
1.50980425
0.84313744
0.15098040
0.12549020
0.12549020
0.12549020
0.13333334
0.22549020
0.31176472
0.70392168
1.41764724
2.96078420
2.58039236
3.22156882
1.20588267
0.82156903
0.17450981
0.12549020
0.12549020
0.12549020
0.12549020
0.19019608
0.38431373
0.67450994
1.42745113
3.06078434
2.63725495
2.52941227
0.96078461
0.87843162
0.18235295
0.12549020
0.12549020
0.12549020
0.11764706
0.15490197
0.26470590
0.99411780
1.29019618
3.09607887
2.85098124
2.56666708
0.83529443
0.82941210
0.16470589
0.12549020
0.12549020
0.12549020
0.12156863
0.14313726
0.16078432
1.18235314
1.31960785
3.21764708
3.06666756
3.10588288
0.75294149
0.79019642
0.12352941
0.12549020
0.12549020
0.12549020
0.12549020
0.14509805
0.24313727
1.83921599
1.28235304
3.81176472
3.00784326
2.96078467
0.63921589
0.75686288
0.12549020
0.12549020
0.12549020
0.12549020
0.12549020
0.12549020
0.17450981
2.57058883
1.68039238
4.34117651
2.71764755
2.59607863
0.50392157
0.74509823
0.12549020
0.12549020
0.12549020
0.12549020
0.12549020
0.11960784
0.17450981
3.21568656
2.18627501
4.28235292
2.38235378
2.75098062
0.59215713
0.74705899
0.12549020
0.12549020
0.12549020
0.12549020
0.12549020
0.13137256
0.23333333
3.62352967
3.01176476
4.03333426
2.80588245
2.48823595
0.69803953
0.63725513
0.12549020
0.12549020
0.12549020
0.12549020
0.12549020
0.15686275
0.22352941
3.57843113
3.40392184
3.82941222
4.35294199
2.31372619
0.91960818
0.44117647
0.12549020
0.12549020
0.12549020
0.12549020
0.12549020
0.18235295
0.13137256
3.38627434
3.85686302
3.46862769
5.76078463
2.61372590
0.96274525
0.32352942
0.12549020
0.12549020
0.12549020
0.12549020
0.12549020
0.20588236
0.13529412
3.38823605
4.80784369
3.26078391
6.95294189
2.47450995
0.73725510
0.33921570
0.12549020
0.12549020
0.12549020
0.12549020
0.12549020
0.18823530
0.18039216
3.26274562
5.06470633
3.08627462
6.73725510
2.30588269
0.81764722
0.34901962
0.12549020
0.12549020
0.12549020
0.12549020
0.12549020
0.09607843
0.21568628
3.01176500
4.83921671
2.99215722
5.95882320
2.25686288
1.11960804
0.30196080
0.12549020
0.12549020
0.12549020
0.12549020
0.12549020
0.11960784
0.28431374
2.66274548
4.61568689
2.69411778
4.94902039
2.40980458
1.25686300
0.23529412
0.12549020
0.12549020
0.12549020
0.12549020
0.12549020
0.25098041
0.26470590
2.10000014
4.57451010
2.45686293
4.39019585
2.40784335
1.09019637
0.16274510
0.12549020
0.12549020
0.12549020
0.12549020
0.12549020
0.37450981
0.22745098
1.61372566
4.01568651
2.18235326
3.79607868
2.38431382
0.72941202
0.11176471
0.12549020
0.12549020
0.12549020
0.12549020
0.12549020
0.38431373
0.23725490
1.26666665
3.38431406
2.26862788
3.57647038
2.29215765
0.52745104
0.09411765
0.12549020
0.12549020
0.12549020
0.12549020
0.12549020
0.42156863
0.22156863
1.00784326
3.20980453
2.60196114
3.91372561
2.47647119
0.39215687
0.10784314
0.12549020
0.12549020
0.12549020
0.12549020
0.12549020
0.42745098
0.23529412
0.73333335
2.83137250
2.70000029
3.80196142
2.77450967
0.46078432
0.12549020
0.12549020
0.12549020
0.12549020
0.12549020
0.12549020
0.35882354
0.31568629
0.49411765
2.34509826
2.89803934
3.57254934
2.64117670
0.68431389
0.14117648
0.12549020
0.12549020
0.12549020
0.12549020
0.12549020
0.30980393
0.61568636
0.38039216
1.92941177
2.88823581
3.62745118
2.51764727
0.90392172
0.12549020
0.12549020
0.12549020
0.12549020
0.12549020
0.12549020
0.32549021
0.78431404
0.35686275
1.66862750
2.59803939
3.70196104
2.17254901
0.92941207
0.12549020
0.12549020
0.12549020
0.12549020
0.12549020
0.12549020
0.21176471
0.66862768
0.48039216
1.58039236
2.49019623
3.29607868
1.87647104
1.12156892
0.12549020
0.12549020
0.12549020
0.12549020
0.12549020
0.12549020
0.11960784
0.36274511
0.55686277
1.30980396
2.25294137
2.94313765
1.89411819
1.25490224
0.12549020
0.12549020
0.12549020
0.12549020
0.12549020
0.12549020
0.13333334
0.21372549
0.37450981
1.08627462
2.04705882
2.73725557
1.86274552
1.04313803
0.12549020
0.12549020
0.12549020
0.12549020
0.12549020
0.12549020
0.10196079
0.14705883
0.14509805
0.97058839
1.85882390
2.48627496
1.48431396
0.61764723
0.12549020
0.12549020
0.12549020
0.12549020
0.12549020
0.12549020
0.10392157
0.10392157
0.11568628
0.68627459
1.63137269
2.43725514
1.32941198
0.47843137
0.12549020
0.12549020
0.12549020
0.12549020
0.12549020
0.12549020
0.14901961
0.13725491
0.13921569
0.55686277
1.73333395
2.39019608
1.58235300
0.57058835
0.12549020
0.12549020
0.12549020
0.12549020
0.12549020
0.12549020
0.12549020
0.12549020
0.12549020
0.42352942
1.87450993
2.15098095
1.75294161
0.45294118
0.12549020
0.12549020
0.12549020
0.12549020
0.12549020
0.12549020
0.12549020
0.12549020
0.12549020
0.45882353
2.09215713
2.13333368
1.57058835
0.29803923
0.12549020
0.12549020
0.12549020
0.12549020
0.12549020
0.12549020
0.12549020
0.12549020
0.12549020
0.30784315
2.14901948
2.15686321
1.24117661
0.16862746
0.12549020
0.12549020
0.12549020
0.12549020
0.12549020
0.12549020
0.12549020
0.12549020
0.12549020
0.12941177
2.03725529
2.30784345
1.02941203
0.12352941
0.12549020
0.12549020
0.12549020
0.12549020
0.12549020
0.12549020
0.12549020
0.12549020
0.12549020
0.10000000
2.03529429
2.24509859
0.89411795
0.11372549
0.12549020
0.12549020
0.12549020
0.12549020
0.12549020
0.12549020
0.12549020
0.12549020
0.12549020
0.12941177
2.02745104
2.28823543
1.03137267
0.22156863
0.12549020
0.12549020
0.12549020
0.12549020
0.12549020
0.12549020
0.12549020
0.12549020
0.12549020
0.12745099
1.68235302
2.38823557
1.45098066
0.35490197
0.12549020
0.12549020
0.12549020
0.12549020
0.12549020
0.12549020
0.12549020
0.12549020
0.12549020
0.10980392
1.25098050
2.00784349
1.43137288
0.35686275
0.12549020
0.12549020
0.12549020
0.12549020
0.12549020
0.12549020
0.12549020
0.12549020
0.12549020
0.16274510
1.01764715
1.70784354
1.50980425
0.35882354
0.12549020
0.12549020
0.12549020
0.12549020
0.12549020
0.12549020
