18.52353287
21.17058372
21.08038712
20.04117775
18.54117966
18.42353439
18.69411469
19.05882072
18.87451172
19.01764297
18.73137283
18.98431396
19.58235359
20.05294037
21.19607544
21.64314079
22.18627930
19.18627930
21.41176796
21.11176109
19.70784569
18.38823509
19.07058907
18.77843094
17.88039398
18.62352943
20.15098381
20.13529205
20.16274452
18.72352791
20.51568604
21.45882416
21.32940674
21.80784225
18.19215775
20.98823357
20.74705505
19.09804344
19.19804001
19.99215698
19.08235550
17.07843399
18.31568527
20.58235359
20.44313431
21.09215927
18.66863060
20.45294189
21.44509888
21.75489807
21.63137436
18.15490341
20.98431015
20.82941246
19.02157211
20.15293503
20.29216003
19.47647476
17.70196152
18.12941170
20.73137283
19.73333359
22.14118004
18.95882607
20.20392036
21.28823853
21.11568832
21.35490417
18.48235321
21.26666069
20.81372643
19.19215775
20.18235779
20.09804153
19.82941437
18.98039436
19.27843094
21.40391922
19.78823471
22.27843094
19.17255402
19.91960526
21.24117470
20.81176758
21.27059174
20.29215813
22.30196571
20.96666718
18.63137054
19.89803696
19.65686226
18.64902115
19.10588455
20.14509201
21.61568832
21.22156525
22.35686111
19.20392418
19.79411697
20.94313812
21.51372719
21.13725662
20.88432121
22.93725586
20.40980530
18.31765175
19.66863060
19.05489922
16.72549057
18.47058487
19.51764488
21.62941170
22.69608307
23.01764488
19.25686646
20.41372490
20.57451439
21.83333015
21.62549210
22.88431931
22.99411774
19.63137245
18.90784645
19.30980301
18.79411888
16.50980377
18.51176453
19.45882034
22.17450523
23.03921700
22.47842979
20.00784302
21.10980034
20.48234940
22.26274681
22.03725624
23.68823814
24.00588417
21.41372681
22.80195999
20.08039284
20.02549171
19.97254944
18.05293655
19.77254868
22.71568298
23.41568565
22.37058449
20.88431168
21.20195770
20.73725319
22.14705849
23.88823700
20.62744904
24.93528938
27.30784416
28.66471481
22.12157059
22.29607582
24.65490532
17.27450943
19.92549133
24.63529587
24.66078377
24.36470795
21.34509850
20.63333511
20.89803886
22.40784454
26.61373138
19.52941322
25.61372757
28.71765137
30.31176376
23.49215698
24.80588341
27.73725700
18.84117699
21.73529625
26.70981026
27.73922157
26.80980873
23.12941360
20.15490150
21.21175957
23.47451591
28.12941742
22.86078453
26.59020042
27.63333321
29.60000610
24.82353020
27.18823814
30.04509926
23.79804230
26.94902611
27.73530197
30.63333893
29.16471100
27.58235931
20.84509850
21.09411049
24.92156792
28.33333588
22.39804459
26.77450943
24.65489960
24.79999924
25.17451286
28.81765366
30.63921356
28.31765366
29.37647438
28.42745399
30.69019699
30.23725510
30.52353477
22.11568832
22.38431740
27.02156830
27.46078110
21.95882416
26.50195885
21.19019508
19.50588608
22.38039207
27.26274681
29.05686951
28.48823929
27.69804192
28.85686874
30.50980568
31.65882492
31.13334274
22.97843552
23.07058525
28.03333092
25.06078339
22.17058945
26.33137512
21.64314270
18.08823586
19.20980453
24.25098038
27.03922081
26.62156868
25.83529472
27.08040047
27.38823318
31.37844086
30.18431091
24.60391808
23.80980301
28.16666412
23.46470070
20.81764984
26.69608498
23.90196228
19.56666946
18.30588531
20.22156715
24.44117737
24.50981140
26.61961174
24.07451248
22.84117508
26.85098839
28.35293961
26.83921814
24.50391960
28.12549210
22.10195923
19.82745361
26.72353172
26.74118423
24.35294151
19.76666451
16.85686493
21.20588303
23.98627090
29.05686569
21.51568604
19.67450905
21.61960983
26.05490494
29.33529091
26.69608498
28.12941551
19.95686531
20.19411659
25.31764603
29.05294037
28.73725510
22.31764793
15.29803848
18.40784073
24.39215851
30.49804115
20.17059135
17.44314003
18.72156906
23.43725586
29.70392799
27.73725891
26.76862717
19.84706116
20.18431473
22.46078873
30.47058868
30.95883179
25.86274719
13.83333492
15.19019699
23.80196762
30.83137512
19.33921814
16.13529587
16.96274567
20.00196266
28.24902725
29.10391998
24.29607582
21.44509888
20.27255440
20.39411736
28.97059059
30.86863327
29.13529587
13.95490265
12.67058945
22.07059097
29.29216003
20.39019966
14.85882378
16.16274643
17.32156944
25.59411621
29.75882912
21.57254982
21.99803925
20.63529396
18.82941055
27.54510307
27.74117279
29.70392418
17.46667099
11.81961060
20.60784149
22.81960869
21.98235512
13.73529530
15.39607906
15.52548981
21.58039856
28.80392456
20.38431740
21.74117851
21.46078491
16.88431549
25.88431549
26.38431549
27.45686531
23.68823624
13.73725605
21.28823280
19.85490036
20.94509888
13.28823853
14.38431263
14.16666985
18.52745056
24.87647057
20.71764374
22.16470909
22.32156754
15.62353039
23.89019775
28.01568794
25.19215775
28.75686646
19.87843132
22.76470757
18.48431206
19.16274261
13.31568718
13.35098076
13.54902267
15.88039303
21.97058678
21.27843666
23.91373062
22.19803619
15.13529396
21.37843513
29.20784378
23.98627853
30.90392494
23.98039436
22.76862907
17.04705811
18.19215965
14.41764832
13.41568851
13.57843304
14.43529606
20.44314003
21.83333588
25.68235397
22.46667099
14.77451134
18.83725739
30.31176376
24.89019585
30.44510269
24.32941437
23.92156982
16.94902229
16.91960907
15.22548962
14.15686607
13.69411755
14.10980320
18.76667023
22.01568604
25.99216080
24.36862946
14.73921585
16.64901924
31.10392380
25.39607811
28.13529205
25.34706116
26.46471024
17.26666832
15.89411926
16.10196304
14.27254868
14.05686569
13.49215794
17.22549057
21.67255211
24.99608231
23.34118271
15.13333225
15.61764717
28.03137970
25.51176834
25.97647095
26.12156677
28.39019775
17.76078796
15.86666870
16.00588036
14.51372814
14.53725433
13.01372814
15.80588245
21.09412193
24.25881958
22.77450943
15.21960831
15.36078739
23.03333664
25.55882072
25.00980759
26.32548904
28.79216003
17.58823776
16.41568565
16.76862717
14.83725834
14.68823719
13.17058945
15.51176548
18.44902611
23.66275024
22.19215584
15.09411812
15.76470566
18.37647247
22.34706306
24.88823700
26.37647247
27.67254639
16.46862602
15.57451153
18.85490417
14.31568623
14.69019794
13.64706135
15.48235226
17.10588074
22.24901962
20.99411774
15.12549114
16.00196266
17.24902153
18.54902267
24.42156982
25.51764870
25.68627739
15.62745190
15.15294266
21.11568451
13.23333645
14.77255154
14.40980434
15.37450981
16.33921623
21.87843323
18.04313660
14.83137417
15.86862659
16.11764717
15.37058640
22.79411697
22.89216042
22.38627625
14.97450924
14.72941399
21.91960716
12.10391903
14.19607925
14.73333168
15.52745152
15.62352848
21.31568718
16.33333588
14.34313869
15.63725662
16.48431587
14.51568985
19.58823586
20.11176682
19.96666527
15.48235321
14.05882263
21.97647476
12.36666679
13.04509735
14.14313889
15.54509830
16.65490341
20.25490189
15.78431416
14.51176739
15.51176453
16.89215660
14.77647209
16.62745285
17.76274872
19.14902115
15.52745152
13.40980530
22.00980568
14.34117699
12.30980492
14.14117908
16.65294266
20.27646637
20.48823547
15.13529491
14.83921623
15.39411831
16.37450981
14.62745476
14.96274567
16.15097809
18.01960945
14.88039207
14.68038940
21.39608002
16.91568375
13.17058754
14.57451344
17.30588150
23.47647476
21.16862869
15.32941151
14.31176281
15.57255077
15.47451115
14.61568546
14.13137341
15.92549133
17.40784454
14.12549019
15.61764622
20.43921471
20.47255135
15.39608002
15.02745152
17.21568680
23.02157211
20.10000038
15.90000343
13.96078777
15.30000019
14.90195942
14.30588341
14.20392323
15.61960888
17.49412155
14.10392189
15.83725452
18.69804192
24.49411583
16.51372528
15.29019642
16.89999962
21.76470757
19.14509583
16.33137321
14.17843437
15.33921814
14.81568813
14.13725758
14.62352943
15.55686283
17.33725357
15.02157021
15.57450771
17.24902153
26.90196228
17.51176453
15.45686340
16.55097961
19.11960983
17.71372604
16.62352753
14.28039455
15.23137379
15.25098133
14.03529453
15.28627682
16.44314194
16.87843323
16.18627548
15.09216022
15.04509830
28.02745438
18.65882874
16.14118004
16.42156982
17.31372452
15.99411583
16.64313698
14.67058945
15.39019775
16.03921890
14.40196705
15.20588303
16.28431702
16.46274376
17.10392380
15.55294323
15.00000000
25.96274757
22.73137283
15.46470928
15.63529396
15.70588112
14.93921471
16.66666985
15.19019985
15.69411945
16.29804230
14.08627510
14.61765003
17.01764679
16.15882492
17.60196114
16.78039169
14.86862755
23.18431664
27.34510422
14.43529606
15.16078568
15.50980377
14.68039036
17.19019699
15.10000324
15.85686398
15.44901848
14.08823872
14.44509888
16.55294418
16.33529282
18.84314156
16.59804153
14.38431454
20.20392227
29.87451363
14.53921509
15.11176491
15.01764774
14.08627319
17.54509544
15.46078491
15.74313831
14.81372833
14.23921776
14.66862774
15.90588474
16.37843323
20.36666870
15.29607868
14.37450886
18.01764679
29.53137207
18.31176758
15.62549210
14.64510059
14.17255020
17.05097961
16.09607887
15.67843246
14.55098248
14.03137302
14.48823643
16.00392532
16.23725510
21.63333511
14.90196419
14.31764889
17.37843132
26.99607468
24.53333473
16.91568756
13.99019814
15.18627453
17.72941208
16.59607697
15.87451077
14.74117565
13.85098171
14.88431549
15.60588455
16.28431702
21.25882149
15.40392208
14.23529625
16.74117851
24.01372910
28.54706192
17.56470680
13.52353096
16.23921585
18.18431091
16.90588379
15.87059021
14.75098228
14.42941189
15.18431759
15.83333588
16.60000038
20.65489769
16.47843170
14.56274605
16.15294456
21.81764793
30.26470757
17.40000343
14.14313889
16.19804192
18.02744865
16.57059097
16.42549133
15.47059059
14.80588341
15.89019489
16.15686417
16.60196114
20.48235321
19.01176834
18.92353439
15.33529663
20.93333626
30.40196037
18.07059097
15.55686569
15.67254734
18.07646942
16.94902229
17.06274796
17.01568794
14.46274757
16.97647095
16.12745285
16.43921661
19.31764793
23.08431435
24.92745209
15.02157021
20.73921585
29.13137245
19.18824005
16.34509850
16.43529320
18.27843285
17.24902153
16.36666870
17.84314346
14.33529568
18.18039131
16.20980644
16.54705811
17.71569061
26.59411812
29.67843056
17.38627434
20.97451019
29.09803772
21.26470947
17.83921242
21.27058792
17.37450981
17.93725777
16.40784264
17.41764641
15.55882454
20.45490646
16.72156906
16.88431549
16.27647018
26.89999962
31.75294495
21.72352982
23.08627701
29.14706039
24.90196419
20.87058640
26.00980759
16.54509354
18.52157021
16.46862793
17.05882454
19.11176491
22.95490456
16.37058830
16.96078682
15.73921585
25.16274643
31.51961136
25.08430862
26.24117661
27.24706078
25.46863174
23.93528938
27.21568871
16.69804001
19.04705811
17.07647133
16.96666908
22.27058792
22.12353325
16.61764908
16.84118080
15.42745209
22.23725510
28.34313583
26.72156715
27.80195999
24.26274490
24.23137665
24.86666298
25.41372490
17.02941322
18.34901810
17.27254677
17.00392151
22.31960678
19.38627625
17.09411812
16.60588455
15.42549038
19.81176567
22.87451363
27.87451172
28.95098114
20.45489883
22.13333511
24.17451668
23.77059364
17.42352867
18.28235245
17.43725586
17.02353096
19.19804001
17.83137512
17.32941246
16.63725471
14.91568565
18.59803581
19.37646866
27.95294380
28.18823624
17.15686607
18.75882149
23.31372833
22.38823128
17.52745247
17.79216003
16.97843170
16.90588379
17.24902153
16.40000343
17.24510193
16.90392303
14.55882454
17.49019814
17.63137245
25.98235321
25.94706154
15.50000095
16.90980339
21.53333473
20.82352829
17.07254791
17.82941055
16.54706001
16.16078377
16.48039246
15.88039303
16.96666527
17.18431282
14.67254925
16.25098038
17.10588264
23.29019547
22.39411545
13.86863136
16.19215584
18.94509888
20.09411621
17.37647057
19.29215622
16.44313812
16.78235435
16.96862984
15.29215908
16.98039246
17.38627434
14.53333569
15.63137531
17.01176262
20.15098000
19.44117737
13.43725681
16.05882454
18.09803772
19.87647247
17.16274643
19.48431778
16.77255058
17.60784531
19.02353096
15.47843266
17.23921585
17.55490303
14.46470642
15.44902039
16.51372337
18.34313774
17.75686646
13.89607906
15.30196190
17.49411774
19.72549057
16.78431892
19.12745094
17.10588264
19.30588531
21.39215469
15.95882034
18.11960983
17.30392265
14.82549095
15.29215813
16.65098000
17.87647247
17.07254982
14.01568794
14.07058811
17.38235474
18.51764679
16.54706192
19.24117851
16.63529778
20.77450943
22.21372795
15.03529549
18.24118042
17.08823776
14.33529472
15.09215736
17.55294228
18.13921547
16.18431854
13.91372776
13.13921642
18.05294228
17.84902000
16.07843208
21.27254868
17.62941360
23.77059174
21.82548904
15.00196457
18.44705963
17.25490379
14.44901848
14.96078491
17.84313583
16.97254944
15.80980492
13.51960945
12.58823776
18.09804153
17.35686302
15.91764450
23.36470795
20.73921967
26.22353172
20.08038902
16.16862679
18.73725319
16.97843361
15.55098343
15.48039246
17.22744942
16.59215546
15.79607773
13.49019909
12.35097980
19.10195923
16.75490379
16.77647209
23.29215813
26.01764679
25.57451439
18.20392227
16.96666718
18.60588074
17.12157059
15.99607849
16.25686264
16.82548904
16.82745361
16.42156982
14.03333473
12.40980530
20.29607773
16.66078377
16.76470375
21.33725548
27.55294037
22.94902229
17.05882645
18.69607925
18.35686302
17.43529320
15.99019623
15.86470509
16.82941246
16.64313889
17.33921814
14.26274490
12.33529663
20.79019165
17.02548981
17.09019852
19.00000191
25.32548904
19.95685959
16.52157211
19.21568680
17.89999962
17.97058868
16.16470528
16.20392227
16.99999809
16.98431778
17.55294037
13.96470547
12.26862812
21.02353287
17.51372910
17.09412193
17.32745361
21.35882950
18.83529472
16.72549438
19.29999924
18.04509735
18.24314117
16.55294228
16.68431473
17.13333321
16.86274529
17.88431168
13.73137188
12.50392246
21.00588417
17.12157059
16.80588341
17.49215508
19.64902496
18.87843132
17.10196304
18.88823700
18.44510078
17.91960335
16.59608078
16.76470757
17.19215775
16.81176758
17.65490341
13.52941132
11.94705868
20.30392265
16.68039322
17.09999847
17.71176910
19.65686798
19.37843323
17.87647247
19.11960602
18.82940865
17.78627586
16.67058945
16.33921623
17.12353134
17.41568375
17.31764984
14.01176357
11.89607716
20.47646904
16.58431625
17.67843437
18.17843437
20.10980225
19.41372490
17.86666679
20.56078720
19.34313202
18.33529472
17.18627548
16.57647324
16.89608002
18.20195961
18.26078606
13.97058582
12.82744980
20.39804077
17.76078415
17.45098305
19.88823700
21.46470642
20.38823318
16.45686150
21.37843323
20.11960983
17.63529587
17.45686150
16.71764755
16.82941246
18.55294037
18.13529587
13.89215660
15.55490303
20.19019699
18.43529320
17.35882568
20.38627625
22.57059479
22.07254982
16.26274490
20.12353134
20.48039246
17.31176758
16.32745361
17.63725853
16.97451210
18.50392342
18.40196609
14.56470871
16.84902191
20.47059250
19.09019661
18.11568642
19.78235435
22.08039093
22.47254944
16.72941017
18.55882263
20.14314079
17.84706116
15.84313679
17.84509659
16.92549324
18.46862602
19.60392380
15.11568451
17.41764832
20.98823166
19.65098190
18.61960983
19.31568718
21.24706650
22.45294380
16.89411926
18.27647209
19.64313889
18.14705658
17.37647057
18.12352943
16.64706230
18.86666870
21.21177292
15.43725395
17.35294151
20.31568718
20.08235168
18.85098076
19.18039131
22.84705925
23.52941132
17.29215813
18.75882721
19.65098572
18.17646980
19.92941093
17.27843475
16.24510002
19.75489998
23.27451324
15.36470890
16.95686150
19.09020042
19.48431396
19.07843208
18.79411507
23.92549133
24.40588760
17.88039398
19.19608307
19.60392761
18.00000000
20.65294266
16.48235512
16.11568451
20.30000114
24.30784798
15.60980415
17.16470718
17.69019699
18.99803925
19.17843246
19.18431091
23.03725815
23.89019585
18.57450676
20.01765251
19.08823395
17.81961250
19.89215660
17.15686226
16.08627129
20.40784073
25.12549019
16.00588608
17.67843056
16.06078339
18.23529243
18.99020004
19.54117584
21.32745552
21.79607964
19.55686188
21.44118118
19.00000381
18.10588074
19.08627510
17.63333130
16.89215660
20.19020081
25.46470833
16.06666946
17.41372681
15.33725357
18.35490417
18.84117699
19.65097809
20.71568680
20.43137360
19.69999886
22.38430977
19.61960983
17.80784798
17.37647247
16.50196075
17.10980415
20.21176720
26.07451057
16.50196457
17.62157059
15.20000458
18.33333588
18.76666641
20.05097961
19.82353210
19.52353096
18.60196114
22.70980072
20.45882416
17.95882416
15.96862984
17.14313889
17.50980377
20.24706268
26.07451248
16.79019737
17.53725815
15.30392265
17.89215851
19.22156906
20.49215317
19.61569023
18.67058945
18.39215851
23.79411507
21.06666565
17.92157173
15.80000019
17.14509773
17.66666794
20.12352753
26.08627510
17.14706039
17.46862793
15.50196266
17.39215469
18.70588303
20.73725319
19.69608116
19.01372910
19.23529243
24.91960526
21.11568451
17.51568985
15.74706078
16.87255096
17.06863022
20.06666946
25.80196381
17.05097961
17.83333397
15.27451038
17.84706116
18.80784225
21.68431091
19.30588341
19.45293999
20.40980148
25.42157364
21.25882339
17.29803848
16.18235397
17.76862907
17.72157097
19.79412079
24.85293961
17.41960716
19.37647247
15.77451038
17.58235550
19.34313965
21.54901505
19.38431358
19.10784149
20.92352867
25.38824081
21.64117813
16.46274376
16.33137321
17.89804077
17.85293961
19.14314079
23.87254906
18.13137054
19.75098419
15.99215889
16.99608231
19.14118004
21.58234978
19.30588150
19.01764679
21.27254677
25.45490646
21.75882339
16.37255287
15.90980434
17.35097885
16.91764832
18.24117661
23.34117889
18.81372643
20.37450981
15.47843552
17.25294304
19.11764526
21.27058601
19.35685921
19.03529549
21.99804115
25.34706306
22.05098152
16.33333588
15.39019775
16.84313583
16.30196190
17.72156906
23.15489960
19.23333740
20.16666603
14.72941303
17.62156868
19.62352753
21.90980530
19.55686188
18.27450943
21.43529510
25.37843323
22.59215736
15.57058907
14.86470604
16.41568756
16.63725662
17.65686226
22.00588226
19.03921509
21.03137016
14.02549076
17.47255135
19.92353439
21.66862869
19.19019127
18.22941399
21.20784569
25.72745132
22.72548294
15.18235397
14.41372585
15.83921719
16.90588379
18.00000191
20.70784950
19.18039513
22.44117546
14.02353001
16.58627319
20.39411545
21.35294151
21.04705429
18.22941017
20.64117813
26.54509735
22.69607735
15.17058849
14.53725815
15.75686264
16.85882568
19.00784683
20.05098534
19.60784149
22.16471100
14.04117680
16.23529243
20.85685921
20.69804001
22.46863556
18.16470528
20.16666794
26.11568642
22.97450638
14.80980492
14.75686455
16.11764336
16.72549248
20.20588112
19.39608002
19.07058716
21.98627281
14.30196190
15.99411964
20.44313812
20.04313660
22.44705582
18.16470337
19.72745132
26.21372414
23.93529701
14.88039303
14.93725777
16.13921738
16.59999847
20.93725204
18.61960602
19.55490494
22.05882454
14.29019642
16.26862717
20.55882263
19.86274719
21.22941017
18.46470261
19.62940788
25.97254944
25.19999886
14.98235416
14.69020176
15.56274891
16.72352982
21.50000381
17.92745209
20.32745171
21.90000153
14.34705544
16.70588303
21.26078224
19.82941055
20.45294571
18.35294151
20.55490875
25.57843208
25.49215317
15.03137398
14.53333569
15.11176586
17.09019852
21.74117470
18.14313889
20.84509659
21.58235168
14.47058773
16.87254906
22.18431282
19.73333168
19.98039436
18.23725319
21.43921471
25.51176262
26.43137932
15.16862679
14.82156658
15.06274509
18.20784378
21.59019852
17.48431206
20.23921394
21.38627625
13.90784740
17.11765099
22.45097923
20.49020004
19.60392380
18.41176605
22.45686150
25.26862526
26.84314346
15.30588150
15.02352715
15.22745419
18.62156868
22.21960831
17.52745438
19.49019432
21.11960983
13.58823681
17.12157059
22.90587997
20.95686722
19.70980644
18.77254868
23.05882263
24.80196381
26.58039093
15.27254772
14.47843266
15.26666641
18.96274567
22.91373062
18.01960564
18.88039207
21.19411659
13.57843018
17.30196190
23.33137512
21.12157440
19.84510040
19.48823547
23.07843399
24.65294266
26.73725891
15.54117680
14.03725243
15.07058811
19.00196266
22.59608269
18.64313889
18.67647171
21.00784492
13.13725758
18.14117432
24.17254829
21.14509773
19.81960869
20.06078529
22.49803925
24.57843399
27.35882759
16.15686417
14.24510193
14.80784130
18.76667023
22.12156487
18.40392113
17.90784073
21.42941093
12.97254944
18.45686531
24.14313507
21.19019318
19.90784454
20.22941399
21.85686111
23.84902191
26.24118614
16.45490074
14.54705811
15.04706001
19.02941132
21.88822937
17.16470718
17.12352943
22.03725433
12.94313908
18.95882416
23.14705467
20.82941055
20.40980339
20.30588341
20.84117699
22.96666718
25.19215393
15.74509811
14.33725548
15.53137589
19.21176529
22.16666031
16.17450905
17.69411850
22.52941132
13.00392437
19.19019318
22.73333359
20.85881996
20.47058678
20.41568756
19.72352982
21.87059021
25.73529243
14.62549210
14.76274681
16.20000076
18.70000458
22.33333206
16.14706039
18.86862946
22.65686798
13.39215851
19.44510078
21.84117889
20.56863022
19.96666908
20.53529167
18.09803772
21.78823662
25.37254715
13.91176796
15.35294533
16.80980682
17.94901848
22.04901505
16.48431206
18.58235550
22.92941093
13.22744942
19.84313965
21.58431816
20.24901962
20.48235321
20.21568298
18.55882645
21.74117851
25.34901810
13.26863003
15.02353096
17.26667213
17.90980339
21.99215698
16.92549133
17.78823471
23.17843437
12.91568661
20.33921432
22.43333435
19.85098267
21.34509850
20.43921280
19.27450943
21.44117737
25.18235779
12.51176453
14.35098076
17.90588379
17.72549057
21.64314079
18.09019852
16.84902191
23.36666489
13.48431396
20.36666679
22.54901886
20.44705772
22.07058716
20.10980034
19.99215698
21.34313583
25.97255516
12.16274643
14.36470699
19.29607773
18.45098305
21.11569214
18.83921814
16.59019661
23.21764755
13.86666775
19.81961060
22.25686264
21.15294647
22.08039284
19.44117737
20.36862564
20.92548943
25.72156906
12.02549076
14.85882473
20.74705505
19.28039360
21.62353134
18.69215965
16.97059059
22.21372795
14.86078453
19.21961021
21.99411583
21.06666946
22.03529358
19.57451057
20.16078568
20.51960754
25.98039436
12.39607906
15.03725433
21.68235397
20.02353096
23.15098190
19.06470490
17.97255325
21.11176682
15.89411736
18.85294151
21.89019585
20.87254715
21.72941208
19.95686150
20.18235207
20.28431511
25.59607697
13.12745285
15.22941113
22.76863098
20.37843323
23.57059479
19.32549095
18.51568222
20.61372757
15.75882530
18.12549400
22.00392342
20.31568909
21.72156906
19.66862869
20.24313736
20.25294304
24.51176453
14.00000000
15.69804001
23.51764870
20.36078835
23.00392723
18.30392075
18.51176453
20.42548943
15.16078663
17.89215851
21.85882187
19.95490074
22.40587997
19.90392113
21.52352905
20.12352943
24.46275139
13.94314003
15.87843132
23.77058983
20.11764526
21.94313812
18.02157021
18.66862679
20.24901772
14.37058830
17.93921852
21.76274872
19.91960716
23.32744598
20.74902153
23.19215393
19.02549171
25.12941360
13.35294056
15.46274662
23.66470718
19.79411888
22.78038979
17.84313774
18.63137817
19.89607620
13.89804173
18.04510117
21.83529854
19.97843170
23.04901695
21.39411736
23.89608002
18.21568680
26.13725853
13.08431339
15.18039322
23.54117775
19.19607925
22.69803810
17.85098457
18.60391998
19.22156906
13.17647171
17.33529472
21.56862640
19.62745285
22.72548485
21.38823509
23.63921928
18.22549248
26.74510193
13.32549191
15.24509811
23.68627357
18.77647018
22.58626938
17.70392227
18.81960869
18.26274490
12.39608002
16.24706078
21.38627052
20.41176414
22.40196800
20.50196457
22.71569061
18.03725624
27.20196152
13.91176414
15.28431511
23.67255020
18.87058830
22.74117661
17.14901924
19.91569138
17.73333359
12.53529549
14.55294228
21.90784454
20.95685959
23.12940979
19.65098190
22.24117661
17.80784416
27.98039246
14.23333359
15.10000134
24.25097466
18.78627396
22.70392227
18.41960907
20.37843132
17.76078415
12.47843361
13.67843246
22.61765480
20.53529358
23.53726006
19.22549057
22.14901924
17.59215736
28.11960793
14.34510040
15.16666794
23.90588760
18.44510078
22.36078644
19.12745285
20.35098076
17.78627396
12.53137398
13.72745132
22.18823624
20.52745438
22.99607658
18.04510117
21.61568832
17.19804001
26.49411774
14.19804192
14.87255096
22.75294113
18.34705734
22.55882263
19.39411736
20.41960716
17.61960602
12.46274471
14.26666641
21.40196419
20.72353172
22.94117928
16.68039322
21.47255135
16.20980453
25.43725395
14.00980186
14.07255077
21.30980492
18.07255173
23.37254715
19.03333473
20.06666756
17.41568565
12.00980282
14.57058907
21.32745552
20.57254791
23.08627701
16.19215584
21.60196114
15.58431435
25.23137093
13.94901848
13.73137474
20.06274605
18.62745094
23.28627586
18.89019585
19.92353439
16.76863098
11.88823700
13.92157173
21.66666985
20.51764297
22.32353210
15.56078434
20.87647057
15.40588379
25.98627090
13.66470814
13.98627472
17.88039398
19.59803772
23.14117622
18.47843361
19.71372986
16.21961021
11.27843285
13.86274624
22.02353477
20.65293884
21.67255020
16.02549171
20.31176567
15.72157097
26.07058334
13.53137207
14.40980625
16.64902115
19.86862564
23.02548790
18.07646942
19.14117813
15.75098038
10.98823643
13.85686111
22.19020081
20.71960640
21.43725777
17.16862679
20.75686455
15.68235302
26.15294266
13.82745171
14.98039341
16.42941284
20.45294571
23.19019127
18.49019814
19.21568680
16.26862907
10.96470547
14.02941132
21.39608002
20.71764755
21.36470604
17.30196190
20.35490227
15.42156982
26.80588150
14.41176605
14.03333378
15.70196056
20.21568298
23.37255478
18.63333702
19.50196266
16.53529358
11.34706020
13.57843590
20.50000191
20.71176720
20.83921814
17.63137245
20.72157288
14.72745228
27.10000420
14.81372738
14.07450962
14.87647152
20.34510040
23.55098152
18.60392380
19.65490150
16.37254906
11.59607792
14.54313755
20.54509735
20.97843170
21.70980453
17.56274605
21.28431320
13.53725529
26.19019890
15.25490379
14.36274433
13.48431492
20.90196037
23.33333588
18.62353325
19.46079063
15.94509888
11.29019547
14.61372471
20.56274796
21.87843323
22.59020233
17.96470833
21.62941360
13.38039303
25.94902039
15.57058907
14.97451019
12.05490208
21.03333664
23.00000191
18.77843475
19.61176682
15.53137207
11.10392189
15.36470604
20.82941437
23.10980606
22.73137093
18.58823395
21.97451019
12.92941284
24.68431091
15.29607582
15.38627434
11.64313793
21.49411964
22.84117317
18.90392494
20.15490150
15.58431435
11.30784321
16.35294342
21.51764679
24.56078720
22.74510002
18.49019432
21.84509850
11.96078491
23.60588264
15.05882645
14.65294266
10.85882187
21.92548752
22.42745399
18.67647171
21.25098038
15.85686302
11.37254810
17.17058945
23.07647324
25.47255135
22.26667023
18.12744904
21.62157249
11.85686302
22.75686646
14.79804039
13.00980473
10.19608116
22.07255554
21.96078682
17.97058868
22.45097351
16.36666489
11.04313755
17.80784416
24.27843285
25.20784378
21.88431549
17.92156982
20.76862717
11.76863003
22.22745323
15.36274338
11.67843246
9.80588436
21.35686493
21.89999771
17.30784225
22.39608192
15.64313793
10.45098019
20.03529549
24.19215202
25.52745438
21.10588264
17.61960793
19.98235703
12.07450962
21.98823929
15.59215641
10.61176491
9.45490265
21.18431282
21.59608459
17.27058792
22.40588951
15.80784035
10.32745171
22.09019470
24.34117889
26.51176453
20.44117165
17.37647247
18.87451363
12.56078625
21.80392647
15.72745132
9.00980473
9.18431377
21.15098381
21.23530006
17.80195999
22.82157516
16.31372261
10.83921814
22.54117584
24.46470642
26.02745819
20.35490799
16.78039360
18.90784645
13.21176529
21.34117699
15.55098057
7.51176548
8.72352982
20.47059441
20.29215813
18.06666565
22.94118118
15.63137245
11.33137321
22.69020271
24.49607849
25.25098038
20.26471138
16.12941360
18.91568947
12.40784264
20.82941628
14.42353153
6.29803944
8.21960831
19.65097809
18.42549324
17.66470718
21.96471024
14.92549229
11.38235474
21.92352867
24.69804192
25.29019547
19.81764984
15.50392342
17.98039627
12.88823605
20.74314308
13.90784550
5.68039274
7.80196190
19.06470299
16.59803963
16.88039398
21.09607506
13.77843189
10.70392132
21.60392570
24.09411812
26.29804039
19.29804420
14.77255058
17.21568680
12.89411736
20.87254906
13.18627167
5.27450943
6.89215851
19.31568527
14.70980644
16.33333588
21.07255173
12.83529472
10.80196190
20.82353020
24.00392342
25.90392303
18.48823929
14.12941265
16.60392189
12.39804077
20.20588303
13.13137436
4.61176443
5.86078405
19.78235245
12.75882530
15.56078434
21.37843132
12.56666756
11.07843208
20.71764946
24.43137741
25.80588722
17.75294495
13.86666870
15.91372490
12.15882397
19.06078911
12.45293903
4.55490255
5.69215631
19.21372795
12.14901924
14.21176815
20.44902039
12.75294399
11.30195999
20.20784569
24.58039093
25.51372719
17.09019661
13.19607639
15.43529415
11.80000114
18.62549210
12.31372643
4.70392323
5.90000010
18.42745209
12.38823509
13.29215622
19.50980377
13.37255192
11.33529472
18.51765060
24.75294304
25.02745628
16.60392380
13.04706001
15.52549362
11.53137207
18.01372528
12.06667042
4.69411755
5.87843132
17.79804039
12.38431454
12.07647324
18.75882530
13.57059002
11.50980377
16.80980301
24.62744904
25.07647705
17.05294228
12.94313908
15.80392456
11.83137321
16.88823700
11.43137074
4.70392179
5.94901943
16.85882568
12.96274757
10.82353020
18.07451439
13.27843285
11.47254944
15.29019642
23.39215469
25.75098038
17.17451286
12.63725662
15.59019947
12.72156906
16.57450867
10.60980415
4.67058849
5.72941113
14.90392113
13.68039131
10.90392208
17.25098038
13.00196171
12.41764736
13.68627548
22.13137436
25.62353134
16.68823624
12.47451305
15.13137531
13.00000000
16.56862831
10.29215622
4.38823557
5.81960821
13.71960926
13.86667061
11.54509830
15.74901772
11.77843094
12.07451153
12.05098057
20.91176605
24.88235474
16.02745247
13.09215927
14.75882530
12.79803944
16.64509964
10.72941208
3.92156911
6.37254953
12.01568699
13.74705887
11.88627529
14.55294418
10.90000057
11.04509830
10.94313717
20.22745132
24.70980644
15.04901791
13.65098095
14.30980301
12.83333492
17.03333282
10.18039131
3.45098066
7.73529482
11.08823586
14.51764870
12.56470585
14.71372700
10.18431473
9.65490150
10.71176624
19.57451439
24.78235435
14.50784397
13.45882225
14.09803677
12.78627491
16.99411774
9.88823700
3.16274571
8.15686512
10.78627491
14.41176796
13.38039398
15.47255135
9.29607964
9.33333397
11.41176605
19.35686493
24.54313850
14.08823490
13.44117737
14.07451057
13.08431530
16.26274490
10.05294132
3.04117656
7.52549219
11.37451077
14.63529587
15.07843208
16.36862755
8.95294189
9.51764870
11.39999962
19.53921890
24.43137360
13.72745323
13.22941303
13.35097980
14.17843246
16.21372604
10.29411793
3.15490222
5.99411774
11.48431301
14.89019585
15.93137169
17.38823891
8.93333340
10.80000019
11.04902077
18.55490494
24.61176682
13.51568794
12.83725548
12.88823414
15.59215736
16.08823586
10.30784321
3.25882411
4.94509888
11.53725433
15.04313946
15.12941265
17.95294189
9.12549114
12.09607887
10.86078644
17.24509811
24.11569023
13.29607773
12.53333569
13.14117622
16.96470642
15.61764908
10.19019890
3.45490193
4.15686321
10.99411774
14.49804115
12.81568718
17.24902153
11.13529491
12.63137531
11.34902000
16.81568527
24.03137779
13.62941265
11.55882454
13.54313850
17.64117622
15.13921356
10.01960850
3.61372519
3.41568637
10.42941380
13.24705887
10.70980453
16.47647095
13.62549019
12.38823509
12.33529377
16.50196266
22.85490417
14.03725719
10.92940903
13.42156887
16.76667023
15.42549229
10.27843285
3.54705906
3.37058830
10.27058792
11.76470661
9.69019890
16.17451096
14.71372414
12.06078434
13.31764984
15.98431587
21.71960831
14.85882282
11.42353058
13.24706078
15.12353134
16.04313850
10.84706116
3.33529425
3.70588303
10.13529491
10.24117470
9.31764889
15.91176605
15.18823624
12.26470852
15.15686703
15.90392017
22.12745094
15.30784225
11.54706192
13.33921623
14.16470528
16.22745132
10.93137455
3.17450976
3.97647071
10.21568680
9.07843304
8.83529472
15.93529510
15.33333778
14.11372662
16.02157021
15.72941303
22.04901886
15.72745132
12.09019756
13.45490074
13.69215775
15.00980473
10.19804001
3.09215665
4.35098076
10.39411736
8.56078434
8.23137283
15.35686207
15.61372566
14.65294361
16.27647209
15.06274700
21.51176834
16.04509926
12.75098228
13.39216042
13.16863060
12.90588379
9.11176682
2.83725548
4.39607859
10.79215717
8.45098209
7.93921614
15.14313698
16.24313736
14.83333397
16.35882568
14.97843361
20.97255135
16.23725700
13.05490303
13.32549286
12.68823814
12.73333454
8.10588264
2.79607844
4.64902020
10.74117756
8.60980511
8.52157021
14.62352943
17.01960754
14.98039246
16.39411926
15.28431511
20.73529816
16.50980568
13.02156830
14.14313889
12.10784531
13.42745304
7.64509773
2.55098057
4.74117613
10.16666794
9.10000038
9.00784397
14.77843285
16.79607773
15.53137207
16.17058945
15.23725319
20.40784454
16.23137283
13.59215736
14.68235397
12.62745380
13.85882378
7.92156982
2.41960788
4.99803972
10.71372509
9.15490246
9.13725471
14.76274586
16.39804077
15.37255001
15.36470604
15.17647076
19.37058830
16.57255363
13.96666622
14.69803619
13.75686646
13.94902229
8.30980396
2.73921609
5.05294180
11.18235207
8.90784264
9.17058945
14.90000153
16.23529243
16.23333549
14.65686226
15.35490131
18.51960945
16.81960869
13.77843189
15.54510021
14.00392151
13.99803925
8.62745094
3.00588250
5.20000029
10.98823643
8.87843227
9.09411812
14.51372528
16.22549057
16.49019623
14.49607754
15.45490360
18.86274719
16.59804344
13.90392303
16.38431358
14.00196171
15.06274414
9.23529434
3.18039298
6.24313736
10.12549210
8.73529530
9.48039246
13.98431587
16.82745171
16.41960716
14.34706211
15.68431664
19.46078491
17.40784454
14.39019585
16.70196152
13.93921852
15.41176796
10.14509773
3.11960840
7.82549047
9.24705887
8.40980434
8.92549229
13.88627529
17.06862831
15.55294132
14.46274948
16.09215736
19.13921547
18.25098419
15.44902229
16.78823662
13.64705753
14.95882416
11.31176567
3.31960893
8.56078529
8.51568699
8.00196075
8.41764832
13.98823738
16.72745323
14.61960697
14.55882359
16.56470871
18.79411697
18.37058830
16.61960983
16.95882607
13.59019756
14.62745190
12.33137417
3.60196090
9.81176472
8.37450981
7.52353001
8.24509907
14.56470680
17.09215736
13.83137417
14.47254848
17.10196114
18.85882187
18.17450714
17.41568756
17.07451057
14.50392246
14.82744980
12.56862926
4.07843113
11.84705830
8.39804077
7.54902077
8.29215717
14.59411716
18.35882759
13.27450943
14.20392418
17.52548981
18.79215813
18.52745056
17.45490456
17.04313660
14.85490417
14.59019756
12.61568546
5.63725567
13.14313793
8.45098114
8.00980568
8.40588188
13.55490494
19.32549286
13.12941074
13.86666775
18.32156754
18.54509926
18.69412041
17.09804153
17.02745247
15.23725510
14.68823528
12.34902096
9.68235302
13.90784264
8.70196247
8.36666584
8.30588245
12.62941074
19.25294113
12.92549133
13.89411926
18.77843094
18.41960907
18.54314232
16.37647247
17.19607735
15.61176491
14.75098324
11.98431396
13.80784512
14.70980263
8.68627357
8.65294170
8.01764774
12.37450886
18.86862755
12.75882435
13.86862946
19.44313622
18.17450905
18.63725662
15.31372643
17.44314003
15.92745304
15.04509926
12.24117851
16.50000191
14.31960773
8.53137398
9.03921604
8.01960754
12.28823662
18.84313965
13.45294285
13.10392380
19.33333588
17.20196152
18.46470261
14.24509907
17.94705963
16.07647133
14.77843475
12.89019775
19.70784378
14.30392551
8.21176434
8.75686073
8.20588303
12.44117737
18.91960716
13.42353153
12.32941246
19.19804192
17.58039284
17.93529320
13.48235416
18.11372757
16.24902153
13.98039150
13.42744827
21.73333168
16.05490112
7.57647085
8.61372566
8.82549095
12.80000210
18.87842941
12.68039417
11.62745190
19.42353439
17.96470833
17.65490341
12.79411697
17.80392265
16.10588264
12.94117832
13.46862602
20.86274147
16.64314079
7.44705868
8.83921623
9.21176529
12.94117928
18.13725090
11.79411888
11.65294170
20.08039665
18.30784225
17.23725700
12.31764889
16.67450905
15.81568813
12.93529510
12.85098171
20.25098038
15.97843552
8.38235378
9.13921738
9.08431339
11.90196228
17.00980377
11.29804039
11.62549019
21.22549248
18.15294266
16.16862679
12.37843418
15.49607944
15.40980530
12.99412155
11.66862869
18.45686150
14.57451153
8.97647095
9.54705906
8.94901943
10.34509850
16.72156906
10.74313736
11.31764603
21.44314003
17.74117851
15.67647076
13.41568851
14.21960831
14.49019718
12.70980358
10.59019661
16.04117393
13.04313946
8.71176529
9.62745094
8.94313908
9.50784397
16.69411850
10.20392132
10.98039246
20.60980606
17.19804192
14.70000172
13.43529510
12.87255096
13.44509888
12.80196095
10.57254887
14.94902134
12.07647228
8.52745056
9.03137302
8.93725491
9.70000076
16.24902153
9.65490246
10.66078568
20.55490112
16.35882568
13.95294189
13.25098038
12.33333492
12.99215889
12.72941208
10.95098019
13.65294266
12.72156811
8.49607944
8.61568642
8.93921757
10.48431492
16.05882454
8.90392303
10.91568661
20.30000114
15.66274548
13.67647076
12.72157001
11.94313812
11.96666718
12.34313774
10.78039265
11.89215851
12.54313850
8.18627453
8.59411907
8.62352943
10.98627567
16.60980225
8.36470509
11.03529549
20.31960869
15.80000019
13.97843552
11.80588627
12.03921509
11.21764755
11.37058640
11.16078377
10.44313622
12.01176739
8.34313774
9.00588226
7.96470547
11.33725548
16.42352867
7.87254953
11.41176605
21.59411812
16.21960831
14.53725529
11.46274471
11.43725586
10.73333168
11.41372871
12.10588360
9.76666832
11.42352962
8.68039227
8.36666870
6.78431416
11.21372604
16.04117775
7.20980501
11.59411812
22.09412193
16.55686378
15.63725567
11.25882339
10.92549038
10.21960640
12.50980377
12.62156963
9.19804096
10.56470585
9.12156868
7.92156887
6.24313831
10.74117661
15.61176586
7.17843151
11.32156944
22.28627777
16.50000000
16.48627472
11.39411736
10.69608116
9.65098095
13.24117947
11.64313793
8.37647057
9.44902134
8.99215794
8.32941246
6.53137207
10.13333416
14.51372433
7.32353020
10.51568794
22.49608612
16.32156944
16.57451057
11.68823433
10.84313774
9.37058735
13.96078491
10.69804192
7.90392303
9.54117680
8.04509926
9.04117489
7.04509735
10.21960735
13.85293961
6.84117699
10.24902058
21.56470490
16.16078568
16.13333511
12.53333473
10.43725586
9.03529453
13.77843285
10.83137226
7.68039131
9.56470680
7.23529530
9.56666660
7.34509706
10.57647324
13.59411812
6.88235140
10.94902039
21.09607697
15.95098019
15.53921604
14.48039341
10.16078377
8.79803848
13.46470547
10.96862793
7.91960812
9.50588417
7.11176538
9.33137321
7.11764717
9.87058640
13.83725452
7.91372633
11.32353020
21.56862831
16.14117622
15.10588360
15.96667004
10.66078281
9.00195980
12.64510059
10.61960697
8.40392208
9.22353077
6.90980387
9.53137302
7.03529549
9.44705868
14.62941360
8.75490189
10.66274452
22.15685844
16.39804268
15.17058945
15.79804325
10.28823471
8.66666603
11.09019852
10.29411793
8.90588379
9.86078453
6.88823509
10.13137341
6.83921576
9.60588169
14.71176624
9.15294170
10.66862774
21.54706001
17.27059174
14.59803772
15.77255154
10.10392284
7.79804039
9.53921509
9.89803886
8.57843113
9.94509888
7.04901934
9.80784416
6.41960859
9.86470604
14.31764793
9.01372528
10.76666737
21.24313927
17.52745056
14.26470947
16.07646942
10.38235474
7.70980406
8.49607849
9.46666718
7.59215641
10.28823662
7.30784225
9.18823624
6.45686245
9.64313793
13.82549191
9.37255001
10.66666603
21.38823700
16.56862640
13.76078415
16.19804001
10.53529549
8.17254925
7.69411802
8.70588303
6.86666679
10.23529625
7.45098066
8.26666737
6.95490217
9.60588360
14.10784435
9.76666641
10.51764870
20.66862869
15.70588112
13.05686378
15.80980301
10.30392265
8.52745152
7.45686388
7.78039265
6.53725529
9.53529358
7.30588293
8.22745132
7.10980415
10.23333359
14.18627548
9.97255039
10.79411888
19.69999886
15.35686207
12.98627567
15.61765289
10.25882339
8.43529415
7.51372576
7.26274633
6.74705935
9.52352905
6.70980549
8.90196133
7.02549076
10.88627529
13.21764755
10.01568890
11.09215736
18.96666718
15.06274509
12.90980530
15.87059021
10.50196075
7.66862774
7.40784359
7.20392227
7.33725595
9.82156754
6.04313755
9.74313641
7.20000029
11.41961002
12.41764927
9.12745094
11.00980473
19.09803963
14.61568642
12.40784550
16.32156754
10.85686398
7.29411697
7.47647095
7.27254963
7.94902039
10.28823662
6.00588274
10.16078472
7.68431330
11.35882378
11.41176414
8.90784264
10.42745209
19.07843590
14.53137302
11.78431416
16.80588150
11.43333340
7.16470766
7.41568613
7.45490170
8.83921528
10.88431644
5.82941246
10.21764755
7.58235407
10.82157040
10.66470718
8.96078300
10.18431282
19.12353325
14.17451191
11.28431416
16.97058868
11.83921528
6.99607944
7.47451067
7.30588150
9.63137054
11.46862698
5.86470604
10.28039360
7.01960802
10.34509850
9.69803905
8.77254868
10.56470680
18.61372757
14.57843208
10.51372623
16.47254944
12.08627510
6.71764708
7.39411736
6.97843170
10.14902115
11.66274452
5.96078539
10.04902077
6.80392265
10.51372814
9.04509830
8.61960793
10.67451096
18.91960716
15.20392418
10.06078625
15.41764832
12.28235435
6.49215746
7.18823528
6.87255049
10.35490322
10.95490265
5.66666651
9.58627510
7.16666651
10.55490208
8.45294189
8.83725548
10.39607906
18.80980492
15.46666622
9.93529510
13.94705963
12.22549057
6.61568642
7.23921585
6.68431473
10.50588322
10.08627605
5.22548962
9.06666756
7.68431473
10.36470795
8.43529510
9.07647133
10.03529453
18.10000038
15.59215546
9.40588284
12.84313869
12.42157078
6.95882368
7.25490189
6.25686407
11.00588322
10.23725510
5.19607925
9.29019642
8.01764774
10.86274815
9.20392227
8.88235474
9.68431282
17.78039169
15.20392323
9.15882492
12.60588551
13.00196171
7.18039227
7.00980425
5.91764784
11.31960964
10.72549057
5.44705915
10.46078491
7.89411783
11.54901981
9.75098038
8.53137493
9.93921566
17.25490570
15.19019604
9.03921795
12.26274681
13.44313812
7.57451010
7.31764698
5.68431425
11.84313679
11.23137379
5.23725557
11.22941208
7.52549028
11.42548943
10.51960945
8.59411907
10.53333378
17.14509773
15.04509926
9.61176395
11.96078491
13.90196228
7.91568804
7.26078367
5.77647114
12.48627472
11.79215813
4.97450972
10.91176319
7.97647095
10.26078415
11.46470642
8.59607792
11.85490131
17.08823395
15.10000134
10.74705982
11.51176453
14.68823624
8.55490208
6.70000076
5.75882387
13.27451134
11.82549095
5.38039207
10.10000038
8.42745113
9.88431454
12.16862965
8.33725548
12.17843151
17.71764374
16.08039474
11.38823605
11.06666851
15.54313564
9.00196171
6.21764708
5.79607821
13.76470757
11.01764965
5.80196095
9.59803867
8.74902058
10.25098133
12.40392303
8.36274624
11.50784302
17.78823853
16.66274452
11.91960716
10.44313908
15.65882301
9.52353096
6.18823528
5.96274614
14.36666775
9.60000134
5.44313812
9.59019756
9.62548923
10.78823757
12.57647228
8.52156830
10.83333302
17.72745132
16.65686417
11.72941399
9.70195961
15.19215870
10.26274490
5.92549086
5.96862793
14.11176491
8.33333397
5.79411793
9.70784378
10.14313984
11.43333435
12.93137360
8.71960831
11.89215755
17.90588188
16.52941132
11.70588589
9.21568871
14.78627586
10.91176605
5.55294132
5.86666632
13.98627472
7.58039331
5.83921623
9.84706116
9.77843189
12.04901981
13.89411831
8.74117661
12.99608040
17.13529396
17.17843437
11.99411869
9.08823586
14.34705925
11.52941418
5.57647038
5.91764784
14.06078434
6.95294094
5.73137283
9.75882530
9.96470547
12.68431473
15.03921700
8.37254810
13.13529396
16.73725510
17.24117851
13.01372528
9.35882378
13.70784378
11.48039341
5.67647076
6.03921556
13.84705925
6.39215803
5.68235350
9.82353020
10.92745209
13.69019890
14.68823624
8.36666679
12.69215870
16.29607773
16.87451172
13.48431492
9.50000095
12.43333530
10.60392094
5.85882425
6.24313736
14.00588322
5.69019651
5.81764698
9.89999962
11.06666660
14.31764889
13.81372356
8.99411774
12.13725662
16.04706001
16.44117928
14.22352886
9.25686359
10.83333111
10.12745285
7.19019699
6.55294180
13.90784454
4.88235331
6.97254848
10.91764832
10.71372509
13.89020061
12.41176414
10.24706078
11.77647114
16.10980415
17.20784569
15.31176567
9.61176491
9.80588245
10.15686417
7.96862936
6.82745171
12.88823795
4.46862793
7.60588312
12.66862869
10.65490246
14.25294209
11.79411793
10.26078510
11.90196133
16.21372795
18.47254944
15.83333302
9.99411774
9.48823452
10.67058849
7.70196056
7.26666689
10.96078396
4.56078482
7.71176481
13.64706230
11.65098000
14.02941132
11.70000172
10.38235378
12.32549000
16.91764450
18.95490074
16.37254906
10.01568794
9.59019661
11.29411793
7.29803991
7.48235178
9.07255077
5.22549057
8.18431473
13.95882225
12.71961021
14.08235359
11.97451019
10.58431435
12.87254906
17.74705887
19.17842484
16.77254868
10.48235226
9.86274433
11.31372547
7.29607868
7.50392246
9.06274414
6.18039274
8.43137264
14.19411755
12.89019585
14.29019737
12.73529720
10.60784340
12.50784492
17.60980606
19.39019585
17.32941246
10.78431320
10.11568642
11.13333321
7.95098019
7.88627481
9.08431435
6.83333302
8.53333378
14.01372337
12.60000324
14.93725395
12.93725777
10.53529549
12.69019794
16.63137436
19.36470604
18.15098381
10.96078491
10.03529358
11.45882225
8.38627625
9.03921509
9.80980396
6.83529377
8.88627529
14.50196171
12.05882263
15.75490570
12.76862812
10.56470680
12.34509850
16.05294228
18.95882225
18.45294571
10.81372738
10.26274490
11.68627739
8.45686436
9.71176529
11.86078739
7.90588379
9.20784378
15.14314079
11.82745075
15.99608040
12.41765022
10.76078606
11.52156734
16.41568565
18.52941132
18.05882645
11.46470547
10.34313774
11.49607754
8.58039284
9.45098019
13.43725777
8.85490227
9.17843151
14.81176853
10.80392456
15.36078262
12.05490398
11.39411926
10.27647209
17.12352943
18.41765022
17.65686417
12.03137398
11.40000248
11.38627625
9.00392437
8.80392265
13.54313946
9.22352982
8.97254944
14.56666946
9.82353115
15.00784206
11.89411926
11.89019775
9.11176586
17.80588150
17.57647324
16.73333359
12.70000076
12.11568737
11.25294113
9.23137379
9.89215660
13.58823490
9.49019814
9.15490150
15.29999828
9.43333530
15.00784111
11.35686302
11.72745228
7.71568727
18.64705658
16.81569099
16.81372643
12.82156754
12.66862965
10.73529434
8.96078587
10.20784378
14.99607849
12.16078568
9.54706097
15.30980396
8.98039246
14.90392113
11.80980396
11.56862736
7.20980453
18.79019356
17.33725548
16.39607811
12.95882416
12.92156792
10.13333416
8.32353020
9.64313793
18.48627472
13.35882664
9.84117699
14.32549095
8.54313755
15.10000038
12.48823833
11.91960716
6.83333302
18.33333206
17.82549477
16.15686417
13.02353096
12.87255001
9.55294228
7.46274614
9.57451057
20.89803505
14.15098095
10.01372623
13.80980587
8.64705944
15.17646980
12.97451210
12.37647152
6.63333416
18.11960793
17.94705963
15.97255135
13.33921623
12.58235550
9.40588188
7.06470585
9.87843227
21.33332825
13.97451210
10.28431511
12.77058983
8.48039246
14.99411869
12.92353058
12.65882397
6.96078396
17.84510040
18.12745094
16.32157135
13.85490036
11.80196095
9.42745113
7.20196104
10.11568737
20.75686264
14.54313850
10.86470699
12.33333492
8.55686378
14.28823566
12.64117908
13.21176529
6.66470623
17.81960869
18.12745094
16.86078453
14.03333473
11.59803963
9.38627625
7.16862822
9.99803829
19.27059364
14.37254810
10.52941322
11.95686436
9.22745323
14.18235207
12.26863098
13.19019699
6.51176453
18.03921318
17.90784454
16.82353210
13.69608021
11.53725529
9.17255116
7.11372757
9.51372528
19.04902077
14.12941265
10.24902058
11.89804077
9.60784245
15.15294075
12.06274605
12.38235378
7.11960793
17.99608040
18.12549019
16.00392342
13.44509888
11.36470604
9.58627510
7.33529425
9.29019547
19.65098190
13.73333454
10.90587997
12.38627434
9.34509850
15.40000153
11.89019871
11.30784607
8.12353039
17.46862984
18.85490417
15.23921680
13.30196285
10.96470833
10.39803982
7.69411707
8.83529472
19.42941475
13.26666927
11.18235397
12.80196285
10.12745094
14.65294170
11.79803848
10.34313774
8.48823547
16.55490112
19.45294380
15.07058907
12.97254944
11.38431549
10.34705830
7.85294056
8.16274643
18.11372757
12.44901943
11.45686340
12.63921738
10.16274452
14.59019566
12.14117622
9.97647190
8.37647057
15.80980301
19.50980759
15.20196247
12.57254982
11.75882339
9.85686398
7.88627529
8.17254925
17.83333206
12.30392170
12.39019871
12.55490303
9.47450829
15.05294323
12.81372643
10.20980453
8.35882378
15.48431683
18.76470566
15.30588627
12.28627396
11.80392170
9.68823624
7.56274557
9.00196266
17.75294113
12.23333549
12.96274376
13.29411888
9.04902077
15.24705887
14.18039322
10.32745171
8.85686398
15.15294266
18.30784607
15.28627586
12.01764870
11.59804153
9.93725395
7.01176453
8.79411888
17.28627586
12.13529301
12.85882378
13.44509983
8.76470566
14.45294380
15.48039246
10.00000095
9.25686359
15.25098133
18.58039665
14.33725548
11.71961021
11.28235435
10.21568680
6.50588226
8.37451172
16.44902039
12.65098190
12.73725700
13.24509907
8.56470490
12.82745266
16.08235168
9.85882282
8.50588322
15.03529263
19.15490341
13.88431358
11.30000305
10.78039265
10.60588360
6.39215755
7.83725548
15.94706059
13.20392323
13.27058887
12.15686417
8.82744980
11.76274490
15.79411888
10.22549152
8.08627415
14.05882454
19.65098000
14.18235302
10.72353077
10.16862774
11.33529663
6.43725491
7.52745104
15.31568527
13.79607868
13.63725662
11.75098038
9.29803944
12.28627300
14.17843056
11.01764679
7.61764908
14.11960983
19.43137169
14.69608116
10.27255058
9.70000076
11.60784435
6.48823547
7.17254925
14.31372452
14.66274548
13.29803944
12.68627644
10.50980377
13.64705944
12.64117622
11.69019794
6.51568604
14.51176453
19.36078262
14.28823471
10.14509869
9.43137360
11.36078358
6.64902020
6.87450933
13.60784340
14.71960831
13.14705944
13.32941246
12.66078377
13.97647095
10.80784512
11.49019623
5.86470556
15.00196266
19.17647171
14.00588417
10.18039131
9.27843189
11.49999714
6.83921576
7.21960831
13.18235111
14.19803810
13.30196381
13.26274395
14.17450905
12.95294094
10.48823643
10.79803944
5.43921566
14.86862564
19.05098152
14.27254868
9.79215813
9.62745190
11.51372528
7.51960802
7.44509840
12.70980358
13.56274605
13.45882416
12.60000229
13.96274281
11.65882301
10.75686550
10.43137264
5.41960859
14.96470737
18.90392494
14.30588436
9.38039207
9.82353115
11.32941341
7.69607782
7.36274481
12.10784531
13.02745056
12.57254982
11.91176510
13.16078472
10.76862717
10.38823509
10.94705868
5.10784340
14.54705715
18.77647591
14.84509850
9.19019794
9.58039188
10.60784435
8.69411659
6.61176443
11.62941074
12.53137398
11.94117546
12.06078434
12.57647038
10.04509926
9.48823452
10.75098038
4.69607830
14.25098038
19.20980644
15.60588264
9.91568851
9.38627625
9.65882492
10.22352886
5.97451067
11.82352829
12.75098133
11.69804001
12.65294170
11.62548923
9.60196114
9.09019661
10.92352867
4.14117670
14.29608154
18.63137817
16.01568794
9.88235188
9.33921719
9.05882263
11.69411850
5.71764755
12.27647305
13.31568813
11.99607754
12.68431664
11.24117565
9.05686378
9.57254887
10.90980339
3.90196085
14.54902172
17.80588531
15.91960812
9.65294170
9.34117699
8.76666641
10.80196285
5.46666670
12.20784378
13.52353001
12.23921585
12.94313812
11.03725433
8.52156830
10.20588207
9.88431358
3.74509859
14.46666622
18.08823586
15.68823719
9.45098114
9.77843189
8.70980453
9.02353096
5.44117641
11.35098076
13.77843285
12.38235283
13.77255058
10.91176701
7.81568718
10.48235416
9.11764717
3.41176462
15.13725471
17.95882416
15.56666470
9.48039246
10.22353077
8.78039265
8.20196056
5.43529463
10.47058964
14.28039360
13.19019604
14.36470699
10.60980225
6.98823404
10.19999981
8.88235283
3.52745128
15.25098324
17.45098495
14.95686436
9.87254906
9.82941246
9.17647171
8.21960831
5.72156954
10.04117870
14.44117832
13.73725605
14.54313850
10.05686092
6.21764755
9.82745171
8.60980606
3.73333359
14.26666641
17.23333359
14.97647190
10.50784397
9.26274776
10.36078644
8.54509830
5.80000114
10.14901924
14.47843170
13.15686321
14.30392265
8.91176510
5.90392208
9.76666737
8.57843113
3.54509783
13.35098171
16.90784454
15.59019661
10.38823605
8.86274529
11.30196381
7.86274481
5.65686274
10.56862831
14.63333321
12.03921604
14.36078835
8.50784397
5.58235407
10.21372509
7.55686235
3.41372561
12.79215717
16.45294380
15.92157078
10.88235664
8.98039246
12.16666698
7.40196085
5.73725414
10.24705791
15.06862736
11.30000114
14.27647305
8.41960907
5.63137245
10.92353058
6.00980473
3.34705901
12.89215946
16.59804153
15.97058964
11.55098152
9.34117699
12.56862831
7.71568727
6.34705877
10.12156868
15.49411774
11.41764736
14.18039322
8.09607887
5.51764679
11.51960945
5.46274471
3.55098081
13.44706059
16.23137474
16.78823471
12.54706001
9.81764793
12.51765060
7.94509792
6.87843132
10.90588379
15.29803944
11.83333397
13.51764679
8.30392265
5.38627481
11.99215794
5.84902000
3.64117670
13.95294285
14.60784531
17.20195961
13.17843246
10.53529453
12.31372738
8.14706039
7.18039322
11.83921528
14.71961021
12.41960907
12.38039207
8.96078587
5.58627558
12.20196247
5.84117603
3.67254949
14.48431587
13.61372662
16.37647057
13.19019699
11.19215679
11.61764812
8.42745018
7.45686293
12.71176529
14.38039017
13.14509869
12.17255020
9.60784435
5.60588312
12.12352943
5.26862812
4.16470623
14.35294247
12.62941170
15.49412251
13.18039322
10.80784416
10.95098209
8.29019547
7.76666737
12.94509888
14.37255001
12.97255039
12.32549381
9.62549210
5.65882397
12.65097904
4.66666746
4.14313793
13.98431492
12.56470680
15.64509964
13.58627701
10.17647171
10.78627586
8.21764851
8.77451038
13.63921738
14.31960869
12.36078453
12.35294056
8.82941246
5.85490274
12.82549095
4.43725538
4.15294170
14.27451229
12.55098152
16.03725433
13.79803944
10.01372623
10.28235435
8.12941170
9.46470642
14.18627644
14.84313774
11.29804039
11.76666355
7.31372499
6.50392103
12.56666851
4.29019547
4.38823557
14.05686283
12.19215775
16.07255173
13.10392284
9.55490303
9.94706059
7.44313812
10.12156868
14.56078625
15.63333607
10.34705830
11.26078320
6.45686245
7.37451077
11.33137226
4.26274538
3.82549024
13.09019852
12.66078568
16.35293961
12.37255096
9.51960850
9.66078472
6.89019585
11.28039169
16.15882301
16.05490303
9.99608040
10.72941303
6.99019718
8.38627434
10.60392189
4.15882397
3.53725505
12.71960831
13.01176643
16.52157211
12.70000076
9.75098324
9.22353172
7.73137331
11.90392208
17.46666908
16.04313660
9.94901943
9.81960773
7.66862726
9.15098000
10.53725433
4.12941265
3.53725505
12.02941418
12.40196228
16.02353287
13.13137245
9.47254753
8.48627472
8.89019585
11.49803829
18.45098114
15.64509964
9.72941303
9.25490379
7.58039188
9.47255135
10.57647038
4.23921633
3.11176491
12.13725662
12.49215698
15.91176605
12.88235569
9.71372509
7.48823500
9.09607887
10.95686150
17.68431473
15.06078625
11.13725376
9.04705811
7.25882339
9.87647057
11.12549114
4.33333397
3.36470580
12.82548904
13.19411850
15.70980453
12.79804325
10.00784397
7.26862812
8.57647133
10.81176376
18.06274605
14.94510078
11.84705830
9.35098267
7.03921509
9.40392113
11.79019737
4.06470585
3.80784369
13.07843113
14.03137207
15.07843304
13.22941589
9.60196209
7.00980473
8.01960850
10.91960907
19.23529053
15.03725815
11.07647228
9.14902020
6.76470470
8.89215660
11.63921452
3.81764746
4.21764755
13.03137493
15.01764870
14.52941132
13.36274529
9.52745152
6.65490246
7.66078520
11.10196114
18.69607544
15.14705944
9.49215794
7.94705915
6.23921633
7.81960773
11.18823528
4.11764717
4.91372538
13.11568737
15.80588150
14.02157021
13.40588379
9.59215736
6.20784330
7.41764736
11.19804001
18.81960678
14.64509869
9.34117699
6.96078444
5.82353020
6.39803982
10.77843285
3.69215727
5.94509840
13.10980511
15.74314117
13.81372643
13.20980263
9.77842903
6.04117584
7.30392170
11.68431377
18.80980110
14.25294113
9.65294075
6.84902048
5.37451029
5.43725443
10.30980492
3.57254958
6.00392246
12.85098076
15.21961021
13.16078568
12.82549095
9.72941208
6.17843056
7.15882397
12.13921738
17.97451210
13.16274452
9.81960964
7.49607897
5.18627501
5.56862640
9.80000114
3.30196071
5.37058973
12.54509830
14.23921680
13.23333168
12.80392170
9.29411983
6.62941265
6.87254906
11.73137379
16.95097923
12.63725281
9.32157040
7.26470613
5.50196171
6.08627462
8.35098076
3.59999990
5.14901972
12.18431473
14.15882683
13.66078472
12.87058830
9.12745190
7.50392056
6.90784311
11.17254829
16.08431625
12.96666718
8.60784340
6.83725595
5.65882444
6.32549095
7.52941179
3.14705968
4.79411840
11.66274548
14.95294380
13.97450829
12.90784645
9.33725357
7.96078491
6.22352934
11.19411945
16.66274643
13.21176529
8.12941265
6.31176567
5.39215755
6.33921671
8.00392246
3.07058811
4.32156897
12.09215832
15.19804001
14.35686398
12.25490093
9.49804020
8.18823528
5.42353010
10.96470642
16.78039360
13.27058887
8.07058811
5.99411821
4.63333321
6.40784359
8.37451077
3.04509878
3.96470594
12.87647343
14.88823509
14.33921623
11.93333340
10.47255039
8.71176434
4.75098038
11.17450905
16.66470909
13.12745380
7.45098019
6.04117775
5.20980406
6.70000029
8.26666641
3.24117708
3.75686264
13.57254982
14.08823586
14.12352753
12.08627510
11.03725815
8.26078415
4.02941179
11.15098095
16.04706001
12.82941341
7.43921661
6.30588293
7.26078415
6.82941246
7.55686235
3.05490255
3.77451015
13.45490360
13.75686264
14.76274681
12.47254848
10.47451019
7.69215727
4.13921642
10.53921509
16.34117889
13.44509792
8.11568832
7.40784264
8.18039227
6.37255001
6.46666670
2.80588245
3.85490227
12.59803963
13.10392284
14.65098381
12.20980453
10.25098038
7.61372662
4.38431406
10.18431282
16.78823471
13.41372776
8.40784264
9.21176624
8.00588226
6.30196142
5.70588303
2.90784359
3.55294132
12.91764641
11.77058887
13.48039246
10.74117661
10.73529530
7.28627491
4.63921547
10.67058849
17.79804039
13.64313698
8.30980492
9.81372643
7.80392170
6.67451143
5.61568689
3.16078496
3.56862712
13.07843399
10.95294189
11.58039284
9.43725586
11.02941322
7.16078520
4.64509869
9.93333435
17.31568718
14.55882359
8.17058849
9.27451134
7.05294228
6.46470642
5.52745056
3.51176429
4.43725586
12.23333549
11.57843304
10.73137188
9.00588417
10.81372547
7.13137245
5.18235350
9.69411945
15.94902039
14.15294361
7.97450972
7.68039131
6.05686331
5.69803905
5.14901924
3.41372609
5.19804001
11.24705982
12.02941322
11.61176491
8.62352943
10.45686340
7.11568737
5.66470575
9.94705868
15.39804077
13.55098152
7.56274366
5.79607868
5.40392208
5.50784349
5.41176558
2.97647095
5.62941217
11.25882530
11.60000038
12.24706078
8.19607925
9.69608021
7.49215794
5.35098124
9.58039188
15.42745209
11.76274586
7.71960783
5.23529434
5.50000048
6.20392227
6.13725615
2.43137288
6.98039150
11.43333244
11.33921814
13.00588322
8.21764755
8.82941246
7.68627405
5.14705849
8.33529568
15.21372604
11.15882683
7.24705839
5.64705896
5.54117727
6.87451029
6.10588312
2.31960797
8.62745094
10.79607868
10.87647247
13.00980377
8.26666641
8.26078510
7.01764774
4.72352982
7.71764708
15.43921661
12.67843437
6.66470575
6.60392141
5.90196085
6.84313822
5.47058868
2.10784340
9.54902267
10.85490322
9.99607754
12.75882339
7.69215631
8.56666756
6.25686264
3.94313788
7.90784454
15.30784512
12.83137321
6.88235331
6.62156916
5.71176481
6.63137341
5.29019594
2.92352986
10.49804020
11.63333321
8.55294132
12.76274681
7.06862831
9.10784340
6.21764755
4.00588322
7.84313774
14.30196095
12.42941189
6.85294151
6.27058792
5.72157001
6.50196123
5.50392199
4.40784359
11.71960735
11.83529377
7.69215775
11.95098114
6.99019527
8.84902096
6.54705858
4.41176414
7.65490246
14.58039379
12.42745113
6.59411764
6.25686359
6.37254953
6.61764717
5.79607868
5.94313812
12.03137398
11.53529453
7.45098114
11.08235455
6.76666689
8.73333549
6.70588255
4.53137398
7.98627567
16.74509811
13.82353115
6.13333368
6.41764736
6.26470709
6.51176500
5.73725557
8.51960850
11.90980530
11.18627453
7.89607859
10.24117661
6.68039227
9.08039188
6.16666746
4.77843189
8.16078568
18.88823891
15.38235283
5.94901943
6.53333378
6.03333282
6.01960897
5.26274586
11.28235435
10.71568680
10.95686436
7.72745132
9.90196133
6.57058907
9.53921700
6.01764774
4.62745142
8.10000038
19.60784340
16.19411659
5.68823576
6.23921585
6.58823538
5.39215755
4.97058868
12.24313736
9.09607887
10.30588341
7.52549076
10.17843151
6.32549095
9.32745075
6.83137274
4.39803982
7.81764746
18.80784607
16.18235207
5.12352943
6.62941217
6.86470699
4.98039150
4.79411793
11.99607849
7.53333235
9.39215755
7.55686331
10.54902077
6.46470594
8.58823586
7.01764774
4.91372633
7.90196037
17.98235512
16.86078453
5.01960802
6.69215631
7.22941113
5.37450981
4.96470547
12.19411755
6.06078482
9.80980492
7.43725586
10.92745304
7.28823566
8.46470642
6.57647181
5.46470642
8.38431358
17.22549057
16.52745247
5.57843065
6.49215746
7.38039255
6.07254839
5.82352972
11.13725567
4.76078415
10.63137341
7.49019623
10.58823490
7.56470585
9.11372471
6.29804134
4.81568670
8.46666813
16.57451057
14.85882378
6.38627434
5.83725595
7.48823500
6.44705963
7.56274605
9.51960850
4.18235350
10.11764812
7.60784292
9.59019566
6.96274614
9.59804153
5.70392179
3.56862783
8.07647038
17.79216003
12.70980453
7.26470566
5.35098124
7.37254906
6.82352924
9.40000057
7.76470613
4.24313784
9.36666679
8.44117737
8.69215679
6.39803839
9.38039303
5.28627443
3.29411793
8.42745113
19.17058754
10.64313602
7.23137331
5.38431358
6.92352915
6.85294104
10.31372547
5.57843113
4.17058802
8.59999943
9.48431396
8.93137360
6.46274614
8.83137417
5.18039227
3.11176538
8.11176491
18.38039398
9.45882320
6.10588312
5.71568680
5.82745171
6.34901953
11.39608097
3.96078515
3.95490289
7.82353020
9.75294304
8.85686207
6.83529472
8.81372452
5.24705887
2.92156911
8.46078396
15.70392227
9.45882320
5.56078482
6.62156963
4.75882435
5.64509916
10.47255039
3.49607873
3.32745123
7.54509783
9.26078415
8.62352943
6.98039150
9.07843304
5.20000076
2.71568632
8.50392246
13.81176662
10.19607925
5.63333416
8.42745113
5.11568642
4.95490265
9.31764698
3.76666713
2.98039222
7.70588255
9.03137398
8.31568527
7.04705858
9.00392151
5.75882339
2.70392251
8.05686283
13.38235188
10.95882225
5.59804010
9.21960926
6.91176510
4.72156906
8.73333454
4.02549028
2.89803934
8.21764755
8.95686436
8.22352982
6.43725538
8.72549248
5.94902039
2.42549038
7.46666765
13.03725815
12.32745171
5.80000067
9.71372604
8.44901943
4.47058773
7.96862793
3.85882401
3.16666651
9.07058907
8.76274586
8.58823681
6.29607916
8.10392189
5.76862717
2.89999986
6.96274424
12.23137379
12.69019699
6.24313736
9.07058811
8.78235340
4.03137255
7.79607868
3.49411798
3.16470623
9.88235378
8.68823624
8.79607773
6.31764698
7.21960831
5.10000086
3.21960783
7.14313745
10.79607868
11.42157173
6.40588284
7.30784225
8.55098248
4.13333368
7.83333302
4.11176538
3.80000067
10.79608059
9.63921642
8.92353153
5.90392113
7.27647114
4.35490227
3.14117718
7.22745132
10.00588322
9.60980511
5.45882368
6.33333445
8.37843227
4.10000038
8.02941227
5.26078510
3.91176534
11.09019661
10.39411831
8.83137226
5.72548962
7.01176548
4.14313745
2.73921561
6.66862822
9.75686455
8.40980339
4.66666698
5.66078520
8.34117508
4.46470594
7.48039198
6.10784197
3.62156916
11.41764545
10.75686455
8.72157001
6.12744999
6.29803896
3.84509897
2.43137312
6.10000038
9.25294018
7.29215670
4.78627396
5.10784340
8.30000019
4.40588331
6.07647038
6.10588217
3.27843142
11.57058907
11.26470470
8.25882339
6.95490217
6.00196028
4.00980425
2.35294127
6.12156868
9.40196133
6.95686245
5.21568584
5.61960840
8.02745152
3.87058854
5.56274557
5.64117622
3.30784392
11.57254982
11.10588360
7.99804020
7.08431339
6.17254972
4.24509764
2.30000043
6.19215727
10.19411564
6.78235483
5.86862850
6.72941208
7.40392303
3.62549019
5.93725491
4.79411840
3.23333383
11.75686359
11.10196304
8.05490208
6.59803963
6.45686293
4.35294104
2.26666713
6.03333426
10.20588398
5.61960840
5.17647028
8.07647038
6.54705858
3.87450981
6.76666689
4.61960793
3.73529434
12.49804115
10.80196190
8.00196075
6.56470633
6.68039227
4.62745142
2.30588245
5.49215746
8.41960716
4.30784369
3.96666718
8.42157078
6.64902020
4.08823538
6.15882444
4.43529415
3.46274543
13.33137703
9.99411774
8.12941170
7.03921556
6.53137302
4.68431425
2.29411769
4.52745104
7.69215727
4.21372509
3.52156901
7.09803867
7.95882368
4.03333330
4.80588293
4.10980368
2.79019666
13.49215603
10.01960850
8.81764793
7.32941151
5.62941170
4.79019642
2.67058873
4.23333406
7.10392189
4.68235350
3.61764693
5.75882387
9.66666698
4.33921623
3.93529463
4.00196075
2.70588255
14.02353001
10.19019985
9.21372604
7.35294199
4.92156839
4.51960802
2.74901962
4.58823586
6.93725586
4.95098114
3.45882344
5.08039236
10.50784302
4.51764727
4.05294132
3.98235273
2.57254934
13.97255039
10.25882339
9.57451057
7.46470690
5.18039322
3.83529449
2.54313779
4.98039293
7.53529453
5.02941227
3.54901934
5.26274538
11.03725719
4.12352991
4.70784378
3.97450972
2.89411759
13.39804173
10.25882435
9.55490303
7.47254944
5.06666708
3.83137321
2.13333368
5.07451010
7.92745113
5.21372604
3.99019647
5.72156954
11.07647133
3.81960821
5.90784264
4.00980425
3.07450986
12.51764679
10.47843075
8.93137360
7.21568680
4.62549019
4.07254982
2.17843175
4.89607906
7.90784359
5.10588217
3.83137298
5.95294142
10.79607868
3.95098042
6.24705982
3.97843146
3.02352977
10.96666718
10.75294209
7.99999952
6.98039246
5.00784349
4.24313736
2.23921561
4.70588303
7.81176472
4.96274519
3.48823571
6.02549028
9.97843170
4.19215727
6.39607906
3.90588331
2.90588260
9.55098057
10.48431492
7.62941217
7.23333359
5.40588284
4.53921556
2.10784364
4.98235321
8.12745094
4.80980349
2.87647104
6.89411879
8.88235283
4.36666679
6.29215670
3.75882387
2.50784326
9.12156963
9.90196323
7.88823605
7.72941256
5.57451010
4.33725595
2.41372585
5.50196123
9.17058754
4.00000000
3.07451010
8.75098038
8.27450943
4.26470613
6.39411926
3.65294170
2.14509845
9.86274529
9.79804039
8.46078587
7.87058830
5.56078434
4.33725452
2.18039227
5.21960783
9.94705963
3.62353015
3.41960859
7.80784321
8.01960850
4.30980396
6.41568661
3.38235354
2.29999995
11.04313850
10.17843246
9.03921604
8.11568737
5.33921671
4.52549028
1.90980434
4.66666698
9.44313622
4.79019642
3.35294151
5.91176605
8.12745094
4.55686378
5.66078520
3.26862836
2.46078491
11.73529625
10.16078377
9.16862679
8.09411812
5.00392103
5.35490131
2.04705930
4.47647095
9.14706039
5.22157001
3.40000057
5.67647123
8.72549248
4.59019566
4.83137321
3.30980444
2.52352953
12.08627510
10.10000038
8.89019585
8.12745190
5.24313736
5.96078444
2.26274514
4.25098038
9.58627510
5.33333302
3.74705887
5.60392189
9.30392361
4.43333340
4.48039246
3.45490217
2.62745166
11.90980434
9.74901962
8.06666660
8.44509888
5.76078415
6.25882483
2.26666689
3.74117684
9.91372490
5.68235397
4.33529377
6.28431320
8.96470547
4.38823557
4.58235359
3.72941232
2.70784354
11.04902077
9.61176300
7.00392103
8.33921623
6.12549114
6.29607868
2.61372566
3.77451038
9.27451038
5.18235350
4.87843180
6.90588284
8.04901886
4.25294113
4.12156868
3.68823528
2.52941227
9.77842999
9.80000114
6.64117718
7.86078453
6.08039284
5.59999943
3.16470623
3.84313774
8.80980492
4.52549028
5.18235207
6.37843132
7.35490274
3.88627481
3.63725495
3.52156854
2.50980425
8.31176567
9.28235245
6.66274452
7.59215736
5.55294180
4.83921623
3.40196085
3.31960821
9.16078377
4.76274490
5.28823471
5.78627491
6.98823643
3.54901981
4.12941217
3.87451029
2.85686302
7.69019651
8.90196323
6.62352896
7.52156782
5.98235369
4.35294151
3.36862803
3.30588245
9.34510040
4.75098085
4.99411774
6.75882387
7.11568785
3.68431425
5.24901962
3.87647128
3.08823586
8.25686264
7.45882368
6.54313755
7.62353134
6.18431425
4.47843122
3.46078467
3.06274509
9.43333530
4.18627501
4.63725519
8.35490322
7.73921728
3.78627467
5.49215746
3.63921642
3.37843180
10.02941036
6.40980339
6.42549086
7.59803963
5.99215651
4.41176510
3.00980401
2.50784326
9.47058964
4.77254868
5.21764708
9.49803829
10.48627472
4.11960888
6.16470671
3.32549071
4.11372614
11.13137436
6.43529510
6.43725538
7.07058764
5.54117632
4.19803905
2.90784383
2.64313745
9.13333225
5.42745113
7.49804020
10.04901981
13.35882378
4.63137245
6.53333378
3.01176524
4.72549057
11.64509869
6.89804029
6.86078453
6.48431396
5.72156811
4.25882339
3.62941217
3.18039203
9.19608116
6.21764803
11.00588608
10.53921509
14.29803944
4.28431416
6.61764812
3.08627486
4.75490189
11.62156773
7.39607811
6.85294151
6.56470680
5.72745180
4.62941217
4.41372633
2.87058854
9.07058811
7.66274500
11.84313679
10.46078396
13.86666679
4.17058897
6.53137350
3.81176496
4.69215679
11.67058849
7.85686255
6.27058792
6.88823462
6.01568651
4.89019585
4.40000057
2.56666684
9.49019623
8.67058945
10.16470814
10.32156754
13.08431625
5.37450981
6.78431416
4.59215641
5.13529396
11.52548885
8.07451153
6.11764717
6.87058878
5.90980434
4.90000057
3.60784411
3.08431363
9.94509888
9.01960754
8.66862965
10.72941399
12.57255077
6.18627453
6.31176424
4.84901953
5.71960831
11.61960697
7.67058897
5.85686302
6.55882359
5.67058849
5.13333464
2.54117656
3.56274509
10.00392246
10.16470623
7.08039141
11.19607925
12.37647247
6.48431444
6.13725424
5.37451029
5.50196075
11.71372509
7.43529463
5.11372662
6.11568546
5.81764698
5.14117670
2.45686269
3.23921585
9.27058792
11.73725605
6.23333359
11.12549114
11.96666718
6.56470680
6.27843237
5.45882368
5.05490160
11.96470737
7.45294142
5.12941170
6.52745152
5.76470566
5.03137302
2.79019642
3.00392199
9.00392246
12.61960602
5.59803915
10.52941227
11.32745075
7.01372576
6.76274538
5.33725548
5.48039198
11.37843323
7.70784283
6.04509735
7.24509954
5.99215698
4.61372662
3.01568651
2.95294166
8.82549095
12.86862659
6.11960793
10.64313698
11.02156925
6.95098019
6.50980377
5.24705887
5.25490236
9.90392208
7.77647209
6.29999971
7.38627434
6.41764688
4.34705877
2.81960821
2.69607878
8.20000172
11.79019737
8.01372528
11.10000038
11.05490303
6.96078539
6.68431377
5.57058907
4.79607868
9.01372623
7.48823547
5.97254992
7.05097961
6.72549057
4.67843103
2.81960773
2.48627448
8.01960850
10.85882568
9.18039227
11.31372547
9.61176491
7.48039198
6.75490189
5.98823595
4.82745028
8.86666775
7.00980473
5.65686321
6.80784416
6.71372604
5.12549114
2.86862755
3.00588226
8.59411716
10.62549019
8.80392265
11.12549305
9.47843170
8.11764812
6.30588293
6.06274509
4.56862831
8.67451096
6.62352943
5.18431377
7.05882406
6.25686264
5.21176481
2.57058883
3.90784311
9.07255077
10.65686607
8.74705982
11.50980473
9.81176758
9.01960945
7.10588169
5.92352962
4.58039236
8.33725548
6.89803886
5.18039227
7.30588293
5.53137207
5.05098152
2.39411759
5.39411736
9.59019756
11.45490265
9.52157021
12.31176567
7.97450924
9.49608040
8.62745190
5.72549057
4.40392160
7.84706020
7.19999790
5.63725424
7.15882444
5.23921680
4.70588303
2.15490222
5.66470623
10.25686359
13.24117374
10.62745094
12.88431454
6.77647018
9.06862831
9.77254963
5.89019632
4.37058878
7.28039312
7.86078548
6.12548971
7.33137131
5.35882378
4.65490246
2.33725524
5.14509821
10.17254925
14.85294056
11.05294228
12.73333359
6.31960821
8.17058849
10.49607563
5.82941151
4.62941170
7.43921709
7.93725586
6.34902048
7.28039169
5.32549047
4.78627491
2.99215674
4.46862841
9.76862717
15.32549000
11.39019585
12.90784359
6.52549076
7.82156849
10.79215813
6.08431530
5.72157001
7.48235321
7.73529434
6.45882511
6.50000095
5.23333406
4.77843285
3.21568704
4.18039227
9.18627453
14.55490112
11.51568794
12.15490150
6.15098047
7.36862803
11.13529301
6.67058802
6.30980539
7.04313755
7.66078568
6.12941408
5.68823481
6.20000029
4.92745018
3.32941222
4.10588312
9.45098114
14.27059174
11.18039227
10.70588303
5.51568651
7.10784388
11.46666718
7.05882406
6.33333445
7.19607782
6.91960859
5.62941265
5.64313745
7.36078358
5.29411745
3.42352962
3.94509816
9.41764736
15.09608078
10.86274624
10.61764812
5.68235350
8.26274586
11.40588188
6.78823471
5.82941294
7.71372604
5.94509888
5.78039265
5.97254944
7.56274557
5.57254934
2.98823547
3.52745128
8.84117699
15.44117641
10.34509945
10.61960888
6.26470613
11.09019661
10.80980492
6.01568747
5.76862860
8.19607830
5.51764727
6.46078539
6.08823538
6.57255125
4.68823528
2.96078420
3.17451024
8.74117661
15.11176682
10.56470776
11.63529491
6.08039284
13.34117794
10.14901924
6.17058992
5.61764717
8.89019775
6.48039150
6.83921576
6.02941275
5.45098162
3.09999990
2.97843218
3.12549019
8.73529434
14.42157173
11.19608021
11.94902039
6.15490198
13.44509888
9.29411793
6.51568699
5.30000162
9.28431511
7.54705906
6.96078396
6.11372566
5.00196075
2.04901981
2.73137283
3.29803944
8.39607906
13.94705772
11.39019585
11.76078415
6.88235331
11.20980453
8.93333340
6.54705906
5.05686283
8.22156906
8.45098019
6.61568594
6.06078434
4.80000019
1.91372573
2.40000033
3.41960859
7.66274548
12.74313831
11.82156944
12.07647133
7.03921652
9.58235264
9.22352886
7.20784330
5.08235359
7.76274443
9.14705944
6.59803963
6.04117584
4.22156954
1.63333368
2.35686302
3.21764684
7.57647085
11.24313927
12.38039303
11.79215717
6.84117603
8.82941151
9.10980415
8.17647171
5.28431463
8.17451096
9.21764755
6.51568699
5.93137264
3.61176491
1.85686314
2.49803925
3.00000024
8.05882359
10.82745171
11.59803963
10.92548943
6.97254944
7.62941217
8.69607925
8.28823566
5.58823490
9.06274414
9.04509830
6.09411907
5.39411688
3.23529458
2.67843151
2.55686283
2.85490227
8.18431377
11.11568832
10.34902096
11.47451496
7.46666622
6.42156887
8.80000019
7.75490189
5.69999981
9.54509830
9.08235359
6.11568642
5.04117584
3.19607902
2.84117675
2.55686283
2.71372581
8.18823528
11.37843227
10.20784283
12.30784416
8.36470795
6.42549038
9.28431320
7.26470566
5.58235264
9.19019604
8.90196228
6.36078596
4.44117737
2.94117641
2.91568637
2.40588260
2.60784316
8.51764679
10.68823528
10.08823490
12.89411926
8.46470737
6.59215689
9.63921642
7.30980396
5.62941170
7.73333359
7.95882273
6.52549124
4.10784292
3.13921571
2.63529420
2.38039255
2.76470661
8.71372604
10.03333759
9.30980396
11.90000057
6.63725567
6.47647142
9.61764717
7.73725510
5.39215708
6.00784302
7.31764746
6.52156878
3.91764712
3.45294166
2.62352967
2.35686302
3.25294137
9.07843018
10.45490170
8.40196228
9.66078568
5.45294142
7.03333426
9.45490360
7.98431444
5.22549057
5.74901915
6.90588236
6.24902105
3.86470580
3.46078467
2.48823547
2.38039255
3.80784321
9.17058945
12.20000172
8.01960945
8.71960831
5.06666756
7.09607887
9.91764641
7.88627481
5.05294085
5.95294094
6.79607868
6.03529263
3.65098071
3.53333378
2.35490227
2.39411831
5.09019613
9.16666698
12.68431377
7.38627434
8.90980434
5.74117661
7.49803925
10.63529491
7.21372604
4.74117613
5.79999971
6.71568775
6.24117661
3.53725505
3.51764727
2.38823557
2.21372581
6.14117670
8.23921585
12.42745304
6.56078434
9.16078472
6.70588350
7.83137417
10.71961021
6.61764812
4.50392151
5.77058840
6.87843037
6.74902105
3.75882387
3.12549043
2.20588231
1.79215729
7.21372604
7.24509859
12.41764641
6.35490227
9.49804020
7.17451096
7.27843189
10.18431473
6.62156916
4.48235321
5.49215698
7.81176567
7.14509726
4.06862831
2.95098066
2.10000014
1.39215720
7.79607821
6.50196075
13.13725471
6.41568756
9.26862812
8.12941170
7.60392189
9.46078205
6.67058802
4.50392151
5.23333359
7.99803972
7.30980349
4.00196123
2.96274495
2.11176491
1.49019623
7.09804153
6.63333416
13.31960869
5.88627481
8.44509792
8.04901981
7.93333483
9.18823624
6.36862707
4.77254820
4.89019680
7.88039303
7.28823519
4.06078434
2.59607816
2.22549057
2.10588264
6.10784388
7.29803991
11.56862831
5.16862774
8.34509850
7.28627539
8.35490131
8.09019756
5.99607849
4.53529453
5.39019728
7.38627529
6.84902000
3.98235321
2.31568670
2.40980434
2.58823562
5.10196114
7.55294132
9.28235435
5.15490246
9.28823566
7.13137293
9.49411774
7.25098085
6.03529501
4.41372538
6.25882435
6.99019718
6.44902039
3.71764708
2.47843194
2.49019647
2.54313755
4.27843142
8.29803944
7.88823652
5.83529377
10.95294094
7.25294209
9.79804039
6.67647028
6.41960859
4.56078482
6.99607897
6.75490332
6.51764870
3.35098076
2.53725505
2.38823557
2.54117632
3.77647042
8.36666679
7.21764803
7.10196114
12.29803944
7.23725510
9.53725529
6.57058859
6.50980425
4.66470575
7.37647057
6.88627434
6.46470737
3.50980449
2.60784340
2.37843180
2.50588250
3.86274552
8.12941170
6.95294189
7.95098019
11.37451172
6.52549124
9.09607983
6.93529367
6.19803905
4.51960802
7.16274595
7.56666708
6.21568727
3.79607916
2.97451019
2.51764750
2.26078439
3.81176448
6.90588284
6.65490150
7.92941236
9.82941341
6.61176443
8.42156887
6.86470652
5.92941236
4.23529482
6.86862850
8.02156925
6.03529453
3.43333411
3.04117703
2.61960816
2.40196109
3.22156882
6.47254944
6.00392389
8.19607830
10.45882511
7.04117727
7.02156925
6.53137255
5.81568670
4.06470585
6.60196114
7.84117699
5.84313726
3.79019594
2.56274509
2.42352962
2.08039236
2.80392170
6.19019604
5.68823528
8.46862793
11.10784245
8.82549095
5.89999962
6.51372623
5.83725548
4.31568670
6.08235407
7.17451048
5.52745104
4.20196152
2.30000019
2.30588269
2.24117661
2.68039274
5.72352982
5.62352896
7.93333340
11.07843208
10.16078472
5.77843189
6.67647076
5.86078501
4.69607830
5.51960945
6.63137245
4.76666737
3.98235369
2.20784330
1.72745132
2.37254930
2.15490222
5.11568642
5.56666708
7.02745056
10.80784321
11.53725433
5.93529415
6.80980396
5.98431444
5.49411726
5.21568632
6.48823643
4.38235283
3.45686293
2.18627501
2.11372590
2.37058830
2.11372590
5.35294151
5.42745161
6.61764812
10.80784225
12.80588150
5.96078491
7.27843189
6.54313898
5.58039284
5.05294132
6.50196123
4.45882416
3.19411802
1.99019635
2.20196104
2.48235297
2.31764746
5.13725424
5.12156916
6.58235312
10.30784416
12.22156811
5.81372595
7.77058887
7.46274519
5.95294142
4.96078539
6.39215851
4.60392189
3.43921566
1.88235331
2.03137279
2.22941208
2.97058892
4.17451000
4.93725586
6.76862764
8.88627529
10.86078453
5.30980444
8.19803905
7.98431349
6.15490055
5.20392179
5.66862822
4.74117708
3.51568651
2.06078482
1.90784323
1.86078465
3.09607887
3.79215717
5.16274643
7.02353001
7.71764708
10.70784378
4.56666708
8.73333263
7.90980434
6.26470709
5.64705896
4.67843199
4.60000086
2.94117641
2.31176496
1.87843192
2.12156868
3.12549019
3.62156892
5.48235369
6.90392160
7.34509850
11.86274719
4.29411793
8.90588379
7.70000029
6.13921595
5.82352972
4.06862783
4.33529472
2.83333373
2.65686297
1.61960816
2.03921604
2.55490208
3.95294142
5.18431330
6.43529463
8.54509830
12.14705849
4.96666718
9.43921661
7.66470528
5.73333359
5.49411821
3.68235397
4.39411783
2.90784383
2.59019637
1.70588279
2.03333354
2.30196118
4.44313717
4.69804001
6.05098152
11.09411907
10.12941170
5.91764736
9.77451038
7.65098095
5.39019585
5.71764708
3.58235288
4.32941246
3.24509907
2.30392194
1.80784345
1.92941201
2.43529439
4.27254963
4.23725510
5.84902048
11.10784340
8.26862812
6.73529482
9.82745171
7.76470613
5.15490198
7.59215736
3.72548962
3.93529439
3.38235283
2.03725505
1.82549059
1.60980403
2.79019642
3.58627534
3.71372581
5.38431358
9.39411926
7.51764774
7.08039236
9.51372719
7.76274586
4.75490141
8.94117737
4.00392151
3.57254863
3.07451057
2.24509811
1.84117663
1.40000033
2.97647095
3.44705915
4.06274509
4.78235245
7.30392265
7.63137197
7.45490313
10.03529358
7.30588293
4.57451010
8.68823719
4.15882397
3.78823614
2.90000033
2.66470623
1.98431361
1.60784328
2.68627429
3.73921561
4.67647076
4.59019566
7.02745104
7.52353096
7.96470642
10.92745018
6.84902000
4.79803991
8.66274548
4.13921642
4.21372604
3.14313722
2.70784307
2.25882363
1.85686290
2.45490193
3.78823590
4.56862736
4.98627520
7.87647200
6.49607897
8.23333454
10.85686207
7.04901886
5.07254982
8.98431396
4.38235331
4.37843275
3.40588284
2.42941189
2.49215722
1.78039277
2.87843156
3.61372542
4.60980415
5.70392227
7.88235283
5.56666756
8.25098228
10.40392113
7.56078482
5.40980434
9.62156868
5.11764669
4.67451048
3.84509873
2.03333330
2.37254953
1.91176498
3.33137298
3.43921566
4.43725538
5.86666679
7.79019547
6.32352972
8.23333359
9.52156830
7.58431339
5.70980501
9.66862869
5.23137331
5.00588274
4.06274605
1.84509814
2.19803929
2.23333383
3.13725471
3.73333359
4.36470604
6.10196066
8.11764908
7.89411783
7.94901991
9.55097961
7.40588331
5.66274595
8.89607811
5.00588322
5.46862650
3.90392160
1.99607873
2.35294151
2.46666694
3.02156878
4.12549019
4.07058859
6.07450962
7.95098019
9.33333397
7.85098076
10.17647076
7.62941217
5.60784388
8.35686398
4.68235350
5.36078453
3.86274624
2.02745128
2.34117675
2.38627505
2.84509826
4.30588293
3.71764708
5.94509840
7.84509850
10.20196152
8.06666756
10.27450848
8.10196209
5.45490217
7.87058926
4.50392151
4.72156954
4.18235350
2.10000014
2.31568646
2.04117680
2.77254939
4.50392151
3.70980382
5.73921633
7.28431320
11.12352943
8.72549057
10.49411774
8.67058945
5.56666756
7.03921604
4.34313774
3.98627448
4.11372614
2.42549014
2.46862769
2.12156868
3.27058816
4.50392103
3.96274519
5.58431435
6.14901972
11.71372795
9.35686302
9.72941208
8.57450962
6.08823586
6.58431387
4.43137217
3.87647080
3.85294151
2.30784345
2.36274529
2.31568670
4.05098057
4.14509869
3.82941198
5.35490179
5.32549047
11.13921547
10.38235474
9.11568642
8.36078453
6.23921680
6.17843151
4.76274538
4.61764717
3.89803982
2.03137255
2.21372581
1.86862767
4.43333340
4.10000086
3.38431382
4.80392170
4.51568604
10.11176586
11.89019680
8.22549057
7.61960793
5.80392122
5.98823547
4.87254953
5.41764641
3.98039246
2.01960826
1.70980418
1.66274524
4.31372547
4.31764746
3.35686326
4.59019661
4.42549038
10.24901867
12.07647324
6.99215698
6.78235388
5.74902105
6.37254953
4.75294209
5.33921576
3.85686231
1.98431408
1.69411790
1.95294142
3.92352939
4.28431368
3.45882392
4.82745218
4.95686340
10.77843094
11.04705906
6.91960812
5.87058878
6.19215775
6.92353058
4.79804039
4.82941198
3.99411821
1.99607897
1.77451015
2.02745128
3.72353029
4.12745142
3.77843165
4.83529425
5.38039255
11.10980511
10.10196304
7.59411764
5.73725462
6.45686388
7.16862822
4.68823528
4.61176538
4.43333340
2.03333378
1.59803951
2.10196090
3.40000010
4.02156925
3.85098028
4.49803925
4.91764736
11.60980415
8.98039150
8.04117680
6.68627453
7.46666622
7.09215879
4.57058811
4.75490236
4.61568642
2.00000000
1.59215701
2.30784321
2.87647080
4.12352991
4.58823538
4.66470671
4.39803982
11.67058945
7.91176558
7.90980434
7.89215803
8.00000095
7.56666613
4.44313812
4.92549038
4.28235388
2.00000024
1.73529458
2.24901986
2.86274481
3.62352967
6.02549028
5.17647123
4.38431358
11.74901962
7.27255058
7.80588293
8.32941055
7.78431416
8.15294170
4.37058830
4.91176510
3.98039269
2.16274571
1.69411826
2.01568651
3.00588274
2.99215698
7.44509840
5.31764746
4.77058840
13.73725510
6.53921413
7.58431387
9.04313755
7.85294151
7.83333302
4.68627548
4.59803915
4.06078529
2.34117675
1.78039229
2.01372552
2.70980382
3.32745171
8.88235188
5.45490217
5.45098162
16.32353210
5.96470547
7.33921719
9.21960831
7.47451019
7.15098190
5.08823538
4.47254944
3.72353053
2.71176529
1.69803953
2.26666689
2.68627453
4.90980387
8.60784626
5.02549076
6.20392227
16.36470604
5.08039236
7.39215803
9.33333492
7.38235378
6.69607925
5.41568708
4.46274519
3.49803948
3.60196137
2.05882382
2.53921580
2.93725538
5.73529530
7.90588236
4.66274452
6.48431444
14.54509926
4.44705915
7.28431511
9.13333321
7.87843323
6.98823500
5.78431463
4.35097980
3.52352953
3.97254896
1.90588260
2.47843170
3.07451081
7.00196171
6.84901953
3.97058892
6.19019699
13.80980587
4.03137255
7.15294075
8.95098114
8.61176491
7.10196018
6.06274509
4.59411860
3.44509864
3.63921618
2.38823605
2.41764760
3.40588260
9.20000076
6.67647028
3.57451010
6.11960840
13.02156830
3.99803948
7.77254915
9.27647209
8.52941227
6.87843227
6.36470699
4.78039217
3.46078444
3.18235350
2.17254925
2.70000052
3.91764736
9.49019718
6.69215775
3.31568670
6.60392141
11.73529148
4.26862764
8.65294266
9.34705925
8.06666565
6.54901981
6.64313745
4.63137245
3.63333344
2.78823590
2.38627481
2.80196095
4.80392170
8.30196190
6.58431435
3.37451005
7.13333321
10.20784378
5.06470633
9.05686378
8.86470509
7.81176519
6.06274557
6.95490217
4.53921556
3.63921595
2.82941198
2.30196118
2.78039241
5.99803877
5.77647114
5.72156858
4.00196123
7.51176357
8.32941055
5.83725452
8.87255001
9.00784302
7.40784264
6.04117632
7.26470613
4.42548990
3.74902010
3.26862788
2.44901991
2.93921566
6.50392199
4.04117680
3.62745166
4.40588236
7.59215832
7.47058868
5.98039198
8.25490284
9.62156868
7.07058764
6.04509783
6.95490217
4.73921585
3.27451015
3.19411778
2.64509797
3.12352920
6.24705839
3.91568685
3.41764736
4.06862783
7.19607830
6.22353077
5.75686264
7.88823605
10.41176701
6.38235283
6.31176519
6.36078453
4.71176481
3.37647128
2.63725543
2.61960816
3.24705911
6.23921537
4.91960859
4.10392284
3.83725476
6.97450972
5.96862745
5.51568604
7.83725548
11.01176453
5.60000038
6.09999990
6.13725519
4.83333349
3.53921604
2.19803929
2.74509811
3.45098066
5.75882435
6.25490189
4.49803925
3.69804001
6.54117632
6.51960850
5.76274443
8.38235378
11.31176472
5.28431511
5.96078587
5.99411869
4.77647114
3.62549043
2.01372576
2.97254896
3.98235297
5.57451105
6.12156916
3.94705915
3.14117670
6.38627481
6.47058964
5.68431425
8.74509811
10.81372643
5.43333292
6.02745295
5.81568718
4.87843132
3.59215736
2.20392203
2.67451000
3.51960850
5.58431387
5.25686312
3.80588317
3.03725505
6.35098124
6.45686388
5.78627539
8.99607944
9.76078606
5.37254953
5.98039341
5.78627491
5.00392103
3.61960864
2.45686316
2.52745080
3.79411793
5.42745113
4.73137331
3.97647095
3.48039246
6.41568613
7.41568708
6.08235312
9.08039093
8.53529549
5.22941113
5.82745171
5.73725510
4.76078367
3.52352929
2.53137326
3.06666708
3.62745166
5.54705811
4.42549038
3.94117689
3.59411860
6.64313698
7.53333330
5.96862745
8.84509945
7.63529444
4.98627472
5.45294142
5.88627434
4.60588264
3.32549071
2.83333325
3.34902000
3.51764679
5.75686359
4.65098143
4.49019670
3.86666703
6.62744999
6.75686312
6.13137293
8.99411964
7.28039074
4.60588217
5.23921633
5.58039331
4.51372480
3.26862741
2.67058849
3.06470633
3.41764712
5.25686312
4.84509802
4.57843256
4.07451010
5.93725586
5.74901915
6.78431559
9.02352905
6.83921719
4.46274519
5.47646999
5.19804001
4.41568661
3.23333406
2.52549028
2.71176505
3.12549043
4.75490332
4.51372576
4.21960831
4.00196123
5.59215593
5.73137379
7.16666651
9.01176548
6.03529549
4.73921585
5.36274576
5.04705763
4.20196104
3.38627434
2.46078467
2.40196061
2.58431387
5.45882368
4.33725452
4.01568651
4.01568651
5.30980349
6.31176567
7.19019651
9.24705887
5.63137245
5.20588255
5.29215717
5.02745104
3.53529406
3.33921599
2.66666722
2.25686312
2.10980439
6.25686312
4.15098047
4.14901972
3.96078420
5.11960840
7.44509840
6.66470718
8.48627567
5.37254906
5.31960821
5.17647123
5.24313784
3.30196142
3.03725505
2.53333378
2.01372576
2.10000014
6.19215727
3.45490193
4.17058802
4.20196104
4.79215670
8.32745075
6.73137331
8.01372528
5.20196152
5.20196104
4.96078444
5.48039150
3.76078439
3.03725529
2.30000019
2.26666737
2.45098090
5.90392160
3.13333344
3.85686255
5.17843103
4.41176558
8.38823509
7.24902105
7.43137312
5.31764793
5.43333387
4.91568565
5.48627472
4.06274557
3.11568642
2.59215689
2.88823605
2.92352962
5.48039246
3.49019623
3.53921556
5.87058783
4.13333368
8.32549191
7.14705992
6.73333311
5.13529444
5.52745152
4.77058744
5.60392189
4.16666746
2.89411759
2.88823581
2.92941213
3.30784321
5.06862736
3.54117680
3.42156887
5.75882339
4.01960802
8.53529453
6.91960812
6.35882473
4.82352972
5.16470528
4.82352972
5.82549047
4.26274538
2.92549062
3.03137279
2.81372571
3.33137274
4.74705887
3.45686340
3.66666698
4.94705915
4.12352991
9.48627472
7.09607935
6.25686312
4.71568632
5.19019651
5.14509773
5.67843246
4.26862764
3.11764717
3.10392165
2.87451053
3.30196118
3.76470613
3.34117770
4.21960878
4.57254982
4.56470633
10.76274586
7.95490265
6.12941217
4.77647066
5.57450962
5.40392160
5.18627453
4.38823557
3.35490251
3.10392141
2.96470594
3.32352996
3.20000029
3.14117670
4.57647038
4.80980587
5.01568604
11.60588074
8.47254753
6.04117632
4.89411783
6.36666632
5.43137312
5.02156878
4.86078453
3.16470599
2.76470613
2.98627472
3.34509897
3.25882483
2.80588269
3.99803925
5.38039303
5.15098143
11.59608173
8.20980549
5.88627434
4.75294209
7.28627491
5.11568689
5.03725576
5.00196171
2.88431406
2.45294094
2.75686288
3.46666718
3.22745085
2.54509830
3.42941189
5.52745056
4.95294094
10.93333530
7.82352924
5.48823643
5.08627558
7.38823700
5.00784397
4.93333244
4.72941160
2.73725533
2.62941194
2.31960797
3.27451015
3.11372614
2.50588250
3.45490265
4.82352877
4.52941179
10.48627377
7.05098009
5.05882359
5.18235350
7.43529320
5.07254934
4.95686245
4.54509878
2.70980430
2.94117689
2.08627439
2.93333387
3.20980358
2.62156916
3.55882359
4.09999990
4.11372519
11.00196171
6.09607887
4.77450991
4.84313726
8.05098152
4.66862726
4.80392170
4.27451038
3.01764750
2.96470618
2.20392179
3.11568689
3.32745099
2.65686250
3.78039241
4.23529434
3.97450995
11.64117622
5.91960764
4.62352943
5.23725510
9.67255020
4.73725557
5.03921556
4.26470613
3.18823552
2.89803958
1.93529439
3.38235354
3.31176472
3.11176515
4.11176491
4.22352934
5.11568642
12.56274509
5.92352962
4.68627453
5.97647190
12.10980606
4.96470594
5.28431416
4.39019537
3.11960816
2.65882373
2.14705896
3.51764750
3.77058887
3.55882335
4.12156868
3.50784349
6.28627396
11.92549133
5.70392179
4.88235235
6.33137321
13.11764812
5.00392103
5.38235378
4.30000019
2.98627520
2.42549062
2.69803929
3.91176510
3.98235297
3.55490184
4.05098152
3.24313736
6.44509888
8.96470737
5.76078463
4.79411840
6.08235359
13.80784512
5.19411802
5.20980310
4.29019594
3.00196099
2.55098057
2.16666698
4.04117727
3.96666718
3.11764693
4.14313698
3.95686293
6.11568594
6.05882406
6.09215641
5.12352943
6.02745056
14.92352962
5.48431349
5.02352905
4.22156906
3.20196128
2.52941179
1.95098078
3.87451029
3.94117689
2.95490217
4.38627434
4.67058849
7.29019690
5.14705896
6.11764765
5.75882387
6.57254934
14.88627625
5.26470518
4.86078501
4.07647085
3.29607868
2.40000057
1.90784359
3.36274552
3.86274529
3.03137255
4.28627443
5.03137255
7.73921442
5.01764727
6.24705982
5.94901991
7.59215689
14.62156868
4.92549038
4.72156954
4.12549067
3.19019675
2.60980415
2.04313755
2.80980396
3.62549043
3.05882406
3.82549071
5.27450991
7.17059040
5.13921595
6.19803905
5.65294170
9.07254982
14.37646961
4.99803877
4.68431377
4.00196075
3.05686283
2.73725533
2.39215732
2.78627467
3.48431420
3.01764703
3.41764736
5.02156878
6.54117537
5.47058868
5.42549086
5.04313707
10.13333321
13.64509964
5.30392075
4.92745161
3.72352958
3.45882297
2.68627501
2.24902010
2.53529477
3.28823566
3.02156878
3.29607892
4.82549095
6.58431387
5.57843208
5.00392246
4.75882387
11.51960850
11.97647285
5.34705925
4.99803925
3.66078448
3.23921561
2.64901996
2.09411788
2.48627472
3.38627505
3.37254977
3.46078420
4.68823528
6.04509830
5.50784397
5.15490150
4.59411812
12.58431530
10.47450924
5.18431377
4.67451000
3.37450981
3.17647099
2.68823576
2.06862760
2.65098023
3.11960793
3.25490189
3.20000029
4.00784302
4.56470633
5.37058878
5.61176491
4.78235340
12.91960812
9.00980473
4.86862803
4.28039265
3.85294151
3.53725529
2.94901967
2.01764750
2.69019675
2.77254915
2.77451015
3.20980406
3.72156930
3.88431406
5.03725529
5.49411774
5.04509878
13.88235474
8.10392284
4.70392227
3.90980434
3.81764770
3.58235288
2.58039236
2.14117694
2.44117665
2.75294161
2.80784321
3.71568680
3.61176467
3.75294137
4.47451019
5.29411840
5.42549038
14.41960907
7.42156982
4.90784311
3.95490193
3.31764722
3.31372595
2.48627496
2.23529458
2.43725514
2.79607916
2.83725548
3.64509797
3.19803929
4.07058859
4.10392237
4.92156935
5.76274681
14.08823681
7.05098152
5.23137331
4.40196037
3.74509811
3.28039241
2.32156897
2.16078472
2.68039227
2.74901986
2.53333330
3.10000038
3.27647114
4.11568594
4.54705858
4.18039274
6.11568689
13.18039227
6.85294199
5.45490170
4.45882416
3.95490146
3.18823528
2.35294127
2.36862779
2.71764731
2.73333335
2.66470623
2.93333364
3.76078463
4.16666698
5.34313726
4.06078482
6.72941160
12.58235359
6.63921547
5.75882483
4.33137321
3.86078429
3.20588255
2.47843146
2.78431344
2.37254930
2.75490236
2.95490193
2.74509835
4.18627453
4.19804001
6.48431253
4.39019585
7.48039341
11.53137493
6.18431473
6.01568604
4.21568680
3.77254963
3.58431411
2.38823581
2.90784383
2.16862750
2.54313755
3.78627491
2.45490217
3.87647057
4.13725519
7.01764774
4.15882444
8.20980453
10.62156773
5.70000029
6.64117813
4.48431444
3.76862741
3.96470618
2.70980430
2.64117670
2.46274519
2.65882349
4.00980377
2.87843180
3.71960855
3.71960807
7.24313784
4.02352953
9.30000019
9.47059059
5.53921604
6.48431492
4.62941217
3.96666694
3.61568642
3.17058849
2.78823519
2.53529429
2.87451029
3.13529420
3.24313784
3.82352972
3.57058883
7.46862793
4.02352953
10.44117737
9.19804096
6.08039188
6.10392189
4.74509811
3.77647114
3.29215765
3.32941175
2.73725533
2.58627510
2.73529434
2.65882373
3.22156906
3.88235307
3.98235321
7.75098133
4.26666641
11.34705925
9.24313736
6.21764755
5.77647114
4.90980482
3.53529406
3.51176500
3.30588222
2.49411774
2.46862745
2.50196147
2.86666679
3.17254925
3.84705877
4.25098038
7.97647047
4.38039207
11.92549038
8.83725548
5.83529472
4.98823547
4.71568680
3.64117670
3.50000024
3.26470637
2.74902010
2.68627453
2.51568627
2.89215708
2.96862793
3.82156897
4.29019594
7.08627415
4.33725548
12.28235435
7.91764879
5.69607735
4.61176491
4.50784349
3.58431363
3.33137250
3.19999981
2.83137298
2.51960826
2.61568689
2.91372585
2.77058816
3.77450991
4.46862698
6.65882397
4.62549067
12.45293999
6.86274576
5.64902020
