19.18824005
23.83726120
24.42744827
23.08824158
23.63529396
23.17451477
20.89803696
21.99803925
22.39215660
21.87059212
21.55097389
21.91961288
21.29411507
20.56666374
21.38431168
20.66274452
21.20196342
17.31372643
20.36274529
20.65489578
20.17451096
19.87255096
17.98235512
17.14117813
16.06470680
17.11176491
18.90196037
20.44901657
19.31961060
19.37058830
19.30980110
18.58234978
18.59412384
18.55293846
17.19019508
19.07058907
19.25098228
18.51372528
17.03725243
14.91372681
14.92352867
13.65882301
14.30784225
17.00392532
20.68039322
19.14902115
18.93333626
17.86078453
16.95686150
17.69215393
17.78431320
16.43725586
18.97843361
19.59019661
18.71960640
15.64509869
14.88039112
14.40588379
13.89411640
14.27254677
15.89019585
20.50588417
20.07843018
18.45097733
15.83725929
16.08235359
17.28431702
18.49608040
15.55490208
18.65490150
20.26470757
19.16274452
15.18823433
15.63137531
14.16078663
14.85686398
14.39804173
15.25294209
19.35490227
19.87058830
16.96078682
15.01373100
15.59215927
17.13137054
18.28823662
15.67255020
19.03921700
20.71960640
19.32941437
15.65294266
16.23921394
15.27647305
15.96274567
14.13529491
15.29019737
18.09803963
18.70392227
16.10000229
14.97451115
15.77451229
16.47255135
17.10196114
17.29804039
19.60000229
20.79215622
19.55294037
15.91764641
16.83137321
17.02353096
16.54705811
14.42745399
15.27254963
16.72157097
17.02157021
15.58431625
15.29803944
15.83333397
15.93137264
16.95098114
17.58039284
20.04509926
20.56666565
20.07450676
15.87058830
17.91372681
17.80980492
16.79411888
14.36274529
15.64706230
16.17647552
16.13529968
15.05490017
15.70784473
16.01960945
15.84509754
17.02941132
18.49411774
18.94313622
20.75489807
19.69607735
16.22941208
18.72744751
17.85098457
16.81764984
15.42941284
16.37450790
16.37647057
15.22157001
14.76862717
16.17843437
16.15490150
15.78627491
17.06470680
18.30588531
18.20195770
19.99019241
19.51568604
17.13725662
18.99215698
18.10196114
17.14705849
17.54705811
17.35882378
16.85882378
14.90196323
15.37843132
16.66274834
16.76666832
15.66470718
18.20784378
15.17058945
17.29804039
18.78823853
19.20980453
17.41568756
19.19607925
18.57647133
18.60980415
17.77255058
17.67843246
16.99215698
15.11372566
16.22941399
16.41764832
16.68627357
15.53921700
19.69019508
15.05294132
18.00980377
19.34706116
19.47254753
17.16274834
19.31764412
19.18823814
19.00588226
17.69215584
17.35686302
16.96470642
15.59804344
16.31372643
15.80784416
16.35686493
16.46862602
20.41176414
19.67058563
20.69019699
20.15294075
19.25294113
17.04510117
20.01568604
18.73529434
18.38235474
17.63725853
17.00588226
17.30195999
16.12941170
15.54314041
15.08823776
16.48039055
17.93333244
20.54510117
21.74706459
23.06078529
21.42156982
19.11960602
17.36666870
20.91568565
18.61176491
18.69607544
18.11960793
17.28235054
18.22156715
16.98627663
15.76666832
14.47843647
16.76274872
18.73529625
20.99804306
21.35294342
23.89608192
24.99019623
19.95293999
17.79608154
20.55686569
18.63921738
18.33333588
18.79804039
18.44509888
18.91176605
17.61568451
16.65490341
14.68823719
17.36862946
19.00196266
21.71764755
19.80980301
23.95098114
26.06667328
21.93333244
17.77843285
19.29607964
20.11764908
16.72352982
18.74117851
19.38628006
18.66470528
17.52745438
16.60784340
15.17647171
16.58823776
18.99803734
21.99803352
18.52352905
23.86470604
24.03725433
22.75098228
17.15294266
17.54313850
20.51373100
14.99019814
18.69803810
19.76470566
18.29607964
17.19607925
16.64510155
16.28431702
16.72941589
19.79804230
21.45294762
17.65882301
22.07254791
20.14509964
23.53921890
15.50391960
16.09215927
20.17843246
14.04509830
18.05097961
20.32353592
18.17646980
18.18431282
17.25294113
17.09411430
17.40000534
20.61960983
21.11372375
17.60588455
20.29804230
17.80195999
22.60588074
13.68823624
15.37255001
19.00980568
13.99804020
16.69411850
20.36667061
18.33725739
20.00392342
17.28431320
17.34705925
17.53921509
20.57058907
21.25294304
16.97254562
18.80980492
17.26274490
20.49607658
12.66078472
15.74313736
17.73921585
14.29215813
14.97254944
20.88627625
20.25686264
21.04313469
16.97255135
18.86862755
17.80784416
19.51372910
20.94510078
17.09412003
18.70196342
17.37843323
19.65098190
12.61568832
17.32353210
17.95490456
14.21764851
14.09019852
20.01373100
21.20980644
22.01765442
17.56666374
20.68627548
17.59215927
17.64314079
20.47058868
16.68235397
19.20000648
17.93529510
20.10980415
13.24313736
19.36274147
19.20000076
13.90588665
13.98627377
18.30784416
21.85490417
23.52745056
18.51568794
22.45098305
17.29411888
17.16863060
21.51961136
16.03529358
18.73529434
17.45490074
19.50784874
14.51372433
19.54902077
20.91960907
13.28823376
13.80196190
15.00980473
21.98823547
24.44509888
19.68039513
23.36078835
17.66274452
18.20784187
22.49216080
15.39411736
18.45686150
16.22941208
17.67843437
16.06862831
18.27450943
22.76666641
14.45098114
13.67255211
12.50196266
20.21176529
24.86078262
21.17255211
23.09411812
17.48235130
19.29804230
22.01568604
15.08627701
17.82549286
15.84510136
16.69607735
16.55686378
15.99608135
21.74313545
15.41568470
13.77058792
11.22156715
17.10784531
23.94902420
21.67843056
21.45489883
16.72745323
19.58627510
20.54313850
15.07843304
16.12549019
15.72941494
15.99019909
16.22745132
12.77843094
20.36078262
15.99215889
12.82941055
11.32941055
14.20980453
20.19608116
20.81372452
18.08627319
15.53529549
19.30980492
18.43529510
15.26078606
15.16470718
16.39019775
15.81961060
15.03529453
10.15686226
12.86862850
15.59999847
12.75294113
11.48823833
13.21568394
16.43137169
19.85882378
14.34509945
13.89999962
19.30980301
17.14314079
15.30784416
15.17647362
18.32156944
15.46470547
13.99607944
8.86666775
10.88823795
15.95294189
12.98235416
11.86470509
12.31176567
13.96666622
19.35097885
12.02156925
12.74313736
20.57843208
16.21176720
15.19215775
15.44706154
20.34901810
15.64117908
12.64509773
8.75097942
10.31764793
16.24902153
13.29607868
12.13725662
11.26470757
12.14509678
17.79411888
11.30784225
11.66078377
20.19999886
15.25098228
15.34705925
15.68431568
21.16470337
15.91960812
11.50588226
9.12352943
10.46470642
15.94509983
13.66274452
12.44705963
11.16274548
10.74901962
16.01372528
11.39607811
10.38431454
17.75098038
14.78431511
15.85490322
15.65882683
20.01372337
16.33137321
11.51764870
8.67058945
10.12548923
15.49804020
13.18235493
12.70784378
10.53333378
9.69607639
14.82941151
11.37451172
10.36078453
16.43725777
15.31372833
16.16666985
15.60195827
17.83333778
18.07842827
11.27059174
8.10196114
9.66078663
15.57647228
12.65490055
12.46274567
10.13921642
9.22549057
13.22744942
11.39215755
11.65490341
16.22352791
16.54313850
16.19412041
15.58235264
16.52941132
20.05098152
10.90392113
7.99607849
9.76470757
15.89019775
12.94705772
13.10784340
10.86862564
9.07843018
11.95098114
12.58823776
13.81960678
15.14117813
16.43921661
15.96078587
15.78039265
16.14509583
19.40784264
10.39411640
8.14117718
9.56666565
15.28235531
13.21176434
13.69607925
11.13529491
9.11960697
10.95882416
14.27254868
15.54706001
13.20784187
16.23137283
16.67255020
16.67254829
16.63529587
18.60588646
9.95490170
8.12941170
7.95097971
15.81568813
13.06666660
13.10392189
11.40784454
9.89412117
10.35294247
14.96274662
17.06862831
12.09607792
16.31960678
16.31372643
17.94313812
16.42156982
17.70000267
9.20196056
8.13921547
8.08627510
15.19803905
12.66274452
11.84117508
11.51764774
10.30000210
10.47647095
14.59019756
17.46078873
11.78823662
18.15294075
15.45490456
17.54902077
16.16078949
15.98235512
8.93137360
8.23725510
8.20784283
15.04117680
12.59804058
11.65098095
11.42745113
10.95098114
10.49411774
14.80392361
17.18039131
12.06470585
18.77450943
15.32941246
16.87451363
16.02157021
15.70392609
8.41176414
8.00392246
7.91764784
14.81176662
13.64706039
11.88823700
11.20784473
12.18823528
10.14313698
15.46863079
17.24313736
12.03137207
19.53921318
14.77843189
16.44705963
16.37254715
15.09215736
8.20392227
7.40784407
8.16862679
13.32941151
15.94902134
12.53137302
10.91176319
12.61568737
10.00784683
15.43333530
16.51568794
12.09019756
19.62549019
14.26274586
16.15098381
16.88431740
14.56274509
8.40392303
6.97255039
8.12941170
12.30784321
19.44118118
13.95882511
10.65098000
12.50392056
10.14313507
15.05294418
15.94117451
12.06862831
18.86078453
14.60784149
15.60784721
18.64901924
16.24902153
8.54705906
6.96862841
7.78431463
11.85490227
23.13137436
15.57451057
10.13921547
12.50000191
9.81764698
14.80980587
16.39215660
11.79803944
17.93921661
14.78039360
15.20000076
20.00392342
16.97647095
8.40980530
7.00588322
8.22941208
11.88823700
24.86274719
16.95490074
9.47451019
12.39803886
9.71764755
13.81764793
16.69803810
11.40980339
17.22353172
14.90980339
14.43921471
19.67647552
18.19411469
8.64117718
6.98431444
7.60588264
11.30392265
24.65294647
18.52745438
9.08235359
11.84705925
9.61176300
13.03137207
16.53529549
12.16078472
16.60980415
15.52745342
14.16470623
19.60391998
18.70980453
8.77255058
7.03921604
6.91372538
10.67058945
23.86666870
19.25098228
9.29215717
11.67647171
9.75294304
12.50588417
16.34902000
13.85686493
15.98823643
16.10000038
14.95098114
18.96470642
19.07647324
8.49607944
6.73137331
6.61176491
10.13529491
22.66078568
19.22352982
9.44902039
11.03333282
9.83529377
11.18039322
16.19019699
14.88235378
14.67059135
15.98627663
14.77451134
17.93137360
19.68627548
8.43333530
6.19215727
5.82353020
9.43725681
21.16863251
18.67843246
9.35098076
10.67647076
10.08627510
10.62941265
14.62941360
14.84509945
13.79411793
15.74901962
14.38039303
17.64510155
20.16470718
8.58039284
5.84509945
5.61372519
8.80784321
18.94314194
17.18431282
9.27451134
10.79411697
10.63921547
10.28235340
12.95882416
14.35097980
13.17843246
15.57647419
14.40980053
17.68235397
19.18627357
8.49607849
5.47843122
4.89411926
8.30392170
16.70980644
15.54117775
9.29019642
11.19804001
10.79019642
9.88431549
11.44509983
13.86470795
13.35882378
15.75294209
14.19804001
16.67255020
22.17450905
10.82744980
5.24902058
4.93529510
8.08431435
14.74117851
13.95882320
9.40000057
11.12353134
11.14117622
9.74509716
10.96666813
12.76470661
13.04705906
15.48039532
14.26666737
15.76470566
22.60980225
11.01764774
4.82549095
5.88039303
8.05490208
12.96470737
12.41960812
9.84117699
11.71764851
11.26470852
10.76078510
11.16078568
11.39019585
12.40588379
14.82745361
14.18823814
15.29019547
22.39803696
12.68235493
5.42548990
5.86470604
7.75294161
11.57450962
10.75882339
10.91960812
11.66666794
10.77647209
11.17450905
11.59607887
10.63529587
12.40392113
14.73529530
13.89019966
15.11372566
18.16470718
12.63137245
5.55098009
5.80588341
7.34509850
10.35294151
9.61176586
11.66470623
11.38823414
10.59019661
11.20588303
11.78431606
10.73137093
13.02353096
15.33333492
13.55294228
15.01372623
17.48039436
11.64902210
5.32353067
4.56470680
7.04117775
9.18039131
8.86470699
11.70391846
11.60980320
11.06274605
11.54902172
11.62352943
10.34509754
13.76078415
16.23725510
13.78235245
15.21372604
17.06863022
10.54313850
5.11764717
4.25882387
6.71764755
8.38823509
8.38823700
11.50784397
11.63921452
11.07451344
12.00588131
11.61961174
10.10392189
14.50195885
16.29804039
14.15490055
15.77254868
16.95882607
7.80196190
7.58039188
4.83333397
6.41372538
8.32353020
8.07647133
11.87059021
11.24902058
10.72745132
11.96862793
11.68823719
10.51764870
14.62156773
16.60000038
13.81372929
16.51764870
16.92940903
6.12941170
10.57843304
5.67843199
6.32156944
9.16274548
7.79803944
12.77843094
11.13529587
10.79215813
11.39215660
11.50784302
10.58235359
14.08431530
16.19608116
14.34117794
16.28627586
16.89215851
5.48823547
10.80588341
6.09804058
6.07254934
9.78235435
8.09019661
12.89607906
11.26470852
11.67843342
11.60196114
11.44509792
10.30980396
14.11765003
16.66078568
14.87059116
16.11568642
17.00196457
4.44313765
11.06274700
5.07647133
5.49019718
9.22157001
8.44705963
12.37450981
11.50784397
11.82353115
12.47058868
11.00000000
9.76274586
13.94313908
16.34117699
15.07451439
16.23333359
17.02745247
4.06078482
8.31372643
6.75686264
5.23333454
8.48823547
8.42353058
11.71960735
11.27646923
11.10588264
12.48039436
10.94117737
9.60980415
12.93529606
15.56862831
15.42156792
17.34901619
15.45490170
4.54901981
4.83333302
10.56274509
5.09215689
8.80784512
8.07843208
11.47255039
11.17843246
10.78627586
12.45882416
10.79411888
9.45098114
12.51176453
15.66666889
15.05294323
18.05686378
16.18235397
4.67647076
4.33137321
10.44509888
4.85098124
8.17843056
7.31960869
11.51176357
11.03921604
10.81764889
12.30000114
11.06666851
9.00980473
11.95294094
15.91568851
14.74509907
18.22156715
17.31372833
4.28431416
4.31764698
10.29607773
4.66078424
6.39215803
6.14117622
11.41960907
11.08431339
11.03137493
12.31372643
11.49804115
9.44117737
11.06470680
15.48627472
14.62549019
18.73726082
17.24706078
3.85882449
4.23333359
8.03725433
6.63137436
5.89999962
5.71176529
11.39412022
10.72157001
10.95294094
12.44509697
11.41568661
9.70784378
11.17255020
15.36470890
14.80392265
18.98431396
16.72744942
3.52745104
4.29803944
5.44901991
10.24705887
6.04117584
6.35490227
11.57843113
10.70392132
11.34117699
12.86274624
11.53921604
8.58627415
11.27646923
15.56863022
15.51568890
18.29607964
16.46470642
4.21372557
4.37647104
6.84509897
10.75490093
6.08235359
6.32156944
11.62745285
10.57843113
12.18627548
12.62156868
11.96078587
7.71176481
11.21176434
15.69411659
15.42353249
18.14706039
16.16862869
4.94509840
5.40392208
7.53921556
10.00000095
5.82352972
5.82549000
11.01372719
10.68823528
11.99215698
12.69412041
12.69215679
8.00392246
11.72156811
16.12941170
14.93921661
17.96078491
15.90196037
5.96666670
5.96274567
7.69607925
9.01764870
6.50392199
5.75686312
12.61176491
10.40980530
11.35098076
12.70980358
12.96471024
8.15293980
12.46078491
16.23725700
15.12745190
18.30196190
15.56078529
7.07058907
6.12156963
6.59215689
6.91960955
8.85686207
5.28235388
13.55686283
11.25490284
11.42156887
13.50392056
13.19804192
7.81372690
12.35294151
17.06470299
15.57059097
18.77647209
14.93529415
7.61568642
6.01960897
5.90588284
6.24705839
10.33529377
4.77450991
14.25489998
11.41372585
12.67254925
14.47451019
13.17059135
7.96078539
12.43137360
17.54705620
15.42941189
19.15882492
14.11372662
7.40196085
5.52549124
5.63137245
6.71568680
9.73333263
4.69411802
15.20784473
12.16274643
13.54902267
14.04117775
13.09215736
8.72745132
12.65882397
17.27842903
15.27451420
20.14314079
13.33529377
7.57058907
5.00980377
5.05686378
7.01960945
8.30000019
6.07451057
16.31176567
12.75098228
14.50000191
13.03921795
13.81372547
9.15686226
12.75490475
16.63921547
15.37255096
21.01568985
12.86274529
8.35686302
4.57254887
5.01372528
7.24509859
6.90196180
7.09607887
16.21960640
13.01372623
14.58039188
12.80784607
14.37255001
9.30000210
12.06862736
16.11764717
15.21372604
21.57059097
13.50784302
9.10000038
4.27254963
4.34705877
7.90196037
5.61764717
8.31176567
16.29804039
14.11176586
13.99804020
12.84313965
14.17451096
9.91568470
11.38823795
16.92941284
15.56470966
21.60392761
14.42549133
9.76470566
3.95294166
4.86470604
8.22941208
5.47647095
9.54901981
16.49215889
15.48235512
12.68627644
13.22941399
14.55098152
10.00980568
10.96667004
18.66666794
16.72156906
22.28235435
15.36274719
10.41764736
3.02941179
6.73137331
8.44901943
4.97450972
9.17058945
21.71176338
16.78039360
11.87646961
13.65490055
15.62548923
10.25098228
11.16470814
18.63725281
16.23921585
23.00392342
15.99999809
10.00392246
2.51372576
8.07843208
8.26470661
4.89803934
6.94509840
21.76667023
18.71372795
11.77058887
12.57647324
17.52352905
11.19215488
11.30980492
19.08431435
16.05686188
22.71568680
18.06863022
9.73725605
2.41372561
9.54313755
7.43333387
4.76862669
6.39019632
21.97254753
20.90392303
11.60392189
12.61568737
19.59019852
13.40980530
11.25686455
19.31764793
16.61568642
22.05685997
18.55686569
9.28627491
2.48235273
10.76862812
6.87647104
4.30980492
4.45294094
17.20980263
20.90000534
12.15098095
12.85882378
21.38431549
14.94902134
10.13529587
19.89804077
17.08823586
22.05882072
19.27450943
9.11372662
3.25686336
11.38431358
5.86274529
3.90980434
4.40784359
17.08627319
18.21372223
12.54313850
13.10392380
21.83529282
15.28235531
9.32156754
19.37255287
17.30980301
20.66078377
17.84313965
9.20980549
4.12156916
11.40392303
5.32745028
3.24313807
4.74705935
16.10196304
15.42156982
14.54509926
13.03529167
20.82941055
14.30784416
9.27843094
19.21568298
17.18039131
19.58039474
16.26470947
9.32549095
4.48039198
10.80784416
5.34509754
2.99607873
4.68235302
14.84117699
14.29019737
16.36078835
13.19803905
18.97843170
12.74117947
9.43725586
19.24313927
17.69215584
19.54314041
14.75098324
8.57451057
4.36470699
10.31176376
5.17647028
3.53333378
4.81568766
13.66274548
14.70588207
16.89608002
12.84117508
18.65098190
11.13921833
9.42941093
19.06863022
17.83529472
19.51961327
14.26470375
8.07450962
4.24705935
9.61568546
4.84509897
4.12549019
5.04313707
13.26863003
14.47058868
15.93921471
13.03333473
19.34313965
10.48039341
9.10588169
18.79607773
17.67451096
19.71569061
14.60392284
7.70980406
4.28431416
8.94902039
5.51176548
5.27450895
5.29803944
13.64510155
14.69019699
15.26862717
13.12156773
20.66666794
11.34510040
9.18627548
18.70000076
18.39803886
19.38824081
14.36862946
7.14313745
4.89019632
9.17451000
6.35686493
5.84117699
5.36078453
14.55098343
16.38431549
14.78431511
12.70392036
19.68235588
11.52352905
9.19803905
18.27647018
18.40784073
18.69804382
14.27647209
6.48627377
5.55686235
9.51960850
7.17647123
6.30980396
5.12549067
13.46470642
17.46274567
14.60588264
12.69215775
17.14313698
11.89608002
9.27451038
18.37058830
19.00392342
18.41764832
13.88039398
6.20980406
5.96078396
9.31764793
6.64509869
6.20784378
5.00980330
13.28235149
16.68627548
15.37646961
13.06470680
15.41372490
12.05490398
8.85098171
19.58039284
20.50588226
18.34705925
14.07843018
6.58039284
6.48235369
7.92156839
5.41372728
5.88627529
5.28431416
12.69019699
14.27843380
18.40000153
13.15882492
14.27254963
11.58431625
8.64902115
19.90196228
20.50196075
17.47843361
14.02549171
6.61764669
7.60588217
7.90196133
4.40000057
5.52353001
5.24509859
11.95882130
12.43333244
19.37059021
13.00392151
13.85294247
12.47647190
8.50392246
19.70588493
20.13921738
17.30196190
13.39804363
6.77647066
9.14117908
10.81568623
3.74901962
4.85882378
5.37450981
11.08627510
12.30784512
18.75686646
13.16470623
13.27843285
13.60196018
8.61960888
18.96470833
19.99412155
17.57843018
13.51764870
7.08823538
11.52549171
11.34117603
4.08627510
4.13725471
5.76470661
10.33137226
12.10980606
17.49803925
13.37843037
13.80392170
14.95098114
8.24509811
17.68627548
19.35097885
16.78431511
13.29215717
7.72549105
13.52353001
10.81372643
4.23333406
4.15686321
6.51764727
10.69607925
12.04313755
16.95686150
14.32941151
14.03725719
15.16470718
8.12352943
17.20000267
18.05490303
16.42353058
13.24706173
7.98431444
14.58627510
10.68039227
4.08823586
4.91764688
7.33137321
11.04117775
12.47451210
17.30392456
14.38039303
15.09804058
14.47843266
8.43529606
17.00196266
17.52548981
16.61372948
13.34705830
7.96078539
15.31176472
11.02353001
4.47254896
5.92549038
7.63921595
10.47255039
12.81372643
18.41372681
14.71568489
15.83529568
13.29019737
8.83529377
17.28823662
18.17058754
16.98235512
13.23921585
8.30392265
14.87451172
11.85294056
4.89215755
7.42941189
8.58823490
9.76666737
12.81372547
19.08235359
14.88431454
15.53725815
12.97843170
9.31176472
17.36862946
18.83137321
17.17255020
12.54509830
8.58627415
13.19607830
13.08431435
5.25294161
8.96274662
10.45686340
9.39803982
13.13725662
19.59020042
15.68235397
15.56470966
12.58823586
9.51764774
17.06470680
18.44314003
16.76078606
12.09019566
8.82353115
11.71764755
14.71176338
5.62745190
10.59607983
11.90392113
9.38823605
13.06470680
20.71176720
16.29804039
16.40195847
12.50392342
9.71568584
16.48039246
18.93529701
16.33137321
11.92353058
8.32353020
10.40980339
23.54901886
6.46862698
10.54902077
11.86666679
9.35686302
12.70980644
19.69607735
17.72549248
16.83137321
13.20980549
10.02353001
16.04313850
19.04706192
16.05882263
11.02156925
7.79608059
9.03137302
23.50980186
7.13725519
9.03725529
10.94313717
9.62352943
12.80784702
17.22156906
18.25882339
15.57058620
13.25882435
10.00784492
16.48627663
18.31176376
15.61764526
10.13921642
7.77843237
8.18431568
22.67450905
8.24117661
6.95882416
10.13921738
9.73921585
12.99215984
15.58627701
20.28627205
15.29411793
12.19019794
9.86470604
17.36078835
18.13921738
15.51372433
10.13921452
7.97451067
7.42549086
17.45098114
11.44313622
6.10000086
9.53529358
9.83137321
13.23529625
14.07254982
22.54706383
14.93333530
11.70196152
10.65686321
18.29803848
18.15490341
15.20392323
9.68627644
7.70588350
6.96666670
18.01764679
15.94706154
6.17254829
8.49804020
10.18431377
12.96666908
12.74117565
23.00588417
14.83725643
11.99215889
10.92745304
19.90000534
18.62156677
15.32548809
9.55686283
7.32745123
7.57647085
18.22745132
15.77843189
6.34509897
7.65098190
11.02941322
12.40784740
12.21372700
21.81764984
14.60196114
11.74902248
11.00980473
19.98823547
18.93137360
15.31960869
9.55098248
7.32549000
8.60588360
15.33333302
12.85490417
6.48627567
7.37647057
12.22745228
12.71176910
12.50784397
20.57451248
14.60588169
11.28431320
10.97647190
21.02549362
18.25490189
15.58627701
9.89215755
7.49215651
8.93725681
12.94313717
9.45294285
6.69411850
7.72549057
12.87451267
13.29607773
12.69215775
19.35882187
14.94509888
11.63725758
10.26078606
22.16078568
17.78235435
15.61764717
9.35882473
7.99803829
9.37254810
12.95686340
6.85490179
6.72549057
8.20196056
12.72352982
13.40196419
12.83725548
18.03725624
14.92745209
11.57058907
9.97843266
23.18039513
18.33333206
15.63725567
9.12156773
8.39999962
9.62745285
10.20196247
6.28627443
6.76666784
8.97646999
12.53921795
13.32549095
13.43333530
16.72941208
15.60196304
11.44706249
9.22745228
24.30784607
18.29608154
16.61568451
9.69216061
8.65098000
9.62745285
9.74509907
6.82745075
7.25294209
9.48235321
11.64705944
14.20000458
13.05490494
15.68039227
16.47647476
11.48627377
9.43921757
25.75294113
17.73921585
17.03333473
10.35882378
8.50980473
9.60588264
8.01960754
6.52941275
6.95098066
9.85490227
11.11960888
14.65686321
13.13137531
14.88039398
17.08823395
11.62156963
9.34902096
27.06078529
17.93137360
17.35882568
10.51960850
8.63921642
9.29411793
8.34902000
6.14509869
6.59607887
9.10980415
11.37254906
14.96274567
13.73725605
14.40196323
17.36078453
11.68823528
9.12353039
29.35294342
18.59803963
17.50196266
10.60980320
9.05294037
9.04117680
9.09607887
6.01960802
7.05686474
8.90980339
11.41568565
15.08039379
13.75686169
13.58039284
17.56470680
11.67450809
9.80588245
31.00784302
20.95097542
17.20980835
10.98431396
10.26666737
9.07843113
9.29803944
6.05686283
6.78235292
11.18431473
11.50980568
14.98039341
14.34117889
14.14902210
18.05882454
11.68235207
9.75294113
31.07843399
22.88627625
17.10000229
11.81176472
11.07058907
9.23333263
8.77450848
5.98431349
6.11568689
12.71176529
11.92352962
15.10784531
15.39804173
14.62745190
18.47450829
12.45882511
10.50000000
30.68824005
23.27450943
17.90392303
12.38431454
10.75293922
8.92352867
13.16862965
5.28039312
6.29999971
12.66863060
12.25490284
15.09607887
15.41568756
14.25294018
18.11764908
12.32549000
11.43529415
29.29411507
22.60195923
18.89215851
12.68823719
10.70784283
8.77254963
13.25686264
4.95490170
6.74117708
11.15294075
11.76078510
14.98431587
14.80000019
14.21176529
18.18038940
12.02156734
13.04901981
28.60784531
23.45882988
18.74705887
12.56274509
10.58627510
8.10196304
13.17254734
5.03725529
6.61960840
9.50784302
11.58627605
15.00588322
14.73529339
14.42744827
18.23333359
13.37647057
14.18039417
27.19020081
24.56078529
17.33137321
12.82745075
10.49411869
8.32549095
5.13921547
5.36862803
5.62156916
8.67058849
11.65686226
14.63921738
14.96470451
14.43725777
18.65686417
15.39607811
15.65098286
25.86274147
25.42156982
15.06470490
13.54902077
10.20980644
8.50392246
5.31372547
5.56862736
5.03921604
8.01372623
11.50392342
14.84117889
15.56470680
14.34509563
19.76862717
17.27255058
16.99803734
24.73921776
26.50784683
13.94117641
14.85098362
11.26470661
8.68235397
5.05490255
5.38823509
5.64705896
7.69411850
11.72941208
14.78627586
15.35490513
14.35293865
20.30784416
18.68431282
18.61764908
23.19216156
27.05097961
13.33529377
14.80195999
12.70000172
9.16470718
4.62941265
5.30980396
6.50196123
7.66862679
11.95686531
14.55882359
14.70784283
14.45882607
20.08431244
19.97058868
19.86863136
21.84902000
25.77451134
12.45686245
12.75490379
11.97647095
9.39803886
4.38627529
5.05882359
7.19411707
7.94117594
12.10196114
14.92745209
15.03333378
14.35490513
18.98235893
21.21960831
19.72941399
20.51764870
24.11764717
12.92156887
9.92745113
11.04706001
9.64313698
4.63529491
4.98627424
7.62352991
7.81372595
12.29804039
14.85882568
15.76274586
14.33333397
18.06862640
21.57451057
18.52549171
19.40784454
22.17450333
13.29215717
8.86274624
10.62941265
10.42156887
4.36274576
5.40000105
8.16274643
7.40784359
12.25294209
14.21961021
16.26078606
13.92156982
17.75686455
20.18038940
17.61176682
19.43333435
20.31960869
13.01176453
8.72941208
11.17058945
11.39019775
4.47843170
5.47451067
7.58039093
7.46274567
11.98235416
14.52745056
16.61569023
13.62745190
17.07254791
18.01372910
15.94313812
20.01372910
19.08039284
13.04313755
8.37843132
10.94117737
12.11960888
4.79019642
5.22941256
7.04313707
7.78235292
11.84313583
15.14705944
16.26862717
13.90980530
16.80784225
15.80392361
13.95882511
20.60784721
18.93921661
13.59607983
8.35490322
10.65882301
12.00588131
5.09019661
5.33725500
7.11764765
9.14509773
11.76078510
15.30784416
15.95882702
14.24117756
15.61960793
14.82941246
13.38627625
20.73921394
19.73137283
13.53921700
8.41176605
10.39411736
12.21176624
5.74509716
5.68235207
6.74705935
10.86274529
11.54117680
15.02745247
15.43333626
15.32353020
14.76274490
15.06666756
13.27254868
21.70392227
20.85882187
13.05882454
8.89803982
10.39804077
12.01372528
6.06862736
6.02745152
6.45686340
12.38235569
11.36862946
15.54706097
15.31569004
15.64313507
14.16666794
14.28235245
12.75294113
21.69412041
22.00195694
12.74117661
9.54117584
10.29019547
12.04509830
6.00196123
6.41960859
6.58039188
12.61568642
11.47058964
15.62941647
15.41568661
15.34706402
14.01764870
13.81960869
13.44117737
21.06862831
22.09803581
12.94313622
9.81764793
10.67451191
11.94509983
5.57451010
7.29019642
6.88627386
12.27451134
11.51176548
15.42941284
15.83725739
14.49608040
15.18235302
13.91176605
14.35882187
20.25490379
21.82352829
13.18235493
9.59803963
11.18823624
11.09411812
5.34313726
6.84902000
6.70588255
12.75098038
11.79411888
15.70195866
15.88627720
14.29411793
15.39804077
13.86078548
13.72156811
18.88627625
21.28627205
12.37255096
9.51372814
11.57450962
11.00588322
5.50392151
6.48823547
6.69019699
12.48627567
11.84902191
15.84509945
15.91176510
14.74901962
14.31568909
13.48235607
12.79804134
17.29999733
20.28627205
12.91372776
9.64313698
12.18823624
11.67647171
5.76078463
6.76862812
6.62156820
12.16078472
11.71764851
15.93137646
15.40588188
15.05294323
13.47451210
13.38039303
12.96862793
16.19215775
18.41764641
13.15490246
9.55098152
11.95686340
11.78431702
5.86274624
6.62941170
6.12745142
11.38823700
11.86470604
15.63725567
14.68039036
14.85098267
12.61764812
13.49019527
13.05098152
15.92745304
17.76862717
13.15686512
9.43921375
11.88039303
11.88235474
7.20784235
6.44705820
5.99803972
10.91568756
11.68039513
14.86470604
14.59019756
14.59607887
12.64902020
13.54705715
13.10196400
16.35294342
17.56470680
13.09803963
9.32352924
11.97647285
12.32941341
9.70000076
6.35686302
6.18039227
9.81176472
10.98431587
14.74117756
14.51568794
14.84117699
12.77254963
13.89412117
13.41764545
16.07450867
17.53725624
14.23137569
9.03137302
12.01764774
13.60000038
10.32548904
6.80000114
6.50000000
9.29803944
11.50392437
15.26470757
14.34117699
15.50980473
12.86666870
13.25882339
13.44313717
15.43725586
17.36470985
15.08627701
9.21568680
11.35098171
14.40980339
10.50196075
7.26862812
6.26470566
9.21960831
11.64510059
15.54902077
14.91764832
15.72352791
12.55490303
13.23529625
13.28627491
15.33725643
16.40588188
14.83333397
9.68039322
11.17255116
13.43333244
11.39608002
7.15294266
5.92745066
8.85097980
11.80588245
16.01765060
16.03137398
15.71372795
12.37646961
14.30588341
12.62941360
15.43333340
15.35294342
14.89608002
9.49999809
10.98431492
13.50980473
12.20588398
7.31372690
6.16470528
8.66470718
12.30980492
16.27450943
17.07646942
15.57254887
12.27843189
15.06862831
12.34902000
15.78823471
14.70000267
15.23333359
9.45686150
9.92157078
13.92156982
12.38627529
8.14509773
7.43529415
9.15686417
13.29019642
16.75293922
16.46078491
15.46666527
12.43529224
15.17451096
13.38627148
15.91765022
13.91372585
15.06863022
9.70392227
9.48823547
13.82941437
11.89215851
9.08235264
9.03333473
9.42156887
15.44509983
16.66666794
15.07254982
15.04902077
11.87059021
15.24706364
14.23921585
16.30588341
13.56666851
15.25098133
9.50000095
9.53529453
13.62941360
10.84117699
9.44705963
10.13921547
9.54313946
17.43333435
17.06274414
15.20588207
14.53921890
11.70000076
15.19608212
14.14313889
16.28235435
14.03529167
15.33137703
9.41568661
8.74117661
13.34313869
10.04901981
10.49215603
10.58235455
10.25686359
17.37647438
17.58039856
14.51176453
14.31176567
11.87842941
15.38823509
14.20980263
15.61568546
14.19019699
15.32941246
9.39999962
7.47451019
13.40784454
9.31764793
11.16862869
10.69019604
10.96470642
16.77843475
18.90980721
14.23725510
14.77647018
12.07058811
15.40588188
13.90000153
14.44901848
13.76078415
15.09411812
9.31960869
7.06666756
13.79411983
8.30784321
11.21764755
10.90784454
11.00195980
15.95294189
20.39608002
14.23529434
14.65490150
12.38627529
14.87254906
13.49411869
13.84117889
12.97058964
14.56274605
8.76274586
7.45882368
13.03529644
7.44509745
10.70392227
11.34313583
10.72548962
15.19215775
21.44705963
14.77647018
14.76470852
11.93333530
14.33725357
13.07843208
13.68627357
12.87255001
14.52549076
8.99019718
7.62549067
11.21960926
7.43529463
8.83137321
11.16078377
10.77647114
15.22941303
22.11372566
14.64901829
16.02353096
11.82941437
14.36274719
13.32157040
13.74509907
13.07843113
14.09607887
9.52548981
7.60588312
9.36078548
7.58431435
6.82353067
10.31960964
10.94902229
14.42745304
21.92156792
14.97058868
15.72941303
11.46862984
14.21176338
13.49803829
13.59608078
12.70196152
13.00392151
9.78431511
7.79803848
8.87255001
7.01960802
5.94509935
9.00392151
10.75686455
14.58627701
20.77450943
15.40980721
16.28039169
11.62157059
13.38823605
12.98235226
13.45098209
12.26666927
12.08627510
11.36666775
7.70784426
8.37058926
5.96862793
5.70392179
7.36666775
10.48627472
14.95686340
20.09804153
15.91176796
16.11764908
12.27058887
12.21176434
12.27451229
14.10196114
12.06666946
11.26078510
13.66470718
7.75882387
7.84117651
5.27647066
5.75686359
6.28627539
10.20588303
15.56862736
19.87059021
16.40196228
15.76862812
12.72745228
11.03921604
11.68627644
14.44705868
11.58039188
10.82744980
14.47058964
7.47843218
8.02745152
5.25490189
5.97450876
5.91372681
9.60980415
16.13529778
20.38431549
16.35294342
16.14117813
12.48235321
10.15294075
11.32156849
14.45686436
11.58431339
10.12549019
14.89411926
7.01764774
8.15686417
5.32549095
6.44705820
5.78235245
8.75294113
16.64705849
21.34313774
16.87450981
16.50392151
12.22549057
10.13137150
11.61568737
14.03921700
11.31372547
9.45098114
15.16078472
6.72549057
7.77451038
5.06078434
6.64117670
5.44902039
8.61176491
17.22745132
21.67450905
16.90784454
16.17255020
12.21372795
10.06666756
11.55294228
14.02941513
11.02353096
9.32941341
15.46078682
6.09804010
8.58823586
4.40588188
6.39215708
5.50588274
9.36666679
16.92548943
20.93921661
17.35882378
16.14706039
13.05098152
9.58823681
10.99607754
14.17843056
10.87254906
9.09803867
15.04117775
6.23725510
8.71568680
4.43333340
6.23921585
6.52941227
10.16274452
16.50392151
21.00196457
17.55098152
16.52745438
13.32156754
9.51372528
10.49607754
14.17842960
10.70392513
8.74117661
14.05882549
7.16274452
7.59999990
4.80784321
6.29411840
7.31568670
10.40196323
16.65686417
20.64706039
17.61568832
16.99019623
13.82156849
9.60392094
10.27058887
13.65882301
10.66274452
8.80588245
13.07058907
8.50980377
7.61372566
4.75490189
6.25686264
7.36078501
10.65098095
16.82353020
20.19019890
18.14901543
16.37450981
13.58431339
9.43137264
9.92352962
12.35686398
10.81764793
8.87843227
11.83725548
10.57058907
7.86274624
4.68627453
6.05294085
7.67058849
11.33921528
16.88039398
20.27255440
18.03137398
15.82157230
13.97450924
9.77647114
9.50392342
12.87255001
10.61960697
8.98431396
10.18431377
11.37450981
8.44901943
5.14902067
5.67647123
7.68823576
11.45882320
16.63529587
20.42549133
18.25686455
15.79215622
14.64117718
10.42156982
9.54901791
13.36666775
10.58823395
8.91176510
8.72156906
11.04117680
8.43921566
5.80196095
5.39019585
6.85294151
11.22157001
16.53137398
21.31568718
19.28235817
17.23725510
15.28235435
10.73333359
9.76862717
13.70000172
11.00196171
8.87254906
7.76862812
11.06078625
7.73333359
5.99019527
5.51176453
6.50980425
11.08823586
16.99411774
22.02353096
20.18627548
19.67843056
15.10196400
11.34509945
10.07254982
13.87255287
11.22745228
8.72941208
7.19019651
11.93137169
6.57647038
5.82941246
5.44313860
6.18823671
11.31960869
17.49803925
23.54706001
20.77254868
21.42549133
14.82549286
11.98235512
9.98039246
13.95490360
11.20392418
8.70392132
6.80196142
12.46862793
6.17647076
5.46470642
5.05294180
6.46078396
11.52745152
18.39215660
24.53333855
21.23529243
22.51960754
14.80392361
12.55294228
9.99803925
14.46470833
11.10392094
8.96078587
6.91568661
12.41764927
6.55490255
5.72156906
4.61176443
6.69804001
11.81568623
18.10000229
23.63921928
21.27254677
22.21568489
14.51764679
13.16274834
9.74117851
14.31372738
10.97254848
8.88431454
7.08039236
12.49019623
6.62745094
5.53921604
4.34313726
6.08627462
12.10196209
16.66274643
21.68039513
21.05294037
21.59803772
14.69019794
14.33529472
9.38627625
14.33137226
11.08235455
8.33921528
7.13921595
12.44117737
6.24509907
5.17058849
4.54313755
6.08627462
11.86862659
15.19411755
19.57843208
21.04510117
21.35098457
15.29999924
14.25490284
10.01764774
14.79215717
11.37451077
7.98039246
7.25294161
12.58431435
6.53725481
4.59019613
4.70392132
5.67058849
11.59019661
14.23333359
18.33725548
20.45097923
20.62549591
15.51764870
14.01176453
10.55686569
15.34313774
11.01372719
8.23529434
7.10392141
12.92157173
7.13333416
4.42352915
5.19215631
5.21568584
11.53725529
13.37843132
18.17843056
18.70784378
20.90784454
16.04902077
14.10588264
10.31960869
16.19411850
10.66666698
8.52156925
6.89411879
12.59803963
7.83921814
4.33725548
5.88235331
4.85294151
10.98823643
12.78431511
18.07843208
18.30196190
20.95098495
16.19019699
13.99411964
10.34902000
17.13137627
10.70000267
8.46470642
7.18235397
12.35097980
7.68039322
4.16274548
6.66078520
5.03333378
10.83725548
12.87254906
17.26274490
18.54509926
21.32941246
16.41372299
14.44117641
9.99019718
17.56274414
10.37254810
8.47450829
7.41764688
11.26470757
7.51372671
4.02549076
6.29999971
5.28235340
10.72941303
12.62745285
16.50196075
17.85686111
21.61176109
16.35686111
14.62745190
8.81176567
17.71960640
10.00588131
8.41568661
7.21568680
10.31568813
8.18627453
4.47843170
5.54706049
5.64901924
10.56470585
12.11372566
15.54313946
16.16470718
20.46078491
16.44117928
14.31372643
7.77451038
18.77058792
10.41960621
7.91764736
7.09999990
9.43921661
8.65686417
5.27058887
5.70980453
5.86862755
10.62549114
12.06078243
15.41176414
15.64313889
18.57255173
16.85882378
14.28431225
7.57843065
18.65882301
11.00196171
7.66078424
6.94117737
8.56078529
8.65294170
5.67451000
5.82745075
5.48431349
10.33529568
12.07255077
15.81372643
15.78039360
17.46862793
17.95882416
14.10784626
7.76078510
17.68431091
11.59215736
7.69803905
6.83137321
8.32549095
8.84313869
5.49607801
6.38039160
5.31372547
9.97058773
12.09608078
15.57647228
16.35882378
17.91568756
18.90392303
13.19999886
7.42549038
16.68823814
11.73921680
7.68235397
6.66274643
8.28627491
9.16470528
5.12941170
6.90000057
5.59215736
9.99411678
12.50000191
14.98039436
15.81764984
18.63137436
18.68431664
12.11960697
7.08431482
16.37451172
11.69019699
7.71568680
6.65294170
7.36862755
9.39803982
5.07254887
7.16666698
5.43921566
9.86078453
12.62549114
14.23529625
15.24902248
20.07254982
19.28627396
11.89803886
7.21176529
16.03725624
11.83137321
8.27254963
6.98823452
6.86470604
9.60196018
5.07254887
6.47843027
5.47647142
9.51372623
12.73529339
14.35882664
15.71176624
21.20392036
18.49608040
11.39999962
7.44902039
15.16862583
12.12352943
8.75098133
7.24705887
7.63137341
9.78823376
5.06862783
6.21372604
5.64313745
9.60196114
13.16470623
14.64509964
16.92549324
21.70196342
18.07254982
10.94509888
7.44705868
14.53725624
12.40588379
8.80000019
7.07647133
8.36470699
10.50000286
5.16666651
6.55098152
5.45098066
9.88039207
13.49019814
13.81372833
18.59412003
22.52548981
18.85098076
10.96863079
7.12156963
13.83529282
12.62549114
8.85098171
6.95098114
8.58431435
11.95098114
5.12353039
6.54509830
5.40196085
9.86862850
13.53333664
14.09215641
18.32549286
23.01176453
19.44705772
10.64117908
6.80392265
13.03137493
12.53333569
8.81764889
7.04509735
8.90588284
12.97451115
5.17843199
6.77058744
5.49411774
10.01568604
13.60000324
17.71961021
18.60196304
22.21765137
19.40196228
10.63921452
6.97451019
12.35294247
12.00196075
9.16666794
7.02941132
8.98039150
12.52549171
5.45490217
6.86078453
5.39411783
9.75490284
13.90980530
19.62745094
18.54902267
21.79607201
19.22745132
11.30392551
7.71176481
11.93333435
11.98627567
9.99804020
6.97058821
9.47646999
11.55098248
6.05098057
6.30000067
4.92745161
9.67058754
13.81764793
19.40000153
17.62941360
21.44509888
19.32353020
11.64313889
8.08235264
11.95293999
12.40196133
10.34313679
7.19019699
9.15490246
10.85098267
6.25490189
5.94901943
4.86078405
9.25490475
13.32156754
18.35489845
16.07843208
21.41961288
19.79607773
11.98627472
8.10784340
11.81764698
12.44509697
9.63529396
7.06274462
8.63137341
10.90392303
6.18039227
5.88235331
5.37254953
8.13529491
13.03529644
15.01568890
14.90392113
21.62549400
20.21372795
12.49803925
8.26274681
11.71764565
12.66274643
9.19411755
7.58039236
8.70784283
11.37255001
6.14313698
6.60196114
5.71764708
7.18039131
12.53137398
13.64313889
13.90392208
21.29411697
20.06274414
12.62352943
8.47843266
11.62549019
13.29411888
8.83921528
8.65686321
8.47058868
11.27254963
6.67647171
7.25098133
5.63137293
6.92352962
11.86470604
13.62353039
13.76274681
20.78627777
19.65686226
12.96666527
8.46470737
12.12745094
13.49215889
8.48823547
8.83921528
8.85686207
11.59412003
7.85882473
6.93921614
5.32941198
6.89607954
11.20588303
13.45490265
13.57059002
19.63921547
20.06078339
12.49607849
8.42941284
12.36862755
13.72157097
9.18627548
8.63137341
8.90196133
11.62353134
8.71176434
6.76274490
5.11764765
7.07843113
10.15686226
12.84705830
13.51961040
19.12156868
19.61176682
11.85098076
8.27843094
13.11764812
13.66666794
10.19411850
8.62745094
8.80392170
11.57058811
9.91568565
7.23137236
4.95098066
7.17843199
9.96470451
12.41372490
13.34117985
18.58627319
18.20980453
11.14509678
7.60000086
13.41176605
13.64313793
10.72352791
8.45294189
8.28431320
10.98431396
11.15098095
7.35294199
4.81960773
7.28235388
9.98627472
12.27254963
13.00392056
16.90196228
16.49215889
10.83921623
7.41372681
12.72353172
13.54706001
11.35294247
8.78627586
7.91764784
9.45882416
12.57843208
7.10784435
4.76274586
7.23921728
10.07058811
12.83921814
12.46862793
14.82745171
14.77450848
11.48235512
7.32745123
12.31961155
13.54509926
11.75882339
8.66666794
8.46470547
8.40196133
12.68627453
6.47058868
5.16470623
6.91960764
9.62157059
13.06274509
12.48627472
13.35098267
12.92745304
11.95294285
7.45686340
12.34705925
13.61568642
12.74509811
8.93725586
8.89215755
8.31372643
11.29019833
6.21764803
5.48823547
6.36470699
9.42549133
13.80588341
12.51960754
13.16470432
12.33137226
12.54901886
7.11568642
12.15098095
13.39411831
13.26274872
10.14705753
9.29411888
8.37843227
9.87058830
6.61176586
5.54705906
5.80392218
9.32549000
13.77843285
12.15882111
13.33725643
12.31960869
13.05098152
7.32156992
12.14705849
13.02941322
13.60392094
11.08039093
9.20392323
8.33137321
9.51568699
6.96666718
5.48431444
5.65490198
9.71372795
13.60196018
11.80587959
13.08431530
11.80980301
13.31176472
7.27647114
12.04313850
12.92156887
13.70392323
11.59019566
9.14509869
8.19999981
9.79411793
6.94313812
5.17450857
5.77058887
9.85098076
12.69803905
11.47647285
13.01568794
12.25882435
12.94117832
7.03529549
11.79215622
13.08823490
13.82353210
12.57451153
8.74117661
8.25882339
9.43137169
6.85294008
4.78235340
6.35686255
9.72157001
11.72156906
11.52549362
12.95294189
12.39607906
12.62156868
7.63137293
12.26274395
13.61372662
13.63921833
13.73137283
8.80784512
8.65294075
9.50588226
7.10980511
4.49803972
7.11960697
9.27058792
11.34117794
12.06666565
12.30980682
12.52353096
12.26666641
8.05686378
12.09019947
13.80588341
13.38823605
14.17255020
9.50980282
8.26862907
10.38431644
7.61764812
4.47647095
7.35882473
9.02549076
11.73333263
12.13137054
12.29215908
12.10392094
12.07058811
8.10588360
12.17647171
13.40588188
13.79019833
14.09608078
10.78627777
8.00000095
10.71764660
7.87843132
5.18235302
6.90196133
8.90980434
11.91176605
11.89804077
12.93529415
11.43921661
11.02549171
7.51568556
12.43725586
12.65686512
14.36862850
14.12941360
12.10000229
8.21960735
10.64706039
7.67450953
6.00196075
6.57843256
8.67843056
11.91960907
12.10784435
13.10195923
11.57058811
10.22941208
7.21568680
11.81961060
12.20980167
14.02548981
13.39803982
12.89411831
8.14705849
11.31960773
7.31960773
5.90784359
6.52745104
8.72941303
13.59607983
11.68627548
13.29804039
11.87843037
9.88627434
7.15294075
11.88431644
12.09999752
12.57059097
11.76666737
13.03529263
8.03725529
11.50392246
6.91764641
5.16274643
6.49999952
8.96862698
15.44705868
11.88431549
12.84313869
11.92941189
9.12353039
7.01568651
11.60196114
11.72352982
10.88235283
10.46666622
12.90196037
8.08431435
10.86078548
6.53529453
4.66078424
6.45490265
8.97647095
15.59803867
12.21568584
12.66666603
12.31372643
9.00588226
7.20000076
11.28431416
11.45490170
9.97843170
9.79411697
12.74313545
8.73333454
10.50784302
6.21176481
4.81176472
6.07647038
8.94705963
14.14509773
13.42353153
12.99804020
12.44117451
9.25294209
7.14902067
11.07843113
10.79215908
9.64509869
9.67647171
12.38235283
9.16078377
10.73921776
6.45294142
4.98431396
5.15686321
8.64313793
13.30392265
14.52353096
12.68039322
12.09019756
9.23529530
6.85686302
10.82156754
9.57646942
8.82549000
9.31960869
11.76666641
9.19999981
10.53333378
6.90196133
4.53529453
4.75294113
8.45882511
13.11961079
15.14706230
12.78039265
11.75882339
8.83921528
7.54901934
11.22941303
9.44705868
8.27058887
9.02353001
11.50392151
9.37451077
10.28823566
6.82156897
4.19215727
4.93529415
8.09019661
13.10980320
14.99215698
13.34706020
11.40588474
8.87254810
7.95686340
11.65490341
10.08431530
8.01960754
8.46078396
10.97647095
9.70196152
10.70000076
6.83921528
4.07058811
4.95882368
7.59411812
12.56666756
15.12941170
12.83529091
11.52549076
8.86274433
8.01372623
11.30588245
10.00784302
8.43921566
7.83137274
11.50196362
11.20588398
10.45882416
6.95882368
3.79215741
4.88431358
7.60392189
12.25097847
14.97450829
12.79411697
11.98823833
8.96470737
8.09019661
11.73921585
9.58039379
8.21960831
7.77647161
11.21568584
12.24509811
9.25294209
6.87647009
3.80784321
4.98235321
7.81568670
11.90784264
14.22549248
13.15098286
12.08039284
9.74509811
7.76470661
13.25686264
9.44313717
7.73137283
7.80588293
11.14901924
12.17058659
8.68235397
7.27254772
4.01176453
5.05294037
7.68235302
11.20196056
13.94509888
13.22549057
12.01568604
10.28235435
7.55490112
13.51176643
9.24117661
7.52352858
7.67451048
11.31372547
11.87058926
8.71176338
7.33725500
3.88627458
4.60588264
7.37843180
11.05098057
13.39999866
13.20000267
12.16078186
10.84901905
7.28431511
13.67255211
9.78431606
7.21764755
7.70588160
10.54901981
11.98235512
8.41764832
7.61372566
4.60980368
3.89607930
7.00588322
11.29019737
12.14901924
13.16862774
12.25490189
11.60196304
6.80980444
13.28235626
10.16274643
6.93921566
7.33725548
9.54117775
11.92548847
8.48235226
8.54509926
4.90980339
3.94901991
7.58235407
10.98823547
11.81960964
13.37647057
12.70196247
11.86666584
6.79215860
12.89019775
9.15293884
6.41372538
7.33921623
8.75098133
11.68627644
8.39803791
8.62156773
4.95686245
3.98039246
7.65882397
10.78039074
12.41960812
13.25686264
13.65686321
11.78823662
7.61372566
12.32156754
9.45097923
6.30784273
7.55882311
8.59803867
11.52941322
8.05098057
8.75686359
5.39019585
3.56470633
7.66862774
11.32941437
12.06666946
13.82744980
13.87058926
10.87843132
7.81960869
11.26274681
10.19019508
7.03137302
7.70588255
8.78431416
12.22941303
7.79607964
9.18235397
5.07254934
3.30000043
7.80784369
11.57646942
11.59019661
13.59411716
13.06863022
9.65490246
7.11176491
10.85490322
11.18039227
7.88039160
7.83137321
9.31176567
13.06274509
8.04902077
8.64902115
4.27647114
3.16470671
8.16274643
12.48627472
12.17255020
13.28431511
12.46078587
9.21568680
7.06862879
11.10784340
11.46274757
8.46078587
7.24313784
8.65882397
12.89607620
8.79215717
8.29019451
4.37254858
3.14117670
7.96470737
13.46862793
12.70392227
13.87058735
12.23921585
8.85686302
7.56274509
10.94117546
11.63921547
9.24313831
6.68235350
7.70196056
12.63333511
8.82549095
8.11176491
4.20196104
3.68039227
7.54706001
13.68039417
12.69215679
13.83333302
11.80588341
8.53921604
8.01960850
10.71568584
12.21568775
9.53725719
6.93725586
7.17451000
12.45882607
8.79803753
8.86274529
4.75686216
5.22549105
8.20392132
13.18627357
12.08823776
14.65098095
12.04902077
8.18235302
8.04117584
11.04509830
12.25686264
9.64706039
7.00980377
6.98823452
11.50000095
9.36078453
9.60784340
5.55882311
6.78627586
8.25686264
12.16862869
11.34706020
15.38627815
12.80392170
8.14313889
7.96470642
10.89411640
12.65490341
9.98823452
6.67451048
6.60980463
10.51960850
9.24313736
8.99215698
5.40980434
7.58627653
7.53529501
11.75686264
10.57843113
15.26078510
13.02352810
7.96078491
8.48627472
10.50196171
14.22352791
10.13529682
6.54902029
6.05294180
9.83921719
8.46274471
8.50392246
5.45490217
7.01568556
6.87058783
11.57647133
9.91176510
14.36862946
12.46470547
7.82745123
8.77843189
10.47254944
15.41176605
9.41372585
6.93137312
5.88235283
9.18235493
8.34117699
9.63529396
5.75686169
5.04901981
6.83921576
11.60784245
9.58039379
13.40784454
12.28431225
8.14313793
8.49804020
10.41960907
15.63333416
9.38235283
7.23137236
6.04117632
8.49804020
8.64117622
10.62941170
7.02353001
4.66078520
6.97058821
12.05882263
9.31568718
12.92941093
12.55490112
8.25098228
8.08431435
10.55686188
15.74313927
10.58431339
7.21568680
6.29803944
7.76274538
8.80784416
10.53333569
10.10392189
4.97254944
6.65294123
11.96862793
8.98431587
12.86078644
12.49412251
8.07843208
7.33921576
11.69607735
16.50392342
11.37254906
7.23529530
6.23921680
6.79411793
9.18039227
10.43529415
12.57647228
4.78235388
6.65686274
11.31568527
8.75294209
12.62744999
12.03529549
7.99019575
6.77843285
12.38823700
17.30784416
12.03921509
7.01960850
5.98235321
5.93921566
9.42745209
10.19411755
13.34902000
4.91960812
6.41960859
10.72744942
9.07451057
12.99803925
11.63725567
7.93921566
6.60000134
12.82157135
17.04902077
13.08431244
7.00784445
5.83921719
6.48627520
8.74901962
9.83529472
12.65882301
5.10392141
6.49607849
11.28039169
8.46470547
13.49411869
11.52353191
7.95882368
6.63921499
12.83529568
16.18235397
15.08039188
7.42156887
6.26666689
7.43921566
7.85686493
8.69019699
10.71960735
4.91764688
6.38627625
11.88039303
8.38431454
13.38431358
11.38627625
7.96862793
6.69804001
12.97254944
14.80392265
17.78431702
7.56666660
6.77254868
7.67843151
7.26666737
8.31960869
9.60196114
5.11176491
7.03725481
11.38039303
8.71176720
12.46274567
11.57254791
8.18627548
6.57843113
13.32156849
14.14509964
19.78039360
8.58431339
7.09411907
7.27647018
6.79019594
8.94509888
9.36274433
4.98431396
6.97255039
10.30784321
8.60000038
11.42353344
12.23529339
8.36666870
6.49019623
13.66078663
14.19607830
20.30000114
10.91176605
7.18235302
6.65882254
6.78235245
9.61764908
8.84313679
4.23921633
7.38627386
10.01960850
9.09019566
10.74313736
12.71764851
8.23333359
6.48627472
13.93529415
14.66274738
18.45882607
12.29607964
6.81764841
6.62353086
7.04901934
9.01372528
8.13725662
4.17451000
7.58431387
9.20588398
9.96666622
10.33137321
13.03137398
8.19411755
6.39803934
13.47843075
14.74509907
16.71568489
12.84313679
6.68627357
6.33921671
7.43137312
8.89019680
8.24902153
4.47058916
7.92745161
9.12156868
10.43333435
9.72941399
12.00392246
8.49215794
6.94313717
13.15882397
14.81960869
15.94510174
12.97843170
6.78627491
5.59999990
6.67254925
10.11372471
8.88235283
4.20980453
8.79411697
9.44117641
10.69804001
9.28431225
11.38431358
8.53137398
7.36470604
13.63725662
13.47647190
14.26078606
12.63725758
7.50000048
5.21176386
5.98823595
10.70000172
8.89019775
4.34313774
9.42745209
9.89608097
10.64901829
9.22941303
11.64509869
8.17255020
6.85882282
14.32548714
12.06666565
12.60392284
12.05294037
7.44117689
4.92941189
6.15882397
11.08823586
8.11568642
4.45098114
10.02941227
10.41568756
10.20980263
9.16666794
11.77058887
7.62745142
6.49411869
15.15882587
11.23921680
11.34902000
11.46862698
7.57843113
5.42941189
6.65294075
10.96274376
8.44705963
4.64902020
10.50588322
12.10000134
9.45686340
9.15294170
11.14902020
7.46078396
6.40196180
16.09019852
10.77843189
10.48431587
10.90588188
7.97843313
6.04117775
6.64117718
10.65882492
9.81960869
4.49019670
9.93921566
14.50000286
9.09607792
9.25882435
10.64902020
7.74509907
6.23529434
17.08039284
10.67255020
9.84902096
11.11960983
8.19411850
7.05686378
6.29607821
10.88039494
10.42156887
3.88627481
8.80980492
15.52941322
9.52745152
9.08235359
10.07843208
7.93921661
6.40196133
18.48235321
10.38039207
9.18823528
12.00588131
9.39019680
8.02941227
6.07254887
10.61176491
10.30000210
3.96862745
6.60588264
15.37450886
9.84509754
8.90588284
9.43725491
7.90196037
6.42745113
19.14705849
10.22745228
8.62156868
12.12941456
10.47058868
8.30980492
5.64509773
10.47843075
10.85490322
4.28627443
5.53137302
14.19607925
10.27254963
8.49803925
9.21568680
7.85490227
6.45686245
20.62940979
9.86078453
8.28627396
10.99804020
10.46862888
8.22352886
5.13529444
10.74117756
10.76470661
4.30000019
6.07647276
12.88823605
11.32941246
8.71764660
9.38039112
7.41568804
5.38627434
21.70196342
10.53725624
8.63529396
10.40196133
9.53529358
8.06666756
4.74117708
12.38235474
10.57647228
4.34117699
7.44706011
11.34509850
12.01372337
8.61176586
9.48431396
7.23137283
4.80784321
21.37255096
11.79215717
9.19999981
11.00196171
9.00980568
7.60980511
4.52352905
13.15294170
10.47058964
4.38627481
8.12352943
9.53725529
12.20980644
8.55490112
9.14117813
7.63137341
4.53137350
20.66274643
12.30784416
9.42156982
10.84313965
9.33921623
6.66274595
4.05490160
12.69019890
10.72745419
4.58627510
8.91960907
8.62941265
11.61568642
8.18039322
9.53137302
7.93333435
4.28039265
18.74901962
12.46274567
9.13137245
9.43137264
9.48039436
5.52941179
4.20392179
11.62156963
10.81764984
5.15490103
8.87843132
8.95686340
10.94706059
8.12745094
10.23137283
7.96470451
4.42549038
16.42745209
12.73725700
8.47843170
8.34117699
9.34117794
4.81568670
4.11764765
9.65293980
10.57647419
5.54117727
8.72352982
9.42549133
11.03529358
9.64313793
9.98039246
7.82745028
5.02156925
14.66862774
12.84117794
8.19215775
7.90196133
9.14705944
4.62352943
4.34509850
8.33529568
10.66274643
5.53725672
7.84902000
9.97255135
10.93137169
9.89803982
9.61372757
7.28431368
5.75882339
14.44313812
13.04509830
8.29411793
7.64313793
8.97843170
4.90980387
4.51764727
7.83725595
11.12745094
5.76470661
7.18039131
10.66470623
10.31568813
8.88627434
9.30784321
6.80196190
6.22156906
14.58431625
13.78431511
8.18627548
7.73137331
8.69607925
5.16470623
4.05098057
7.80000019
11.78039169
6.07843161
6.81568670
10.74705887
9.76274490
8.37647057
9.01372528
6.08627319
6.49215889
14.49804211
14.55098152
8.19411755
8.24902058
8.30588245
5.79607916
3.64705920
7.42549133
12.17451096
6.59411812
6.45490170
10.21764565
9.37647057
8.30784321
9.17647076
6.68235350
6.49215698
13.83137417
15.34117889
8.11568737
8.39803886
8.28431511
6.24705887
4.26274538
6.91960812
11.67647266
7.06078386
6.35882378
9.68431377
9.40980434
7.94117641
9.34706020
7.76078510
6.51176500
12.57843113
16.34313965
7.86862803
7.88627338
9.62548923
6.88823652
4.54509830
6.16862822
11.45098305
6.96666765
6.34117746
9.44117641
9.28823471
7.78039265
9.41176414
7.68627501
6.18039227
12.41372681
17.50392342
8.21568584
7.47451067
10.59608078
7.48039198
4.75882339
5.48039198
11.47843266
6.41960907
6.33333302
9.44509792
9.49803925
8.64509964
9.06274605
8.06666660
5.49215698
11.84509945
19.07058525
9.55294418
7.24509859
11.69411659
8.11568642
5.70784283
5.14313793
10.62549114
6.32352972
6.65686321
9.66470432
10.17843151
9.93529510
8.87647152
9.32745171
5.23137283
12.45882320
20.60784149
10.90196037
6.81568718
11.46078491
7.68431330
5.85490322
4.78039312
9.55098057
6.73333359
7.16470480
9.63725567
10.37255001
11.15294075
8.03725433
9.81568527
5.24509859
12.58039188
21.55686569
11.79607773
6.79607821
11.05686569
7.08823538
5.77451086
4.62745094
8.20784378
6.53921604
7.53529501
9.77058887
10.56078339
11.43529510
8.40000057
10.53333473
5.01568604
11.66274357
20.85686493
13.19804096
7.16666698
10.33333397
6.72352934
6.66862774
4.11176491
7.87058926
6.48823690
7.27647066
10.09215832
10.78823662
11.35098076
9.50196075
10.53333569
4.71960831
12.13921738
17.88235474
13.74314022
7.11372662
9.91568661
6.44705915
7.48235321
3.94509792
7.45882368
7.18627453
6.89411831
9.60000038
10.62352943
11.14705849
10.09215832
10.10588264
4.54509783
12.89411831
15.28235626
13.51372623
6.63529444
9.02549076
6.44509792
8.62352943
4.11960840
6.66274548
8.16470528
6.83137226
9.49215794
10.05490303
10.61960793
10.58823776
8.84705830
4.48627472
13.29608154
13.28627491
12.84509850
6.85294151
7.56862783
7.29803991
9.04313946
4.22156906
5.90588284
8.84117603
6.67647123
9.57254982
9.52352905
10.25098228
10.71764755
8.24901867
4.41568565
14.20195961
11.29607868
13.07647038
6.79215813
7.27843189
8.18627453
7.72549057
4.39215755
5.94509792
8.96470642
6.52941275
9.06862831
9.03921604
9.43921566
9.82745075
7.37843180
4.52745104
14.52745342
10.07058811
12.95882607
7.22941303
6.90000105
8.48431396
6.45294142
4.50588322
5.99411726
8.79215717
6.69411802
8.70980358
9.61568451
8.80588531
9.61176491
7.23921633
4.71960783
15.54509926
8.99607944
12.38039494
7.88823652
6.82745123
7.52156830
6.29019594
4.40196133
5.44509840
8.90784264
6.63333321
8.52745152
11.39803886
9.58235455
10.34509659
6.68627405
4.75882339
15.83529377
9.02353001
11.53333473
7.82156849
6.56078482
6.40392208
7.05882454
3.93725538
5.11568737
8.51960850
6.51764870
8.55490208
12.98039436
10.50392246
11.03725624
5.85490179
5.27647114
16.25490189
9.45490265
11.38431454
8.07647133
6.40392160
6.29803944
6.21960831
3.89215708
4.92156887
7.26274633
6.59607983
8.37450981
12.78431606
10.72156811
9.81176567
5.75294065
5.55294037
19.51568794
10.25293922
11.28823566
9.21764755
6.09803963
6.12353086
4.99607801
4.16862822
4.90784359
6.73333311
6.82352972
8.39607906
12.61372566
10.45882416
9.02353001
5.52941227
5.99411821
22.39411736
11.75098038
10.98235416
10.75294209
5.53725433
6.15882301
4.41176510
5.12353039
4.33529377
7.16666746
6.74705982
8.37451077
12.90196037
10.20980453
8.68431473
5.94313717
6.90784407
23.93333626
13.78235245
11.39803982
12.48235321
5.49803972
7.38039303
4.89607954
5.00588274
3.70196104
7.57451153
6.52352953
8.89803886
12.74117661
10.65686417
8.17058945
7.23137283
7.31568670
24.86274529
17.17450714
12.36470699
14.40196133
5.61372519
8.25294018
5.66862822
4.01568651
3.92156887
7.87450981
7.00980377
9.70392227
11.99215794
10.86078644
7.84902048
8.22156906
7.34705925
24.72156906
19.97254944
12.85686207
14.34706116
5.94705915
8.90392208
6.07450962
3.81568623
4.20196152
7.76078415
7.91764736
9.84313965
11.72941399
10.87843323
7.48235321
8.26862812
6.70784426
23.43333626
21.33529472
13.32156849
13.71960831
7.16470623
10.85294247
6.19607973
3.93137336
4.09999990
7.17451000
8.37058830
9.61764622
11.96862793
11.60980320
6.88823414
9.59215736
6.38039207
21.90391922
20.66862488
14.48627472
12.93529320
7.94901991
11.42549133
6.32941294
5.36470652
3.95097995
7.38431358
8.19215775
9.45686340
11.67843437
12.28627396
6.60392141
10.92549038
6.06470680
21.07255173
20.17058945
15.15686512
10.37058735
8.09411716
10.38039303
6.84313631
6.45490217
4.88431358
7.78039265
8.07058907
9.96862698
11.63529301
12.64902210
7.17843199
12.28627491
4.89411879
20.18432045
20.36078644
15.37255001
10.12156773
7.75294209
8.68039131
6.76862812
6.96862698
7.29019642
8.39411831
7.97843218
10.05097961
12.43333340
13.04901981
7.39411879
13.98627758
3.33529449
19.20195961
20.53529930
15.34313869
10.55882263
8.25686264
7.40588284
5.89607906
7.31372547
9.21960831
9.19019794
8.15686417
10.34705925
14.77450943
13.29411793
7.49411821
15.21372604
2.90784359
18.83137512
20.59803581
16.10392189
11.56862640
9.41960716
6.57843256
5.14509773
7.99215698
10.02941227
9.98039341
8.35294056
10.85490322
16.07255173
13.62941170
8.10588264
14.37843323
2.74509811
18.05098343
20.39607430
17.43529701
13.55490303
10.47255039
6.07843208
4.31176567
8.29411793
10.74902058
10.19999981
8.22548962
10.84117603
15.74901962
14.20392132
8.95490265
13.51176453
2.90588284
18.12353134
19.91568756
19.90980339
15.42549038
11.59019566
5.84901953
3.69019604
8.16078472
13.05882168
10.20195961
7.93725491
10.46274567
15.09999943
14.71372414
8.66666698
12.11960888
3.11568666
19.10392189
21.75882721
23.04313660
17.70784187
12.18627453
5.43529367
3.95294094
7.90980482
14.96862888
10.45686150
7.73921585
10.11176491
13.87451077
14.84706211
8.93333435
10.02156925
3.35098052
19.99412155
22.65882683
23.98627472
19.01765060
12.70000076
5.85098028
4.01176453
8.21568680
15.40392399
10.29215527
7.66862822
10.06862831
13.85686302
14.70588207
9.97647095
9.23725414
3.47647095
21.03137398
24.08627701
23.36470795
19.65294266
13.23921680
6.45294189
4.05882406
8.72549152
14.63137245
9.59607697
7.71176481
10.43137455
14.85882378
14.18039322
11.66666794
8.37843323
4.03137302
21.83137512
24.48039627
21.06862831
20.17450714
13.99608231
6.46470594
4.74117661
9.01176453
12.74902058
8.69804001
7.27450991
10.80980492
14.80980301
13.47843361
13.16274548
7.08627558
3.90588212
22.26666832
23.39804459
19.93725395
20.24901962
13.85490227
7.04509878
5.34705925
9.43529415
10.31764793
7.19019651
7.23333311
10.97254944
14.03137207
13.16078758
12.30392170
6.20588303
4.43529415
22.94705963
21.82548904
20.10588455
20.07646942
13.16274643
7.46078539
6.16078568
8.75882339
8.82156658
6.63333559
7.02156973
10.84705544
13.28823566
13.04509926
10.23725510
5.81960869
4.56470585
23.40000153
21.40980530
19.50391960
19.42941093
12.16078281
7.20588303
7.00980425
8.37058735
7.69607830
6.76078510
6.37843227
10.33529568
12.42353153
13.79216003
8.74901962
5.96470547
4.22352934
23.83333015
21.29607964
19.51961327
18.01372337
11.28823471
7.12156916
6.30000019
9.52941227
6.00196075
6.11764765
6.18235397
9.60784435
11.65098000
13.80000210
7.76470566
6.13529444
4.47451019
23.24901962
21.26470375
20.59411812
16.66470718
11.50196266
6.77843189
4.74313784
11.45294094
4.77647114
5.86078548
6.04509735
9.11372566
11.08235455
13.21568775
7.19215631
5.69999933
4.12156820
21.16078568
20.94902039
20.35098076
16.05882645
12.79411888
6.79607964
3.25686312
12.50392246
3.90000010
5.86862755
6.41176462
9.78039455
10.96078587
12.62156773
6.90196228
4.84313774
3.81568646
19.03137207
20.83137321
19.26274490
15.81960869
14.91961002
6.79411793
2.46666718
13.01568794
4.08823586
5.63921642
6.70392227
10.49411964
11.61568737
12.58823586
7.07255030
4.74117661
3.78039241
16.42157173
19.72352982
18.02352905
16.67451096
16.55098152
6.28431416
2.67254901
11.84313869
5.41372633
5.23921585
6.89607811
10.38039398
11.94117641
13.46078682
7.49607944
5.51568651
3.65098095
16.03725815
17.71960831
17.73137474
17.82352829
17.09019852
6.41568661
3.55490255
8.54117775
6.86078501
4.98039246
7.09215689
9.50980377
12.30196095
13.37058830
7.82745028
7.32549000
3.75490236
16.38039398
15.57647324
17.90392113
18.07255363
16.35294151
5.98823595
3.67843127
6.94509888
7.35294104
4.75294065
7.14313793
9.15882397
12.80784702
12.71176624
8.02745152
8.71568680
3.62156892
16.57451248
14.36666870
17.92353249
16.10392380
15.28235340
5.45294142
3.23529434
5.40784311
7.35882330
4.27843189
6.94902039
9.27647018
12.86274433
12.74510098
8.43725586
9.17646980
3.93529463
16.78039551
14.24902153
17.31961060
15.65490437
14.73529434
5.95686293
3.28235269
4.65098047
6.89803934
3.92549038
6.23529387
9.34902000
12.18039322
12.09019852
8.95098114
8.87647057
4.78431416
17.44510078
14.15686607
16.22157097
16.13137436
14.15098286
5.81960917
3.68823552
5.04117632
6.01176500
3.90196109
5.07647133
9.41960907
11.11568451
10.90392208
9.25686359
7.97450972
4.76274586
17.58039284
14.15490246
14.67254925
16.65098190
14.36078644
6.17058897
4.47058916
5.96470642
5.99803925
3.78039289
4.60392189
8.73333549
9.16078377
10.52745152
9.33921623
7.31176472
4.87647104
17.27058983
15.26666832
13.36470699
17.17843246
15.60000038
8.14705849
5.75686264
6.28627348
6.73137188
3.24705887
5.48627424
7.77255011
8.01764774
11.21960735
9.47843361
7.22157001
5.12156868
15.93137550
15.74902058
12.97843266
16.76666832
16.59608078
9.24313927
6.59411764
5.75294209
6.73333502
2.56274557
5.65294170
7.60196066
7.47058868
12.26274586
9.23529434
6.84902000
5.08431387
14.65882397
15.56666660
12.87843037
15.55882359
15.25882339
10.16078281
6.42156887
4.61960840
6.11372662
2.24901986
5.15686274
6.87843227
7.05686188
13.05098152
8.91568756
7.17647076
4.95490313
14.27843189
15.08431530
12.70195961
13.88627529
13.76666641
9.94705772
5.44313765
3.82156920
4.10784292
2.24509835
4.96274614
7.14117718
7.05686283
13.08039284
9.28627682
7.14117765
4.76078415
14.51372623
15.16078568
11.68039227
13.28431416
16.46078682
12.85294342
6.90392065
3.26666737
4.43725538
4.95490408
4.76862812
7.14509869
7.56666660
12.70000076
9.70588493
7.18039322
4.76470613
14.78627491
15.39804077
11.32745266
13.57059002
17.81764793
16.30000305
6.61960936
2.66078472
3.82941222
4.80980396
4.37843227
7.01960850
7.50980473
11.46470642
10.00588131
7.24902010
5.16862774
14.62745285
15.97647190
12.14901924
14.37843227
17.45293999
17.10000420
7.00000048
2.23137283
3.86078453
4.34705973
4.21568680
6.55882454
7.27254915
9.54313755
10.73921585
7.53921604
5.37647057
14.45294189
16.46862793
13.66862774
14.37843227
17.50980377
16.68431664
7.33137321
2.49803972
1.65882361
4.50588369
3.82745099
6.35882425
7.24509907
7.88235378
11.15490437
7.50980473
5.39803934
13.91372585
16.05294228
15.31764889
13.74313641
18.97254753
17.53529358
17.43529510
12.44706059
17.65294266
8.16078568
4.23333406
6.51568556
7.40784359
7.73529434
11.04313755
8.24901962
5.58823538
14.20000362
15.57647324
16.72744942
13.07843399
18.71960640
17.08039284
21.01764870
14.48431206
21.88235474
9.60980415
5.02156925
7.05686283
7.42352915
8.58235264
10.48431396
9.30588341
5.77254868
14.86470699
14.68235493
16.20000076
13.36666584
17.18039513
14.96274757
20.52548981
15.47647285
19.01176453
8.99411583
5.15490246
6.85882378
7.35882378
8.81960964
10.66470528
9.94902134
5.86078501
15.86078453
13.98235416
15.83333588
13.50000095
16.27843285
11.93529510
18.86666298
15.35686398
16.42156982
8.43333340
5.39411831
6.65490150
7.54902029
10.16078568
11.61568832
9.86666775
5.92941284
16.52548981
13.93921280
15.90000248
13.20392609
15.86862850
12.71764660
17.45882416
16.20000076
15.35882568
8.27843094
4.86666679
6.85490274
7.69607878
11.75686264
12.44117641
9.57843208
6.64901924
15.99019909
13.91568565
16.07254982
13.15098000
15.22353077
14.72548866
16.14509773
20.10980225
14.41764450
7.82353020
4.15882397
6.52352905
7.53529549
11.72745037
13.41372490
9.22156906
6.78039312
15.42941093
13.91568851
15.88823414
12.81176472
14.46274376
15.49803925
15.34313488
20.01372528
14.81568527
7.84509850
3.74117661
6.17450905
7.25490236
9.46078491
14.35293961
8.86666775
6.90392256
14.43137455
13.49803925
15.40196133
12.62549114
14.59999943
13.98823643
16.19607925
15.73921394
16.51960754
7.81176472
3.27647066
5.86078453
7.65490198
7.33333302
13.87450981
8.59215832
7.41372585
14.16862965
13.45294189
14.56470776
13.11960888
14.75686264
12.85294151
16.61176491
17.63921547
17.01176453
7.12549067
2.78823519
5.64901924
7.84509802
7.01568699
12.06470490
8.76470566
8.13921452
14.63137436
14.06274509
13.78431511
13.18039322
14.83921337
13.65490341
18.35098076
17.10196114
18.54509926
7.40980291
2.48627448
5.42745113
7.92352962
7.71176434
10.21764755
8.81764793
9.39803982
14.97843170
14.13137341
13.07058907
13.55294228
15.77058983
18.24509811
19.71372032
16.24313927
19.75686455
8.70195866
2.71764731
5.42156887
8.48823643
7.30588245
10.54509926
9.55294132
10.44313526
14.43137264
14.32352924
12.02157021
14.16078472
15.89999962
16.72549057
16.09804153
13.41764641
17.41372681
7.42745209
3.23333335
5.05490160
9.27058887
6.76666737
11.40980625
10.39411831
10.70392036
13.72549152
15.23725700
10.83333397
14.55882263
12.48627281
6.81764746
3.82941198
4.01568699
9.34705830
1.56274533
3.06666660
4.69803905
9.31568813
7.22941208
12.30784321
10.34313679
9.75686264
12.92157173
15.38627243
11.34117699
14.05490208
12.99607944
8.91176414
3.90980411
3.52352977
8.51568794
1.80784333
2.42352939
4.94117737
8.69804096
9.41764641
14.01568699
10.14509773
8.46470737
11.97646999
14.97843456
13.37647247
12.49215603
13.26666737
9.51372719
4.07254934
2.79607916
7.77647161
1.99411786
2.34509850
5.10980463
7.91372585
12.09215641
14.91568756
10.22548962
8.14117813
10.70588398
14.36862946
15.22549057
10.62156773
12.29803944
10.24901676
4.71764755
2.82745123
7.36470699
1.89411783
2.71764731
5.56470537
7.68627548
13.71176434
14.98039055
10.74313641
8.44902039
9.50195980
13.37255096
16.42156792
9.71372509
10.95294189
10.94509888
5.29607916
3.13529396
2.06470609
1.80784333
3.08235312
5.78431416
7.78039312
14.02157211
14.51372433
11.50196266
8.66666508
9.72745132
12.65686417
16.96470642
10.01372528
10.32156944
12.02941036
5.53333330
3.69999981
2.01960802
1.79411793
3.39607835
6.02156878
8.48431301
12.91568565
13.79607868
11.78235340
8.20196056
10.79019642
12.00784397
18.70980644
10.68235302
9.25098038
12.66274643
5.50392199
4.71176481
2.31176519
1.66862774
3.14313769
6.39019680
8.35882473
10.84705830
11.71568966
11.77451134
8.30588341
11.46470547
11.23529434
19.11568451
11.70980549
8.01960754
12.74117756
5.56862783
5.31372547
3.24705982
1.79411781
2.77843165
6.28823566
8.35686302
9.07843113
9.48039246
10.53529549
9.01764774
12.13333321
10.51764679
18.45882225
13.38039398
7.37058926
11.85490227
5.97058821
5.68235302
3.55098057
1.97058868
2.43137264
6.54313850
8.83725452
8.07058811
8.84117603
9.51176643
9.72548962
12.70195961
9.98431301
17.33137321
15.47451019
6.93921661
10.85882282
6.64705944
5.67647076
3.53921628
1.70000041
2.38823557
6.67843151
9.45686531
8.06274605
7.36666679
7.89215755
10.50588322
12.96078396
9.93725395
14.97255135
17.88627243
7.12549067
9.55686188
6.85490227
4.71764708
3.41372585
1.48039234
2.91764760
6.93725634
9.37450981
8.27451038
6.12156820
6.99215698
10.70980549
12.97254944
9.16666794
13.29607964
18.20196533
6.89607906
7.63333368
7.06862879
3.62745166
3.47058821
2.11960816
3.48823571
7.18235302
8.67450905
7.87450933
5.51764774
6.90392208
10.30784321
12.58823586
8.79411793
12.48039246
17.42156792
6.49411726
5.88627529
7.38823605
2.79411769
3.40392184
2.64509845
4.04117632
7.37451029
8.51568794
7.13725424
5.00392246
7.06666756
9.94117832
13.21764755
9.01372623
11.78039360
16.00980568
6.78039217
5.35294199
8.08823490
2.88039255
3.13725543
2.95686269
4.08039236
7.82941198
8.66862774
6.42549133
4.98823547
7.62941265
9.20196152
13.60000038
9.25294304
10.72548962
14.55294418
8.15294170
5.08039188
7.71960878
3.19215703
2.67254901
3.20392156
4.20000076
8.87843227
8.29607964
5.83137226
4.47647047
7.20000029
8.78039169
12.80196190
9.07058907
9.99999905
13.79411697
9.68627644
4.83137274
6.55098057
3.27058864
2.43921614
2.90588284
4.47254944
9.51176453
7.00392294
6.05490255
4.07254934
6.89411831
8.48039246
13.35294151
9.50392151
9.66274548
12.37647057
10.46862888
4.28039265
5.58627462
4.48431444
2.10196090
2.91568685
4.29803944
9.63921547
6.10000086
6.79019642
4.06666708
6.46470594
8.07647038
14.84705925
9.72549057
9.21960926
11.48039341
10.80392265
4.26862764
5.22745132
6.31568623
1.68235290
2.81568670
4.04509830
9.10784435
6.13333321
6.83921623
4.36666679
6.42745161
7.81568766
14.94117737
10.31176472
9.18823624
11.39019585
11.04117775
4.70980406
5.74313831
8.77451038
1.91568637
2.95294142
3.95098090
7.64902067
6.29803991
6.50588226
5.51372576
6.85098028
7.58823586
14.50588417
11.24117851
9.18627548
11.11372757
11.54509926
4.98431396
5.27647018
10.27450943
2.99215698
2.60392165
4.28627539
5.31176519
6.38039255
6.53921652
6.32549000
6.89019632
6.91764736
13.93333530
12.17058849
8.74117661
10.22157001
12.46470737
4.15294123
4.21960783
10.00784302
4.21568632
1.73921585
4.53137255
4.29803944
6.83529472
6.93725491
5.91764736
6.44117737
6.07058859
12.52353287
13.12548923
8.21960831
9.67843246
13.81176567
3.61176443
4.14313793
8.11176682
4.72941351
1.26274538
4.10784388
4.06470585
6.65490294
6.78627443
5.25686312
6.17647123
5.61176538
11.08823586
13.11568737
8.71568680
8.93921566
15.06470585
3.54313755
3.93333387
6.51568699
4.84117699
1.29215705
3.50784349
4.39803982
7.22549009
7.31764746
4.76862764
5.81176424
5.71568584
10.55686283
12.85490227
8.81176376
8.53333569
14.64902020
3.84509850
3.77450967
5.78039217
5.11176538
1.41764736
3.09215713
5.06862736
7.96078539
7.87647009
4.80000067
5.18235302
5.64901972
10.53921604
12.86470699
8.59215832
8.16470623
13.62941265
4.99804020
4.17058849
4.89411783
5.05294132
1.73529458
2.94902039
5.28627539
8.34313774
8.82157040
5.54313850
4.93725491
5.34705925
10.36078548
12.77843189
9.40980721
8.19411850
12.47254944
6.03921509
4.24901962
4.50588369
4.41176510
2.03921580
3.42549038
4.55098104
9.01960754
9.22352982
6.05294085
5.21568727
5.12156868
10.09411621
12.74117279
9.94117737
8.25294113
10.35294247
7.49803877
4.51372576
4.43333340
3.55882359
1.98823559
3.91568637
4.14705896
9.13725471
8.86666679
7.20392132
5.44313765
5.05098009
9.52745056
12.45490265
9.66666889
8.07451153
9.37843227
8.22941208
4.71568727
4.35490227
3.01764750
1.72156882
4.05294228
3.95882392
8.60392189
8.62353039
8.23529339
4.97058821
5.02352953
9.36470604
12.61764622
10.09019566
7.41568613
9.56470680
8.56274509
4.91372538
3.55294108
2.93921638
1.63921595
3.97254944
3.78627491
8.09215832
7.76666689
8.00000095
4.61764765
4.84509850
8.96666718
12.62744999
11.75882530
7.26078510
10.01372719
9.15098190
4.70196009
2.93333364
3.08039236
2.23529410
4.11176443
3.97647071
7.37647057
6.85294151
6.96078539
4.61764765
4.98823643
8.30392170
12.79215813
13.25098228
7.81176615
10.27255058
8.76666641
4.24117661
3.17451000
3.47647095
3.15686297
3.61176491
4.39411831
7.58235359
7.06078482
5.34117651
4.71568584
5.41568518
7.40392160
12.94510078
13.40980625
8.42156887
9.61960602
7.72941303
4.26078415
3.59411812
3.16666698
3.58039284
3.21176529
4.65882397
8.35686398
7.10784435
4.12156916
4.82745075
5.63529444
7.59607840
12.13137150
13.49215889
8.56862736
9.15490055
7.81960821
4.14705849
3.85098052
2.52941227
3.62548995
3.22745109
4.82745123
8.47254944
6.75098038
3.75098085
4.75686312
5.55882311
8.17451000
10.65882492
13.74706078
9.59803963
8.67058849
7.81764698
4.02549028
3.81764746
2.64705920
3.58627439
3.29019618
4.98235273
8.33529472
7.29019690
3.87451029
4.33333397
5.32156754
9.04313755
9.76274586
13.43921661
11.77254963
8.93333435
7.95882320
4.62941217
3.29411817
2.98039246
3.45686293
3.75490212
5.02941227
8.61176491
7.96666765
4.07451010
4.07843065
5.15490246
9.35882473
9.45490360
13.20392227
13.11372757
8.69999981
7.82941198
5.04509878
2.98627448
3.67647076
3.37843156
3.90588236
5.19019651
8.57450962
8.38627434
4.12549019
3.99215698
4.72745132
9.20392132
9.52745247
13.05490208
15.04313850
8.16470623
7.37451029
6.15098190
3.14509797
4.22353029
2.94509816
3.82941198
5.49411774
7.88823509
8.73921680
4.09803963
4.16078472
4.00784302
8.08039093
9.17843151
13.32745075
15.83529663
8.41568661
6.69803953
6.47254992
3.38431406
4.30784369
2.70588279
3.44509816
5.14313698
6.04705906
8.99804020
4.18235302
4.76078367
3.65686250
6.89215660
8.34117794
12.70392132
15.85686493
8.51960945
6.14313650
6.17843246
3.52941227
3.54313755
2.63529420
3.24902010
4.60392141
4.53333378
8.27647018
4.27647114
5.01176548
3.78431463
6.99215698
7.58039284
11.84509850
15.17255020
9.10980415
5.97254896
5.86078501
4.19215727
2.66470623
2.30000019
3.92549062
4.33529377
4.44901943
7.04313803
4.36078405
4.90980339
3.72549033
7.56274509
7.24509907
10.21568775
14.35097980
9.93137455
6.09019661
5.43921661
4.92941189
2.36862803
2.07647085
4.30000067
4.26470613
5.28235292
6.14705896
4.52156878
4.60000038
3.58627486
8.48235416
7.33529472
8.83137321
12.47843170
10.68431377
6.02352953
4.99607801
4.84902000
2.46274567
2.30588293
3.74901962
4.04509830
6.23333359
5.80980396
4.43137312
3.91176510
3.90588260
10.05293941
7.55686235
8.44313812
10.30980492
10.73921585
5.74901962
4.60000038
4.46666718
2.60196114
2.57058835
3.43137288
3.48039222
6.66666746
6.00980377
4.07058859
3.39803958
4.42745161
11.24705887
7.85882378
8.25882244
10.23333359
10.93529510
5.44509840
4.39215660
4.22156906
2.41372561
2.27647066
2.88627481
3.26470661
6.12941217
6.32745028
4.23725557
3.41568661
4.52156830
13.10392189
8.13921642
8.27254963
10.26274681
10.40784073
5.10196161
4.83137274
4.05882359
1.88039231
1.69019663
2.78039265
2.88431430
5.46274567
6.28235340
4.53921604
3.64705896
4.42549086
14.61372662
7.90000153
8.92549133
9.09019661
9.57647133
4.91176558
5.88431406
4.62549067
1.91176522
1.63921583
3.37254882
2.63333344
4.90980434
6.24117661
5.07647181
4.00588226
4.50588226
14.93137360
7.74902010
9.19215775
8.17058945
8.44705772
5.38235426
7.61176491
5.74705839
2.15294147
1.75294149
4.25686264
2.77450991
4.21176529
6.75294161
5.63921738
3.80000067
4.61960745
13.83333397
8.85686207
8.66666698
8.36666679
7.92941093
6.10980463
8.41764736
5.92352962
2.62352967
1.70980394
4.52941179
3.72745109
3.63333344
6.93725586
5.34902096
3.44705963
4.53333378
12.30588245
10.00391960
8.10000038
8.64117622
8.11960793
6.20000029
8.20588303
5.56274509
3.36666703
2.14901972
4.28039217
4.27450991
3.51568627
6.97843122
5.25882435
3.31960821
4.39607859
11.28431511
10.57058811
7.97254896
8.75686264
8.23921680
5.52353001
7.61568689
5.84117746
3.29607797
2.86078477
3.90784383
4.11960840
3.54117680
6.52549076
5.20000076
3.12156916
4.31960869
10.29019547
11.35882568
8.25294209
8.89215755
8.33137417
4.87254906
6.50000095
6.15882349
2.68235350
3.03921604
3.55294108
4.59803963
3.72549081
6.41372633
5.35098028
3.03725505
4.30392170
9.13137245
11.91960907
8.34902096
8.20980358
8.56862831
4.77254963
4.63333321
6.35097933
2.40588284
3.52745152
3.25490189
4.64313793
3.83137274
6.58235407
5.10196161
3.37450981
4.08823586
7.80588293
11.70588398
7.79804039
7.12157059
8.09019661
5.15294170
4.68039322
6.23725462
3.10000038
3.44901967
3.26274562
4.55882406
4.01960754
6.51568604
4.88627434
3.80588293
3.88823557
7.35097980
11.09411812
7.57451010
6.73529434
7.54705906
6.05490255
4.79411840
6.13921595
3.41764736
3.16274548
3.28431392
4.84901953
4.10980463
6.10000038
4.73529434
4.03529501
3.64902043
7.00588131
10.44705868
7.45490170
6.70980358
7.34313726
6.65294218
5.40000105
5.58823586
3.58235335
2.84902024
3.01372600
5.44509840
4.21764755
6.02745008
4.67451000
3.63529396
3.73137307
6.75294065
9.83137321
7.59804010
6.60784340
7.04509830
6.66666794
5.85294151
4.95882368
3.77843142
2.61960793
2.95294166
5.66470671
4.46862793
6.32941151
4.64902020
3.44509840
4.23921585
7.11764717
9.53529453
7.55882311
6.68431425
6.21176577
6.83529377
5.89803982
3.84901953
3.82156849
2.85490227
3.04117703
5.32156944
4.53529453
6.67647076
4.71568680
3.42156911
4.64705849
7.00588274
9.63333511
7.42549038
6.55686283
6.32549047
6.64313793
6.17451000
3.54901981
3.59803915
3.26862741
3.01764774
4.88039207
4.05686331
6.93137264
4.76862860
3.16078448
4.43137264
6.60784435
9.55882454
8.03921604
6.37450933
6.17450953
5.85490274
6.44705915
3.71764755
3.03137255
3.12549090
3.15686321
4.66078472
3.42156887
6.81176472
4.78627396
3.16862798
3.94117618
6.65686274
9.01764870
8.80392265
6.85294056
6.23725653
5.50980425
5.98823643
3.42745113
2.54705906
2.87843156
3.13333392
4.62941217
4.14705896
6.65882444
5.14313841
3.25294209
3.53137279
6.85098076
8.76862717
9.39608002
7.11960745
6.28039169
5.52549028
5.11764765
2.93529439
2.19019628
2.94705892
3.14705896
4.33725595
5.17451096
7.47647095
5.63921452
3.44901991
3.53137255
6.74902010
8.67647076
9.59019661
7.42156887
6.44509888
5.91960859
4.43921566
2.04509830
1.66274512
2.78627515
3.25294161
3.84117651
5.22156906
7.93921709
6.32157040
4.11372566
3.97058845
7.11764669
8.77058983
9.32941437
7.93529415
6.21960831
6.49607801
4.62941217
2.01176476
1.72941196
2.60588264
2.81568670
4.12549067
5.06078434
8.00784397
6.27058887
4.53137302
4.26666784
7.73921633
8.66274643
9.11960793
7.66666698
6.35882330
6.45294142
4.96666670
2.36862779
1.99803925
2.43529439
2.52549028
4.09803915
4.62745142
8.02745152
6.03725529
4.69803858
4.48431396
7.87254906
9.05882549
8.89411736
7.13529301
6.71960878
5.64902067
5.15686321
2.80196118
1.97647107
2.02156878
3.05882406
3.30196095
4.43137312
8.12156963
5.89411831
4.90980434
4.73725510
7.74313736
10.10588264
9.98039246
7.34902000
6.69411850
5.00392151
5.23333406
3.42745161
1.84117687
1.68039238
3.47843170
2.82941222
4.89803886
7.93529415
5.37450933
5.16862726
4.57058859
7.49803972
10.61176586
12.38627625
7.38235426
7.05294132
4.93137264
4.88823462
3.42352962
1.61176503
1.73137271
3.46862769
2.59411812
5.96862745
7.20196104
4.91960764
5.53921604
4.37450981
7.54117632
10.50195789
13.66470718
8.38431358
6.52156925
4.71568727
4.63921499
2.84705901
1.81568646
1.78431380
3.02156925
2.50196147
6.11764717
6.11960840
4.87843084
5.89607906
4.33333445
7.66078377
9.52941227
12.93921661
9.42941093
6.01372576
4.35686255
4.92745113
2.78235364
2.20784354
1.80392182
2.59803939
2.51568651
6.40980530
5.17058945
5.57058859
6.51176500
4.26078558
7.63529396
8.19804001
11.88431358
10.62156773
5.99607849
4.85294104
5.16274548
3.82745123
2.29215741
1.90784335
2.17254877
2.99607873
5.79215717
4.11372614
6.11372614
6.86470556
4.09215736
6.85294104
7.34705877
10.36274529
11.80588722
6.45882416
5.23921633
5.49803877
3.80392146
1.90196109
1.95686293
2.01372576
3.35490251
4.76274633
3.80980468
7.17058849
7.19019699
4.11176586
6.76274490
6.99215794
9.50588131
12.79607773
6.86862755
5.74901962
5.70196056
3.56078482
1.65294158
1.77058828
1.92352962
3.44705868
4.22941160
3.42941189
7.77058840
7.64117670
4.34705877
6.78235340
6.65098047
8.57647133
11.86470509
6.57843161
5.76666737
5.70980453
3.51764727
1.80000019
1.45686316
1.84313750
3.36470604
4.30784321
3.48235297
7.69019651
8.02352905
4.52548981
7.05490351
6.66862822
7.26470566
9.60392189
5.87255049
5.54902029
5.49804020
3.82745171
1.89411819
1.27058852
1.91960812
3.13137245
4.42156887
4.16274548
7.35882282
7.86470556
4.79803944
7.31764698
7.13333321
7.30000114
8.48627567
5.71960735
5.12352943
4.89215755
4.39411831
1.79019642
1.28235316
2.08431387
3.11176562
4.09215736
4.14117670
6.23725462
7.15294075
5.17451048
7.31372643
7.57451057
7.62156916
7.53725481
5.47254992
4.65686369
4.23333406
4.23725605
1.52353001
1.37450993
2.15882397
3.28627467
3.65686321
4.14705896
4.73725510
6.76470709
5.67843246
7.09803963
8.08235359
8.13333511
7.12156868
5.04509783
4.19215727
4.18823528
3.80784321
1.58431447
1.26862752
2.25098062
3.59019637
3.77843142
4.45490217
3.90392160
6.53529406
5.65490198
7.20000219
7.96666622
8.45490265
6.96862698
5.13333416
3.81568623
5.23921776
3.40196133
1.79803967
1.14117658
1.86470616
3.61176467
3.61960816
4.68823528
3.94509792
6.46470642
5.67843103
7.34509850
7.67254877
7.70000076
6.53921700
5.11764717
3.65098071
5.53529358
3.31568646
2.00000048
1.09019613
1.49215722
3.71568704
3.71960807
4.63333321
4.37647104
6.03333330
5.82353020
7.15490341
7.27451038
6.32745028
6.91568613
4.75490236
3.43333387
5.53137255
3.54313731
2.11764717
1.17450976
1.73529410
3.83333373
3.67843175
4.45882463
4.55490303
5.76470613
5.88627529
7.00784302
6.10980415
5.62745190
7.60784340
4.52352953
3.30392170
5.23529434
4.00000000
2.28235292
1.33333349
2.03529477
3.90000057
3.21372557
4.48039198
4.75686359
6.11372519
5.63529491
7.02745199
5.63137245
5.84117651
8.39215660
4.75294161
3.38235378
4.89019775
4.42353058
2.46862721
1.46862769
1.84509838
4.04117680
3.29411840
4.69215775
4.80588293
6.40784311
5.40392113
7.00000000
6.51176500
6.22353077
8.78039265
5.30784321
3.48627472
4.62548971
4.60980320
2.58823562
1.54117656
1.62941194
3.86274529
3.77451062
4.88039303
4.79607868
6.46666622
5.36666727
6.29411793
6.90784359
6.37058926
9.12549114
5.99803925
4.07254934
4.70000029
4.59019709
2.37451005
1.50196123
1.84902036
3.77843118
3.78823543
4.77254963
5.14509773
6.31764793
5.27058887
5.96862793
7.37254906
6.64705944
9.39411926
7.51764774
4.13137293
5.05882359
4.58627558
1.84117675
1.48235309
1.84117663
3.79019618
3.52745128
4.59803963
5.63921595
6.19804001
5.30980444
6.05882359
7.76078415
6.69411898
8.58823586
8.91372776
3.68431449
5.18627453
4.52548981
1.91372550
1.67058861
1.88235319
3.68235397
3.53529453
4.01764679
6.29607821
6.03921652
5.14313698
6.49215603
7.42156935
6.51568747
7.39803934
9.56470680
4.16862822
5.00980377
4.48627520
2.16078472
1.61764729
1.93137300
3.33725476
3.69411826
3.30000043
6.95490313
6.20000172
5.24313736
6.54705954
7.15686321
6.27451038
6.87450981
9.54902172
3.96274567
4.35098028
4.95490217
1.88627481
1.65098083
1.92941189
2.84117627
3.30392170
3.80784321
7.37254906
6.28235483
5.22156954
6.21960831
7.39803934
6.05098057
7.07254982
9.39019585
3.27843189
3.86862755
5.34509850
1.90000033
1.89215732
1.97843146
2.49215698
3.26470613
4.61176443
7.12352991
6.12745237
4.74705887
6.01372623
7.50588322
5.91960859
7.52156973
9.18431377
3.45294118
4.07254934
5.23333359
2.46274543
1.63921607
1.96274531
2.45686293
3.21568656
4.83333397
6.48039341
5.70000029
4.31764746
6.02549076
7.55490112
5.99019718
7.56862783
8.73725605
4.39215851
4.20980406
5.31176519
2.88823557
1.23137271
1.84902000
2.60392189
3.65098095
5.41960859
6.09803915
4.87058830
4.08431387
5.83137321
7.32156992
6.28627443
7.66470718
8.65882301
5.38431358
4.60784292
4.85490322
2.81764746
1.47450995
1.38823557
2.38627481
3.79803896
5.69803905
6.20588303
4.84509850
4.34313774
5.66078472
6.93725586
7.50196028
7.65098095
9.34313679
6.15294027
4.76862812
4.25490236
2.14117694
1.76666677
0.99803936
2.58431363
4.08039236
6.08235312
5.99411821
5.05686283
4.61764765
5.67843151
7.06666708
8.10784531
7.96470690
10.53921604
6.73921585
4.67058897
4.17451048
1.86862779
1.84705925
1.29215705
2.56274557
4.43333340
5.95686245
6.10784340
5.09215641
4.82745123
5.97254944
7.43529367
7.81960773
7.50784302
10.94117546
7.51568651
4.81372595
4.13137293
1.82549071
1.56666672
1.98627496
2.50784349
4.13333368
5.94901943
6.28039360
4.85098124
5.24313736
6.23529434
7.40784168
7.50000048
6.50195980
9.87843418
9.00000000
5.09999990
3.88823533
1.72549057
1.24117672
2.49215722
2.67843175
3.82745123
5.96862650
6.36666775
4.64705944
5.24902105
6.50784397
7.25294161
7.51764774
6.85098076
8.47646999
10.12157059
4.76078510
3.76862764
1.39803958
1.27058852
2.52941227
2.78823543
4.08823586
5.79607821
6.19215679
4.63333368
4.64705896
6.81372690
7.22352982
7.42352962
6.92352867
7.72941399
11.40392017
4.43529463
3.72156858
1.12745118
1.59803951
2.19215727
2.90588260
4.53333282
6.26862717
6.01568747
4.84705877
4.31960821
6.95490265
7.19804049
6.84901953
6.85882330
7.47058964
11.68627834
4.73725510
3.81960869
1.36666703
1.86274552
2.12549067
3.17647076
4.97254944
7.04313850
6.32353020
5.06274462
4.29215717
7.25294113
7.15098190
6.43725491
7.52941227
7.79803944
11.50196171
5.32156897
3.65882397
1.80196118
1.62745130
1.87843168
3.39607859
4.69999981
7.30588341
6.64705896
5.27254772
5.03333282
7.36078405
7.23921537
6.64117718
7.66666794
7.65686226
11.24313927
5.91568661
3.50000024
2.16862798
2.14117670
1.92549062
3.33529401
3.84902024
7.10196114
7.56078482
5.19607925
5.60196066
7.41568708
7.04117632
6.56862783
7.45882368
7.05686474
10.69607830
6.73137236
3.25098062
2.40980434
2.36078453
2.11372590
2.65294147
3.32549000
6.39804029
7.61372614
5.14117718
6.01568651
7.72941208
6.84509802
6.74901962
7.11568737
6.35686350
9.76078606
7.13137388
3.28823590
2.54705930
2.78627467
2.30196118
2.12549043
3.40784359
5.46666718
7.75294161
4.74313784
6.15882444
7.85882282
6.47647095
6.91764688
6.76274586
6.02353144
8.68235302
6.96862841
3.71960783
2.92352962
3.19019628
2.67058897
2.23725533
3.55490279
4.65686369
7.52156925
4.60392189
6.75098133
7.60392094
6.21568584
6.68823671
6.20784426
5.82941198
7.07647133
6.64509916
4.05098104
2.67451024
2.99607849
2.69411802
2.37058830
3.72745109
4.55882406
6.69803905
4.99215651
7.09607935
7.32156801
6.37843084
6.64902067
5.87647009
5.60980368
5.51960802
6.39607763
3.98627472
2.72352958
2.73333406
2.23725510
2.66274571
3.97451019
4.98039198
6.36274576
5.29803944
6.68431473
6.94313765
6.43921518
6.76862764
6.08235312
5.52156878
5.07647085
6.24313784
3.75490236
2.58627462
2.63137293
2.08235312
3.25686312
4.09607887
4.94705915
5.94902039
5.54901934
6.45490265
6.64901924
6.42548990
7.08627510
6.48431301
5.79803896
5.08039284
6.18627453
3.33137321
2.59215689
2.30392146
1.99411786
3.38627505
3.87647080
5.08431435
5.68823481
5.74313688
6.67254972
5.94901896
6.54509830
6.90196180
6.55294085
5.68235397
5.39215660
6.00000095
3.12353015
2.60784316
1.91568637
2.12745118
3.17451024
3.81176519
5.84313774
5.10588217
6.06666756
6.61372662
5.96078444
6.82941198
7.02941322
6.52549028
5.04705906
5.35098028
5.46078348
3.30392122
2.37843180
1.85686314
2.18823576
2.95882344
4.63137245
6.49411774
5.05098104
6.11568642
6.50980520
6.55490160
6.76470566
7.20980453
6.41372538
4.59411764
4.44509840
5.80588341
3.84705925
2.28431392
2.12549043
2.33725476
2.40000033
4.96274567
6.49607897
4.77058935
5.95882416
6.48039246
6.60392094
6.71764755
6.94313812
6.62156868
4.64901924
3.83921599
6.95882416
3.92941213
2.40000057
2.18823576
2.68823576
2.29803944
4.57254934
6.11372519
4.58627462
5.97843122
6.27450991
6.84705973
6.82941294
6.48823500
6.78627491
4.98823547
4.03137255
7.74117661
4.01176500
2.33921599
2.28235340
2.79607844
2.82941222
3.35882378
5.80784321
4.94705915
6.09215736
5.60980415
7.69019604
6.50980330
6.18235302
7.19804049
5.86274529
4.33137226
7.82745218
4.43333435
2.55098057
2.83725548
2.70980382
3.00588274
2.79215717
5.71568632
5.11764717
5.98039198
4.90980482
7.96470690
6.17254925
6.00196266
8.24705887
7.01568699
4.64313745
7.45882368
4.46862745
3.15098047
3.45294189
2.63529420
2.90392184
2.95098090
5.77843142
5.30196142
5.78431320
4.66078472
7.72745323
7.02548981
5.94117689
8.55098057
8.47451115
4.44509792
6.15686321
4.45294094
3.58039188
3.70392132
2.46862745
3.05686331
3.49215698
5.96274519
5.21372509
5.91568708
4.46274519
7.39019585
7.23725414
5.84705925
8.75882435
9.63529205
4.08235264
5.64117670
4.36666679
3.57451034
3.68823576
2.58235312
2.45294118
4.05098057
5.55294228
5.18235302
6.26666641
5.56470537
7.13921690
6.94902086
5.85098076
8.98235226
12.70392132
4.39607811
5.28627396
4.73921633
3.44509840
3.59215713
2.65098095
2.30784392
4.40784311
5.40588236
4.77843189
6.75882435
6.25294304
6.88235521
6.81176472
6.25686359
9.02353001
15.03529453
4.20784283
4.58823538
4.97843075
3.31764698
3.33921576
2.81176472
2.26862812
4.21176529
5.03725433
4.93529510
7.22353029
6.93333483
6.95490170
6.54901934
6.75882339
8.63137341
15.89608002
4.25490189
3.49411798
4.54117727
3.20392179
3.26470637
3.15686321
2.58235288
4.08235264
5.00588179
5.48039198
7.47647095
7.84705973
7.25882339
6.38627386
6.83725548
7.64117670
16.13333511
5.09215689
3.24509883
4.11176443
3.03137279
3.48823571
3.29607844
2.73725510
3.80196047
5.00392199
5.73921585
7.38823509
8.28235245
7.35098171
5.86470699
6.73921442
6.73921680
15.54313850
6.07843065
3.83725524
4.21372604
3.16666722
3.42745090
4.07647133
2.36274529
3.21960855
4.32745171
5.78039265
7.14117718
8.22549152
7.52745199
5.79215717
6.82941294
6.42549038
13.59608173
7.40784359
4.20588207
4.43921566
3.60196114
3.05294132
4.12156868
2.45686269
3.06078410
3.95490289
5.70784378
7.05098057
7.97254753
7.79803896
5.88627434
6.77647018
6.59019566
11.77843285
9.67647171
4.32745075
4.41372585
3.72352958
3.17647123
4.08235312
2.91568661
3.27647090
3.94705963
5.51176453
7.07451010
7.83137226
8.13137341
6.30588293
6.28823614
6.60980463
10.51764774
11.06862640
4.35294199
4.39607859
3.92745161
3.84509850
3.95686316
2.93921542
3.77058792
4.11568642
5.87647057
7.63529491
7.73725557
8.80784321
6.55490112
6.40000057
6.55098057
9.58235264
11.57450962
4.64117670
4.38039255
4.13921547
4.20588160
3.66470647
2.65686297
3.53333354
4.18431425
6.29019642
8.12745094
7.61960888
9.71764660
6.55686235
6.24901915
6.19019651
7.75098085
10.96862888
5.34313726
4.30000019
4.35294199
4.22745228
3.15490246
2.96470618
3.52549005
4.21176481
6.70196104
8.39411736
7.45686293
10.44509983
6.56862736
6.35882330
6.02353048
6.52549076
10.03333378
5.78431416
4.21568727
4.53725481
4.36274529
3.23921585
3.00196147
3.51764727
4.45882368
6.82745171
8.16078472
7.76078510
11.42352962
6.48039198
6.75686264
6.10588360
5.75882387
8.47451019
5.80980301
4.09803963
5.10196114
4.40000057
3.86470652
3.42745066
3.14117670
4.89411783
7.00196171
7.79607773
8.17647171
12.45686340
6.15686321
7.17058802
6.50196075
5.04313755
6.88431454
5.59215641
3.82941198
5.60196114
4.33529377
4.22156906
4.14705896
3.29215693
5.30588245
7.02156878
7.62941265
8.11176491
12.63725567
5.85490179
6.57058859
7.26862812
4.77058792
6.21960783
5.05294132
3.45294142
5.25490189
4.37058878
4.41372585
4.85490179
3.55882382
5.61568689
6.48823500
7.32352924
8.08039379
11.85882378
6.09215689
6.44509792
8.38627529
4.70000076
6.14117813
4.82549047
3.86470628
4.64705896
4.48235321
4.64313793
5.07451153
3.56078482
5.67451096
5.92548990
7.05686378
8.39411736
11.51176548
6.31372452
6.51960850
9.50784492
5.31372690
6.00392199
4.57254887
4.87647104
4.13137341
4.74901962
4.85490274
5.28431320
3.30980396
5.61568689
5.81568623
6.90392065
8.71960831
10.71960831
6.91176558
6.33333302
10.07255077
5.99019718
6.28627396
4.51372623
5.27254915
3.86078453
4.77647114
4.58235264
5.29607916
3.41764712
5.50980377
6.07058811
6.88823414
8.60392094
10.12941265
7.98627424
6.46470642
9.86470509
7.01372671
6.80980396
4.56274557
4.80196190
4.25490189
4.73137283
4.12156916
5.14902115
3.43725491
5.52745295
6.09607744
7.01176500
8.59803963
9.42941284
9.14313984
6.86078453
9.24902153
8.26862812
6.54117727
4.42353010
4.25882387
4.36078453
4.87254906
3.67058825
5.17647028
3.69804025
4.95686388
6.02745152
7.08039331
9.00000095
8.57647133
9.91568565
7.14313793
8.57451057
10.40196133
5.96470642
4.30784273
4.25098085
4.16666651
4.88823509
4.30392170
5.17450953
4.45882368
4.83921528
6.23921585
7.07843113
9.50000000
7.91764736
10.25098038
6.90980434
8.05882454
11.59804058
5.15490246
4.55882359
4.00980473
3.30588269
4.52745152
4.74117613
4.66470623
4.67450953
4.74509811
6.50000095
6.87451077
9.79215813
7.35490274
10.38823605
6.13137341
7.55686283
11.85490227
5.12549067
4.88235378
3.10588288
3.11176538
4.15686369
4.82941246
3.99607849
4.41372633
4.83333302
6.78039217
6.60784292
9.57451057
7.14509773
10.59215641
6.23529530
7.43529415
10.70980453
5.43725586
5.47646952
3.10392189
3.17843151
4.00784349
5.23921585
3.43725538
4.34117746
5.15686274
6.89607906
6.78431511
9.26470566
6.83333492
10.18627453
6.78627491
7.70784235
9.08431530
5.55882263
5.40392113
4.50196123
3.59019637
4.20784330
5.01568699
3.56470585
4.56078434
5.34509850
6.34509802
6.90784359
8.56078434
6.50784349
9.00784492
7.01568699
8.20392227
7.92352915
5.69215679
5.58627367
5.49019623
3.81568670
4.28431320
4.52353001
3.78823614
4.65294123
6.02549076
6.04901934
7.18039227
7.59411860
