24.34509468
23.48234940
22.95098495
22.99019623
21.11176682
20.75687027
21.69412231
21.39019775
22.25686073
22.61176491
21.66274643
21.37842941
21.30979919
21.01176262
21.55882072
21.24901772
22.67254639
22.69412231
22.46863365
24.27647400
22.97647476
22.10980606
22.50391579
20.13333702
19.57843399
21.00392151
19.38823509
19.69608307
21.62745285
20.64902306
19.69411659
20.78038597
19.59216118
20.19215965
20.40784073
21.78431320
22.17647362
21.79412079
24.23333359
21.84902000
20.38235283
21.20979881
20.10784531
19.35882568
19.67059135
16.99019623
17.62549210
20.76666832
19.94509697
18.63333702
18.73529625
17.62353134
18.62549019
19.61764717
20.81960678
21.34901810
21.10392189
24.08431435
19.81961060
17.85882568
18.94705582
20.15097809
19.78039551
17.79019356
15.65686607
16.54313469
18.41372871
18.43137360
17.39019775
15.41960907
15.30000305
16.87255096
19.41960526
20.77058983
19.54117966
19.42156792
23.55097771
18.61177063
15.75686073
17.38235283
19.85882187
19.98823738
16.69804001
14.66078568
15.52352905
16.01176453
17.48431587
16.62352753
12.47254944
14.06274891
16.20980453
19.25686264
20.88431358
18.05097771
18.34313965
23.28039360
18.72745514
16.05490494
16.72157097
18.61568832
19.14117813
16.00588226
13.86078835
14.97255135
14.70588589
17.04705811
16.12353134
11.80195999
13.58823586
16.07647324
18.48823929
20.49215698
17.31176186
17.91372681
23.18823814
18.92157364
17.81372643
16.28039169
16.30392265
17.32353210
14.93529510
13.10980225
14.55686092
13.92745399
15.40392017
15.35098076
12.30392456
13.44705963
15.28235245
16.98823738
19.10784721
17.19019890
17.18823242
22.56862450
19.27647400
18.52941132
16.52352905
15.12745285
16.34705734
14.52157021
13.48039246
13.80588341
14.33333206
14.26863003
14.39412022
13.39411831
14.50196171
15.12941170
15.55098057
16.81176567
16.64313889
17.52353096
22.10784340
19.62745667
18.29411697
16.65294266
15.17647266
16.52549171
15.01960850
15.21372795
14.07647324
14.86078453
14.15686417
14.39607811
14.83333111
15.32744980
15.00784588
14.44706345
15.89607811
15.92353153
17.70195770
22.92940903
20.37450981
19.06862831
18.07254982
17.74706078
17.21764565
17.83137131
18.29804230
16.65098190
16.11176300
15.10784531
15.26666832
15.37843418
15.60784626
14.61176586
14.38235474
15.11569214
15.47843170
16.73725510
23.39019203
21.19019890
20.12549210
20.52941322
19.27058983
16.70196342
19.12549210
19.91176605
19.10784531
17.61764526
16.47647476
15.21764565
15.61372471
15.59412003
14.82353020
14.61176777
14.94902134
15.43921661
16.70392418
23.08627701
22.41372299
20.76667023
22.32744980
20.72941017
17.06666756
20.52941322
19.88430786
20.72156715
18.51765060
18.02353477
15.99411869
17.30196190
16.45294189
14.77451134
15.10784435
15.16078568
15.92745018
16.99608231
22.80392265
23.30195618
21.39020157
22.96862411
22.52353477
18.51372719
22.15098000
20.19215584
21.45490074
19.00784111
19.05882645
18.68235588
18.00588417
17.66078568
16.15293884
15.79411697
16.05294228
15.99215889
17.09412003
22.59804153
24.35294724
23.04510307
24.74510193
24.12548828
20.49608040
23.42940903
20.81960869
22.87451553
21.81176186
21.35882568
21.52157211
18.21568680
19.47450638
18.03529549
17.22549248
18.25490379
16.69019699
17.60000229
20.74705887
24.31569290
22.86274910
25.87058640
25.27058792
23.01176453
24.49608231
23.37058640
24.11765099
25.14902496
23.19804764
24.11372185
19.74117851
21.16863060
19.94118118
19.52941513
20.02549744
19.18431473
18.13137054
19.32352829
21.76078224
21.39215851
25.40784073
24.85489845
23.99411583
25.31569290
24.38039017
24.59215736
25.33136749
22.90980530
24.89803696
22.92745209
22.38823509
21.75294113
21.44118309
21.73921013
21.56862831
18.33921432
18.17451096
17.70000076
19.85490417
23.72157097
22.28235435
24.14117813
26.40783882
25.22548676
24.35293770
25.17254639
22.76666451
24.58823586
24.57059288
23.37646866
23.96078300
23.23137474
22.43725204
22.17843246
17.63921165
17.62157059
16.53725624
18.66666985
22.63725662
18.94706154
22.87255287
26.24116898
25.72548676
24.16862488
24.93725204
22.99411774
23.95293999
24.17843437
23.98039436
25.27450943
24.10000038
22.84510040
21.87254906
17.49803543
17.22549057
17.10980606
17.52352905
20.67450905
16.31372643
19.40196419
25.33725548
24.24509811
22.77255249
24.56274605
23.92548752
23.50784302
23.42941093
24.31960678
25.20980263
23.86078644
22.97059250
22.07450867
17.56666756
16.91764832
17.13137054
16.37647247
18.43725777
15.11372662
15.64117622
21.88235474
19.70980453
19.35097885
23.07647705
25.05294609
22.56666946
22.52941704
23.51372528
22.41961098
22.92353058
23.38823700
22.35686302
17.37647057
16.05294609
17.52352715
15.71568584
16.16470718
14.52353287
15.00588417
17.85294342
16.01372528
17.83333778
22.73922348
23.90588379
20.40588188
18.74902153
18.54117393
19.22156715
21.73725700
23.48039436
21.88039589
18.26862717
15.95098495
18.68431664
14.84509945
14.60392380
14.47450924
15.07647324
15.47842979
14.50784302
17.83725739
22.10588074
23.53529549
17.80000114
14.72941399
16.57451248
16.56078339
19.70980453
24.09804153
22.31372452
18.82941437
17.40784454
20.52745247
15.00980568
13.13333511
14.46078491
13.93921661
13.74706078
13.69019413
17.69411850
22.98823738
23.61175919
16.83333397
12.01176548
17.88431740
17.65098000
17.45490265
23.34706306
22.43137169
18.64509773
18.68627548
21.15882301
15.98431587
12.66667080
14.28431511
13.89411926
12.47451115
13.87058926
17.56078529
23.76470375
23.54117393
17.76469994
11.33333397
18.71176338
19.96275330
17.63921547
21.17255020
21.85293579
18.48235512
20.67058945
21.68431091
17.94705963
12.54117584
13.96470737
17.35098267
13.42549229
13.42941284
18.42549133
23.67059135
23.54117775
18.75098038
14.42352962
20.45294762
21.09215927
19.71568680
18.39411736
20.72548676
18.85098267
22.27647018
22.02941132
21.19803810
16.98431396
16.89608002
21.47059250
16.16274834
13.69019890
20.22156906
23.98431778
23.31764603
19.62157249
18.56862831
20.80784798
21.16078377
21.71569061
17.64901924
19.10980606
18.30196571
22.04117775
21.11960983
24.31961060
22.83136940
22.19412422
24.30588341
20.45294189
18.76470757
21.39216042
23.67255020
23.93137550
21.39804268
21.90195847
20.96862793
20.60588264
23.20980453
18.48039055
18.46666908
17.23725510
21.58431435
20.36666870
26.04510307
24.28627396
24.83725357
25.08823586
25.03725815
26.99607658
23.12353134
22.47451019
23.90000153
23.80784416
23.75883102
21.98823547
20.28038788
22.94117355
21.17647171
18.55882835
15.76078415
20.99412155
19.40196228
25.72745514
24.75489807
24.03921509
24.82941628
25.35685730
27.41960716
22.17842865
23.02353287
23.74117661
24.72745323
23.85098457
22.40588188
19.46863365
22.60392761
22.77059174
18.71960831
14.80980492
21.11960983
19.37450600
24.19607925
24.50783920
23.74313354
24.27058792
24.62157059
26.31569290
20.75882339
23.17647171
23.29215622
24.47255135
24.48824310
21.76667213
19.11961746
22.40980911
22.78627777
19.43725586
14.58431435
20.49216080
18.74510002
22.58823395
23.58431435
22.43922043
22.64706421
23.14313889
24.87254524
20.28627205
22.32745171
22.09215736
22.68235207
24.64314270
22.27059174
17.86274529
22.99216080
23.43530083
19.21372604
14.58431244
19.72745323
18.14706039
20.69608116
21.86470413
20.79019547
21.16078758
21.86667252
21.72353172
19.52353287
22.27255058
21.98431587
20.52941132
24.36666679
21.88039207
16.99411583
23.60784531
24.62941360
19.18823433
14.96862888
18.70784760
17.01568985
18.79607773
20.59215927
19.51764679
19.69607925
20.69216156
20.12941170
18.81765175
21.71568871
21.98039436
18.10391998
23.19607925
21.37254715
17.13137436
23.46274376
24.00000572
18.54706192
15.27451038
18.17843246
17.86470413
17.83921814
21.40980148
19.42157364
19.31372452
19.57254982
20.47255135
18.14313316
21.16078568
21.73137283
17.99804115
21.19804764
21.28627777
17.56667328
23.11568832
22.17451286
17.18039131
15.08039379
18.78431702
19.76862717
18.09215546
21.92157173
20.47647095
21.28627777
18.53333092
20.44706154
17.90196228
20.52353096
21.52941322
18.55293846
19.83921432
20.62549019
18.46274567
22.02156830
18.98823547
15.69215870
15.73921871
18.59804153
20.38431549
18.75490189
21.81372833
20.56862831
22.55686378
18.31764603
19.62745285
19.02744865
20.33725929
20.96666908
19.26666451
20.29803848
19.93725777
19.14117432
20.73921585
15.84705639
15.88627338
15.42353153
18.33333206
20.64313889
19.72352600
21.41568565
20.70784187
22.30392456
18.42941475
18.17450714
20.59215736
20.07254982
19.54509735
19.25097847
19.55294418
19.84117699
19.39411545
19.66470718
13.98823643
16.27254677
15.59019661
19.23529816
20.77647209
20.61372757
21.08432007
19.88627625
21.84705925
18.89019775
16.82352829
20.71568108
19.11764717
16.13921547
18.29411507
18.67059135
19.94706154
18.94117737
19.25490189
14.25098133
16.55686378
16.32941246
19.39803886
20.27647209
21.80000305
20.79411888
19.54705811
21.29019547
18.26470947
16.13137436
19.33921814
18.86078644
13.41568661
18.18431282
18.52352905
20.10000420
17.87254524
19.47058868
15.78823471
17.62352753
17.05294228
18.89019966
19.19608116
22.58627510
20.27254868
18.30588341
20.19020081
17.68431854
15.97254944
18.18235397
18.30784225
12.52941132
18.07647324
18.47451019
20.44117737
17.15882492
19.48431587
16.65882111
18.07255173
17.62549019
19.66862679
18.45490265
22.90588188
20.61372757
17.44117546
19.05490494
18.40980530
14.60980415
16.99803925
18.15098190
13.27646828
17.16862869
18.66274834
20.77451134
16.30784035
17.64509964
16.54902077
18.60196495
17.99608040
20.48431778
18.16078568
23.05490494
20.91765213
16.81764984
18.23137093
18.42549324
14.34902096
16.82744980
17.55294037
14.17059231
16.45882416
18.40196228
21.39215660
16.77451324
16.31568718
16.99607849
18.66862869
18.39608383
20.29608154
18.97059059
22.01372528
20.18235207
17.42156792
18.38823509
18.13921928
15.05098152
17.21961021
16.41765022
14.30392170
16.72549057
19.67059326
21.94117737
16.42156982
15.00588322
17.50784111
19.24510193
18.95882416
20.37451553
19.74902344
20.94706726
19.91764450
17.52156830
18.39999962
18.25882912
15.29608059
17.09804153
15.09216022
13.77843285
16.72549057
21.27450943
22.42745209
16.55294228
15.26470661
18.12941360
19.45294380
19.51176643
20.64509773
20.50392342
20.89803696
19.11764717
18.22745514
19.01960754
18.46470833
15.36470604
17.35882378
13.73725605
12.72745037
16.53725624
24.02941132
21.49020386
17.89803696
16.66078568
18.73725510
20.19019508
19.94902039
20.63921547
20.80980301
21.39019775
19.23529243
19.72352409
18.09411812
19.36666870
16.36470795
17.50000191
13.22745037
12.13529396
16.24117851
25.62157059
20.85490608
18.68039131
16.43333244
19.39019775
21.01765251
20.10784721
20.61372375
22.28627968
21.11764908
19.57059097
21.26470375
17.00392151
21.81568909
18.38627434
17.89215469
12.78431511
12.53725433
16.29607773
26.30980301
21.13137245
18.60000038
17.39999962
19.97647476
22.14509773
20.01372337
19.98431206
22.92549133
23.03921509
19.86078644
22.29607964
18.33921623
23.79020119
20.93137550
18.55686378
13.05097961
12.58235741
16.13529396
26.37058830
23.16274452
18.63725281
21.60588455
21.65686417
23.08627510
19.88627052
19.80392075
22.65294266
23.82745361
20.37843513
22.49803925
20.29412079
23.78235817
23.33725739
18.98039627
12.97646904
12.41372681
15.60196304
25.87646675
25.50392342
18.64901924
24.26862907
22.19607544
23.21764755
19.88430977
18.64902115
22.91176224
24.36862946
21.34117699
22.41960907
20.79607964
23.57843208
23.94902039
18.83333206
13.06078339
12.75294113
15.61960888
24.70784760
26.54706573
19.47647095
25.59999847
21.61372375
23.37255287
20.66470718
16.98627281
22.20784378
24.19804001
22.45882034
22.63529587
20.89804268
23.84705925
24.20196342
18.78431129
12.75294399
12.81372452
15.96666718
24.16862679
26.06470108
20.55881882
26.26666260
21.90588379
23.71569252
20.88823509
16.31764984
21.97058868
23.84117699
23.03137207
22.34902191
20.36274529
24.30980492
24.22353172
18.95490074
12.55882549
12.37254810
15.73921585
24.81960678
26.02941132
21.81764984
26.53137398
21.98823738
23.29019165
21.36274338
16.05686569
21.71176720
22.43921661
23.49411774
22.91176414
19.86078453
23.36274719
25.67843056
20.00588608
12.97843075
11.74902248
14.97843170
25.16471100
25.62744904
23.44313812
26.43137360
21.72352791
23.15881920
21.02353287
16.82941055
22.25293922
22.21764946
23.92549133
23.25686264
19.82941055
22.87843132
26.29412460
21.61176491
13.45686150
11.25490475
14.15293884
24.40980339
24.56862640
25.96471024
26.09020805
21.85294151
23.07254982
19.54117966
16.93725204
22.83725357
21.73333549
23.31372452
23.73333168
19.94509888
23.72941589
27.04510117
23.45490456
13.60588264
10.85097980
13.36666870
23.51372337
25.04313660
28.24902153
26.30980682
22.69804001
23.21176529
18.33529854
17.44705963
24.09803581
22.28431129
23.59803772
23.39608192
19.96470833
25.27843666
27.19999886
23.99411774
13.63333321
10.57647038
12.99607849
23.19412231
25.52745247
28.82744980
26.54705811
24.16470909
23.18235397
17.41176796
18.13921547
24.92157364
22.47254944
23.94902611
21.91176414
20.21765327
25.87058449
27.00392342
23.51765251
13.30392265
10.46078396
13.06274414
22.80588150
25.88235664
29.36078835
27.43725777
25.08627510
22.23137665
14.88431549
18.43922234
24.68431854
22.67254639
24.36666679
21.49804306
21.42941284
25.01568413
27.49999809
24.19215965
12.72157192
10.91764832
14.05882263
21.89803886
26.40000534
29.96470833
29.14314842
25.95294189
19.93921280
13.11764812
18.83921242
24.16863060
21.44509506
24.58627319
20.99019623
21.61569023
24.60196304
27.84706116
25.08235168
13.19411659
10.91960716
14.41372395
21.23725510
27.27255630
29.29216003
29.47647095
24.66863251
17.43921852
12.80391979
18.70196152
24.12353134
20.61960983
25.08234978
21.54509544
20.70588684
25.29216385
28.29608154
25.36666679
14.39215660
10.13921547
14.29607964
19.98039246
27.41568947
29.13529205
29.45882416
21.69411659
15.53333378
12.25882530
18.96470451
24.43137360
19.46078491
25.92745590
22.09999657
19.27647018
24.80391693
27.76862907
26.03529739
15.56274700
9.65686321
13.83137226
19.90784645
27.20392609
29.23334122
28.38235664
18.27647400
14.20588303
11.16666794
18.89608002
24.10392380
19.23725891
25.87059402
22.75490189
17.92549133
23.94117928
27.86863518
26.37254715
16.50588417
9.52156925
13.93137360
20.88627815
27.27647781
29.51569176
23.78431320
14.90196323
12.97254848
11.32549095
18.59607697
22.99804497
19.88627815
24.45293808
23.01568604
18.69216156
23.52352905
28.40392303
25.96274185
16.87843132
9.46078491
14.31960964
23.80195808
28.20784950
29.29608154
20.04705811
13.20588303
12.02745247
12.26274776
19.57451057
21.97255135
19.42744827
23.12941360
23.00980377
19.42157173
23.56666565
28.32744980
24.80195999
16.91176605
9.75686264
15.21176529
26.21568680
28.36274719
27.14509964
17.11960793
13.39019775
11.99411869
13.29215622
19.55098343
21.22745705
18.28039360
21.87058640
22.68431282
19.22157288
22.76862526
26.87451553
24.39215660
17.27647018
9.71764755
16.54706001
27.06862831
28.69215584
24.51960945
16.16666412
13.44313812
12.32156754
13.88823605
19.80392456
22.25490570
17.29215622
21.04902077
21.96862793
18.88039207
22.76666832
24.54705429
24.22745323
18.07843590
10.07647133
19.36666870
26.86078072
28.45882607
22.58039474
15.59411812
13.68823624
11.91568565
14.30196190
19.07451057
23.77254868
16.08823967
20.48823547
21.92549133
19.00392342
21.71960640
23.75687027
23.02744484
18.39804077
11.92549038
20.72352600
26.82157326
27.50980186
20.40980721
15.70000076
14.19804096
12.91960907
13.62156868
18.24509811
24.03333664
15.16078377
20.89216232
21.51764870
17.86863327
21.35686111
24.60980606
20.61176872
19.07058716
15.87843037
21.27646828
27.29608154
25.30784035
18.83333397
15.82941341
14.54117393
14.39804077
12.91568851
17.12353134
22.53530312
14.70588207
21.71960449
21.14706039
17.52744865
22.29215622
24.02156830
18.97843170
21.04902077
21.43921661
22.00784683
27.31568909
22.22549629
18.40392494
15.63529587
14.24510098
15.33921623
11.94313717
16.26666641
21.73726082
14.58431339
22.10195923
21.37843323
18.79607964
24.13725471
23.59019661
18.67647171
22.51176643
24.50392151
21.97843170
27.04902077
18.70195961
17.41568375
14.70392513
13.14117813
15.76470566
11.86274719
16.57647133
21.02744865
15.44902039
21.98823547
21.21176720
19.98823929
25.82352829
24.56274796
19.72745132
22.19804382
24.31764793
22.95882416
25.38235474
16.16862869
15.59803963
14.16862965
11.70196247
17.59607697
12.46274567
16.59411812
20.43921471
17.27255058
21.89019585
22.60392380
21.62745667
27.49607849
24.72941589
20.17842865
21.34705734
24.50392532
23.55882454
23.82745171
15.56078720
15.26863003
13.73921299
12.37843132
19.52940941
12.85686302
18.37843323
20.41568756
19.76470757
23.22941208
24.68431473
23.16666603
28.75490761
25.38823509
21.80195808
21.67646599
22.85294151
23.29999924
21.62156868
15.16274643
14.62549114
13.35490322
15.28431416
19.74902153
13.07255077
19.37450981
21.51176262
21.53725624
25.09607697
26.98431969
24.10391998
28.20784378
26.07646561
22.49216270
22.88627434
22.87254906
23.17255020
18.74510002
15.26862621
13.72548866
12.91176796
18.36470413
18.27058983
13.16274548
19.74313354
22.15294266
23.07647324
26.43725586
29.11568642
24.36274147
27.60588455
26.78039932
23.78235245
24.58823586
24.23333359
22.93725777
15.50196552
15.37843323
13.44705868
12.44117641
20.68039322
16.03529549
13.65882587
19.87058830
22.69215012
24.61568832
28.07843399
30.18824387
23.86078835
26.66470718
29.21176910
26.28627586
25.22941208
26.09019470
23.13333321
13.70980453
15.25686455
13.51764679
13.59803963
19.88823700
13.63725758
13.94117928
19.38039589
22.87647247
24.69804001
27.94706345
30.20784760
23.04118347
26.34118271
31.11372948
27.32744789
25.00392723
26.36863708
22.14118195
13.30980301
15.39412212
13.67647266
16.47451210
18.25098228
12.48235321
13.49215984
18.06274796
22.47843742
26.18431664
27.52745819
28.30196190
22.33529282
27.65686035
31.08432198
29.10785103
25.77255249
26.11960983
20.58431053
13.30980682
15.27255154
14.67058849
19.79215813
15.85882568
10.68235397
13.61568642
17.74118042
22.45293999
25.58039856
25.90588188
23.65294266
20.72941017
26.28627205
29.68431473
30.81765366
26.29412079
25.97058678
19.14314079
13.69215775
15.33529663
16.98823929
22.30588341
12.52353096
10.26274586
13.32941246
16.76470947
21.29215622
23.30784035
23.32941628
20.48039246
18.10784149
23.02548790
26.90392113
30.94902802
26.88040161
26.49608612
16.86078644
14.66666794
16.65686226
19.31961250
21.73333740
10.89019394
10.80392265
13.04902172
15.97254944
18.98038864
20.00000000
18.50588226
16.79411888
15.34706116
18.96274567
22.62744904
28.13921356
28.15490150
28.09411621
14.66274643
15.36078739
18.09804153
20.55686378
19.42157364
10.44117641
12.67450809
13.32157040
14.60980225
16.21176529
16.67451286
15.31764889
13.52156734
14.23921776
17.05490494
18.82353020
25.16470528
28.41372490
27.85098267
13.45098019
14.73725700
19.30980682
20.14509773
16.76274681
10.88627720
16.07058907
12.89019775
12.35490227
14.20000172
13.32745171
13.92352962
12.50980282
14.49607658
16.01372528
16.65686417
22.35098267
27.19019890
25.23136902
12.90392303
13.51764774
21.47254944
18.49411964
14.52941227
13.37058926
18.63921928
11.56078529
10.95490170
13.65490150
13.21764851
13.78039265
12.18627548
14.69411945
15.48823643
15.32941151
19.40980530
24.73529053
23.81176758
12.63137436
13.15097904
22.11176300
17.37843704
14.20980644
15.93725395
19.24705887
10.48431778
10.13921738
13.51176739
13.95490551
14.78038979
11.78627682
14.06666756
15.18823814
14.88823509
16.45882607
21.53333664
21.04117775
14.08627701
13.00980377
21.18627930
16.42745209
15.78823566
19.56471062
18.66666794
9.93137169
9.36078548
12.84313869
14.46078491
16.53921890
12.25882339
13.51176548
14.83725834
15.47255039
14.01764870
18.25490379
17.63921928
16.12745285
14.25882435
19.54902458
14.94510078
16.44314003
23.48039627
16.96470642
9.94117641
9.09019661
12.84705925
13.57647228
16.51176643
13.82157135
12.85686302
14.26274586
15.90000343
13.47058868
16.30588531
15.73921776
17.56666756
16.34706116
18.71568489
15.11372757
16.60392380
23.74901962
15.02156925
9.25294209
8.86470699
12.97843170
13.15686226
15.68431664
15.15882492
12.35882568
14.52744675
15.55294418
13.88235188
13.91176605
15.30392456
18.41764641
19.29216003
16.81568527
16.51568794
20.39608002
23.66274834
12.53529358
8.65098190
9.20980549
12.47058773
12.47843361
14.08039284
14.38627529
12.59803867
14.39803886
15.09607983
15.68235207
13.81568909
16.81960678
16.95294189
20.36862564
15.58235455
18.12745285
22.79607773
22.55098152
11.54901981
9.32744980
9.07647038
12.42549229
11.70196056
12.89412022
14.01764774
12.73921585
13.30196095
14.86862946
17.83137131
14.84705639
17.81568718
14.90196228
20.23137093
14.49804020
19.61372566
23.24706078
19.88431549
11.81764984
9.32353020
8.66470623
12.01568604
10.99411774
12.51764488
13.96078777
12.52156830
12.61176872
14.61960983
18.56274414
15.98823452
17.74509621
12.80588341
20.11372757
14.77843094
20.12745857
21.30392075
17.59215927
13.82156849
9.09019661
8.90784264
12.53137207
10.51764774
11.76078510
13.74901962
11.82941151
12.18431568
15.00588322
19.55686188
15.77058887
16.25686264
12.62156963
19.33921242
15.10196114
18.80195999
20.34706116
15.39215851
15.76666737
8.72549057
9.52941227
12.65294456
10.16470528
11.08431625
14.22941685
10.83333492
11.83333397
15.22157097
19.49803925
14.78823566
13.65098190
14.30000019
18.60588646
15.39999962
16.72156715
18.71764946
13.97647190
19.86274910
9.62744999
9.99804020
12.58823490
10.12352848
10.67058849
16.04902077
10.39411831
11.76274490
16.23529625
18.96470451
13.79019833
12.71960926
15.46470642
17.62941360
15.48235226
15.11176682
18.01568794
15.33137226
21.55294037
10.12549114
10.64705849
12.08235264
10.10784340
9.93137264
14.95490265
10.69215965
11.56470966
17.25294304
18.59608078
12.49215698
12.60784435
16.93137169
16.62156868
14.42941093
14.35098076
17.27254868
16.82157135
21.97058678
10.86078548
11.20784378
11.29411983
9.91372681
10.10588169
12.21764851
10.74313831
11.42549133
19.23529434
19.01372528
11.49411774
13.53529453
18.01764679
15.52353096
13.98823547
14.16274738
16.35294151
19.42745399
20.13922119
12.07058716
11.10196114
11.05686474
9.93137360
11.88039207
10.96666718
11.24510098
12.74705887
20.68431473
19.03137398
11.26274490
14.74117756
18.71765137
14.61372852
14.15293980
13.87058830
15.99803925
21.58039284
18.05882263
12.50196171
11.31176662
10.99019814
9.46666622
16.27058983
11.20784378
13.61176395
16.40392303
22.32353020
17.58823586
11.37450981
15.81568527
16.43921661
13.83137321
13.93137264
13.83921623
16.10196304
21.78235245
16.00000191
13.73137283
11.27255058
10.44705963
10.43725491
18.01568604
11.29803944
15.53529453
19.87058830
24.13333511
16.89216042
11.87254906
16.55294418
13.64706135
13.97058773
13.70980263
14.61176586
17.24313736
20.78039169
14.20784378
14.98235416
10.69607544
9.96274567
13.22745132
17.66078568
11.21960735
16.37647247
21.73137474
24.68039513
15.79019833
15.82745171
17.52156830
13.03921509
14.05882454
12.37255001
14.33921623
18.23725510
19.29019737
13.66666603
15.71176529
9.90391922
9.79803848
17.67058945
15.28039169
12.07255173
17.30196190
20.21568680
22.15686226
16.14117813
23.28823471
16.76274681
14.05490303
13.14509964
10.50000000
13.66470623
17.33921623
17.89803886
14.92941284
15.74705696
9.88823414
9.25293922
18.80588531
14.16666889
12.73529434
18.20980835
18.11372757
19.56274414
19.22353172
26.25098038
15.51960850
16.52745438
12.88627338
11.39215755
15.06863022
16.96274185
18.07451439
15.80196190
15.13137436
10.18823624
9.44313717
18.04705811
12.77842999
13.07451344
17.24509811
16.08039474
16.10784340
23.19019318
24.36666679
14.45686245
18.00392151
11.25294018
14.47647190
19.41960907
18.68039131
18.81568527
15.81568718
13.92549038
9.72548962
9.37058830
16.16666985
11.13529205
12.95294476
14.80980682
14.79411983
12.93137360
25.35882378
21.31372452
14.66470718
17.57843018
10.61960983
20.80980492
24.37647438
21.63333511
19.28431511
15.43529510
12.89803886
9.61176395
9.26470661
13.33333683
10.61372566
11.73137379
12.47255039
14.78235722
13.11568546
24.36275101
20.07647324
15.62549019
15.97843456
11.46274567
25.47059059
24.61176491
21.99411964
19.23529243
14.54706001
12.48823452
9.79215717
9.72941208
11.40196228
10.97451019
10.44313908
10.42353153
14.80784416
14.60784245
23.16469955
17.98823547
16.18823624
13.40392113
15.46078491
27.76470947
22.54509735
20.38235664
18.08823204
14.14117813
12.10196114
9.36078644
10.65882397
12.13137245
11.18039417
10.15686321
10.08039379
14.06666851
15.29019547
22.54510117
15.51176453
16.26078415
12.37647152
19.78823853
27.49412155
19.24509811
18.65294266
17.76667023
14.03529549
12.05490017
9.62156963
11.68627548
13.45686436
11.09019661
11.19411945
10.98627377
13.01372528
15.03137493
20.59607887
14.83725834
16.06274796
12.32745171
23.24509621
25.18038940
15.80196381
17.05097961
17.87647247
14.30000019
11.99607944
10.92352772
13.68431473
14.90392494
10.65098000
12.65882492
11.39803791
11.98431396
14.65098190
17.71372414
14.41764641
15.87254906
13.26274681
25.74706078
20.52745438
13.42157078
15.43333435
18.18039322
14.68823910
11.09411907
11.11568546
15.30980492
16.18431664
12.38431358
13.44510078
12.42352962
11.91176414
14.18823433
16.15098190
12.96862793
15.77646923
14.90980530
26.56667328
17.07058907
13.43137264
14.59412098
18.12156868
15.25882339
10.56078529
11.31764889
15.49019718
17.56666756
16.22745132
13.96470547
14.84902096
14.84117985
13.52157021
14.87843418
10.68823624
15.61372471
18.10588264
26.34510231
15.39019394
12.75686455
14.47843266
16.82941437
15.69019699
9.88039303
11.35098076
14.37058926
17.78431320
18.16666794
13.44509888
17.17450905
17.44509697
14.30392075
13.65294361
9.60588360
15.21765232
21.65294266
24.72745132
14.59607792
12.63137341
14.38431168
15.65686226
15.75490189
9.64902115
11.35686493
12.92156792
16.82549286
17.86470795
12.72352982
19.08235168
19.39020157
16.83529472
12.65098095
12.30980396
15.74313927
24.78235626
22.72941208
13.91764832
12.20980453
13.58627701
15.30195999
16.52745247
9.69999981
10.21960831
11.42548752
13.47647095
15.34706116
12.49215889
20.80784607
21.75882530
21.04117966
12.01961136
20.56274605
19.15490150
26.83137512
19.29804039
13.61176491
11.17450905
12.16274738
16.06666756
17.68431473
9.06862831
9.46470642
10.90000153
10.69607735
13.00000095
12.65882397
20.26862717
23.44313622
23.34705734
12.63137245
26.15293884
22.98627663
26.52549171
16.47842979
13.38039017
10.53333282
10.91960907
16.47647095
17.66470528
9.27647114
8.73529530
10.28627396
9.42940998
10.66078472
12.84117699
18.95490265
22.09412003
23.12548828
16.39804077
29.24902153
26.07842445
23.84117508
14.05490398
12.89608002
10.43529320
10.46274567
16.18039322
17.35294151
9.22941208
8.90784454
10.27646828
9.33725548
10.25294018
13.69215584
17.48039055
19.76862907
23.10196686
23.22745132
29.09803963
27.45293617
21.29216003
12.74314117
12.47254848
10.16078568
10.25686264
16.40392303
17.03921127
9.15686512
8.69803905
10.33333302
9.48823643
9.94313908
14.56274414
15.53529358
17.88431549
24.19607925
30.03725433
28.65294456
26.49412537
19.19804001
13.34901905
12.84510040
10.03725719
10.31764698
17.10980415
17.10980415
9.27058983
8.39411831
9.87647057
9.79803944
10.48823738
13.86274529
13.57843304
17.56470490
25.80196190
30.80784607
26.17843056
25.76863098
17.89803886
16.41372490
13.16862869
10.66078568
10.82549095
17.73333359
18.15490532
9.46078491
8.64901924
9.42549133
9.43137360
11.84509945
12.78039169
12.78431606
21.07059097
28.29608154
29.52548981
24.80588722
23.45882607
17.86078453
18.19215965
12.76667118
11.42549038
11.40000057
18.31568718
18.73333359
10.38431549
9.06666756
8.85098076
8.95098114
13.84509850
11.67843151
16.88823700
27.29215622
29.87254715
27.33921814
23.00588226
20.79215622
18.03333664
18.90979767
12.19019985
12.23725700
12.06862640
18.25294304
18.67254829
10.76274776
9.23921585
8.86862659
9.82941151
14.10980988
12.03333282
22.25098419
29.85294914
29.57843018
25.13136864
22.04313850
18.97255135
18.77842903
19.46862793
12.57058430
14.08039379
12.20196342
17.30196190
18.12745094
10.44313812
9.46078491
9.31176567
13.10000229
14.86470795
14.20980549
26.63529396
30.04510117
27.00392914
22.34902382
22.28627968
18.76667023
19.74705505
20.82745361
14.26078606
17.94313812
12.26862526
17.16862679
17.78627396
10.77255154
9.46078491
10.59019852
18.41176605
18.22157097
19.38431549
28.69215775
29.47058868
25.40392113
19.17647552
22.81372833
19.61961174
20.65097809
22.89608002
20.29215622
23.80588531
12.56078529
16.33137512
18.41176414
10.77451038
9.28823662
13.24510002
20.28823853
19.47254944
22.70980453
28.80587769
27.70000076
24.15489960
18.46078682
22.74902344
20.79019547
20.46470642
25.39215469
27.09999847
28.14902115
12.44314003
16.00980568
18.39411545
10.83725929
9.49607849
15.73333549
19.55098343
19.49215508
24.30588531
29.84510040
25.76666451
21.91176987
18.70392418
22.16863441
23.10000229
21.26470184
29.94510078
31.86862946
30.84510040
13.57843208
15.32549000
17.87646866
10.73921585
10.49803925
16.80195999
19.18823814
18.91568756
24.44117737
30.21962166
23.33137512
20.19804001
18.25098038
21.26078224
23.85294342
24.64706421
31.64509964
31.98039246
31.44117928
15.74706078
14.74509811
16.30000114
11.22941589
11.62549019
17.62745285
19.20981026
18.89608002
23.78038979
29.71764565
21.15686989
18.37058640
18.28627777
20.98823738
25.40980911
28.79608154
31.77255249
31.72549248
31.80196381
19.22549248
14.04706001
14.58627510
11.88039398
12.65882301
17.38039398
19.23922157
18.23725700
23.13333130
28.75686836
19.82156754
18.09019470
19.11961174
19.75293732
29.60000420
31.60196495
30.50981331
31.09608078
30.74705696
23.30980682
14.07059288
13.21568775
12.04706001
13.24706078
17.18039322
18.82352638
17.90980530
22.52745628
27.70000458
19.25686264
18.54706001
20.24706459
19.37254906
31.74313736
31.93921661
29.57255363
30.22549629
29.44117737
26.02157021
15.53725815
12.83725548
11.45294189
13.86666584
15.55098343
16.75098038
18.42745209
21.93333817
25.79803467
18.11372566
18.81764793
20.48627472
20.67843246
31.95294189
31.85098267
27.86666870
28.69216156
27.75294113
27.17059326
18.92941093
12.60000038
10.43921757
13.70980263
13.82156849
14.47254944
18.21961021
20.85098457
24.28627396
18.32744980
19.06862831
20.30196381
23.95490265
31.98823547
31.60392380
27.43726349
27.87450409
26.98823929
26.57646942
21.09411621
12.90000153
10.78823280
12.98039246
12.39607906
12.81960869
17.75490761
20.14706039
23.52353096
18.17254829
19.96862602
20.51176453
27.78431702
31.89804077
31.00980568
26.26863098
26.49215889
25.37647438
26.33725357
22.05881882
13.29607868
10.93725777
11.93725681
11.26862717
11.66078568
17.42745209
20.05882645
23.16863251
17.87843323
20.66470718
23.31961250
30.41372871
31.70000267
30.17843819
25.05293846
24.35490036
23.48038864
26.44117546
22.40588760
13.98431301
10.04902077
10.80980587
10.41960907
11.04705906
16.21961021
20.87255287
22.47646904
18.10980225
20.92156792
26.12353134
31.90588379
31.70196342
29.18038940
24.02745438
22.59215546
22.36862755
27.18431473
22.49215698
14.87451267
9.96274662
10.24117756
9.12745094
10.41176605
15.28823662
21.30784798
19.61960793
18.30195999
21.57059097
29.53725624
31.95098114
31.64118195
27.82745171
22.44901466
20.89608192
20.74705315
26.96274567
22.27450752
15.11764622
10.17646980
8.98431587
8.60196209
10.28431416
15.30392361
21.13529587
17.20392036
18.02745247
23.36666679
31.33137321
31.94117737
30.51176643
25.06666946
21.63725471
19.79019928
19.53921318
26.22941208
21.42353439
15.90587997
10.50196171
8.01568699
8.52156925
10.31568623
15.45098305
20.62549400
16.45490456
17.63725471
26.40980911
31.90000153
31.51176643
28.38823700
23.16078758
19.98627472
18.64313889
19.24313354
24.90195847
20.89411926
16.53921700
11.17255116
7.81764841
8.65686321
10.69411755
15.27255058
19.17058754
15.55098152
17.89215660
30.06078529
31.69215965
30.11177063
25.53137207
21.44705772
18.23529434
18.10196114
18.64313889
22.72941208
22.13137817
16.64509773
12.07451344
7.56666613
8.37059021
10.49804020
15.60784245
17.60588264
14.84313679
19.04117584
31.30980492
30.64314270
28.11568642
23.35882759
19.78235435
18.00588226
17.96470642
18.84313965
20.52353096
23.08039284
16.66666603
12.52941227
7.66078377
8.80588341
9.92156982
16.06078339
16.28235435
14.19019699
23.71372604
31.69412231
28.63921738
25.95490837
22.29020119
19.33333588
18.42352676
18.44117546
19.15882683
19.66078186
24.05490685
16.65882492
12.17647171
7.26274586
8.42549038
10.54901886
16.37255096
15.26862812
14.69608021
27.26863098
31.62353134
27.72549057
24.16666794
21.34705544
20.26274490
19.14117813
19.20783997
19.10000229
18.89215660
24.67843246
16.42548752
11.99019814
7.99215651
7.91568565
11.15294266
16.92549515
15.03725719
16.05294228
29.95294380
30.78823853
26.70588493
23.06666565
20.94313431
23.13725853
20.15882492
19.03529167
19.18431664
18.30980301
25.95294380
16.73137474
12.07451248
8.49411869
8.73333359
11.87647247
17.03137589
15.17254925
17.96274376
30.48824310
29.45490456
24.87843323
22.26667213
21.82353401
27.85490036
20.42156792
18.53921890
19.00000191
17.81176758
25.26078606
17.30784225
11.66274643
8.51568508
8.64706039
12.28627586
16.80588150
15.85294342
19.81176758
30.05686188
27.71372604
22.41765022
21.76078606
23.68039322
29.60000038
20.75098610
18.95098495
18.93529701
17.38823700
24.79215813
17.85882759
11.16470814
8.07450962
8.98039436
12.38627338
16.11960602
15.99608231
21.71568871
29.40588760
26.24706268
21.04901695
20.82941246
25.44314003
28.85882759
21.42156982
19.53921890
19.10588455
17.23529816
23.82549477
18.80980492
11.30980492
8.36078453
9.21960735
13.28235435
15.26078415
16.45490456
23.93529320
27.92156982
24.64117622
19.67647362
20.88823700
26.54313850
27.16666794
21.61568832
20.39803886
20.15490341
16.80196190
22.09608078
19.18039703
11.29215717
8.06078529
9.27843189
14.07059002
14.82157040
16.08431244
25.02353477
26.48627090
23.81764984
18.53333473
20.70784569
26.14118004
24.98628044
20.62157440
21.47842979
20.69608116
15.95490360
21.59411430
19.69608116
11.57451153
7.72156811
9.00784397
14.83333588
14.15686417
15.54117870
26.42745018
24.51960754
22.50195694
18.35882568
21.10195923
25.15882492
22.64313698
18.72745132
21.67843628
20.33137512
15.02941322
21.60196114
20.05098152
11.56274414
8.00000000
8.80588341
14.25686359
13.78039360
15.67255020
26.63529587
23.13725662
21.75882339
18.69607925
22.59215355
23.70588875
20.80195808
17.40000153
21.21372795
19.86862564
14.48823547
21.39803696
19.99019623
11.81960869
7.91176558
9.22156811
13.44706154
13.75686264
16.60588264
26.59019661
21.90980339
21.35294533
18.75293732
24.41764641
22.34510422
19.85882187
16.91960907
20.36863327
18.96666527
14.02941322
20.19412041
20.32941437
12.93529510
8.03333473
9.60392284
11.91176510
13.12941456
18.05686569
26.15686989
20.91765022
21.02353096
19.11176109
26.53529930
20.49411774
19.25882530
16.39411926
18.91372681
17.98627472
13.57647133
19.09215927
20.61372566
13.53333473
8.79803848
9.37451172
10.96274567
12.50588322
20.56863022
24.96471405
20.78823853
21.02940941
20.60000610
27.22352982
19.44705772
18.99411774
15.94706154
17.73529625
17.24902153
13.39215946
18.50391960
20.82549095
14.14901829
9.32745171
9.56666851
10.54510021
12.32549000
23.67843437
22.52156639
20.61568451
21.11176682
21.70196152
26.54705811
18.01960564
18.42353058
15.32156849
16.54117966
16.46078491
13.65294266
17.80392647
20.13137054
14.84509945
9.08627415
9.52156925
10.31372738
11.92549038
24.88431740
20.40980911
20.00195885
20.94705963
21.96666527
24.99019623
16.99215508
18.47451401
15.25686550
15.87058926
16.29607773
14.06666756
17.46470642
18.80000114
14.91764641
8.89608002
9.53921509
10.35294056
12.16078568
25.20196342
19.17451096
19.99412346
21.33137894
21.86862564
22.46862411
16.65490150
19.10000229
15.26470566
15.58627701
16.31176758
14.52353096
17.01961136
18.26274300
15.74117756
9.36666870
9.38039112
10.28627586
12.39215755
24.79803848
18.46666336
20.05294609
21.97059059
21.56862640
20.08823776
16.80000305
18.58039474
14.85294056
15.13921928
15.73333454
14.80587959
16.87255287
17.55490303
16.26666832
9.72745037
9.82745075
10.46862507
13.01960754
24.19411850
18.11764908
20.07646942
22.74509621
21.04706192
18.86666489
17.31176758
18.18627357
14.83529472
15.27647114
15.33725643
15.02745056
16.03922081
17.10392570
16.08235550
9.66078663
10.22745132
11.37843227
15.05098248
22.58235168
18.50980949
20.83333206
23.42745018
20.30000114
17.80588341
17.41176796
19.47254944
15.20784569
15.79608154
16.52941322
15.46862793
15.32941055
15.96862793
15.40000248
9.41961002
10.65882587
12.42941475
16.82352829
21.49215698
18.12353134
21.41176987
23.13725662
19.07843399
16.54706383
17.26666641
20.52548981
15.26274776
15.93921661
18.69412231
16.02941513
15.13529682
15.97843075
14.94117641
9.24509907
10.92352867
12.61568642
18.65098190
20.67059326
17.65882492
21.46275139
22.61960602
18.57058716
15.90392113
18.06078529
20.50784492
15.50392342
15.79019833
20.00980759
16.20588303
15.31961060
16.27647209
14.61176491
9.14117527
11.02156734
12.32549095
21.50588226
19.10980225
17.55294418
21.49020195
22.14313316
17.89215851
16.16666794
18.86666679
19.58823776
15.49412060
15.57058907
19.68431282
16.27255249
15.44902134
16.24510002
14.73333359
8.75686359
10.95686436
12.13137341
23.72549248
18.34705734
17.40196419
21.00196266
21.03529739
16.96470833
16.44705772
19.57058716
18.39215469
15.45490265
15.34901905
18.16470528
16.39019966
15.21372509
16.13725662
14.48627567
9.10588264
10.75882244
12.95098114
26.17647362
17.83529663
17.06470871
21.05098343
20.06666756
16.33725739
16.84705925
20.01176453
17.94117546
16.19019699
15.26862717
16.24902153
15.79607964
14.53529644
15.38431358
14.08039188
9.14313507
10.46666908
15.73529530
25.55686188
17.47451019
17.05294228
20.80784225
19.59803391
15.88235569
17.69412231
20.30195999
17.47843170
16.67255020
16.10980225
16.20000076
15.40588093
14.43725491
15.28039169
14.00588417
9.05294132
10.24509811
19.49607849
23.69804001
17.66078186
17.30392075
19.59215927
18.65294266
15.60980415
18.20196342
20.12549019
17.30980301
16.41176796
16.68235397
16.53333473
14.85490131
14.68431377
15.14314175
13.95490170
9.58431339
10.78235531
23.50391960
21.16667175
17.69215965
17.48431396
18.55882263
18.18431473
15.92352867
18.25686073
19.62352943
18.24901962
16.00392532
16.95098305
16.55294228
13.91568851
14.45686340
14.96470737
13.72549057
9.47450829
11.72941303
25.59216309
19.35686493
17.72549248
17.85686111
17.92156601
17.52745438
16.51176453
18.72941208
19.33333206
19.02549171
15.33529472
16.72941589
16.25490379
14.12941360
14.28627491
14.74509907
13.52548885
9.91176605
13.91176414
25.58039856
17.70588493
17.36470795
17.93136978
17.13921547
17.20392036
16.88235092
19.49411964
18.70196152
19.30392075
14.99804115
16.57451057
16.58235359
14.34706020
15.08431530
14.95293999
13.58823586
10.50000191
15.50784492
23.75098610
16.05097961
16.79019737
17.74117661
17.25098038
17.19215393
16.40000153
19.06470680
18.57254982
19.61372566
15.25098133
17.11568832
17.38823509
14.38039207
15.44117546
14.91960716
13.07843113
10.54509735
17.36666679
21.48431587
14.80392265
16.19804001
17.70196342
17.04705811
16.87450981
16.15098190
18.34510231
18.43137550
20.06274605
14.58039284
17.35294342
18.26863098
14.45686340
15.32745171
14.29608059
12.76274490
9.81372547
18.65686417
20.40784073
14.38235283
15.98627472
17.91764832
16.98235321
16.50000000
15.53137398
17.93921852
17.94705772
19.92548752
14.21961212
17.48823929
18.10784149
14.31960869
15.23921871
14.07451248
12.60588646
9.80588245
18.90588379
20.47254562
14.25098038
15.96274567
18.29607964
16.89215851
16.18235588
14.80000210
17.82353210
17.63725662
18.27647591
14.06862831
16.88431549
17.99215698
13.77647018
15.20588398
13.92941284
12.41764736
9.79607868
18.51960754
20.95293808
13.91176605
16.01764679
18.63333321
16.51568794
15.51568985
14.59019661
17.43137550
18.14901733
16.90588188
13.58039474
16.02548981
16.64902115
13.18823624
15.68627930
13.59411907
11.76666737
9.87647247
19.05490494
21.03725624
13.23137283
16.39019775
18.43725204
16.08627701
14.98627567
14.66666794
16.93529320
17.41960907
16.39608002
13.40784264
15.73333168
15.66862869
12.97059059
15.71373081
13.50196075
11.13725471
9.75686264
18.65882492
20.40980530
12.86862850
16.91764641
17.88235283
15.63529778
15.04705906
14.86274624
16.81960678
16.65489960
15.40588570
13.31372452
15.27646923
14.94706154
13.12353134
15.72745132
13.14117718
11.35490417
10.46078587
18.67058945
19.59999847
12.80392170
16.88039207
17.51764679
15.60392284
14.96666813
14.72352982
16.33333206
15.41373062
14.87058830
13.58039570
14.75098324
14.46078587
13.09803963
16.49019814
12.51960659
11.56274700
11.60000134
18.88431549
18.77842903
12.68627548
16.62941360
17.59804153
15.34902287
15.16470814
14.75490284
16.18235588
16.21764565
16.39216042
13.69607925
14.11176491
14.28235245
13.20195961
16.56078529
12.55294228
11.51176739
12.40392113
18.28039742
17.91960526
13.27843189
16.05098343
17.40980721
15.47059155
15.96862698
14.87843323
16.40196228
18.75294495
19.67255211
13.67647076
13.18235302
13.47059059
13.16078568
15.87451363
13.06470680
11.55294323
13.42745304
17.44902420
17.76470566
14.07843399
15.76274872
16.26470566
15.72745514
16.28235435
15.29803848
16.58823776
20.20784569
21.29804039
13.75882339
12.87058926
13.11765003
12.82549000
15.01176548
12.83725166
11.31568527
14.31372547
17.20195961
17.62156868
14.63921642
15.50588322
15.45882225
15.70980740
16.79607773
15.54706383
16.50588417
21.18823624
21.51960945
14.07254982
12.98039532
13.23137283
12.21568966
14.67843437
12.79411793
11.26274490
16.60588455
16.87450981
17.28039551
15.49608231
15.06666756
14.34901905
15.67451096
16.98431206
15.31372833
16.05294418
22.75882721
21.91960526
14.34313965
13.15294266
12.94313812
11.61960888
14.31764698
13.12353134
11.38431454
18.86274529
16.20195961
17.28431702
15.69804001
14.70784569
13.67058849
15.40000057
16.81372643
14.90980530
15.52745247
23.64902306
22.78627396
14.82941341
13.33529663
12.46666718
11.24901962
13.86078644
13.04706001
10.91176414
20.71176529
15.77451038
17.30196381
16.32745552
14.24313927
13.63921833
14.81960964
16.40392113
14.71569061
15.57058716
24.39019775
23.10588074
15.46274662
13.20784473
12.07058907
11.11372566
13.74705791
13.42548943
10.28039360
21.22941399
15.61176300
17.08235550
16.52745628
14.18627453
13.54706192
14.27647305
16.06274796
14.09803772
15.90784550
24.42549324
22.52352905
15.71764755
13.41176510
11.98235321
11.10000229
13.70784473
13.33921623
10.49803925
20.99608040
15.64706135
16.81960869
16.73725510
14.14902020
13.76666927
14.37451172
15.62549114
13.65294266
16.92353058
24.54705811
22.21176529
15.88039303
14.10392189
12.15490341
11.08823776
13.66470528
13.08235359
10.19804001
19.46470261
15.18627739
16.42941284
15.80392265
14.09803963
13.20588207
14.39019871
14.79215908
13.57843208
17.60196304
23.07451248
22.19607544
15.73333645
16.23333359
15.01568985
11.08235264
13.10980606
13.17254829
10.29804039
18.51176262
15.15098286
15.74902344
15.32941532
14.14313793
12.85294247
14.15686131
14.29803848
13.47451210
17.43529701
22.00784302
21.69607925
15.40980530
17.75294304
18.59215736
11.07843304
13.26666832
13.31961060
9.55294037
17.82745361
14.56666660
14.86274338
14.70196438
13.91960907
13.18431282
13.92353249
14.26666546
13.23529625
17.56667137
21.30195999
20.75294495
15.20196152
18.37059212
21.60195923
10.79411793
13.25686264
12.88431549
9.01764679
17.94706154
14.17451286
14.32745075
14.74705887
13.94705868
13.60392570
14.03921700
14.23529625
13.09803772
17.79019356
20.92352867
19.70588684
15.47450829
18.81568909
22.36078453
10.87451077
12.79215622
12.60784149
9.21372604
17.36078835
13.74706173
14.27647209
14.53333664
13.43333626
13.94117737
14.63333607
14.20196152
13.03725338
17.56470299
20.56470108
18.76862526
15.92745113
18.65293884
20.82941437
11.46078682
12.85686398
12.37254906
9.01176453
15.67646980
13.04902172
14.28235340
14.74901867
13.27647209
14.04706097
15.23726273
14.34117603
13.16862679
17.43921471
20.35490227
17.16274452
15.80588531
18.38235283
20.48235321
11.63725471
12.60000038
11.49607944
8.99607944
14.24510098
12.95098209
14.27059078
14.67058754
13.59412098
14.32745266
15.80000019
14.29411888
13.53725624
17.39411926
20.47451019
16.40196419
15.80000019
18.67255020
20.40196228
11.68039131
12.33725357
11.46862507
8.99019718
13.47843170
13.08823490
14.24117756
14.74902344
13.95686626
14.29804039
16.05882072
14.26862812
14.17255020
17.39216042
19.91764641
15.67451286
15.96274471
18.92548943
21.05490112
11.66274452
12.21176434
11.53333473
8.59215736
12.80196190
12.98627567
13.91764736
14.63529587
14.45882320
14.38823891
15.91960907
14.22549152
14.99215984
17.30196190
19.04901505
15.29608154
15.73529530
18.95882416
21.62156677
11.27451038
12.19803715
11.59215736
8.50588131
12.25098324
12.72745323
13.61960983
14.74313545
14.27646828
14.68431664
15.99019909
14.37647057
16.02157021
17.37646866
17.97647476
15.37647057
15.45882607
18.87843323
21.88627625
11.19804001
11.99411678
11.64705849
8.46666622
11.81176567
12.58823872
13.84509945
14.27255058
14.19215679
14.92353344
15.98431396
15.16470623
17.74117661
17.56666756
16.90587997
15.30980301
15.59803772
18.50784302
21.55098343
11.38627529
11.51372433
11.30980396
8.67647362
11.92745113
12.51764774
13.76863003
14.15097904
14.06666756
14.99804115
15.92941475
15.74901772
18.83725739
17.38823509
16.10784531
15.21960640
15.79411888
18.73921967
20.97058868
11.02745056
11.21372509
10.94509792
9.16078568
12.25882435
12.37843037
13.17451000
13.94510174
13.72549057
14.99411964
15.93921471
15.84313965
19.31176567
16.86666679
15.61960983
15.22941208
15.88039112
19.01176262
20.49607849
10.95490360
10.98431492
10.90392113
9.16666794
12.28431320
12.28431320
13.10000229
13.55686378
14.03137302
14.98627853
15.41176510
16.12353134
18.85490417
16.51568794
15.34117794
15.15882206
16.04902077
18.02353287
19.98823547
11.64902020
10.61372662
10.68431282
8.94902039
12.11176395
12.07843113
13.09999943
13.42549133
13.87254906
14.79019737
15.21372604
16.40980530
17.74902153
16.00784302
15.41569138
14.63333416
16.02549171
17.35686493
19.46078491
12.08627510
10.41176605
10.70392227
8.36666775
11.69804001
11.91960812
13.22156906
13.87646961
13.65294266
14.80980682
14.99411869
16.40980530
16.47059059
15.83725739
15.19019604
14.35686207
16.09019470
17.90195847
18.98627472
12.19411850
10.47255039
10.35294151
7.54705906
11.77647209
11.44117546
13.46078491
14.42549038
13.80000210
15.03137398
14.70196152
16.66470718
15.98627281
15.50588322
14.78235626
14.39411831
16.52745247
18.87843513
18.57843018
12.12156677
10.35686111
10.01176548
7.25686359
11.50784397
10.75686264
12.73333359
14.78235054
13.81372452
14.73137188
14.62353134
17.06078529
16.16862679
14.86078453
14.57451153
14.04117775
16.67451286
19.87254906
18.46470833
12.23333359
10.20980358
9.59803963
6.92549086
10.53529358
10.63137341
12.43333340
14.44117928
13.49019623
14.70392323
14.56470871
17.16666985
16.25490379
14.03137493
14.22156906
13.83725739
16.59804153
19.79411888
17.72744942
12.12352943
10.05882359
9.64902115
6.97451019
9.49215794
10.80588245
12.56274319
14.10391998
13.47647285
14.83137321
14.90000343
16.89019585
16.00000000
14.44705963
13.81764984
13.59607983
16.55294228
18.97843170
17.46274757
11.67059040
9.68823719
10.03333664
7.54705954
8.74117661
10.79999924
12.23725510
13.27058983
13.44313717
14.23137379
14.58235168
16.39411736
15.56666660
14.69608116
13.87059021
12.79215717
16.26274681
18.59412003
17.15686417
11.50784397
9.52941227
9.95097923
7.58431435
8.55686188
10.92745304
12.50980282
12.97843361
12.98431396
13.89215660
14.43921947
15.96666718
15.42745113
14.78039646
13.98235321
12.47843170
16.05882263
18.44901848
16.95686150
11.41960907
9.77843189
9.73529434
7.51568651
8.90392208
10.72156906
13.01176548
12.91961002
12.52549267
13.41176605
14.50000095
16.36078644
15.29803848
14.90980625
14.01176643
12.62353039
16.15294266
18.16666794
16.71176529
11.44117546
9.87058830
9.29019737
7.49215794
9.16274738
10.69411755
13.43921661
13.25490284
12.58627510
12.76078701
14.63333607
16.67255211
15.82745171
14.74117851
14.06666565
13.04509926
15.64510250
17.63725471
16.15686417
11.55098057
9.64902020
8.82156754
7.59411860
8.94509983
10.27450943
12.96078587
13.38039303
12.61764717
12.55882263
15.33921623
16.15490341
15.91372681
14.63921642
13.97451115
13.01568794
14.91764927
17.46274376
15.72941399
11.55882359
9.62353039
9.08627701
7.72156906
8.54313850
10.75294113
12.86470890
13.49019718
12.54509544
12.94117832
16.03921509
15.54509735
15.87647438
14.69019794
13.54705906
12.48431396
14.25294209
16.70195770
15.23921871
11.50000095
9.42941380
8.52941322
7.23725605
8.42549133
10.88823605
13.31568623
13.32549095
12.31568432
13.10980511
15.86863041
15.59804058
16.21960831
14.75294399
13.48235416
12.35294247
13.83921814
16.21568680
14.86666775
11.41961193
8.92941189
8.29803944
6.84902048
8.25686264
10.45490360
14.28039360
12.87450981
12.24705887
12.99019527
15.17450905
15.47451115
16.43333054
14.72941399
13.74902058
12.28627396
13.62941265
15.98431396
14.55882740
11.34117794
8.71176529
8.20000172
7.05882406
8.00784302
10.17843056
14.63922024
12.82549095
12.48235321
12.90196037
14.76666641
15.37451077
16.30000114
14.62549210
13.80392265
12.15686321
13.62745476
15.08627224
14.25490379
11.37254906
8.92745113
7.96078444
6.93529463
7.91764736
10.74705982
14.59216118
12.98431587
12.81176472
12.87255001
14.68824005
15.77843380
16.21764946
14.52157116
13.93529892
12.52549076
13.72353077
14.71176338
14.30000114
11.53333187
9.05098152
8.00980377
6.55490208
7.61764717
11.46078396
14.08039379
12.81960869
12.41764641
13.01176548
14.72157001
16.19019699
16.26666832
14.52157211
14.18627357
12.45882225
13.89411926
14.19412041
14.95882416
11.99608135
9.07058811
8.14117622
6.58235264
7.74313736
11.68431377
13.58431625
12.60587978
12.15686226
13.42156982
15.13921928
16.22549057
16.46470833
14.21372414
14.04313850
12.36274719
13.90000248
13.97058868
15.30000114
11.68431854
8.99607944
7.97451115
6.47254992
7.60980463
11.90196133
13.31960869
12.67254925
11.98823547
13.50784588
15.32549191
16.10196114
16.73921394
13.95686340
14.40196037
12.24313927
13.92157269
13.80784512
15.25294304
11.02745247
9.30980396
8.01764870
6.24705935
7.68235302
11.85294247
12.99215794
12.81176281
11.65097809
13.01568508
15.36274719
15.64901924
16.61176491
14.21764469
14.47058868
12.43529320
13.90784836
14.09607983
15.57647133
11.27255058
9.36666870
8.15490341
6.06862688
7.68235302
11.50980377
12.64117813
12.65098095
11.62352943
12.85098267
14.96470928
15.40588284
16.21764946
14.24117661
14.41372681
12.77647114
13.87451077
14.48627472
15.79215813
11.47646904
8.86862850
8.11176491
5.76274538
7.41176605
11.22549057
12.42941093
12.53725624
12.01764679
12.92941475
14.35686493
15.97450829
15.97450924
14.00784397
14.30588245
13.48627472
13.92549229
15.26666546
15.72352886
10.74902058
8.74117661
8.05490303
5.72549105
7.43529463
11.31960773
12.29803944
12.65098190
12.28039169
12.89216042
14.23137474
16.86274529
15.53137207
14.05098152
14.20980549
13.60196304
14.16078472
15.64509869
16.01568604
10.44901848
8.97451115
7.98039341
5.89411879
7.58823586
11.57254982
12.42745113
12.76078510
12.50980377
13.11765003
14.24313927
17.28823662
14.84509945
14.02157021
14.74313831
13.89607716
14.39215946
16.24314117
15.99607754
10.55098152
8.96078396
7.81372643
5.62941170
7.66470623
11.31568813
11.97059059
12.78823376
11.66862965
13.41176701
14.29019737
17.73921394
14.53529358
14.25098133
15.56470585
14.23725796
14.46078491
16.06274414
16.10196304
10.76274586
8.75490189
7.92745018
5.69607830
7.46078396
11.32156944
11.67451096
12.33725548
11.44313622
12.91176701
14.03725719
17.56274414
14.88431644
14.55686092
15.69999981
14.49412060
14.71568871
15.68823624
16.45294189
10.60588264
8.64705849
7.77843142
5.49607849
7.40392065
11.09411812
11.35294247
11.80980492
11.21568775
12.48039246
13.76862907
17.27647209
15.43921852
15.00196171
16.02157021
14.52353001
14.91372967
15.25294304
16.19411659
10.78627396
8.60392094
7.46470642
5.38235378
8.03529358
11.09804153
11.19019413
11.02745247
11.22157097
12.64705753
13.23725414
16.68431473
16.09412003
15.48235512
16.01764679
14.50392342
14.79019451
15.09215546
15.92156887
11.01764679
8.45294189
7.49607801
5.43921614
8.44313717
11.08039379
11.18823719
10.43137169
11.44902039
12.79412079
12.88039207
15.71568871
16.65490341
16.04117775
15.98431587
14.05098057
14.31372738
14.34313869
15.39411831
11.39999962
8.25490284
7.60000038
5.52156830
8.29215717
10.83333397
11.26078320
10.35294342
11.79019547
12.85294151
12.81568623
14.74705887
16.86078453
16.44706345
16.08431244
13.82353020
13.54314041
13.07254887
14.06470680
12.41764641
8.31568718
7.60392189
5.53137255
8.47254944
10.71764755
11.33529472
10.71372509
12.02156830
12.95490265
12.77254868
14.25098133
16.56078529
16.51961136
16.00588036
14.13333702
12.66862774
12.60980415
13.99215889
13.57647228
8.37451172
7.56470585
5.44705963
8.74705791
10.61960983
11.40392399
11.34117794
12.10588264
12.70588398
12.95882797
14.20196438
16.16470718
16.40392303
16.07451057
13.91764832
12.01960754
12.72941399
13.91372776
14.11960602
8.20980453
7.32941246
5.29019594
9.02745247
10.06274414
11.24313831
11.20000172
12.17255020
12.39215660
13.32745266
14.46078682
15.21568394
15.46666622
15.99804211
14.30784512
11.87255096
12.69019604
14.50588608
13.52156734
8.32156944
7.14509773
5.43725491
8.95294094
9.50588226
10.80195999
11.05882359
12.19019794
12.44902134
13.73529625
14.91960907
14.36275005
13.94902039
16.30000114
14.82744980
12.06274605
12.86274529
16.04117966
12.84117603
8.21372700
7.18039179
5.34117699
8.48431206
9.73529434
10.54509735
11.00196075
12.16666794
12.26666641
13.40392113
15.06666374
13.72549343
13.67843342
17.93529510
14.56470871
13.19411850
14.03333569
18.01372910
11.92548943
8.30392170
7.40980387
4.74509811
8.09999943
9.67058945
10.63333321
10.41176510
12.20588303
11.89607906
13.12941170
14.55686569
13.35098267
13.99020004
18.77058983
14.30588341
14.40000057
15.97058868
18.57059097
11.40784168
8.16666698
7.37647057
5.00392199
7.82745218
9.20784283
10.29019737
10.22548962
12.23725605
11.84509659
13.56274605
14.05490208
13.25490284
14.88039398
18.88627625
14.44509983
15.22941399
16.98235130
18.47842979
11.26470470
8.10784340
7.37450886
5.23921633
7.59607983
9.48039246
9.88627434
10.36666679
11.99215508
11.65490150
13.53333569
13.41372395
13.28823471
15.66470718
19.89999962
14.77843094
15.87058830
16.78823662
16.54902267
11.00980282
8.21372604
7.52549076
5.29215717
7.38039303
9.45686340
9.82941151
10.23137188
11.69804096
11.35098171
13.09215641
12.67451286
13.30980396
17.30980301
20.82352829
15.87254906
16.12941360
16.16078568
14.89803886
10.76862621
8.08039188
7.32941198
5.13333416
6.96862841
8.74705887
9.65293980
10.44901943
11.65098190
11.56862640
13.05686283
12.64509678
13.57647038
17.95686340
21.11372566
17.10784340
16.31372833
15.36863041
13.84117794
10.76078415
7.96666622
7.14117718
5.33921576
7.01764679
8.81960964
9.31176567
10.74117756
11.53529644
11.96078300
13.12941265
12.95882607
13.94117737
17.88627434
20.13725662
17.98823547
15.41765118
14.45098305
13.43725586
10.65098095
7.96470594
7.22745085
5.15294218
7.25882387
9.22156906
9.43921566
10.38431263
11.85097980
12.09999943
12.77647018
13.32549095
14.30784416
17.29999733
18.62941551
18.28235435
14.03529263
13.65490532
13.85686302
10.36666775
8.23921585
7.52156830
4.95686340
7.70000029
9.51764870
9.44902039
10.20000172
12.06666756
12.24117851
12.73333740
13.39412117
14.79804230
16.71568680
17.51372910
18.13725662
12.68431377
13.03333569
13.91764832
10.19607735
8.43921566
7.36862755
5.29803896
7.70588207
9.28039265
9.06862831
9.62156773
11.96862984
12.05294323
12.39411926
13.16274929
15.22352791
16.54706001
17.47451019
17.85686302
11.94705963
12.55294132
13.78823853
10.33137321
8.17843056
7.08431482
5.51176500
7.12941217
8.78039265
8.75882530
9.70000267
12.00392532
11.61960602
12.02941227
13.18431664
15.11372757
16.75686455
17.59215736
17.35685921
11.59411812
11.82941341
13.30588436
10.14705753
8.10000038
7.06078386
5.06862831
6.76666737
8.48627472
9.01176453
10.04705906
12.27255058
11.56666756
11.72745132
13.56274605
15.02745247
17.24117661
17.40980339
16.70784569
11.48039532
11.31764793
12.60588455
9.94117451
8.24509811
6.89215755
4.90000057
6.76862812
8.38823509
9.34706020
9.89019585
12.01568890
11.85882378
11.69607925
13.81176472
15.64902210
18.81961060
17.50980377
15.90392208
11.05686474
11.24313736
12.32745266
10.16078281
8.23921585
6.71372604
4.98823547
6.73529387
8.29607964
9.38235283
10.32156944
11.31764603
12.07843399
12.48039532
13.76666832
16.20392227
21.04313660
18.02548981
14.92353249
10.27450848
11.33137321
12.23333359
10.25489902
8.40980244
6.86666727
4.80392218
6.97058773
7.83137274
9.30000114
10.37058830
10.87451077
12.00784397
12.76470852
13.60196114
15.89804173
21.11568451
18.52940941
14.14901733
9.77843189
11.70000172
12.64509964
10.30195999
8.71764851
7.10980415
4.96470594
6.65882397
7.97843170
9.26078510
10.18235302
10.80588150
11.60196209
12.78823566
13.66862965
14.97647190
19.48627853
17.93921661
13.21372890
9.82353020
11.53725624
12.98627281
10.56078529
8.61568737
7.00196218
4.92549133
6.35294104
7.80980444
9.42352867
10.04705906
11.08627605
11.45882511
12.57255077
13.32941055
14.09411812
17.12745094
17.49019432
12.21176624
10.26274776
11.62549114
13.23529530
11.08235359
8.25490284
6.95098162
4.58627462
6.52941179
7.60392141
9.91764832
10.05490208
11.13725662
11.41764832
12.40196323
13.38823509
13.74117851
16.23333549
17.13725853
11.84509659
10.36666775
11.69804192
13.47059059
11.19411850
7.95294189
6.72745180
4.73333406
6.84705877
7.79215860
9.84706020
9.84313869
10.83921528
11.30784321
11.97646999
13.77646923
13.94117546
16.48039246
16.86470795
10.98039341
10.57450771
11.73333454
13.37058830
10.45098019
7.73529434
6.57647085
5.30392170
6.73725653
8.01764870
9.49019814
10.61960602
10.99411964
12.05882454
11.46078300
14.32549095
14.02941322
17.74313545
16.35882187
11.17647076
11.44902134
12.09608078
13.51568699
9.43725586
7.38823462
6.65294123
5.26470566
6.50000048
8.02156925
9.46862793
10.93137360
11.21372604
12.69215679
11.34313869
14.80980682
13.84117508
18.27647209
16.28627777
12.32941151
12.37842941
12.12941074
12.62353134
8.96862888
7.29215574
6.71176529
5.07647085
6.52549076
7.93333387
9.36078644
10.62353134
10.99999905
11.97647190
11.23921585
14.48627853
14.00196171
17.94313812
15.81764793
13.23921680
13.00980473
11.64117718
11.48431492
9.00588322
7.58627558
6.99803972
5.40392256
6.49215746
7.87058830
9.43529701
10.94902134
11.07255077
11.25098038
11.15098190
13.78039360
14.06666946
16.98823547
14.98627472
13.44117737
13.74509716
11.18627453
10.86470604
8.80784321
7.45490265
7.18235254
5.51568651
6.18823624
8.04706001
9.70196247
10.43725777
11.38823605
10.95098114
10.86274719
12.73137379
14.01960945
15.93921661
14.42941380
13.45686436
14.00784397
10.54313660
10.44117832
8.40196037
7.14313793
7.15098000
5.38431406
6.20980453
8.15490341
10.02941322
9.82156944
11.25098038
11.04705906
10.51176643
11.59607792
13.61764812
15.29216099
13.42549133
13.94706059
13.40980530
9.79019642
10.74509716
8.40196228
6.98235226
7.03725433
4.97843218
6.03137398
8.47451115
9.96470642
9.76470757
10.85490322
10.80195904
10.21764755
10.94901752
13.57058907
14.72157097
12.22353077
14.79215813
11.90980434
9.62549019
11.19215679
8.58039284
6.82941198
7.21568632
4.62745047
5.83137226
8.64705849
9.60392189
9.71764660
10.75882530
10.77647209
10.10784340
10.53529358
13.19999790
13.77058792
11.74509811
15.09215736
10.56666470
9.62156868
11.25294304
8.46666622
7.01764679
7.17255068
4.70980406
5.85490227
8.68627357
9.43921471
9.54313660
10.75294113
11.03529549
10.35294151
10.36470699
13.17450905
12.74313927
11.65294075
15.15490437
9.84509945
9.73921490
10.56470680
8.71372604
7.31176662
6.89215803
4.91176510
5.81176472
8.70196152
9.48823452
9.70196152
10.76078415
10.77647114
10.71568680
10.95686245
13.05098152
12.12549019
12.29803848
15.22156906
8.98627472
10.12156773
10.07450867
9.73333645
7.03529453
6.80392265
4.94509792
5.77450943
8.42941189
9.42548943
9.80980492
10.86862755
10.62353039
10.88627338
11.92352962
12.86078548
12.18039417
14.02353096
14.91176891
9.27843189
10.23333263
10.83529568
10.74314022
6.64901829
6.68039227
4.81176567
5.78039265
8.53529263
9.48039341
9.48235226
10.88039207
10.38627529
11.14313698
12.44509888
12.35294247
12.23529434
16.59019852
13.08823681
9.41568565
10.52156830
12.69411850
12.25098228
6.28431416
6.79019594
5.01568651
6.15294075
8.43725491
9.66078281
9.55490208
10.54117584
10.26470566
11.47058868
12.45686436
12.67255020
13.15294266
17.67647171
12.17647171
9.28431511
12.72549343
14.99608040
13.27255154
6.53333378
6.73921585
5.01764774
6.29803944
8.65098095
9.97451210
9.54706097
10.10392380
10.11372471
11.52156734
12.87254906
12.72157288
13.84509850
17.77450943
11.50588608
9.93333340
16.71176720
17.59608078
13.73921680
6.64117718
6.68039274
5.33529425
6.25490284
8.92745113
10.50980377
9.37058640
9.75490189
10.35882378
11.52548981
12.95686340
12.08235455
14.38235283
16.42941284
10.29803658
11.20588303
20.99803734
19.86470413
13.12352943
6.39215755
6.60784340
5.63137341
6.28431416
8.67843246
10.93529415
9.41960812
9.51764774
10.70784569
11.19215584
12.92941284
11.75098324
14.91568565
15.42549229
9.23333263
14.14902210
21.99215698
21.18039131
12.22549248
6.43137360
6.21568632
5.79215717
6.13921499
8.25098038
10.75294304
9.78823566
9.33137226
10.34705925
11.10588074
13.01568699
11.98039341
15.91176510
14.09412003
8.74117565
18.04509926
20.56078339
20.47647667
11.42156982
6.58039331
6.02353096
5.41568661
5.95294094
8.33137321
10.34509850
9.97647095
9.20980453
9.74509716
11.51568699
12.57843208
12.13529396
16.88823509
12.89803886
9.27843285
20.83726120
17.90980530
18.48235512
10.54313850
6.39607906
6.20588303
5.52941179
5.97058773
8.66078377
10.13921547
9.86666775
9.16470814
9.63921642
11.24509811
12.04509926
12.35490417
16.66078758
12.11568642
11.13137150
21.05294418
15.24117661
15.55294132
9.80588436
6.39607811
6.05686283
5.28235388
5.80196142
8.80588436
9.94313812
9.85294342
9.15294170
9.85490417
10.89215946
11.70588207
12.48431587
15.00392532
10.55882263
13.61372471
19.35098076
12.72157097
12.65490246
8.91960812
6.33529472
5.85882473
4.92352915
5.75294161
8.57451057
9.99607754
9.67254829
9.19804096
9.45686245
10.70392418
11.77843189
12.72745037
13.59216022
9.29411793
16.02745247
17.33529282
11.58235359
11.42941475
8.62941170
6.18431425
6.03333378
5.00588274
5.82549047
8.65686226
10.40588379
9.60196114
9.25490379
9.38431358
10.56274796
11.76274490
12.67255116
12.38431263
8.42156887
19.20000076
15.64117718
11.10784245
11.25686264
8.46470737
6.03921556
5.93921566
5.18627501
6.15686274
8.73725605
10.65294266
9.61764812
9.48235512
9.53137207
10.55490208
11.70784378
12.29411888
11.24706078
9.05882454
22.69607735
14.32941628
10.72745037
11.37058640
8.34705925
5.85490322
5.70980358
5.14117670
6.44509888
8.79215813
10.90980434
9.76862812
9.33137226
9.48627377
10.22157001
11.65294170
11.92745209
10.53529549
11.34509850
24.19412422
12.88431454
10.30392265
10.66666698
8.01568604
5.72549057
5.48235369
4.92156887
6.27254963
8.70392036
11.23529434
10.13921452
9.03333282
9.39607811
9.54705811
11.48235226
11.37843323
10.18627453
15.00588226
23.05490112
10.95098305
9.91372681
9.75882339
7.61568689
5.81764793
5.68235350
5.00588226
6.03137255
8.60588264
11.27255058
10.34706116
9.05098152
9.49999905
9.36078548
11.26470470
11.49607944
9.68039227
18.11372566
21.09215546
9.94902134
9.08235359
9.18431377
7.47058773
6.07843161
6.04901981
5.05294132
6.11568689
8.93333244
11.31960773
10.23137379
8.98823738
9.60392094
9.72941113
11.17647076
11.05294037
9.53333473
20.68627930
19.08627701
9.49607944
8.54313755
9.01960850
7.49411774
6.23529434
5.88823700
4.82352924
5.88039255
9.35294151
11.41764832
10.51176548
9.40588474
9.52353096
10.27843094
11.04902077
10.35882473
9.39411736
22.61372948
16.83137321
8.86274529
8.15686226
9.03725624
7.35098171
5.65098143
5.42549038
4.61176443
5.77647018
9.16666603
11.24902058
10.40392113
9.48235321
9.47254944
10.59411716
11.12549210
9.80980492
10.37255001
23.42549896
15.07843018
8.35882378
8.44313717
8.93725491
6.82549143
5.71176624
5.19215679
4.42353010
5.97843218
8.76666737
11.06470585
10.01764679
9.34313774
9.34313679
10.65490055
11.32549095
9.55098057
13.37647247
23.19411850
13.02941227
8.04117775
8.54313850
8.19019699
6.98431444
5.87255001
5.24509859
4.54901934
6.10588217
8.32353020
11.05686188
9.42353058
9.20980549
9.50392151
10.60196209
11.46470642
9.19999981
16.51176643
21.25098038
11.09215832
7.99019575
8.25098133
7.81176472
7.13137197
5.75686312
5.07843113
4.62352943
5.80000019
8.03725529
11.09019566
8.97058773
9.25882339
9.98431206
10.62157059
11.09803963
8.95882416
18.29607964
18.65490150
9.40588188
7.85490322
7.90392256
7.56078434
7.31568575
5.83921576
4.96078539
4.70196104
5.50588226
7.83725452
10.74117661
8.74509907
9.18235397
10.09215736
10.52156925
10.88235283
9.59215832
18.96274376
15.44117832
8.33725548
7.91764736
7.82941341
7.35882473
8.02353001
5.41568756
5.06274509
4.77058887
5.61764717
7.85294056
10.86274433
8.61372471
9.05882454
9.39608002
10.29607964
10.99019527
10.21960735
18.69804192
13.79607868
8.46470451
8.26666641
7.70000172
7.45882368
8.29019642
5.37254858
5.13333368
4.58039284
5.83529377
7.99803925
10.37647152
8.48431301
9.06470585
8.60196209
10.16666508
10.71960640
11.71764755
18.02745056
12.02745152
9.50588226
8.56274700
7.40000010
7.27451038
7.93529415
5.45294142
5.32549000
4.56862736
5.65490246
8.11960983
9.63921738
8.40196228
8.79411888
8.23529434
9.87254810
10.58039188
13.48823643
17.24314117
10.78431511
10.59607887
8.74902058
7.20000029
7.20000029
7.62745237
5.40196085
5.20784283
4.60980415
5.62352943
8.13137245
9.06862831
8.23725510
8.18431377
8.16666794
9.52548981
10.26078606
14.57647133
15.52745342
10.41372585
11.34902000
8.76470661
7.40392208
7.57058859
7.26470757
5.14117718
4.93529463
4.60980368
5.68627453
8.21764851
9.03921604
7.83333302
7.83529282
8.29803848
9.37058735
9.96274567
13.69215775
13.03725624
10.09411716
11.92156792
8.40588284
7.64705992
7.72157001
6.68627453
5.04509783
4.82549000
4.59803915
5.53921604
8.14902020
9.09411716
7.73333406
7.80980396
8.42549133
9.25686169
9.39804077
13.12157059
11.24706173
9.84901810
11.59215641
7.94117689
7.63529444
7.68823528
6.30980349
5.12549019
4.65098000
4.43725538
5.61372566
7.75490284
8.91764736
7.69215584
7.62745285
8.37646961
9.34117699
9.22549057
12.39215851
10.12745094
9.66666698
11.10980415
7.32353020
7.43921661
7.18431377
6.30588198
5.26470613
4.82745075
4.57843208
5.81764746
7.24117661
8.65882397
7.59803915
7.42941284
8.45882511
9.26666641
9.23921490
11.62156868
9.37843132
9.84117603
11.16078568
6.81372547
7.37255001
7.51176548
6.46078396
5.49019575
4.65294123
4.66666651
5.68039322
7.00588274
8.28627491
7.70000076
7.42745113
8.58627319
8.78039265
9.44901943
11.39803886
9.02745247
10.42549133
11.01568794
6.63137245
7.33137226
7.56666803
6.50980520
5.53725481
4.64901972
4.08039236
5.60196066
7.03921556
8.07843113
7.64901972
7.49411774
8.56274605
8.47843170
10.42745018
11.24117565
8.71960831
10.92548943
10.38627434
6.33921576
7.21372557
7.31764793
6.56078529
5.38823509
4.50000095
3.59411860
5.51960850
6.95490217
8.13529491
7.60588264
7.54117680
8.28431511
8.61372566
11.34902287
10.90392113
8.68039417
10.87843227
9.54509830
6.22549009
6.73333359
6.43137312
6.39019680
5.28235340
4.51960802
3.82745123
5.35882330
7.54902077
7.91568661
7.85490036
7.68235207
7.89215708
8.84313869
12.03921795
10.29608059
8.61176682
10.74902058
8.37647152
5.91568613
6.53529501
6.33529472
6.01960659
4.87450886
4.56078482
3.94313741
5.54313755
7.61176491
7.69019604
7.95098019
7.71764851
7.63333273
9.18235302
12.29019928
9.54509830
8.49803925
10.38627434
7.67058849
5.63529396
6.27058840
6.91372490
6.25490332
4.62353039
4.38235378
4.27843189
6.04117680
7.23137331
7.99803972
7.76078415
7.64117718
7.90784311
9.76078415
11.83725548
8.88627529
8.27451038
9.61764812
7.52549124
5.48627424
6.07254934
7.28627491
6.10784388
4.51568651
4.24509859
4.56274557
6.26470661
7.05882311
8.57451057
7.51176500
7.70196152
8.19019604
10.26862717
11.09019566
8.36470509
8.04117680
9.31372452
7.65490246
5.81960869
5.99019575
6.95294189
6.07058859
4.46078396
4.18627453
4.52549076
6.08823538
6.93137217
8.38823700
7.38627529
7.86666727
8.39215755
10.02156925
10.75490379
7.96274567
8.02941227
9.18039322
7.88431358
6.24313736
6.09411812
6.86862803
6.43529510
4.58235216
4.48823595
4.28627396
6.02745247
6.83921480
7.59803820
7.33529425
7.92745113
8.63137341
9.34313965
10.58235264
7.69019604
8.39803982
8.47647190
7.83529377
6.26862860
6.37255001
6.97451115
6.24313736
4.54117775
4.85882378
4.04705906
6.20000029
6.96078444
7.07058859
7.27647114
7.84313822
8.51764679
8.97058868
10.00392151
7.46274614
8.79019642
7.89803886
7.74901962
6.39019585
6.63333321
6.70392227
5.96666622
4.22941160
4.63921595
3.87254953
6.72353029
6.92549086
7.18039322
7.61372614
7.40196133
8.25098038
8.79803848
9.10588360
7.45098019
8.74509811
7.38823557
7.66078472
6.45294142
6.65686321
6.40588236
6.03529358
4.44705915
4.25686216
3.83921623
7.26470613
6.70196152
7.19215679
7.69019604
7.24705887
7.99607897
8.36274529
8.32353020
7.46666813
8.27843285
7.40784407
7.43921566
6.24313831
6.71960831
6.52549171
6.40588379
4.41960812
4.42548990
3.72156906
7.14705944
6.69215870
7.07451105
7.50980425
7.19411850
7.85490274
8.52549076
7.94313812
7.07058907
8.13921547
7.46666765
7.03333378
6.03725433
6.83137226
6.94117785
6.48431492
4.34705973
4.38235331
3.87254953
6.26078510
6.58431387
7.35686398
7.52549028
7.30392170
7.53529596
8.61960888
7.87843084
6.62941217
7.86666679
7.39019775
7.28627539
6.16862774
6.33333397
7.10000086
5.99607944
4.20588303
4.32745075
3.88039207
5.67843103
6.62156868
7.61960697
7.08039236
7.25294113
7.28627396
8.50588036
7.65686417
6.80392265
7.78823566
7.67451000
7.18235397
6.01372576
5.79215813
6.77451038
5.79019642
4.10588169
4.43333340
3.74705911
5.69803858
6.75098038
7.38627481
6.63725567
6.96274662
7.20196152
8.52941227
7.54117632
7.34705973
7.73725557
7.96470642
7.24509811
5.63725471
5.65882397
6.57451010
5.85098171
4.11960840
4.41372585
3.99803972
5.75098038
6.70000172
7.28039312
6.74902010
6.93137217
7.09411669
8.10000038
7.56274605
7.56274605
7.33333349
7.67451048
7.20980406
5.46666670
5.46666718
6.63529539
5.60588169
4.09215689
4.14705896
4.15098047
5.69019604
6.79607964
7.25686359
6.50392151
7.23333359
7.19804001
7.46666765
7.48039293
7.43921661
7.36666775
7.39803982
7.16078424
5.22549009
5.25686407
6.65098095
5.52156782
3.98431420
3.98823547
3.76274490
5.64117575
6.85294104
7.54117632
6.61372614
7.58627462
7.09803915
7.36274433
7.27843285
7.17647123
7.07451057
7.24313641
6.96862745
5.06078434
5.30392170
6.66666698
5.28039360
4.06078482
3.89411783
3.47843146
5.64902067
6.96666718
7.19607735
6.90980387
7.59019804
7.09215736
7.46862888
7.06470537
7.12549114
6.83529425
7.23137331
6.79804039
5.29999971
5.30784273
6.54117680
4.84313726
3.77254939
3.38823557
3.52156901
5.57058859
7.09019661
6.96274471
6.75686312
7.08039284
6.69019604
7.37450981
7.49215794
7.01176548
7.10588360
7.02353048
6.95882320
5.49607849
5.43137312
6.36470652
4.92353058
3.50588226
3.29411769
3.54117608
5.47450972
7.42353010
7.14509964
6.46274519
6.72352934
6.27843142
7.67058849
8.80392361
6.87843227
7.20000076
6.62156963
7.00000048
5.49411774
5.68039322
5.84902000
5.06078482
3.58627486
3.46470666
3.74705863
5.50784349
7.23137283
7.10196114
6.55490303
6.52156830
6.15098143
7.99411821
9.65490246
6.78235435
6.92549086
6.55882311
6.97843170
5.48235321
5.81176519
5.58627510
4.69411802
3.78235316
3.52353001
3.62745118
5.61960888
7.24705839
6.93725538
6.69019604
6.21176529
6.44313765
7.99019623
9.69804001
6.53921556
6.61568594
6.98235226
6.91764736
5.46274567
5.78627491
5.53921604
4.61960745
3.86078477
3.68823528
3.32745147
5.61764812
7.15882301
6.97254896
6.68431425
6.32941198
6.81176472
8.10588264
9.53529358
6.08627605
6.25490189
7.04705906
6.48627520
5.46862745
5.66274595
5.19411945
4.77254868
4.00000048
3.81568670
3.51372528
5.57254887
7.20980549
6.80196142
6.69215679
6.58431339
6.65686226
8.16470623
9.17451191
5.66666603
6.08823586
6.61176491
6.10980415
5.55686188
5.48039246
4.90784359
4.64117670
4.19804001
3.64705896
3.72745132
5.30784369
7.02549124
6.53529549
6.57647133
6.52549124
6.11176491
7.42745066
8.10784340
5.60000038
5.99019623
6.29411697
6.09607983
5.51568794
5.25882387
4.87450933
4.79019642
4.13921595
3.87451053
3.73725486
5.15686274
6.90392160
6.77450943
6.25294065
6.39607859
5.76274443
6.90000057
6.70784283
5.72745085
6.11176443
6.37843323
6.11176443
5.43725586
5.13529396
4.90196037
4.86862803
3.89411759
4.04509783
3.75490236
5.11372519
6.85686350
7.09803915
6.12549019
6.01568699
5.87254953
6.50980377
6.05686378
5.89019585
6.46274614
6.22941113
6.05686283
5.39019585
5.31372595
4.76862812
4.73137236
3.50784349
3.59607887
3.60392189
5.07843304
6.48039150
6.72156906
5.89607859
5.53529453
5.89019585
6.80784369
5.87451029
6.05294085
6.49019527
6.23921633
5.86470604
5.44509792
5.61764717
4.71372652
4.63529396
3.64705944
3.25294185
3.57058883
4.88235283
6.10980415
6.09019566
5.68235254
5.62941170
5.96078539
6.84509945
5.93725443
6.14901876
6.36666727
6.18627548
5.62745094
5.45490265
5.67254925
5.01372623
4.79607916
3.76274490
3.18039274
3.68823552
4.81568575
5.91764832
5.81568575
5.56470537
5.88235235
5.87843227
6.38431406
6.14705896
6.10784388
6.16470718
5.99607801
5.58039188
5.39215660
5.64117718
5.34117699
4.90784359
3.59411812
3.12941217
3.59607911
4.85686207
5.57843161
5.68039227
5.53333330
5.88627481
5.33333397
6.20588303
6.10196114
5.75490332
5.90588284
6.05097961
6.05098104
5.29019737
5.51960754
5.40588284
5.01960754
3.67647076
3.30784345
3.31568623
4.80196095
5.40196085
5.76862764
5.83333302
6.12548971
5.26274586
6.18039274
6.34117699
5.41176558
5.91176462
6.08823586
6.69999981
5.22941113
5.30588293
5.38823509
5.30000067
3.75686288
3.46470594
3.17254925
5.17058897
5.32352877
5.52941275
5.71176577
5.84313774
5.22745085
6.01372528
6.52549028
5.29411793
5.97451019
6.07647085
7.02549076
5.34117699
5.39803982
5.55882359
5.44705868
3.52745080
3.33921599
3.39803982
4.93137312
5.29019690
5.46470642
5.81176472
5.30588293
5.37058735
5.64705896
6.55294132
5.32941151
5.88627577
6.26274586
6.89411783
5.46470642
5.28235292
5.47254896
5.50196123
3.44705892
3.36666703
3.25490212
4.87451029
5.23137236
5.68823576
5.70196104
4.95490313
5.40392208
5.67843103
6.52941227
5.04705954
5.80196190
6.32549000
6.73921585
5.15686226
5.15098047
5.53921509
5.59803963
3.73921561
3.52549052
3.40392208
4.92745161
5.66078472
5.46274519
5.58627367
5.07254934
5.11960745
5.46274471
6.33921576
5.13529348
5.78039265
6.29999924
6.74313784
5.01372576
5.13137293
5.99019527
5.79411745
3.83529401
3.06078482
3.54313755
5.24509716
5.71568727
5.51372480
5.64117622
5.09019613
4.97254896
5.33725548
6.32156992
5.45686293
5.77058840
6.38627529
6.52156925
5.11764669
5.25293970
6.24509954
5.62941170
3.53529406
2.85294127
3.66274571
5.32352924
5.47450972
5.84705877
5.56078434
4.75490284
4.79411745
5.38235331
6.26470661
5.54901981
5.60588360
6.63725519
6.35882378
5.22745132
5.37450933
6.29803896
5.56078577
3.51960826
3.09607887
3.56666708
4.97254944
5.58823633
5.58627462
5.29607821
4.69019604
4.53333378
5.20196104
6.10980415
5.59411716
5.30980492
6.77450943
6.49803972
5.31372595
5.34705925
6.51176548
5.90196037
3.49803948
3.05294156
3.30784321
4.87843132
5.39215755
5.45490313
5.16470671
5.00392294
4.71960831
5.39019680
6.39019632
5.50980330
5.07843065
6.68823528
6.39411688
5.13333273
5.20980453
6.50784254
5.98039246
3.14901948
3.27058864
3.44705892
4.52549076
5.34117746
5.49803877
5.36666679
5.29215670
4.89019632
5.28823566
6.71176434
5.45686245
5.37058830
6.97647095
5.86666727
5.00392103
5.26470613
6.49803925
5.52156878
3.08627510
3.23725486
3.34902048
4.34901905
5.29019642
5.49019575
5.14509869
5.17254877
4.77843189
5.20000029
6.76078463
5.16470671
5.40392160
6.94509888
5.54902029
5.02353048
5.58235264
6.63333416
5.39607906
3.09215713
3.34705901
3.39803982
4.03333330
4.85294104
5.18431377
4.98039246
5.22941160
5.07647038
4.80784321
6.66078472
4.98039293
5.27254915
6.91960859
5.29804039
4.74117613
5.20196009
6.44901991
5.59215689
2.98431396
3.10980392
3.40392208
3.87058854
4.60784340
5.08823538
4.93725443
5.31960773
5.17843056
4.96274567
6.33137321
5.00980473
5.16470623
6.92352915
4.89215708
4.86078501
5.20980453
5.89607716
5.38039255
2.80000043
3.06862783
3.71960807
3.87647104
4.89803886
5.09607935
4.91176414
5.19999981
4.75097990
4.86862755
6.12941265
5.03921604
5.35490179
6.77843189
4.75098085
4.70980358
5.34705925
5.52352953
5.53725529
2.74509859
3.29607892
3.41568708
3.94313741
5.06470537
5.07254982
4.94509840
4.88627386
4.44901991
4.37451077
5.61960840
4.97843170
5.62745190
6.32941246
4.98823500
4.23333359
5.10392237
5.60980320
5.43725491
2.94705915
3.50980401
3.00196171
4.30784369
4.85882378
5.20784378
4.97058773
4.56274557
4.43333340
4.43921614
5.03529358
5.05098057
5.83137226
5.92156935
5.09019709
4.05882406
5.16078424
5.78823471
5.31372499
3.04509830
3.43921614
3.42941165
4.82549000
4.68235350
5.18039274
4.94117641
4.32549047
4.29607821
4.46666670
5.13725471
5.22941208
5.97254896
5.81372595
5.16666746
3.65882349
5.21960831
5.83137178
5.17647171
2.91568661
2.92156887
3.58431387
4.77843094
4.52745104
4.81176519
4.78235292
4.40392208
4.37647152
4.39019632
5.10980415
5.24705935
6.01372528
5.66862726
5.22353029
3.62941194
5.05882359
5.49803972
4.80588198
2.81372523
2.99215722
3.57647085
4.54509830
4.83921528
4.63921547
4.84901953
4.55686331
4.30000019
4.43529367
4.76078415
4.72941208
6.03921461
5.48235369
5.24902058
3.48823547
4.95098019
5.08823442
4.60392189
2.91372561
3.39019632
3.32156920
4.49215698
4.76078463
4.71176434
4.83725548
4.47843218
4.27843189
4.41372538
4.55686378
4.51960802
5.93921614
5.72352982
5.08039141
3.57647109
4.69803953
5.06470728
4.83137226
2.70392179
3.15294170
3.52352953
4.49019670
4.62352943
4.83921576
4.67843103
4.16470623
4.28627539
4.40196085
4.51764679
4.42745161
5.70588303
5.73137379
4.85097980
3.72156858
4.52353001
5.36274481
4.69803953
2.68431425
2.93921590
3.78627515
4.63725519
4.63529348
4.89803934
4.42549086
4.08823586
4.38823557
4.53725576
4.57646990
4.53333282
5.51568651
5.52941132
4.72745085
3.77843165
4.55098057
5.51568699
4.26078463
2.79803920
3.04117680
3.54313755
4.78235340
4.83725452
4.67058802
4.37058830
4.25098085
4.50196123
4.56470633
4.81176424
4.78039169
5.37647057
5.55686235
4.61372614
3.91568685
4.55882359
5.55490255
4.23137283
2.97254920
2.97058845
3.21960878
4.63725615
5.24313688
4.46666718
4.57843113
4.22549057
4.45490217
4.47843170
4.97647095
4.87647152
5.18235302
5.54509926
4.45686293
3.99215746
4.40196085
5.39804029
4.28039217
3.14901972
2.96078491
3.13921595
4.63529444
5.24901962
4.82941198
4.85490227
3.99803925
4.25882387
4.41960764
4.90980434
5.08431292
5.00196075
5.54705858
4.37451029
3.88235307
4.27058792
5.05098104
4.31960773
3.02745128
2.96078420
3.13921642
4.68431377
4.95098019
4.91372538
4.67451048
3.79607844
4.16274500
4.43529463
4.80196142
4.97451067
4.79607964
5.27843142
4.20196056
3.82549071
4.16470575
4.55882406
4.40784311
2.79019618
3.12352991
3.34901953
4.58823586
4.66862774
5.08823538
4.22941208
3.91568685
4.03333378
4.59215736
4.77450943
5.25686312
4.79804039
5.10588217
4.05098057
3.64117646
4.04509783
4.07843113
4.37058783
2.95294166
3.11176515
3.77843142
4.52156925
4.68431377
4.91960812
4.25882387
4.40588188
4.15686321
4.63333368
4.97058868
5.33725405
4.75294113
5.00588179
3.85686278
3.33137274
3.95294142
4.38039207
4.15098047
3.09607863
3.19607878
3.50980449
4.44902086
4.71960783
4.57843208
4.49607849
4.55882406
4.41176510
4.14705992
4.84313726
5.25098085
4.83529377
4.85098028
3.89019632
3.30588317
4.06666708
4.69607878
4.02549076
3.05686307
3.04313755
3.20980406
4.74313784
4.66470623
4.54117632
4.41176462
4.58039284
4.36078453
3.88431478
4.70392275
5.11372566
5.14117670
4.62352896
4.07843161
3.29803991
4.29803944
4.70392227
3.94313765
3.00392175
3.01176500
3.23529410
4.90588284
5.15686274
4.58235312
4.35686302
4.64705896
4.01568651
4.08235264
4.82156897
4.72745085
5.48039341
4.64117718
4.06666708
3.30196071
4.19215727
4.32352924
3.70980453
3.13529444
3.01764703
3.25098085
4.62352991
4.85098076
4.49803877
4.42156887
4.30784369
3.88823557
4.15490294
4.74901962
4.27647114
5.69019556
4.83529425
4.11764717
3.43921590
3.60196090
3.60980392
3.66274595
3.20196104
2.91176486
3.45098066
4.59803963
4.81568718
4.43529463
4.34117651
3.97843194
4.03137255
4.20392227
4.67843151
4.04902029
5.82156944
4.88823509
4.36666727
3.30196142
3.00000024
3.54901934
3.98823571
3.12352991
3.04117656
3.60588288
4.27254868
4.82352972
4.05686283
3.94902062
4.18039227
3.96274543
3.84509873
4.65098047
4.14313745
5.89803886
4.94509840
4.18039274
2.91568661
3.11960840
3.62156892
4.12549019
3.14705896
2.96078467
3.39215755
4.42941141
4.45490265
3.97451019
4.00000048
4.00588179
3.65686297
3.82549119
4.44901991
4.39803839
6.03333378
4.81568575
3.97843218
2.90588260
3.07843161
3.65882397
4.27843189
2.96470642
2.69803929
3.57647061
4.44117737
4.53921556
3.93921566
3.89607835
3.84901977
3.36470628
3.89019632
4.77450991
4.15098095
5.86470604
4.20980406
4.35490274
3.04509854
3.07450986
4.07058811
4.01764679
2.92941189
2.52941203
3.33725524
4.38823509
4.69019651
3.82941175
3.98627448
3.62941241
3.22352958
3.99607849
4.74901962
4.41960812
5.59411716
3.57451010
4.40000010
2.99607921
3.29019618
4.24117661
3.68039227
2.98823547
2.72549057
2.93725562
4.00196123
4.69803905
4.03921556
3.83137321
3.47254920
3.18235302
4.07254934
4.29803944
4.30000019
5.15490294
3.61568666
4.10196066
3.31176472
3.53725505
4.21568680
3.97451019
2.87254953
3.06274533
3.07450938
3.75098085
4.51372576
4.33725548
3.45098090
3.58039260
3.11372566
4.12941170
4.25490141
3.76666689
4.84509706
4.04117632
4.09411764
3.25686288
3.44509792
4.16470623
3.97058845
2.78431392
3.14902020
3.48431420
4.03137302
4.23725462
4.27843142
3.43529439
3.63333344
3.08627534
4.17058849
4.33725548
3.93921566
4.78823614
4.31176472
4.00392199
3.22941232
3.26862764
4.06274509
3.44509816
2.95490265
2.89803958
3.39803982
4.21568680
4.20784378
4.34509897
3.51764727
3.42745113
3.10392189
4.22549009
4.31176472
3.85882354
4.52156925
4.40000010
3.75882363
2.96666694
3.31960773
4.22156858
3.42156887
3.14509845
2.59607863
2.95686269
4.03137255
4.23921585
4.21372604
3.55686283
3.24901986
3.03725576
4.22941160
4.31176519
4.00980425
4.06470680
4.07647085
3.79803920
2.93137312
3.27450991
3.97058845
3.92352915
2.95686293
2.66470599
3.01372552
3.73529458
4.17058802
4.22745085
3.53333378
3.39411807
3.28627467
4.22549009
4.08235359
4.20784378
3.90392184
4.03725481
3.88823581
3.03725505
3.55098081
3.68235326
4.22549105
2.64313745
2.69803953
2.79411793
3.25882339
4.52941132
4.25490189
3.53333330
3.29803920
3.23725557
3.88823557
4.27254915
4.39019680
3.77254963
3.97843146
3.93529367
2.78431416
3.55882382
3.79215670
4.27254915
2.70392203
2.72745132
3.11176467
3.61960864
4.85882378
4.10980415
3.66666722
3.34313750
2.95294166
3.72549033
4.11960888
4.10392189
3.86470628
4.06666660
4.35098171
2.65294147
2.98039222
2.98627448
4.01372576
3.09019637
3.01764679
3.48431373
4.30000019
4.65490198
3.82352948
3.76666665
3.32941222
2.76274514
3.83137274
3.74705911
4.02549076
4.18431425
4.29019594
4.60392189
3.01568675
2.87058830
3.22156858
3.91372561
3.23529434
3.12549043
3.57843184
4.27058887
4.33529425
3.71568656
3.66078472
3.26274490
2.70588303
4.01764774
3.77647114
4.20588207
4.48823547
4.34117651
4.51960754
3.25490212
3.27451038
3.85294127
3.96274543
3.16666746
3.13529444
3.42549086
4.07254982
4.32352877
3.79803944
3.62352943
3.36862826
2.85294151
4.08235312
3.73333406
3.95490241
4.49607897
4.24705935
4.64509869
3.08039212
3.18627477
3.83921599
3.96666694
2.94902015
3.35294127
3.19803953
4.00980425
4.45686293
3.87058830
3.75294137
3.26862764
3.14509845
3.75490260
3.61372590
3.62352943
4.31568623
4.21764755
4.71176481
2.90588284
2.93137312
3.68039250
3.95686316
2.71372557
3.34509826
3.31568670
3.94901991
4.13725567
3.58823586
3.47254920
3.25490165
3.34902024
3.33529425
3.84705925
3.28039241
4.25686312
4.16666651
4.85686350
3.26274514
3.12549019
3.80588341
3.87843156
2.49803948
3.23921561
3.03921604
3.91372609
4.10392141
3.85098052
3.30784369
3.38823533
3.37843132
3.40000081
3.86078429
3.27843094
4.18431377
4.13333321
4.94705868
3.63137293
3.48627448
3.89411807
3.92941213
2.69215727
3.02156925
3.28235316
4.31372547
4.27647066
3.62745070
3.32156873
3.30392170
3.06666684
3.49607921
3.70784330
3.53529429
4.23725557
3.74117684
4.55882311
3.53921628
3.57254863
3.79999995
4.05098057
2.87058854
3.11960793
3.53137255
4.03529453
4.14509821
3.77254939
3.43921542
3.39215732
3.16078424
3.17254901
3.47254944
3.71960807
4.67647171
3.93333387
4.37058830
3.88431334
3.55490208
4.03137255
3.91176510
2.81176519
3.04313779
3.59215713
3.53529406
3.92941236
3.70392179
3.47254968
3.37843180
3.40980434
3.04117656
3.47254944
3.96078444
4.79019690
3.77843237
4.34901953
3.71764779
3.71176553
3.85882425
3.64117646
2.65686297
2.94705915
2.78431416
1.73725498
3.88431382
3.88431358
3.59607816
3.13921595
3.28627515
3.17058873
3.66666722
4.18235302
4.65490198
4.40980434
4.29215717
3.07254910
3.81568670
3.51960754
3.59215689
2.69215727
3.06666684
1.76078486
