22.40195847
25.00784302
24.22745514
25.11569595
23.75686264
23.86470604
24.48235321
23.67646790
24.46078110
23.39607620
21.68824005
22.91961288
23.34510231
23.03725624
23.77451324
24.35687065
24.92941475
23.62941170
24.41764832
23.54902458
24.97646904
23.61568260
22.70588684
23.29804230
22.91568756
22.69020081
22.40196228
21.44706154
22.30980301
22.84901810
22.79216385
23.50392342
23.76274872
24.95097733
21.47646904
25.22156715
23.36862946
24.91960716
23.65489960
22.55490494
22.63922119
22.58627510
21.85882187
22.15294456
21.99607849
22.22353745
22.44705963
22.89019966
23.23921776
24.69412231
24.73725891
20.96470642
25.54705429
23.48431969
24.85686111
24.10980225
23.27255440
23.12745285
22.84313965
22.33136559
23.07058716
23.27255249
22.78432083
22.52549171
23.61177063
22.96078682
25.13922119
24.72745323
22.32745361
26.19020081
23.77059364
25.03138161
24.70783615
23.58431625
24.34902000
23.14118004
22.74510574
23.89215851
24.14901924
23.17451286
23.26667023
24.01176262
23.01568604
25.48039246
25.78627396
21.57451630
25.48039055
23.27843857
24.96471214
24.06666565
23.13137817
24.31764412
23.18627548
22.87059021
23.32352829
24.08235168
22.72549629
23.17647552
24.04902267
22.45490265
24.96078110
25.27647400
21.27058601
25.11765099
23.76470757
24.68823433
22.43922043
22.55685997
22.76863289
23.82940865
22.93137360
22.52156830
23.58431625
22.67451477
21.97646523
23.48236084
21.38039207
23.31764603
24.78627968
21.32745361
24.46863365
23.45882416
24.86077881
21.65882492
22.49999619
22.03725433
25.15294266
22.83921814
22.80000687
23.21961594
23.78431129
21.63136864
23.58234978
21.44706154
23.52745438
24.40980148
22.73137474
24.46667099
23.26470947
25.50588608
22.51176453
24.08235359
23.82941246
27.06078339
24.24901581
24.27450752
24.82549286
25.74117661
23.45883179
23.81764221
22.08235168
23.02548981
23.99019623
22.63333702
24.40392303
24.65685844
26.06470871
23.96862793
25.30195999
25.61568642
27.54313660
25.68627739
26.53725624
27.17842674
26.30196381
26.22941780
24.24901772
23.01568413
23.80587959
23.75490189
22.23921967
22.96275139
25.75490570
26.27843857
24.99019432
24.78431320
25.86274719
27.20981026
26.42353439
29.11372948
27.93137932
25.81372643
27.64705658
25.14509964
25.09412384
24.15098190
23.53137016
21.22941208
21.13529587
25.07843399
25.87843895
25.12548828
23.08235168
26.07843590
26.78628159
25.93921471
30.26274681
28.66666794
26.11176300
26.34901810
25.31764984
25.77059364
23.39410973
22.79999733
16.97058868
20.47451019
23.10196495
23.49411392
23.84118271
21.21372604
27.40196419
26.60588646
26.41569138
30.69804382
28.07646370
25.99216461
23.72744942
23.77058792
23.92353058
21.86274529
22.01764870
15.43725777
19.92353058
21.62156677
19.93529320
21.97843361
20.05294228
28.42548752
26.90588570
26.43725777
28.40196037
24.78823090
25.49215889
21.23529053
19.47647095
21.33137321
20.10392380
21.83921432
18.27255058
18.99608421
19.93921661
17.57450867
19.87058830
20.64509964
27.01373100
26.86470413
23.54313660
23.19412041
20.56078529
25.37255287
18.64706039
15.10784340
16.50392342
19.47255135
22.20783997
19.53137398
17.20196342
17.62745094
16.41961098
17.25490379
21.65882301
23.47255135
27.06274796
20.46470642
16.78823853
16.33725548
23.86274719
15.87058830
12.58431149
15.05294228
18.70392036
22.81176376
18.40784454
16.78235626
16.73137474
16.31568718
16.44509888
21.66078758
18.72745323
26.75490379
18.82156754
13.38039398
14.62941456
19.44510078
13.22549152
11.08039379
14.63725567
18.47058487
23.07255363
18.19411850
17.02745247
15.99607658
16.84313965
16.28039360
20.74705887
15.08431435
23.75490189
16.71960831
12.77646923
14.92352962
15.14117622
11.30392265
9.91764736
13.32157135
18.55490303
23.86470413
18.49215698
16.95490074
15.34117889
16.85882378
15.69019890
18.82941437
14.50392151
19.39019775
15.97058964
13.60980415
15.23529530
13.49804211
10.57843304
10.34117794
12.18823528
17.79607773
22.15686798
17.97451019
16.68039513
14.87647152
16.62353134
15.69412041
17.41960907
15.33921528
16.39412117
15.37647057
14.37451077
16.22549248
14.83529663
11.29411888
13.46862984
11.68627453
15.47450924
18.79215622
17.43921661
16.18823433
14.57843113
17.31176758
16.50392151
17.18823242
15.46078205
16.72549057
15.58627415
15.39215660
17.80784798
18.29804039
15.81960869
17.10195923
11.69607925
13.94705963
18.83921623
17.43137360
16.06274986
14.74313736
17.70195961
16.94117737
18.08235168
15.22745228
16.84313774
15.34902191
15.57255077
17.72941208
23.58431435
22.91372681
21.50000381
12.36078548
14.72941208
18.77450943
17.38823509
15.70392609
15.09804249
16.92549133
16.00784302
18.85686493
15.37451172
15.82941341
14.64706135
15.90196228
17.18039322
25.35097885
25.23724937
21.73921967
12.90588188
17.08039284
19.37450981
17.92156792
15.94902515
15.15294266
16.37451172
14.32745075
18.30980301
15.54117775
15.01764965
15.20000172
15.71176434
16.80000114
23.01764870
23.00784874
20.24313545
14.55490398
19.56274414
20.10588455
18.05098343
16.79019928
15.33529663
16.49608421
13.53529453
18.42156982
16.62156868
14.59019661
18.33921623
17.20588684
16.78431511
19.05490112
18.09412193
16.45686340
18.07450867
20.78627396
20.26863098
18.11176491
16.98431587
16.36078453
16.00195885
13.63921928
18.66078377
16.98039055
14.65882397
18.83137321
18.96274567
17.30000305
16.44117546
13.31372452
14.11764526
20.62353134
20.31961060
20.20000267
17.45685959
16.33921432
16.98039436
15.09804153
13.74705887
17.78039169
16.06667137
14.62941170
16.51960754
19.19607925
19.15882492
15.31764984
11.49411774
13.81372643
19.45294571
18.65098190
19.87843132
17.34509659
16.20392036
16.31568718
14.43921661
13.20784473
17.18823624
15.40195942
14.91176414
14.85294247
17.41176796
19.60392189
14.59608269
11.96862602
13.61176491
18.37843132
15.93529415
18.98823738
17.34902000
15.31372738
16.33725548
13.24117661
12.23725510
17.47059059
15.75490189
15.88431454
14.30784512
15.81764698
18.67254829
13.96274567
12.46863174
12.73921394
16.63333321
14.60000229
18.09803963
16.83529282
14.72353077
16.53529739
12.75098228
11.90392208
19.81372833
17.54706001
17.19411659
13.97254753
15.97843361
16.17058754
13.98627472
12.58823776
12.67255020
14.98823643
14.02549171
17.32941437
17.08627510
14.44313908
16.74313736
13.27843094
13.30588245
22.74117661
20.10588837
16.14313698
12.89607716
16.61960793
15.82745171
14.17450905
13.29019356
11.84706211
13.37254810
14.17451286
17.16862869
16.49019814
15.10588455
18.50392342
14.18823433
17.25490189
24.27647018
21.21764755
14.36862946
12.67843246
19.35881996
17.28823662
13.71372604
14.26078606
12.04901981
12.35686302
16.04706001
16.58823586
15.89607716
15.59215546
22.45098114
18.58627510
23.22744942
24.34902382
20.55098343
13.55490303
13.63333511
20.45293617
18.27450943
13.56274891
14.49215984
11.83529758
11.91568661
17.62549400
15.74706078
16.03725624
14.73921680
24.95686150
25.71764946
28.19412041
23.69607735
19.66274452
13.30588341
14.14901924
21.33332825
18.17059135
13.71176720
14.15294266
12.10196304
12.30784416
17.52352715
15.07059002
15.69804287
14.36470699
23.82745171
29.92941666
28.28823662
21.56274605
19.47647476
12.55882263
14.66078472
22.76471138
18.35490417
13.71764660
13.65490341
12.29999924
12.60392189
16.87450790
14.85490417
14.95098019
13.91176796
21.74902153
30.03726196
25.55490685
18.72352791
20.19215965
13.12744999
15.27843189
24.65490341
19.33725357
13.94117641
13.32941151
11.79215813
13.22352982
15.34705925
14.95098114
14.04117966
14.41961098
21.19412231
27.50000381
21.88235092
16.06666565
21.41176605
14.06078625
15.64509869
25.57059479
20.13725662
13.49019527
12.80196190
11.06666660
14.85686398
14.02548981
15.68235397
13.68235493
15.70000076
21.46667099
23.89019585
18.05882454
14.27451134
21.74510193
19.45097923
15.99215698
24.88431358
19.66274261
12.74117661
12.42745495
10.35294151
17.01176262
13.21960926
16.05686188
13.98431396
16.63137245
20.79215431
20.10784531
14.54510117
13.88823605
21.14509964
24.18824005
17.33529472
23.61176491
18.96666336
12.63725662
12.93921566
11.86666679
19.29019547
13.32745171
16.25490379
14.12157154
17.75686264
19.57451630
15.76274586
12.45686436
14.04510021
19.57647324
27.94313622
20.37058830
20.91764832
19.03726006
12.42941189
13.56274605
15.92156982
22.80784416
14.72745037
17.56274414
13.83921719
17.98235703
17.76078224
13.89803886
11.75686646
13.61372852
16.49607849
27.54706383
24.41569138
17.59803772
19.52940941
12.00000095
15.15294170
21.12744713
26.18235397
19.06274223
19.78431702
13.95686245
18.43529701
15.80784607
13.12941170
11.95882416
13.26470566
14.05490494
22.62549400
25.74901962
15.54313850
20.67451286
11.84706020
16.50392342
29.16863060
27.19803810
20.50785065
21.18235207
14.17647076
19.13725281
15.26470947
13.46862984
12.40980244
13.21960926
13.04706001
19.18431473
24.14705658
14.79019833
19.95882416
11.69607925
16.35490227
30.26078606
25.48823738
19.30980682
20.72549057
13.71960831
18.59019852
13.85098171
14.17451096
12.33333397
12.89607811
12.99803925
17.31568718
21.02940941
14.65686417
19.18235779
12.84117794
16.29999924
28.75490761
23.18039513
17.35490608
20.49804306
13.88235378
18.18039513
13.80392551
15.36078835
12.46862984
12.81176186
13.30000114
15.15294075
18.91764832
13.99803829
18.16666603
17.27843475
17.41176605
27.14706421
19.84706497
16.56666756
19.79411888
16.93725586
16.89215660
13.75098133
15.63333607
13.44901752
13.39999962
13.74902153
13.86862850
18.23529816
13.12549019
16.69607925
24.25294495
20.04117966
23.62352562
15.19411945
15.02549076
18.63137627
20.23725510
15.42941189
14.06862926
15.30588531
13.91764545
14.58823776
14.07254887
13.74902344
18.45098114
12.85882473
14.93725681
27.03529739
20.76078415
18.75882530
12.97842979
14.01372719
18.27843094
20.67254829
15.24509907
14.33921719
15.18431568
13.66078472
16.14902115
13.54313660
14.08431721
18.19215965
13.80196095
13.64706039
24.01764679
18.91568947
16.80588341
12.70588303
13.50980568
18.34313965
20.14706230
14.67255020
14.88431454
15.49804115
13.36470890
16.48431396
13.51176643
14.13137531
17.47451019
15.59019852
13.44706249
18.58431625
16.16470718
16.38235283
12.84313869
13.63333416
18.89215660
18.84313583
14.35686302
15.13921547
15.49412155
13.48431396
16.36274719
15.37451172
14.01176643
16.69019508
16.92156601
13.44902325
14.07058811
15.65686417
16.49803734
12.87647152
13.93529415
19.10588646
17.56666756
13.97842979
14.90784264
15.73137283
14.10980511
16.94117737
19.09804535
14.18235111
16.05882454
17.73529434
13.72156906
13.25686264
16.11960793
16.26862907
13.33137321
14.48431396
19.72941589
16.68235588
15.28431416
14.81960869
15.40588570
14.73529625
19.06666565
20.18431664
14.63529491
15.91960526
17.57843399
14.61568832
14.38039398
16.31960869
16.35882378
14.35686398
15.43333435
20.08823586
15.88431549
16.17450905
14.83529472
15.14509964
15.76666641
21.72548866
18.46078682
15.02941227
15.75490284
16.69412041
14.56274509
15.89607906
16.13725471
15.69412231
15.64902115
15.60392189
19.36863136
15.37451077
17.14313889
14.80392456
15.35882568
18.43137550
23.41568756
16.31176567
15.28039646
15.46078491
15.44509983
14.43921661
16.08431435
16.45490456
15.69215775
16.57647324
16.07647324
19.26666641
14.77255058
18.81176567
15.46470737
16.04117966
21.95882034
25.44509697
15.76666832
15.86274910
15.28627586
14.40980530
15.24705887
15.90392399
16.97843170
15.56666565
16.68431473
17.43921661
18.92156792
14.06078625
18.29411697
16.32353020
17.12549210
24.29411507
28.39020157
17.72941589
16.55294418
15.25294304
13.68235683
15.22353268
16.16666603
17.58627319
15.96078682
16.32745361
19.28627777
18.32549286
14.13725471
17.01764870
17.01960754
17.96666718
25.34509850
27.82157135
19.22940826
17.28235435
15.95097923
13.77843380
14.88627529
15.25490570
17.46470642
15.94509888
16.52549171
20.60588264
17.00588226
14.39608002
15.71568680
18.35686493
19.43529510
24.58823967
23.97646904
20.16862297
18.22156906
17.44117737
14.03725529
14.59607887
14.39215660
16.68235207
15.46078587
16.60000229
20.86862946
14.80980396
14.84902000
16.24313927
18.85097885
20.49215889
20.40196228
20.10195923
21.65686417
18.72156906
18.44117928
14.39215851
14.50392056
14.81568336
15.86863136
14.92549133
16.34509850
19.86470604
13.98235130
15.57058907
16.53725624
18.75686836
20.75489998
16.65686035
17.65490341
23.45098305
19.78038597
17.46078300
14.60784245
14.06274414
15.74902344
15.62745380
14.67647362
15.87450981
19.40784836
14.03921700
15.79804134
16.18431664
16.76078606
18.74117661
15.82157040
15.84510136
23.21176529
20.24902153
16.81764793
15.06862736
13.45098305
16.16667175
16.27255058
14.28235149
15.20000172
17.79607964
14.57255173
15.54902077
17.17059135
15.33529663
17.31764793
15.40392590
15.54117584
19.79215813
19.30588341
16.69019508
16.13137436
13.35490513
15.77647209
16.10196304
15.29411983
14.07058811
17.40392494
14.68039227
15.46862984
17.49607849
15.56078529
16.53725815
14.86078453
15.99019718
16.01764870
18.44117737
15.90588474
17.20195961
13.98627663
15.05882645
16.08627510
17.83137703
14.03137302
17.36862755
13.77254868
15.37647247
16.28431511
15.53725624
16.42548943
14.74313831
15.43333530
14.22549152
17.78627586
15.79215622
17.65294075
14.90980625
15.10392380
16.40392303
19.20587921
13.97451019
17.77451134
13.78039455
15.15490437
15.96470642
15.49411774
16.19804382
15.34705925
14.75294495
13.70588398
16.89215851
16.00392151
17.94705963
15.45294189
15.35686302
16.78039360
19.61176491
13.56274700
17.99019432
14.00196266
15.36274910
16.08039474
15.26274681
15.56470680
15.49412060
15.02353096
14.17255211
15.98823547
16.13921738
18.34117699
15.37647057
15.13137341
17.31568527
19.12549400
13.02941418
19.06862450
14.19803810
15.87843227
16.27254868
14.71960831
15.80588531
15.71372509
15.98235416
15.20195961
15.50000095
16.73725700
18.06078720
15.26862907
15.60588455
17.61568642
18.72352982
13.80588436
18.89215469
14.12549019
15.63333607
16.36274910
15.14313793
16.39804077
15.90000343
16.16078568
15.90784168
15.39019585
17.59804153
17.78627777
15.05882454
16.38431549
18.16666794
17.43333626
16.73529434
18.71569061
14.87843227
14.90000153
15.83137417
15.75686359
16.69803619
16.17059135
16.39607811
16.58039284
15.42156887
17.90196037
17.40392303
15.10196209
15.77058887
18.83921432
15.88823700
21.95294380
17.77255058
15.25294304
14.15686226
16.06274796
15.66078186
16.27843094
17.43921471
15.89215851
16.78039360
15.57843208
18.38431549
16.74705887
15.78823757
14.95293903
18.81764984
14.77843285
23.66862869
16.61372757
15.83333397
14.49803925
16.22549248
14.85686302
15.46666908
18.27843285
16.26274300
16.93725395
15.74901962
18.55686188
15.90392399
16.66470528
15.03137207
19.08823586
14.16078472
21.15490150
15.63725471
16.42549324
14.91960526
16.21961021
14.82353020
15.46078587
18.77646637
16.39019775
16.67058945
16.02941322
17.27647018
14.80000019
17.08235168
14.71764851
20.01372528
14.42353058
17.74313927
14.90588284
16.55686378
15.03333473
15.90784359
15.13725567
15.72352982
18.93333054
15.95294380
16.10784340
15.70000076
16.58235359
13.74901962
18.23725891
14.48039150
20.36666870
14.74902058
16.54117775
15.41960716
16.77254868
15.85490417
15.67647171
14.86274433
16.18039131
19.56078529
16.42549324
15.67255211
15.55293941
17.43725586
13.32941246
19.43333626
13.92353344
21.01960754
15.39019585
16.74117661
15.42549038
17.53333473
15.76666832
15.76862907
14.76470947
16.55490112
19.99607849
17.44117737
15.73137188
15.33137417
17.10196114
12.88039398
19.34902000
14.14117718
21.12549210
15.39412117
15.87843323
15.34117699
18.29999924
15.75098419
15.92156982
15.55490685
17.05686378
20.88039398
18.26862717
15.97451019
15.40980721
15.47647190
13.44902039
18.41961098
15.16078377
21.30195999
15.42353058
15.78235435
15.38627625
17.91176605
15.83921814
16.20392418
15.86470985
16.95882797
21.37254906
18.50980377
15.94313622
16.20784187
14.83529282
13.88431263
17.23725700
16.37843132
20.60000038
15.57843494
14.49804211
15.86274433
16.82941246
16.27647400
17.63529396
16.56274414
16.74117851
20.55098534
19.23137665
15.62549114
16.45490265
15.28431606
14.14117718
16.87450981
17.05686378
19.46274948
16.04705811
14.67059135
16.06274605
16.52353287
16.62353134
18.47843170
17.33529663
17.10392380
19.80784225
20.53725815
15.54117680
17.50980568
15.71764755
14.18235588
17.78823471
18.11960983
18.63921928
16.15490150
16.13137054
15.95882607
16.83529472
17.03922081
17.41372871
17.80784607
17.06667137
19.96862793
22.69607925
16.03725624
18.95882797
16.16078949
12.97255039
18.14705658
20.10784149
18.84509659
16.55882645
18.20196152
16.28823662
16.82156944
17.36862946
16.58431435
16.78235245
16.84313965
20.10195923
24.13529587
16.88823700
18.96470642
16.07059097
12.73921585
18.64313889
21.19607925
19.08823967
16.47255135
20.02548981
16.28235435
16.79215622
18.50784492
16.53333473
16.09607887
17.77450943
19.91373062
23.71764946
17.71764946
18.11568260
15.98235512
13.20000076
20.37059021
21.82156754
18.01176643
17.17843246
20.44902039
16.52352905
16.84509850
19.70784760
16.58235359
17.31176376
17.93921471
19.05686378
21.50980377
17.96666908
16.75294304
15.49412155
13.49607849
22.94706154
22.59216118
17.80195999
19.88039017
20.49804115
17.71372223
16.32353020
19.80392265
17.12549019
19.67254448
17.58823586
17.40784645
17.91568565
17.60196114
16.83137512
15.11568832
12.94313717
23.40392494
23.10588264
17.90392303
22.77647018
19.74314308
19.13921738
16.71960831
19.95686340
18.76470566
21.35294151
17.73333740
16.19019699
16.18235397
17.25686264
16.31764603
14.71372700
14.73333359
21.84313774
22.99411964
16.97647095
23.00588036
18.31764984
19.56666756
16.67646980
20.33921814
19.91373062
21.47255135
17.35490227
16.38039589
15.64902306
17.18431664
16.52352905
14.91960812
15.59804058
20.92353249
22.12549210
16.87059021
20.78039360
15.61372566
18.92941284
17.05097961
19.23530006
20.69411469
20.77646828
16.59215736
16.96862793
16.50980186
17.32549286
16.74902153
15.78431320
15.29019642
20.86862755
21.15097618
17.28823662
18.53921890
14.54901886
18.31372452
17.09999847
19.10784531
21.00000191
20.89608002
15.10196304
16.97647095
16.73529053
17.08823776
16.89215469
15.93529606
14.02548981
20.79803848
20.78823853
17.88627625
17.39411926
15.48431587
18.50980377
17.46666908
18.20392418
21.84705734
21.24314117
15.10196114
16.20980644
16.21372604
17.37843132
16.89999962
15.60392380
13.50588226
21.17058945
21.16470718
17.53333473
17.18823814
17.40588188
18.32548904
18.15489960
16.99803925
22.13921547
22.32353020
16.52548981
16.02549171
16.10392189
17.82352829
15.54706097
15.67647076
14.26666641
22.21960831
20.63529587
17.19804192
17.76078415
18.33333397
17.88235664
18.25882530
16.57843208
21.69019508
23.78235626
16.23529243
17.38627625
16.64117622
17.88627434
15.55098152
16.62745094
15.07843113
22.53529739
20.32549286
17.74313927
18.51372910
19.10784531
17.42745209
18.22353172
16.25098038
21.86078453
23.61764908
16.59019852
19.35882187
17.48823738
17.72745514
15.51568604
16.57647324
16.42745209
22.85882187
20.98235703
19.20588303
18.01176643
19.75294495
16.95293999
18.47255135
16.40588188
21.59019852
22.87059021
17.76078415
20.36274338
17.03529358
17.99215698
15.52745152
16.34901810
16.97843170
22.81764603
21.10784721
19.62745285
17.54902077
19.70588303
17.00588226
18.76275063
16.19411850
20.72157097
20.90000153
19.47843552
21.33333206
16.63137245
18.16862679
16.23529243
16.35098076
18.78039360
21.70196152
20.58039856
19.70784950
17.59607887
19.05490494
17.35686111
19.20980072
15.65098095
19.71176529
19.94902229
19.72941399
20.50784683
16.51372528
17.69215965
16.40392303
15.68039131
20.20392609
21.10196304
20.04902267
20.89412117
17.35490036
18.69804192
17.74901962
18.94509888
15.27255058
19.15293884
20.03921127
19.31764984
18.87646866
16.69019318
17.03137589
16.39607620
15.68627548
20.73137283
21.25686264
19.17843628
21.72548676
17.65294075
19.89999580
17.08039284
19.03333282
13.76470470
18.91764450
20.29608154
18.62353134
18.14117813
16.64901924
16.89411926
16.32745171
16.24510002
21.16470718
21.53921509
18.35686493
21.27647400
18.74901962
21.34313965
17.01176262
19.37647247
11.92156887
18.75882339
20.05490303
18.37058449
17.78235245
16.17058754
16.82941246
16.30980682
15.68823528
21.80980682
21.46274567
17.87254906
21.20000648
18.87647247
20.96862602
16.93725777
19.29215813
11.59215736
18.92745209
19.93921852
18.35882378
17.34313774
15.61176491
16.28431702
16.70588684
14.72549152
22.15686417
20.96470642
17.40588188
21.31765556
18.00196266
19.12940788
16.77647400
18.86470604
11.22548962
18.62549210
19.87842941
18.14313507
17.25490379
15.56666851
17.77254486
16.52549171
14.26274490
22.70588303
20.28039360
16.77843285
21.27451515
17.74117661
18.79412270
17.33725548
18.81568718
10.57254982
16.94706154
20.03725815
17.90980721
16.47647285
17.54509926
19.00196075
16.40784454
14.80000210
23.11568642
19.96274376
16.39607811
21.73921776
18.25490379
18.42549324
18.25882339
18.79804230
10.46666527
15.55294228
20.32941628
17.52549171
15.81764793
20.68039513
19.65686417
16.43333435
15.78039360
22.76666641
20.08039093
16.51176643
23.40195847
19.00000191
18.03725624
18.49019432
18.61568642
11.19019604
14.52353001
20.54314041
16.90784454
15.46274567
21.80392647
18.88627243
17.21176147
17.00392151
21.17255020
20.41176796
16.78627586
23.60391998
19.51372337
18.00784492
17.80000114
19.02745247
11.68823528
14.32745075
20.88432121
17.08823586
15.39019966
21.00196266
17.67058754
17.99411774
18.10980797
18.79608154
20.78039360
17.23333359
23.04509544
20.47451019
17.33333397
16.76274490
19.63137436
12.19804096
14.48431587
21.01568985
17.60000038
16.27255058
20.17843246
16.92156982
17.34509659
18.97255135
16.80784607
20.62352753
17.46862984
23.94118118
21.53137398
16.72941017
16.41961098
19.42156792
13.00196362
14.52156830
20.54901695
17.21568489
17.70980453
20.71176529
17.13529396
16.16274834
19.86666489
15.50588417
19.93921661
17.75490189
24.77843094
22.08627319
16.87254524
16.47843361
18.58431816
13.69607830
15.37451172
20.47646713
17.09803772
19.88823509
20.97843170
16.69607925
15.85686111
20.58627510
14.90980530
18.89608002
17.58235168
25.12157059
21.89607620
17.40196419
17.07058907
18.07843399
14.56078625
16.02157021
20.63725471
17.18627357
21.92941284
20.41372871
16.92548943
14.85686493
21.85490036
14.00392151
17.71372795
17.23725700
24.97451401
20.77647018
18.09412003
17.62157059
18.70784187
15.36470795
16.91960716
21.58823967
17.31960678
23.44705963
19.53529358
17.48039436
14.11960793
23.03529358
13.64901924
16.73333549
16.71764755
24.48235512
20.20588112
18.26666641
17.52941132
19.56666756
15.71176434
19.19019508
22.54509735
18.14706039
25.55098152
20.29020119
17.08823776
14.63333511
23.24509811
13.99411964
16.31961060
16.00980568
24.10588455
20.12549210
18.41176796
16.88235474
19.82549095
15.24706078
21.17450905
23.42353058
19.11372757
26.14902306
21.76274490
17.03725624
16.02941322
22.84118080
13.82549095
16.06470871
15.39608002
23.68431473
20.04117966
18.49999809
16.67646980
19.92941475
15.57254887
21.74705887
23.50588608
20.84510040
27.00195694
23.24117851
17.80196381
18.66274834
22.13333893
14.19019890
15.58823586
14.80392265
22.62549019
20.35882568
17.97059059
17.45490074
20.19215965
15.60195827
21.31568527
24.17058945
22.87647247
28.47255325
23.25490570
18.02157021
22.16666603
20.54510498
14.35098267
15.44313812
14.10588074
20.66470146
20.88627434
17.43529320
17.66666794
20.12549400
16.48627663
21.50784492
24.96667099
24.86862946
28.98627853
23.46666908
17.41961098
24.59803772
19.67843437
14.20196152
15.41372395
13.40784168
18.08039093
21.13921356
17.19019699
17.97647095
21.02941513
16.98431396
20.77255058
26.19412041
26.71569252
29.43333626
22.90784264
17.11764908
25.53921890
19.49216080
14.09412003
15.66274643
13.43333340
15.61764812
20.88627243
18.01568604
19.64509964
21.74902534
17.81176567
19.63921928
26.00000191
27.12941933
30.33137512
21.21764946
17.71176529
25.95490646
19.06470680
13.74117851
16.01372910
14.10784340
14.75294590
21.60784340
18.72549438
21.19608307
21.29999733
17.58627701
18.43921471
25.40980530
26.66078568
30.68235397
19.90980148
18.83921623
25.48039436
17.87450981
13.82157040
15.86274624
14.79412079
13.91372585
23.16078568
19.40196037
21.99607849
20.29215622
17.49608231
17.84117699
24.66862106
26.11960983
30.10785294
20.54510117
21.11764526
24.52745056
16.98431587
13.80000210
15.38627720
16.06862831
13.60980511
23.65882111
21.44902039
23.76862717
19.18039513
17.34705925
17.19215965
24.30000114
26.74901962
28.92941475
21.69804382
23.22353363
23.98235512
16.54117775
14.16666985
15.40980434
17.85294151
13.85882473
23.39608002
22.51176834
24.98627663
17.33725357
16.45098114
16.94902229
24.00392151
26.76862717
27.56863213
23.27843285
24.74117470
24.00392342
16.31960678
14.34117794
15.93333435
19.00588417
14.52549267
23.25882339
22.94314194
25.70392036
16.96470642
14.60588455
17.03529739
23.66078568
26.43725586
27.13137817
23.35098648
26.20392227
24.46078491
16.50000381
14.69803810
16.05490112
19.31569099
15.61176872
22.11960411
22.35490417
25.81568527
17.09804153
12.80784225
17.02745056
23.61764908
27.22157478
26.80195999
22.25490379
28.03137016
24.56863213
17.30588341
14.92549324
15.67646980
18.76470566
16.89411736
20.41960907
21.86666679
25.09803963
17.20392418
12.57058907
17.14509773
23.49215698
26.96079063
27.13333511
21.07058716
28.63725281
24.64510536
17.71176910
14.63725853
15.11176491
18.43725586
18.03529358
18.95882797
22.10784340
24.35490417
17.71764755
13.32941055
16.70980644
22.88431168
26.79999924
27.58824158
20.92941284
27.54705811
24.74902344
18.43725967
14.15882492
14.80784416
18.44509888
19.94706345
18.35098267
23.20000076
24.15293884
17.91764641
13.52157211
16.40784264
22.84901810
26.29412079
27.36666870
20.99019051
25.73333359
24.66078758
18.64314079
14.34117794
14.70196342
17.98039436
22.18823624
17.92156982
24.78431892
23.93920898
17.78627777
13.49215698
16.26666832
22.63333321
26.49608231
27.02941704
20.23921585
23.74902344
25.24510002
17.28823471
14.88039589
15.13137150
16.97254753
23.59019852
17.76078415
24.61568832
23.54901886
17.39411926
13.17647266
15.79215717
21.89607620
26.62941360
26.78235626
20.72745705
21.58235550
24.83921432
16.54314041
15.27843094
15.91372585
17.19019699
24.40784264
17.99803925
24.72352982
23.30000305
17.64118004
12.70784187
15.78235435
20.61568451
25.90980530
26.50588989
21.25490761
21.07451057
23.81764984
17.18235397
15.51176643
16.21764755
17.17058945
24.60000420
18.26863098
24.63725853
22.87842941
19.01372910
12.47255039
16.04117584
20.11765099
25.34509850
26.14313889
21.84117508
21.81765366
22.31961250
17.72549248
16.19411850
16.01568604
17.72941208
24.90195847
19.38431549
24.68431854
22.03725624
19.81960678
12.73137283
15.85882473
20.20392418
25.17451096
26.38431358
22.99804306
23.77254677
21.86666870
20.39019585
16.04509735
15.94313812
18.11176109
25.37255096
22.85686111
24.20784187
21.33725548
19.66470528
12.82549095
15.77843285
19.90588188
24.57255173
26.81960869
24.54510307
25.30588341
22.88431168
21.91960526
15.85098076
17.08235550
18.18235207
25.04510117
26.41764641
22.96078491
21.82745171
20.13725281
12.48431683
15.84901905
19.76862717
23.59019852
26.64117432
26.43529320
26.39216232
22.53333092
21.96274567
16.02157021
18.10000038
17.59803963
24.96862793
28.26078606
23.37255287
21.88824081
20.49019814
12.45490265
15.99607754
20.54117966
22.52352905
25.89804077
27.36274338
27.37058640
22.83921432
22.03529167
15.01568699
18.37451172
17.68039322
24.10980415
28.56274414
24.26470184
22.61960793
19.67451477
12.79607868
15.67646885
20.72744942
22.09215927
25.68627167
27.46862602
28.60588646
23.81960869
21.80195999
14.57647133
18.55294609
17.70980644
23.48823547
28.25489998
24.43136978
23.09412193
19.17255592
12.92157269
15.24705982
19.63333511
21.86274529
25.74902153
28.43137932
29.35097885
24.35882759
20.54902267
14.90784359
18.15294266
17.49412155
23.49019623
26.84509659
23.73725319
22.85098076
19.63921928
13.09607983
15.58039474
18.80588531
21.15098000
25.42157745
29.39412117
30.04706001
25.29019547
18.97059441
14.93921661
17.34901810
16.89411736
23.23529243
26.00785065
23.18431664
23.00784492
19.74117661
13.59607792
15.31372833
19.01372337
20.46274567
24.51764488
29.76275063
31.20784950
25.05097771
17.21176529
15.18823719
16.90980339
16.16470718
22.99803543
25.36078835
21.27058983
23.53137398
19.62549019
13.65490150
14.71568871
18.97254944
20.66078758
23.66274261
29.49020004
31.15294647
24.58235741
15.57058907
15.32745171
16.21960640
15.97255039
22.75686646
24.50784302
19.10588455
24.09607887
19.93921280
14.07647038
14.21372509
18.95686150
20.83725739
22.97450447
28.90784454
30.38432312
23.22941971
14.53921986
15.45882607
14.58039284
15.01764584
22.47451401
23.18039322
18.90784264
24.40196037
20.77450943
13.57254982
14.03921509
18.89216042
20.12941742
22.53137207
28.77647781
29.89607811
21.94705963
14.42353153
15.20784378
14.08627605
14.17843342
21.82941246
22.36666870
18.73137474
23.73332977
22.40588379
13.21568775
13.90196133
19.07646942
20.05490303
22.43725586
29.23725700
29.58823967
20.74313736
14.80980682
15.35686302
15.04901886
13.99019814
21.17843437
22.63725853
17.97255135
23.45098114
24.09215736
13.82352924
13.95098305
19.47255135
20.51372528
22.41569138
28.70784378
29.05097771
19.94313812
15.55294323
15.61568928
15.73333359
14.17647266
20.74902344
22.35098457
18.25489998
24.01764679
26.40196228
13.82744884
15.72941494
20.37646675
21.17646599
22.08627319
27.54117393
28.97647095
19.80392838
16.32353210
16.77059364
16.08235359
14.20784569
20.50392342
21.10392952
19.01764870
23.87646866
28.18823624
13.33725643
18.62745094
21.76863480
21.39412117
21.87842941
27.38627434
28.82352638
19.39608574
17.00784492
17.85294533
16.43137169
13.85098076
20.67451286
20.47646523
19.98039055
23.06666565
29.10195732
13.21568775
20.29412079
23.14705849
21.60980225
21.47450829
28.07254982
28.81372452
19.29216194
17.50000381
18.59803581
17.50784492
13.88823509
20.77059174
19.81960869
21.26274490
21.79608154
30.17843628
12.95686436
20.97450638
23.59999466
22.26470566
21.57843399
28.10980034
29.09607506
19.23921394
17.89019966
19.29412079
17.52745628
13.63529587
20.77255058
18.85294342
21.98823929
20.28627396
31.29803848
13.25686264
21.39019966
23.60195923
22.77254868
21.55490112
27.91960335
29.04901505
19.73333740
18.94510078
20.30000114
17.14902496
13.75098228
20.31176949
18.19019699
21.91568947
19.57843018
31.61765289
12.87451172
21.48235703
23.52941322
22.92156982
21.65294266
27.05098343
28.49215889
20.86274338
21.98823929
21.53529739
16.95490265
13.86274624
19.33137321
17.89804077
20.91960907
19.27254868
31.07451630
12.89607906
21.76862717
23.49608040
22.57058907
22.85490608
26.40196609
27.42549324
22.75097847
26.33137512
22.74510002
16.16274452
14.03333473
18.67255020
17.85882568
19.61372757
18.49215889
30.43137360
13.13725471
22.06862640
24.06862640
22.21176338
23.80392075
26.16470528
25.70784950
24.66666794
29.02549171
23.37058640
15.52353096
13.95294189
18.54902077
17.90392494
17.97843170
17.64902115
30.22941589
12.74901962
21.70783997
24.95882607
22.08431625
22.65490341
25.63136864
24.09411812
25.47059059
29.43137741
23.46471024
15.20588493
13.16274452
18.01568794
16.94902039
16.75490379
16.69215965
29.27450943
13.26078320
21.04509926
24.86078644
21.81764793
22.57843208
25.12941551
23.35294342
25.56078911
29.25097847
23.49608612
15.19411945
12.37058640
17.12745285
16.96470833
16.53725433
15.88823605
27.14313889
13.43725491
20.34902000
24.29607582
21.20588303
23.43137169
24.73333168
22.76274490
25.94706535
29.25686073
23.80981064
16.11372566
12.24313927
16.32745171
17.38431549
16.97255135
14.65294266
25.43333435
13.07843208
20.29019165
22.97255516
21.07450867
23.90784454
24.42744827
21.79607582
26.37255287
28.37254333
24.09804535
16.71176338
11.80588436
15.73529720
16.66078377
16.64509964
13.62745190
23.59215736
13.53333569
20.04117775
21.43921661
20.21372795
23.85686111
24.19216156
20.68235207
26.28235626
26.69216156
24.48823547
17.41176796
11.98431683
15.84117889
15.75097942
16.09804153
13.59607983
22.05685997
13.67843151
20.41568565
20.51764870
19.88235474
24.02941132
23.19804001
20.41961098
25.61176682
24.49215508
24.75293922
17.57451057
12.51372719
16.63333702
15.88627625
16.21960831
13.33529663
21.85293961
13.58039665
20.23333549
19.58627129
19.08627892
23.83333969
23.64313889
19.94705963
26.36078644
23.25882149
24.25686073
17.24705887
12.11568546
16.93529510
17.22941208
15.87843132
12.69607830
22.00392342
13.86274529
19.33137512
18.32353210
17.74117851
22.99803925
23.96274757
19.60392380
27.18040085
22.40980339
23.31568718
16.91960716
11.55294037
16.40196037
17.43333626
15.63725662
12.58431435
21.17255020
13.96274662
19.38823700
16.55490303
17.22941208
22.63333130
22.84706116
19.73725700
26.32745361
20.91568947
22.60980225
16.49411774
11.45686340
15.42549133
16.79412079
15.32156944
12.40000248
20.31176758
14.04706097
19.89804268
14.61568642
16.85098076
22.58039665
21.73332977
20.74901962
25.75883102
20.02156830
21.99608040
15.99019623
11.14509773
14.55686092
15.81568813
15.10392380
12.18627357
20.60980415
14.46862984
19.65882683
13.35882282
16.38235474
22.40392303
21.40195656
22.37450600
25.45686340
20.84313774
21.91960907
15.20588493
10.54901791
14.30000114
15.85294342
15.36078358
12.43137550
20.78038979
14.69803810
18.32744980
12.56666756
15.65882492
21.46274185
23.09412193
23.79412270
24.74510193
21.08235550
21.35490036
15.00784111
10.20392227
14.37843132
15.62941170
16.50784302
12.67843342
20.42941093
15.33921432
17.50980186
11.90784264
15.15294170
20.63529587
24.74314117
23.67059326
23.44902039
20.77646828
20.79803848
14.82549000
9.98235416
14.43137074
14.75098228
17.15882301
13.39215946
19.24314117
15.59804058
17.15686417
11.28235245
14.87059021
20.17647362
25.87450981
24.02157211
22.41176224
19.71764565
19.95685768
14.29019642
9.99215603
14.70588398
14.14117813
17.01176643
13.50588417
18.90391922
15.55882549
16.53529549
10.49803829
15.16862774
21.22548866
26.90980721
23.97451210
21.33529282
18.55097961
19.39803886
14.03137112
10.36666584
14.62352943
13.94117737
16.98431587
13.10980225
18.22941589
15.66078568
15.44117928
10.50784492
14.90000057
23.26274681
27.00588417
24.15490341
20.10980034
18.26863098
19.49215698
14.43725204
10.51176548
14.66862774
13.54117584
16.54902267
12.94705963
17.64901924
16.00588417
15.30196285
10.97843456
14.23529530
23.54902077
25.35882378
24.70981026
19.78627586
18.01372337
19.64117622
15.18235397
10.06470680
14.73725700
12.95686150
15.72156906
12.96666718
16.63137245
16.61764908
16.71961021
11.07646847
13.28627586
23.95882225
23.46667099
24.27450943
20.12156677
16.84117508
19.80784416
15.98235512
9.75294113
13.98039436
14.09607983
15.61372471
13.03333473
15.00000095
17.57451248
17.97254753
11.27254677
12.53137398
24.19607925
21.87646866
24.49411583
20.42745590
16.09216118
20.08039284
16.42941093
9.68431473
13.59019852
17.34902191
15.37647057
13.22353172
13.26470566
17.41372490
18.46666527
11.65882587
12.65098000
23.87255669
20.20588112
24.59999657
21.02941322
15.46274948
20.15686226
16.44902039
9.77254772
13.58431625
20.29804039
15.73137379
14.09019947
12.88823605
16.61764717
18.06470490
11.95490646
13.34117699
23.76078415
19.53529358
23.37451363
20.63529587
14.80784798
20.37646866
17.07254791
9.74117661
13.43921566
20.24509811
17.92156792
14.56862831
12.79019547
16.12549210
17.84313774
12.06470394
13.61764622
23.45490646
19.72157097
22.11960602
18.65098000
14.44706059
21.05686569
17.79608154
9.59803963
12.88823605
19.94313622
20.25490570
14.05686378
12.41176414
15.22941208
17.87647247
12.00980377
13.19411850
22.38823509
20.35881996
20.79412460
16.95686150
15.50588322
21.40784454
18.63137436
9.72549057
12.58627605
19.23725510
21.44117737
13.74509716
12.49607944
14.75490093
18.56470871
12.79411793
12.27451038
20.47059441
21.16862869
19.65882301
15.88039303
19.00392723
21.65098000
19.51960945
10.30195999
12.70196152
17.84509659
22.08627510
13.03137398
13.46667004
14.84509850
17.82353401
12.89608002
10.82941341
17.58235741
21.52745056
19.81764221
14.81764698
20.18431473
21.92745399
19.62941360
10.83137226
12.49804115
16.45882225
22.02941895
12.77058983
14.39411926
15.44902134
17.43725395
12.39804173
9.69607925
15.06862831
21.83921623
20.04509926
14.68235207
19.93725586
21.42353439
19.29608345
11.00392246
12.28627586
16.21372795
21.54313660
12.88431644
15.14117813
15.62549019
17.75294495
11.69411564
9.11960793
13.01568604
22.00979996
20.13333130
14.61568451
20.29411888
20.85490417
19.04117966
11.54902077
12.52353191
16.04509926
21.41960907
12.16078281
14.28431416
15.13725471
18.45686340
11.33725262
9.08431435
12.70000267
21.96274757
20.18234825
14.69411469
20.81765175
21.02941132
19.00588608
14.14117622
12.50784397
16.16470909
20.04705811
11.56274509
13.43137646
14.93725491
19.18627167
10.91960907
9.20980453
13.51764965
21.93136978
19.25686073
15.09019852
21.06862640
21.53725243
19.16470528
16.02352905
12.37647247
16.18235207
19.12156868
11.53725338
12.82352734
15.03333664
19.85686111
11.08431530
9.31176567
13.67059231
22.78431320
19.06666756
15.20980644
22.22156715
23.07451630
19.62745094
16.38823700
12.47058678
16.06274796
20.12352943
11.81764603
12.08627605
15.29215622
19.97842789
11.75490475
9.45490265
13.69607925
23.73921776
19.07255363
16.16078568
22.88823700
23.12353325
19.89019585
15.82549000
12.60980606
15.71176434
22.09019852
12.36862755
11.97843170
15.89215946
20.03529549
12.14117527
9.67255116
14.12353039
23.59607697
19.19020081
17.79804230
23.33529663
23.56470871
20.00588036
15.02156925
12.34313965
15.83137512
22.84902191
13.42745209
13.27058792
16.52156830
20.10784912
12.36470795
10.49019718
13.99411869
22.66862679
18.97255325
18.63921738
23.76863289
23.87059021
19.74117279
13.98431396
12.02156925
16.53725243
22.46470642
14.42353058
15.70000172
16.77843094
19.41568375
12.66666698
12.00000000
14.27058887
21.79607773
18.52353287
18.99019814
24.12745285
23.65490723
18.89019775
12.49412060
12.02157021
16.78431320
22.19019890
15.06666756
18.23529434
16.78039360
18.83137131
13.92548847
13.11960602
14.58039093
21.18627548
18.11764908
19.58235550
24.59803772
22.85294342
18.43725777
12.03529549
11.75490379
17.11764717
22.34510040
15.14117813
19.92157173
15.85686111
18.62549210
15.93725586
15.57647038
14.94117737
20.79412079
17.83725739
19.53333282
24.98627853
22.97647285
18.89608383
11.94509888
11.43333435
17.08823586
22.78039360
14.81764984
20.41764641
14.65294266
18.07647324
18.88039017
18.85097885
15.11960888
20.88039207
18.11764908
19.62744713
25.20980453
23.27058220
18.73137474
11.96666527
10.68823338
16.86863136
22.86274719
16.09019661
19.74117661
14.91568565
17.06274414
22.47450638
21.02548981
15.70196152
20.98431206
18.78039551
19.51372719
25.02941132
22.85882378
17.42941093
11.90000057
10.25294018
16.51568604
21.90391922
17.45490265
18.99411964
14.37058926
15.73137188
25.48040009
21.79411697
16.38823700
20.29608154
18.98627853
19.35882568
24.17647171
22.50392723
16.09411812
12.35686398
10.56666756
16.03333664
20.54706192
19.01372337
18.70784187
13.57058811
14.19215870
27.30392456
22.45098495
16.97451019
20.14314079
18.10784721
18.97843170
23.43529129
22.57843590
15.46274567
12.70196152
11.03333282
16.15490341
20.28823853
19.68431282
17.59803963
13.65490341
13.49019623
29.07451630
22.43921852
18.21568489
20.77451897
18.25686073
19.03333282
23.53333092
22.68039513
15.61764717
12.33921719
11.09412003
16.76078606
20.28039169
19.46470833
15.96666431
13.86274624
12.48627567
28.93725967
21.15098000
19.51960754
20.78039360
18.78235245
18.55686188
23.78039169
23.23333931
16.40784454
12.42549133
10.96863079
16.86078453
19.44902039
19.35490417
14.93333530
13.59215736
11.28235245
27.79999924
19.17647171
20.54314423
19.74117661
18.51372528
18.29803848
23.57843018
22.42940903
17.36078644
12.66470814
10.29019833
15.77647305
19.08627319
19.84509850
14.13333416
12.64705849
11.59215736
25.68235779
17.49019623
20.09804153
18.15098190
17.77255058
18.17058754
23.48628044
21.22941208
18.17451096
12.46470833
9.65294266
14.45882416
19.66274643
20.06078911
13.27058887
11.00588417
12.38431454
21.45882416
17.88823891
19.03529549
16.70588303
17.61372566
17.71960831
23.90588951
20.16470337
18.60784340
12.08627605
9.51372528
13.12941360
19.59804153
19.72941017
11.90980434
9.90980434
13.10196304
18.65686417
18.28823471
17.59215927
15.33137321
17.60588455
17.42156982
24.02549171
19.62744904
18.15293884
11.84902191
9.66470528
12.28627586
19.26078224
19.00588226
12.10980511
9.80784416
13.11372852
17.03921700
16.80195999
16.77058983
14.58823490
17.07451057
17.02156830
23.77058983
18.67646980
17.87646675
11.91960907
9.53137302
11.60784435
20.08235359
18.14509964
11.58823586
9.75882530
12.48039055
15.54902172
15.24118042
16.75294304
14.55097866
16.03137398
17.00000000
23.63333130
17.48627090
17.60980415
12.00784492
9.38627434
11.19803905
20.49608231
17.44902229
10.79215717
9.89608002
12.09804153
15.18235588
14.11372662
16.16863060
14.06666851
14.92549133
17.26470566
23.19999886
17.54509735
17.67255020
11.99608040
9.35490227
11.14706039
19.72549057
16.89999962
10.11568546
10.49215603
10.90196228
14.94313622
13.34509945
15.00784492
13.68039513
14.46862888
16.72941208
22.69607353
18.56078720
17.21961021
11.98235416
9.21568489
11.19411850
19.59999847
16.17058945
8.97254848
11.42745209
9.70196247
14.74705696
13.08627605
13.82941246
13.81176662
14.12353134
16.21960831
22.32549095
19.64510155
16.60784912
11.72745132
9.26274586
11.28431511
19.64314079
15.00588417
8.79607868
12.14313793
9.50784302
14.36078167
13.35882378
13.28431511
13.82941437
13.47647285
16.18431473
22.19607925
21.38823509
16.33921814
11.31960678
9.32549095
11.86862755
19.35882187
13.65294170
8.65490150
12.72352886
9.91568565
14.38431263
13.46862602
12.99411964
13.50392437
13.02157021
17.50980568
22.51177025
23.03529549
16.87450981
11.11176491
9.59607887
12.55098057
19.48431396
13.25882435
8.39411736
13.33529282
10.15098000
14.77647209
13.73333454
13.45882320
12.81764698
13.18823719
19.58235359
23.01568985
23.86863518
18.42353058
11.38235188
9.67451096
12.59411812
19.71764565
12.52745152
8.52157021
13.32941246
9.90588188
15.50196266
13.99411869
13.50980186
12.98235416
13.60980415
20.99215317
23.63725281
24.78823280
19.76274872
11.51764679
9.21568680
12.24901962
19.60784149
11.49607849
8.52352905
13.72744942
10.37058830
16.61372757
13.59019566
12.90588188
12.99215794
13.69607830
22.35098267
24.13138008
26.30588341
19.94706154
11.30195904
8.70784187
12.43137169
19.59215927
10.79019833
8.11568642
13.74705887
11.16862965
17.40980530
13.05882359
12.69804001
12.14509869
13.09608078
23.40588760
24.52353668
27.71960449
19.61961174
11.43529510
8.69411755
13.13137245
19.67058945
9.79608154
7.85882378
13.28823471
11.29019642
17.47058868
13.10980511
12.77451038
11.95294189
12.29803944
23.25098419
25.08627510
28.37843513
19.54313660
12.02548981
8.92156792
13.65490246
19.55098152
9.34117699
7.71372557
14.20980644
11.58039284
16.69804001
13.52745152
12.73333168
12.12941360
12.32549000
23.29607964
25.76667023
27.77450752
19.61568451
11.78823566
8.72941208
13.49019623
18.97450829
9.22745228
7.96862793
15.22941303
12.18823624
16.27646828
13.24313450
12.44902039
11.76078606
11.94509983
23.30195999
26.41372299
27.09020233
20.26862907
11.05490112
8.66274548
13.07451057
18.30980682
8.99803829
8.20980358
15.79019928
12.41568756
16.60196114
13.40588188
12.61960697
11.57451057
11.56666660
23.13333511
26.73529816
26.18627548
20.31372833
10.32549000
8.96078396
12.18039322
18.10196114
9.24705982
8.20784378
16.24313927
12.29607964
16.81568718
14.06470966
13.05098152
12.12941265
11.08039284
23.01960945
26.57059097
23.82549477
18.87058640
9.64313698
9.09803867
12.19803810
18.06666565
9.59803677
8.22941208
16.86274719
12.12744904
17.12157059
15.12156773
13.74510002
12.63921547
11.29411888
21.66667175
25.86078453
20.00000381
15.91961098
9.46666622
9.10784245
12.32549191
18.74901581
9.70196152
7.87843132
17.26470757
11.69803905
16.95490074
16.14902115
14.75294113
12.69999981
11.64313889
18.98235321
25.32548904
16.31568718
13.62941265
9.75490284
9.23725510
12.64902115
19.57843018
9.57843208
7.55098104
16.49607849
11.32941151
16.75686264
19.23333359
15.85882568
12.79411888
11.27254868
15.91176510
23.18431473
13.62353134
11.52549076
9.82941151
9.53725529
13.95098305
19.08431625
9.65490246
8.53529453
16.32941437
11.36274433
16.57451057
21.00391960
16.89999771
12.77450848
11.24313831
13.14705944
19.01372910
12.30588341
10.03725624
9.81960773
10.02940941
14.64509869
18.29215622
10.20196152
9.92156982
17.10391998
11.43137169
15.82156944
20.23333359
18.32156754
12.61764717
11.75882530
11.60980415
15.63529396
11.48627567
9.30392265
9.78823662
10.54509926
14.06666565
17.45686531
11.65686321
11.59803867
17.28627586
11.20980358
15.33333588
17.99412155
20.14117622
13.27843285
12.54314041
10.96666718
13.60196400
11.44705868
9.30784416
9.61372566
11.12352848
14.63725662
16.93725586
13.38823795
12.62745285
16.99019432
10.99803925
15.17255020
16.61960793
20.55490494
14.07646942
12.94314003
10.64509869
12.92156982
11.49215603
9.23333359
9.57058907
11.59019661
14.99411774
16.25490379
13.66862965
13.19019699
16.29019737
11.13725376
15.30196190
16.76470757
19.81960869
14.61960793
13.11372662
10.25294304
12.15098095
11.27646732
9.07451057
9.61568642
11.49411774
14.62549210
16.20196152
13.44509983
12.54313946
15.94509888
11.74509716
14.91961098
16.59412003
18.37451172
14.72745323
13.57843399
10.01568699
11.97451210
10.80784416
8.97450924
9.52156925
11.62352943
14.57059097
16.85686493
13.10000134
11.32745266
16.40196228
12.81960964
14.65686607
16.02352905
16.22549438
14.21764946
13.62941360
10.37647057
12.80784416
10.68039322
9.11960888
9.39607906
11.87646961
14.50980568
17.40980530
11.81176472
9.57843113
16.32548904
13.19803715
14.89412022
16.24117851
14.77451134
14.35490322
12.95686340
10.68823624
12.91176510
10.99999905
9.56862640
9.61764908
11.45882416
14.38627529
17.60980415
11.28627586
9.00196266
16.74117661
12.40000153
14.81568718
16.94509888
14.25294399
15.68823624
12.34313774
10.75098228
13.27647305
11.30784512
9.99999905
9.99804020
10.94902134
15.19215775
17.66274643
11.73137474
9.02157021
17.29019547
11.26862907
14.71764851
17.29215813
13.76863003
16.93333626
12.40784359
10.51372719
13.07843113
11.73333454
10.01960754
9.95098019
10.79999924
15.92156982
18.25882721
12.19608021
9.12941360
16.59608078
11.13529491
13.92549133
16.74901962
12.95294189
17.17646790
12.91764832
10.29999924
12.32549000
11.87450981
9.90980244
9.52156830
10.27842999
15.75294304
18.37254906
13.04117870
8.67058945
16.10784721
11.40196133
13.69608021
14.97843361
12.44117737
16.75686264
13.53333378
10.10196209
11.65490246
12.12941360
10.40980530
9.13333416
9.67255116
15.33529377
17.95490456
13.98039341
8.19215679
16.61372757
10.92745209
13.80392361
12.63529587
12.68039131
15.62157059
13.83529663
9.97058868
11.01764870
11.69804096
11.23333549
9.02156830
9.25098038
15.62353134
17.52941132
14.17058754
7.28627443
16.43333626
10.68235302
13.63137341
12.15686607
12.98627663
14.60588264
14.02745342
9.58627415
10.94117737
10.95882416
11.94706059
8.97451019
9.21960831
15.71372604
16.72157097
13.66666794
6.76078415
15.34117508
11.17254925
14.05490303
12.98039341
12.87059021
13.96666718
13.60000134
9.61568642
11.67451000
10.57843208
11.73137474
8.74705887
9.21176720
15.66274452
15.07843304
12.98235226
6.66470575
14.90392017
11.91764641
14.24314022
13.55686474
12.62744999
13.10588551
12.52745342
10.20392323
12.17450905
10.36078548
10.38431454
8.50196171
9.55490303
15.47255039
13.57647228
12.31372833
6.57058859
14.76862907
13.27843189
14.84902000
14.31961060
12.55294228
12.24902153
11.96470547
10.36078548
12.23725414
10.31568623
9.29215622
8.37058830
10.53333378
14.19804096
12.84902000
11.80195904
6.92941236
14.66274834
15.33333588
15.65882492
15.31960773
12.68039322
12.11568451
11.53529453
10.10196018
11.84117603
10.71568584
8.66862774
7.71568775
11.21764755
13.13137245
12.57647419
11.16470623
7.29411650
14.81176662
16.58039284
16.64509964
16.86274529
12.77450943
11.63921547
10.80196190
10.25490284
11.38823605
10.57254791
8.23725605
6.71372604
10.34117794
11.69607925
11.75294113
10.89607811
8.17843056
14.58431339
17.27843094
17.64706039
17.83333397
12.98039246
10.75294113
9.97058868
10.49215889
11.47843075
9.98823452
8.26274490
5.82353020
7.96470642
10.04902077
10.18235302
11.15098190
8.92549133
13.97843170
17.59019661
18.96666908
18.70784378
15.37255096
10.66470623
9.57843304
10.34705830
11.29999828
9.89803886
8.46274471
5.53137255
5.58039188
8.54117584
8.64705944
11.21960735
9.34509850
13.39411736
17.33137321
19.62745094
18.91764832
19.02941704
10.78039169
9.42353058
10.57059002
11.38823509
9.70392132
8.35882473
5.63725567
4.55294180
7.72353029
8.06078434
10.88431263
9.60980415
13.10980415
17.16862869
19.67450905
18.72745514
22.86078644
10.61960793
9.14901924
13.03529644
11.63921547
9.87647152
7.53921509
5.81568766
4.68823576
7.54509830
8.23725414
10.43529415
9.97646999
13.21961021
17.33333588
19.45294380
18.23725510
23.37255096
10.48235416
9.00784397
16.17451096
11.32157040
9.56862640
7.35098124
5.75882387
5.06078434
7.29215717
8.14902210
9.54705906
10.04117680
13.46666622
16.52352715
18.23333359
16.46666718
20.76666832
9.97451210
9.12156773
17.31176376
11.53529358
8.92548943
7.10196257
5.45098019
4.97843122
7.03725576
7.72941208
8.74705887
9.42745209
13.89215755
16.54313850
16.69020081
14.15490246
16.76863098
9.84509563
9.17254829
18.09411812
12.52549076
8.69803715
7.72549009
5.29411888
4.47647047
6.99411774
7.62156820
8.23137379
9.37450886
14.48235321
17.22745132
15.53529644
12.77843475
14.73725700
10.60784531
9.33921623
17.81960869
15.95686054
10.17058945
8.03137398
5.38627434
4.40392208
6.78823566
7.77843142
8.08235264
10.25882530
14.26470852
17.75294113
14.79803848
12.66274548
13.98823833
12.33333397
9.83725739
15.29411888
20.97647285
12.07843304
7.80784369
5.35490227
4.39215708
6.22156906
8.18627548
8.20588303
11.14509869
14.01176453
17.73333359
14.45294189
12.88823795
13.65098190
12.28823471
9.76470757
12.66666603
24.75490379
14.77843285
8.16470623
5.49803972
4.33529425
6.16862774
8.52745152
8.44509792
12.20588589
14.67843246
17.90980148
14.49804020
12.50392342
13.87255096
11.34117699
9.67647076
10.98039246
25.23137283
16.75882530
9.01568890
5.19804049
4.49019575
6.40588284
8.58627510
9.00000000
13.46862888
15.09019947
17.11960983
15.09215927
11.98235130
13.27647114
10.77450943
9.40588188
10.62745190
23.13921356
17.63529778
9.59411907
5.22352982
4.51568651
6.36666632
7.93725491
9.40392208
13.14705849
14.71568871
16.38431549
16.44706154
11.69215965
12.84902191
11.19019699
9.78431416
10.79608059
19.97647285
17.92549133
9.65098190
5.09803915
4.18039274
6.24509907
7.28039312
9.13725662
12.43333435
14.39999962
15.99215794
16.73333549
12.00784397
13.80196190
11.77450943
10.49607944
10.96274662
17.20784378
17.12745094
9.05294228
5.10784483
4.16274500
6.05098152
7.50980330
8.85490227
11.84510040
14.10980320
15.39215565
15.68039131
12.35686302
14.59804153
11.41372585
10.10392189
10.88039398
15.30980492
15.56274414
8.55098057
5.27058840
4.60588312
5.62745142
8.78627491
8.33529472
11.38431358
14.48039341
15.63921642
14.73529530
12.56078625
13.88039303
10.41568756
9.39411831
11.33529472
13.81764793
14.00000000
8.03921700
5.17646980
4.48431396
5.35686350
9.16666794
7.95882463
10.80588341
14.33921623
16.10000229
13.83529472
12.89019871
13.45489979
10.76666641
9.08039284
11.82745075
12.09019852
12.38039303
8.46078396
5.21176577
4.56078434
5.43529463
9.08627701
7.64705896
10.21372509
15.18235302
16.63725281
14.12353039
13.27451134
14.08627701
11.04509926
9.12549019
11.59215832
10.93333244
11.31764889
9.05490303
5.22156811
4.91372585
5.72745180
8.49215794
8.19215679
9.17255020
15.78431416
16.10392380
13.56666660
13.72157001
14.76863003
11.13137341
9.37058830
11.66470528
10.72156906
11.30784321
9.92745018
5.10588264
4.96862745
5.69607830
8.08823681
8.77058697
7.90588188
15.45882320
15.88039398
13.04509735
13.77843285
14.79804230
11.07843208
9.47843075
12.57647324
10.91568661
12.03725433
10.93333149
5.00588274
4.99803972
5.41176510
7.90588236
9.52156830
7.10392237
14.94902039
16.92156982
13.42353058
13.97451019
14.47451210
11.35097885
9.41372585
13.14313889
11.21176434
12.21372604
10.83333492
5.02549076
5.24901962
5.36666727
7.60980511
10.52549076
7.08039331
13.65686321
15.91764927
13.91764832
14.87843323
14.10196304
11.63725471
9.63137341
13.14705849
11.79607964
11.94706059
10.31372643
5.08627415
5.14313793
5.50392151
7.28039265
10.66862869
7.65686226
13.70000076
14.78823662
15.20784473
14.88039494
13.41372681
11.69019604
9.24705887
13.26274681
11.83921528
11.90980625
9.99804020
5.03921604
4.71960735
5.52549171
7.37843132
10.13333225
8.11568642
13.36470795
14.21568584
16.37450981
13.96666718
12.27255249
11.70784283
8.66470623
13.34117889
11.73921680
11.70392418
9.61372662
5.09803867
4.38039255
5.65882397
6.66470623
9.73333359
8.04902077
13.03921700
13.64313698
17.88039017
13.17058754
12.34117889
11.49019623
8.34313774
12.79607964
11.38627625
11.24509811
8.36078453
5.68431282
3.96274519
5.49215698
5.91568708
9.74510002
7.94509792
13.73921585
13.84313774
19.63137436
13.06470680
13.14902115
11.70588493
8.01960850
11.69216061
11.57647324
10.13725471
7.75294161
5.67647171
3.62549114
5.72745132
4.89215708
9.73333549
8.42549038
13.92156982
14.28235626
19.94117737
13.45294189
13.48039532
12.13529396
7.60588169
10.87843037
11.70000172
9.64705849
7.83333349
5.50392199
3.30980420
5.77058887
4.67843151
9.93137360
9.04313755
13.67451096
14.68627739
19.88627434
13.43137550
13.73921776
13.48823452
7.95686245
10.48823547
11.21568871
9.69019794
7.90196133
4.90392160
2.99215674
5.47843170
5.31372499
10.72549152
8.69215775
13.08823681
15.22353268
19.67647171
13.44509983
14.42549133
15.92745113
8.87254810
9.94509888
11.36274529
10.01176453
8.05686283
4.50588322
2.59803963
5.57058859
5.60196161
11.20784473
7.88235331
12.67058945
15.36078548
19.13921928
14.28235340
15.20000172
17.37254715
9.39607906
9.34509850
11.99215889
9.78627396
7.88823605
4.32156944
2.20000029
5.52156925
5.82745171
11.24313736
7.62549019
11.80980587
15.19412041
19.13333511
16.08431625
16.20196152
17.67058945
9.66470528
8.76078415
11.48431492
9.72941303
7.54313660
4.53725576
2.59803939
5.63725519
5.82549095
11.05294132
7.46666670
11.37843132
15.85294151
19.22941208
17.12157059
16.78039360
17.54902077
10.10980415
7.73529434
10.82941246
9.96862793
8.01960850
4.97058821
2.99411774
5.63333368
6.14117765
11.12941265
7.64313793
10.68039227
16.39019585
18.29999924
17.77450943
15.44706059
17.28627586
11.18431377
6.66078568
10.62941170
10.25686455
8.90784454
5.54313707
2.93333364
5.59803867
6.64705896
11.25098324
7.50000048
10.07058811
17.46862984
17.92745399
17.98823357
13.84706116
16.71176720
12.84510040
6.58235312
10.69804001
10.47059059
9.13921547
5.87254906
2.90196085
5.50196075
8.50392246
11.73529243
7.39607906
10.03725719
17.72941399
17.20000267
18.02549171
13.64509869
15.54706001
14.71176529
8.05490303
10.50980473
10.52549076
8.33529472
5.88235331
2.94117689
5.66274500
10.45882416
11.69019508
7.48235321
10.05882454
18.16274643
16.63725471
18.20980644
13.70196152
14.41961002
16.08627319
11.77450943
10.16078472
9.88823414
7.91568661
5.81568718
2.84117675
6.60980415
10.77843380
12.10980415
8.53137398
10.05294228
18.06862831
16.02745056
18.56862640
13.94902134
13.74705887
16.41372871
16.64705658
10.26470661
9.43333340
8.41960716
5.79215717
2.96666718
8.10980415
8.75294113
11.83529377
9.71764660
10.57059002
18.50000191
14.99607944
18.56862831
14.52941132
13.13137341
16.00784492
19.72157288
10.92352867
10.09607887
8.96274471
5.74509764
3.08431411
9.20196152
7.10000134
10.76666927
9.44313812
11.24902058
18.29804230
13.96078587
18.61372566
14.90588379
12.74313641
14.77451134
21.47451019
11.30392265
10.28039265
9.53529358
5.88431358
3.19411755
9.71372509
6.98431396
8.47843266
8.57254982
11.79803848
17.66666794
12.83137417
19.40980148
15.19019699
11.87058544
12.84117699
23.67058754
11.56666946
10.24705887
9.96666718
5.93921518
3.44705892
9.36470604
6.95882320
5.41568661
7.45294142
11.96078205
18.10980415
12.09215641
19.65686226
15.49608231
11.36470890
10.93529415
23.35294151
13.10784149
10.09803867
10.59019661
5.70784235
3.66078424
8.44117546
6.96862793
4.10784340
7.02353048
11.66862679
18.26274490
11.52745152
18.99215698
15.63333511
10.87647343
10.09803963
21.25098038
16.59412003
10.58039284
10.79215813
5.11372519
3.69803929
7.99215746
6.53333473
4.22156858
7.22941256
11.42745018
18.04314041
12.44117641
17.55293846
15.67842960
10.80196285
10.35686398
18.94705963
18.13529205
12.34117603
11.06863022
5.10000038
3.62352943
8.22352982
6.14509916
4.42941236
7.25882530
10.93725491
17.78235626
13.70196342
15.05294228
15.70784664
11.10195923
11.41372681
16.18039322
19.52745247
14.28431225
11.50784492
5.59607840
3.57451010
8.33725452
5.95882368
4.42156935
6.91568565
10.28823471
18.01372337
14.75490189
12.66862774
16.47843170
11.41764736
12.52745152
12.98039341
19.80980110
17.12744904
11.83137512
5.67058849
3.59019613
7.65098000
5.74509859
3.89803910
6.71568584
9.92353058
18.05294418
15.47059155
11.76862812
17.95490265
12.11568546
14.66666794
11.69411755
18.13137245
19.33725357
12.28039360
5.63529539
3.62745166
6.54509878
5.77843189
3.78039265
7.05490255
10.06666660
17.53921509
16.43725586
11.62353134
19.41764832
14.05686283
15.90588379
11.75882339
16.20980644
18.84902191
10.95097923
5.70980406
3.65490174
5.69607925
6.57843161
3.72156858
7.43725538
10.61176491
17.58823395
17.72156906
11.62156963
19.44117546
17.23333359
16.24706078
12.14509964
14.64509869
17.05098152
8.64901924
6.39607906
3.58823586
4.97843170
8.14705849
4.01764774
7.89607859
11.57254887
18.19019508
19.26470757
11.83529472
18.22941208
19.99215889
16.90392494
12.72745419
13.62157059
14.96274757
7.32156897
6.89019632
3.37843180
4.55686283
9.59999943
4.58039236
7.61372614
12.01764870
19.22549248
22.01960564
12.66274643
15.57058907
21.49411392
18.81569099
12.99608135
12.76078510
14.02353096
7.24117756
7.79803944
3.28823566
5.00196075
10.51176453
4.74313784
6.93725491
11.01372623
19.45490646
25.79607773
13.95294189
13.54117870
22.21176338
20.60980606
12.84510231
11.24314022
13.84117699
7.63529539
7.96666670
3.01568651
5.41176510
10.80392170
4.57058811
7.33529425
9.62353134
18.91764832
27.73725700
15.77255058
13.76274395
23.07255554
19.77647209
12.76862717
10.68235111
13.34117889
9.45098019
7.55882454
2.41372585
5.58235359
10.30980206
4.20392179
8.04509926
8.74117661
18.40196228
28.21765137
20.20196152
16.74902153
22.44706154
17.35490227
13.11372852
11.43529510
11.88235188
11.53921604
7.53725529
2.41176486
5.67843151
9.15882397
3.88627505
8.20196152
7.99019623
17.94510078
27.29411697
24.15097618
22.15490341
19.23921776
14.33137321
13.59803867
11.92549324
11.71764851
12.10784340
7.07058811
3.11764741
5.33333397
7.93921614
4.12549019
8.38823414
7.72941351
16.76666832
25.35490227
25.07451057
25.36274719
15.04313755
10.51372433
13.78627777
12.10196018
13.63137245
11.59607887
6.45098162
3.38235378
5.38627481
7.06862879
4.53137302
8.79411983
7.88431454
16.49411964
23.40784454
24.46274948
24.66274643
12.25294304
8.99215698
14.24117851
12.96470642
15.44706059
11.50980473
6.30588341
3.32156920
5.26666641
6.55882359
4.66470623
8.72156811
8.21568680
15.21176624
22.19607925
23.87254715
22.51372910
11.25882435
8.82549095
13.55294228
13.56862831
15.39216232
11.55490303
6.26078558
3.48235273
4.99803972
6.46078348
5.57254934
8.78235245
8.02941322
13.55490398
20.61176491
23.00392151
18.31568336
10.99411964
9.28039265
12.56862640
13.93529701
14.84509850
11.44117355
6.28039360
3.98823524
5.00196123
5.91372633
7.18235397
9.68431568
8.08627605
12.58039284
19.10588455
20.82941246
15.30392647
10.65686321
9.89804173
12.07059097
13.65098000
14.05490208
11.58235168
6.24705839
4.50000000
4.68627501
5.47058868
8.40000057
10.25882721
8.23921585
12.29215813
18.02745438
17.64902115
14.55882454
10.19607830
10.15098095
11.82548904
12.52549171
13.40196228
13.22745132
6.25686359
4.67254877
4.05098104
4.88823652
8.95098114
10.29804134
7.98039293
11.56274509
17.66274834
15.55490398
14.89608002
8.74117851
9.99215698
13.23529434
11.52353096
13.34902096
15.91961002
6.31568718
4.57647181
3.82156873
4.60784292
9.50196171
10.69804096
8.15294075
11.77451038
17.65686226
15.16078377
14.73529625
7.80196047
9.30196095
15.80980587
11.05686283
15.31176567
17.82157135
6.28823566
4.45882416
3.85098076
4.43333387
10.06470490
10.86078453
8.63333511
11.78039265
17.92745209
14.87451267
13.45293999
7.75490141
7.79019642
17.43725395
10.99608040
18.94901657
16.03137398
5.75294209
4.39411736
3.83137345
4.07450962
9.77254868
10.77058792
8.08431435
10.72745132
18.10000038
15.16862774
11.64706039
8.23921585
6.85098171
17.42941284
11.57450962
22.44705963
12.58431339
5.29215765
4.25686359
3.63921547
3.82156873
8.24313831
10.51764584
7.47647142
9.85098171
18.18823433
15.58039379
10.33921719
8.17647171
7.26470757
15.80784225
13.46274376
23.41176605
8.90980721
5.46862793
4.01764679
3.90000010
3.64117718
6.10980415
9.79803944
7.08627558
9.56666756
18.75882530
16.39999962
10.19999981
8.30392075
7.36470604
14.01176643
16.17843056
21.21764946
7.07843161
5.53137255
4.06666708
4.21176529
3.87647057
5.33333302
9.49607849
7.32353115
9.64705944
19.12940979
17.48235512
10.43725491
8.17451096
7.16274548
12.71568775
18.90784264
17.69608498
6.98431492
5.23137331
4.33529377
4.89803934
4.27450991
5.37647247
9.34705925
7.59215736
9.56078434
19.49803734
18.56666756
10.54509830
8.09019661
7.31176376
12.00000191
20.70980263
14.40392113
6.99803925
5.32156897
4.40784359
5.89803934
4.24705887
5.00980473
9.12745094
7.32156897
9.26470566
18.93136978
19.41764832
10.98235321
8.89999962
7.63137245
11.57254982
21.04117966
12.17647171
6.49411821
5.75098038
4.30196095
6.05882454
3.88431454
5.14509964
8.60588169
7.11764717
9.34706020
16.57647324
19.57451630
11.93921566
10.93137264
8.77254963
10.44313812
19.17451096
10.39019775
6.37058878
6.21764565
4.34117651
5.60588169
3.63137341
5.84509802
7.44901943
7.05686378
9.59215546
13.87843037
19.20195961
13.30784416
12.95686436
9.77843189
9.03137398
15.24313927
9.21960831
6.52156878
6.72549009
4.13529396
4.98627520
3.70784378
6.22549200
6.94705915
6.85490274
10.39019775
13.24902248
19.88039017
14.48627567
13.96666718
10.36078453
8.24509716
12.29803944
9.33333397
7.15098095
7.00196075
4.20196056
4.77647161
4.25490236
5.72745228
6.26078510
7.14901924
10.49019814
13.83921528
20.61568642
15.01764679
13.78431511
10.37255001
7.86274624
11.31372643
10.38039207
8.26078510
7.22352982
4.35490179
4.38235331
4.59019613
5.23921633
4.74117756
7.37254906
10.19215775
14.17254925
19.69215775
14.23137474
12.19215965
9.75294113
7.99411821
11.02548981
11.01764679
9.32352924
7.50588274
4.41960764
3.93333364
4.89215708
4.84902000
3.24313736
7.46078444
9.70588303
14.50196171
18.42353058
13.44313717
10.37058926
9.25882721
8.10000038
10.86274529
10.58823490
9.96078396
7.45490313
4.20784378
3.77058840
5.41764784
4.30196095
2.77647066
7.76078606
9.00196171
15.58235550
17.72353363
12.75490379
8.89019585
8.86274338
8.28823566
10.59412003
10.10000134
10.29215717
6.95490265
3.75882435
4.11568642
5.84509850
3.66666698
3.08235312
7.94117737
9.02941132
16.13921928
15.94313908
13.38039207
9.78627586
9.75098038
8.55882359
10.75294209
11.26470661
10.65490246
6.37255001
3.33333445
4.29019642
6.30392218
3.29607821
3.27058840
8.02353001
9.59411716
16.44509888
13.94313717
17.42745209
12.74510002
11.92352867
8.63333416
9.91372776
12.14510059
11.01176548
5.75686312
3.09019637
4.09215689
6.89803982
3.23725557
3.16862798
8.12353039
9.58431435
17.85490227
12.99999905
23.01372528
15.47647190
14.95098114
8.38431358
9.72549152
12.03725624
10.14313698
4.98431396
3.24117661
4.26862764
6.47646952
3.02745104
3.46862745
8.28039265
9.38235283
17.70195961
12.09411907
24.20392036
17.21764755
17.95882225
8.65294075
8.88823509
11.10588455
8.66274643
4.72745132
3.44117665
4.38039207
6.12745142
2.69607902
3.44313765
8.59019756
9.36862755
17.05882454
12.98235416
22.99215317
19.22941589
18.41765022
10.12549019
8.10784435
9.70196247
7.55490208
5.13137293
3.79411793
4.27450943
5.96666765
2.57254934
2.92745090
9.54117870
8.88627529
16.18823624
15.62940979
21.04902077
20.10000229
17.05686378
12.30588531
7.38823462
9.14117813
7.13725567
5.71176434
4.24117708
4.09019613
5.69215727
2.76470613
2.54313755
10.37254906
9.00196171
14.50588226
17.86470795
18.41960907
20.16471100
14.84705830
14.68823719
7.19803953
9.19607830
6.61960983
6.15098000
4.24705935
4.30784416
5.10196209
2.94901967
2.46078491
11.51960945
9.79215813
12.70784378
19.90392113
16.06862831
18.68627739
12.77843285
17.07059097
7.34705925
8.90588188
6.37843180
6.44117641
4.18039227
4.73725510
4.78235388
2.96078491
2.47843146
13.07451057
10.69019699
11.37058926
21.36666679
15.55098343
15.83725548
12.28039265
17.89215660
7.92353010
8.33333397
6.74313688
6.30392218
4.26862717
4.72549105
4.62745142
2.63725495
2.72941208
13.52745247
10.59019756
9.91764641
22.55686188
16.26862717
14.24902153
11.81176472
17.04902267
9.26274490
7.71568584
7.19019747
6.08627510
3.95098090
4.38235378
4.32156849
2.15098095
2.85686302
13.74510002
11.51961040
10.21764851
22.57255173
17.55882263
14.87646866
12.12352848
15.50588226
10.19019699
8.06666756
8.45686340
6.69803953
3.38627505
4.45686245
4.13725519
2.20588279
2.94705939
13.98823643
13.64706039
10.92940903
21.16470718
18.45686340
17.05882454
12.44902039
15.71764660
10.16862869
8.90000057
10.95490074
8.51764679
2.97058892
4.44901991
4.14509821
2.14509821
2.83137298
13.91372490
16.10000229
11.37451077
19.40980721
19.02157211
19.53137589
13.89411831
16.79607964
10.62941074
9.96470737
13.24117756
10.48431587
3.15098071
4.01568604
3.89215708
2.30588269
2.44902015
13.64313602
16.38431549
11.81372547
18.79019737
18.77058792
19.32157135
15.62353134
17.33725548
10.97647190
12.26078606
14.15686417
11.05882549
3.11176515
3.61372614
3.90000033
2.40784335
2.39607859
13.39215755
14.96666813
12.33529568
16.90392303
18.45097923
17.49999619
16.57450867
17.16078758
11.27647114
13.63529587
14.50784397
10.42352867
3.15686297
3.55882382
3.57647061
2.53529429
2.75098062
13.89411926
13.92941189
12.63529778
14.85882282
18.27646828
15.08823681
16.48235512
16.62941170
11.96666718
14.32156944
15.53921890
9.37843132
3.53137326
3.32745099
3.81372571
2.42352986
2.80000019
14.12157059
14.92156792
13.04510117
13.53921700
18.06078720
13.33725834
15.69411850
16.88823700
12.87255001
14.85882378
15.64313889
7.96078491
3.73333335
2.79803991
3.96470618
2.17451000
2.65098023
12.90196323
15.68823814
13.34313965
12.37059116
17.81960869
12.35882473
15.16862869
16.93529510
13.80000305
16.59412003
15.42352962
6.63529396
4.11568642
2.42745090
3.75686312
2.36470628
2.76862788
11.49411774
16.20980453
13.53921795
11.92549133
18.39412117
12.38823509
15.52745056
16.47843361
13.93921852
18.39804077
14.54313755
6.69215679
4.40196180
2.38235331
3.27451015
2.81372547
2.85098076
10.56862736
18.02548981
13.65882301
11.95882511
18.67058945
13.88627625
16.24901962
15.50196075
14.33333302
18.37647247
13.37843132
6.89803886
4.21176529
2.70784378
3.04509878
2.80588245
2.68823528
9.44509888
19.73725510
12.86862946
12.31176567
16.98431396
16.30588341
16.47059059
14.89215851
15.39215946
18.81764603
12.23921680
7.55686235
3.99607873
3.23137259
2.92549062
2.60392189
2.86470604
8.52549076
21.63137817
12.04706001
12.51176643
14.66666508
17.76274872
16.73921776
14.07058716
15.60588455
17.41372681
11.41764736
8.47647095
4.04509830
3.81764722
3.22745085
2.30980444
2.73529434
8.69803905
23.54902267
11.68235397
12.86274529
12.58823586
17.66862869
16.67451096
15.20196247
15.07842922
14.12941360
10.35098171
8.88039303
4.38627529
4.38235378
3.52745080
2.39019632
2.75490212
8.53725433
24.92941284
11.47647190
12.66862679
12.08431435
17.12941551
16.53529549
16.17255211
15.38823509
10.87254906
10.25882435
8.64509964
4.80980396
4.74509764
4.40000010
2.89019632
2.81372595
8.83333492
25.24510002
11.69215584
11.96470547
12.49411678
15.81960964
16.66470528
16.33725739
16.27058792
10.09803963
11.07843113
8.74705791
5.11960745
4.91176462
6.35686398
2.97647047
2.38627458
9.64117718
24.01372147
12.02157116
12.09215736
12.72941208
14.02352905
17.67255211
15.88235283
16.81764603
10.72941113
12.55882645
9.37255001
5.26470613
4.94117737
7.93529606
2.51960802
2.29215693
10.89608097
22.60784340
11.99411869
12.35882473
12.39803886
12.83333397
17.53333282
15.96862888
18.23333168
12.43529510
14.12941265
8.93921757
5.40980339
4.71568680
7.74117613
2.14313769
2.37058878
11.98431683
21.06274796
13.48039341
12.93529510
11.20196056
11.79019737
15.68823528
15.81372547
21.73529434
15.56274700
15.29411602
8.22549057
5.72745085
4.21372557
6.24509907
2.03333354
2.13725543
12.87843132
19.62745094
14.67255211
12.73333454
10.08039188
10.04902077
12.19411755
15.18039513
23.18431473
20.45882607
15.71568489
7.51176453
5.97254896
4.03529358
4.12549067
1.79215705
2.18431401
13.10588455
18.20392227
14.97451115
11.69804096
10.09215641
8.30784512
9.03725433
14.43333340
22.38039589
22.54705811
15.00196171
7.03921652
6.13137245
4.21568680
2.88431478
1.69019651
2.22941184
13.75490379
16.23333549
15.24509716
10.64313698
10.21568680
7.49411726
7.36078501
13.63333416
19.30784416
22.00588226
13.54313946
7.41568708
6.22549009
4.17058849
2.48039269
1.87058854
2.35490203
13.89215851
14.64705849
16.31568527
10.45490360
9.67647171
6.80784321
6.71960831
12.08039379
15.30784416
20.18235397
11.06274605
8.27058887
5.90980339
4.02352953
2.23137307
2.14117670
2.49411821
14.42353058
13.61372662
17.67451477
10.89608002
9.26862526
6.64509821
6.50588274
10.92941284
13.01372814
16.66274834
9.28431606
8.31372547
5.33725500
4.03921604
2.14901996
2.30784321
2.31176496
15.14117813
12.80980587
19.81176376
10.95882225
9.16862869
7.93333387
6.24117756
9.67646980
11.55098343
12.29411888
7.95490313
7.88039207
5.03725529
4.09803963
1.99607873
2.41764736
2.19215727
15.46666813
12.36470604
20.78431702
11.41568565
9.24509811
10.06274700
6.21176481
9.31764793
10.48235416
9.54117584
7.24117756
7.12745047
4.86078453
4.14901972
1.92549050
2.61372614
2.10784340
14.69999981
12.40392208
20.88039398
12.71568775
8.88823700
11.92157173
6.48627424
10.16862869
9.18235207
8.13137150
6.38431311
6.70784378
4.68039322
4.32352972
2.31176496
2.91568685
2.21176481
14.37843227
13.73333454
20.50196457
14.77059078
8.90196037
12.82745266
8.52941322
11.72745132
8.66470623
7.43529510
6.49215746
6.25882387
4.89019585
4.55882406
2.75882363
2.99803925
2.21372557
13.77450943
15.26666737
19.39999962
16.01372528
9.72745037
13.38431549
10.32549000
12.53921795
9.09215736
7.33725452
6.92156792
5.69019651
4.70392084
4.36078453
3.11372590
2.79607916
2.24313760
13.13529491
16.00000191
18.28627586
15.96667004
10.11372566
12.60392380
11.37254906
12.62549210
9.75098133
7.80784225
7.70784378
4.95490122
4.13921595
3.91176486
2.82549047
2.75098038
2.40588260
13.04117775
17.54313660
17.49803925
15.38823414
9.71960831
11.37450981
11.76078415
11.02549171
10.59803867
10.65294266
8.12941265
4.60588264
3.86274552
3.34901977
2.29607821
2.39019608
2.42549062
13.04313660
18.30588150
16.65686226
15.31176472
9.50784588
10.12353039
11.65686417
8.81764793
11.51764774
14.05098248
8.31372643
4.53333426
3.87058902
3.00392151
2.17254901
1.93137300
2.41372561
13.32156944
18.15098190
15.88627625
15.84313965
9.47255135
8.90980339
10.87255096
7.31960773
12.32156944
14.88431454
8.34706020
4.36470652
4.06274557
3.27843189
2.06470633
2.16862774
2.54313755
13.34117794
17.35490036
15.26470757
16.46274567
9.68039322
8.87451172
10.72941017
6.98627567
12.66470623
14.05294418
7.94509888
4.26078415
4.24705935
4.06274557
2.19803977
2.11568642
2.54509830
12.98039246
16.34705734
15.06274605
17.26274490
10.56078434
9.31568623
10.72156811
7.23921490
11.55097961
11.53529453
6.64313745
4.21764612
4.10980415
4.64902020
2.41176510
2.28039241
2.18627501
12.76666641
16.15098190
15.05686378
17.78039551
11.13921642
9.77451038
10.30784416
7.39803982
8.80588055
8.86862755
5.66862774
4.45490217
3.51372552
4.97058868
2.73921585
2.52352929
2.32941198
12.74313736
16.45293999
15.30588436
18.46666718
11.17451096
9.95490456
10.15882111
7.11960888
7.02548981
7.29411793
5.79411888
4.37451029
3.08431387
5.07647133
2.72549033
3.15294170
2.66078472
12.61176586
17.30196190
15.30196285
18.51568604
11.22352982
9.91176414
9.67647076
6.45294237
6.70980358
6.93529415
6.21960878
3.70392156
3.25294161
4.93921614
2.70980430
3.28235340
2.67647076
11.84901905
19.06078529
15.00392342
18.07255363
11.87255001
9.74117661
8.49215698
6.46274567
6.44117737
7.52549076
6.00392151
3.35098004
3.32352996
4.70196104
3.47843170
3.40980434
2.84705901
12.30000114
20.28235435
14.83725739
17.66078568
13.80000019
9.72745132
7.93725491
7.25098038
6.47843075
7.90392113
5.30392170
3.46470547
2.94705892
4.51960802
4.36470604
4.02549028
3.24705935
13.04901981
20.43137550
14.81960869
16.58039093
16.05882454
9.88235474
8.13725567
7.53529406
6.62156916
7.60196114
4.77450991
3.52745104
2.61764717
4.18823576
4.60980463
4.05294085
3.37843180
13.51372814
20.54509354
14.38039398
16.49215889
17.37842941
10.21764660
7.67058849
7.00980473
6.90196133
6.86470604
4.51764679
3.65098095
2.37843204
3.66274548
4.36274576
4.09019613
3.03725481
13.96274567
20.55686188
14.97646809
16.69215775
17.40980530
10.35686111
7.23529530
6.46274519
7.45490360
6.62156868
4.56274462
3.58823514
2.49411798
3.23921609
4.16274548
3.99607873
2.78039241
14.55294418
20.03137016
16.69019508
16.88627434
16.38235474
10.15882492
7.24313688
5.95490217
7.26666689
6.25686312
4.73529339
3.44902015
2.44509816
2.87058854
4.36862755
3.95490193
2.69411778
15.69608116
19.99804306
18.79803848
15.95686340
15.38235378
10.56666660
7.44313812
5.95490313
6.35490322
5.70392179
4.77450943
3.59999990
2.21764755
2.83921576
4.57843161
4.12549019
2.67843175
16.25294113
20.49608231
19.91372681
13.89019775
14.43725491
10.97451019
7.58627415
6.01568651
5.69803953
5.38431358
4.96666622
3.96666718
2.01568651
2.96470594
4.24901962
3.98823547
2.77058887
15.20588303
20.81960678
20.83333588
12.27451134
13.50000286
11.81372643
8.15294075
5.83529568
6.05686331
5.65098047
6.23333359
4.21960783
1.91176510
3.04313779
3.93725514
3.84117651
2.74117708
13.91568470
21.14509773
20.34117699
11.72745228
12.41372681
12.31372643
8.73921490
5.81176567
5.72548962
5.94705820
6.26274681
4.64509869
1.96862781
3.14313745
4.01764679
4.23725557
2.61568666
13.33137321
21.31569099
19.14509964
11.58039474
12.24509716
12.46274662
8.77647114
6.05490255
5.40000010
5.85490227
5.51568699
5.30784273
2.13529468
3.23725486
4.15882397
4.53333330
2.83921599
13.41176605
20.94313812
17.27255058
11.35686684
12.39019680
12.02941322
8.42549038
6.35490274
5.22549009
5.46078491
5.67451000
5.70392179
2.75294137
2.91372538
4.44705915
4.61176538
3.07450986
13.71176720
21.81176758
15.01568794
12.35686684
12.64902020
11.24117565
8.02941227
6.33921671
5.21372652
5.36862707
6.16078520
5.89411783
3.14901972
2.51764727
4.71960783
4.60196066
3.19215679
13.43333340
21.48039055
13.16274548
13.26078510
12.95490265
11.21764660
8.35882473
6.23333359
5.84901905
5.34902000
6.55882549
5.42156982
3.13921642
2.71568632
4.72352982
4.52745104
3.15686297
13.47058678
19.53725815
12.19215775
13.79019833
12.46666718
11.59804058
9.82352924
6.72156858
6.61568737
5.52353001
6.51372528
4.70980406
2.88823533
2.79019618
4.37450933
4.58823490
3.30588245
14.98627472
17.94705772
11.41372585
13.95490456
11.65294075
11.97843361
11.51372719
7.27647114
6.98235369
5.64901876
6.05490208
4.12156916
2.85882401
2.52353024
4.51372623
4.28235292
3.75098085
14.86274529
17.69411850
10.71568871
13.32156944
11.28823471
11.97843170
13.38235283
8.11372662
6.73137283
5.58039236
6.04117680
3.83529401
2.78039217
2.50980425
5.20196104
4.15294170
3.71764755
14.39607906
17.40588379
10.61372471
13.28627586
11.28235340
10.85097980
15.03333473
9.39804077
6.54117680
5.71960831
6.31372643
4.05490208
2.55882382
2.63333321
5.38823605
4.25294113
3.09607887
15.19215965
16.59803772
11.19804096
12.94705963
11.57450962
9.48823738
15.49607658
11.52744961
7.05098200
6.10784388
5.98235321
4.28039169
2.50784373
2.80196095
4.85686302
3.62549114
2.56470633
14.90980530
15.79215813
11.66666603
12.30000114
11.31176376
8.52941132
14.67058945
13.90196228
8.49607849
5.91176510
5.76078558
4.70196104
2.35098100
2.91764736
3.79411769
3.42156863
2.63725519
13.21372700
15.09412003
12.27058697
12.15686417
10.29607964
8.18823528
13.67059040
15.88823605
9.54313850
5.80392265
5.40784359
4.62549019
2.38823509
2.72156906
2.84705853
3.62549019
2.52745152
12.35097980
14.77647400
12.80392265
12.23921680
9.88039207
8.46078300
12.55686474
16.20588303
11.35490322
6.76274538
5.43529415
4.19019651
2.24705911
2.50196099
2.82941175
3.66666698
2.45882368
12.43529415
14.68823814
13.00980568
11.33333492
9.99607849
8.68431377
11.49019527
15.19412231
13.50980282
8.01372528
5.46470642
4.03333330
2.39411807
2.54117680
3.32549071
4.08627510
2.58235335
12.42156792
14.47059059
13.52549171
10.48235226
10.34117889
8.82353020
10.76470566
14.00980568
13.90588188
9.13725567
5.52156878
4.43725443
2.48235297
2.28627491
4.05490208
4.49019575
2.92549038
12.08823586
13.81960964
14.41568756
9.17843246
10.82941246
9.42156982
10.27058887
12.77647018
13.65882301
9.92353058
6.04705954
4.64509773
2.54117680
2.59803939
4.87058830
4.98039293
3.43921638
11.99608135
12.75098038
16.10784340
8.94901943
10.84902191
9.88431454
9.56470680
12.24117756
13.59411907
10.44313717
7.07843208
4.50784254
2.89215732
2.80588245
5.27254963
5.39411783
4.00000000
12.37843227
12.11372757
18.35098076
8.70588303
10.62549114
9.95098019
9.09803963
12.10588264
13.82353210
11.30392265
8.24509811
4.48431396
3.09803963
3.02352977
5.68235302
4.91764832
4.36862850
12.89019775
12.73137188
19.93725204
10.70784283
10.35294151
9.16666794
8.33921528
12.49803734
14.02353096
12.31568623
8.59607792
4.45098019
3.20588231
3.15294170
4.79803944
4.30196142
4.37058878
13.18627453
13.58823586
19.45882225
14.95882511
10.40980434
8.39215660
7.51568794
11.97058868
13.86078835
12.64313793
8.71568775
4.54509878
3.15294123
3.34902000
3.28627443
4.80784273
4.31960773
13.18627548
14.33921337
17.91960716
17.66078377
10.42745113
7.56666756
7.21960831
11.00392342
12.80392265
12.56666756
8.48431396
4.49803925
3.58235335
3.57254934
2.53725505
5.12941122
3.70784354
12.89608002
13.99607849
15.27254868
18.58038902
10.80980682
7.39215660
7.34313726
9.90980434
11.67254829
12.30000019
7.40980530
4.34117651
3.70980406
3.73137236
1.93921578
5.39607811
3.88627481
12.88235283
14.23529625
12.26078606
18.47058868
11.43725395
7.63921642
7.42353010
9.10588264
11.31568623
10.63921738
6.62745142
4.70980406
3.51568627
3.75294089
2.30196118
5.74117613
3.91960812
13.07647324
14.87647152
10.20195961
18.18235397
11.98627472
7.71568680
7.30784321
8.67843342
11.12549210
8.93529510
6.61764860
5.18039227
3.38627481
3.48039246
2.34117651
5.78235388
3.40196061
12.62745285
15.12549210
9.80784321
17.22941208
13.79411983
7.69411945
6.94901991
8.37451077
10.70391941
8.39019680
6.67843151
5.16078377
3.04902029
3.03137279
3.24705911
5.61568737
3.47647119
11.74313927
16.09019661
10.37254906
15.83921909
15.03137302
7.75882435
6.83921528
8.10784245
10.43921471
8.97451115
6.71764803
5.20588398
2.77254963
2.77254915
5.68431425
5.56666803
3.37254953
10.98627472
17.01372719
10.70784378
14.98823547
14.56862736
7.98431540
6.85490179
7.91960859
10.29411697
9.36470604
6.66274500
5.18431473
2.69803977
3.02745152
7.85098076
5.25686312
3.20392203
10.36078453
17.37451172
11.68823528
14.28039360
13.35490417
8.45686340
7.00000095
7.80196047
10.10392094
9.20588303
6.83725500
5.15490198
3.34509802
4.29019642
8.18235302
4.01764679
3.17254877
10.05098248
16.87647057
12.63137341
12.87451077
12.19804096
8.75882339
7.12745190
7.92353010
9.49411774
9.09019756
6.41764736
5.21568727
3.85098100
5.75294065
7.31568718
3.20784330
3.23725462
10.47255039
16.28235435
12.52941513
11.67451191
11.39019585
8.83529472
7.02352953
7.76666832
8.72745037
9.32941341
6.40588284
5.20196056
4.21568680
6.81568670
5.73921633
3.02745152
3.20196152
11.47647095
15.81176567
12.87451077
11.72157001
10.48235321
8.34509945
7.00196123
7.13725662
7.99607944
9.20392227
6.38431358
5.12941265
4.23725462
6.76470709
4.51568747
3.10392189
3.18235302
12.00980377
14.65098190
13.84706116
12.69019699
9.93529320
7.63137341
7.30392170
6.84705782
7.20980501
8.90196037
5.96666718
5.16274595
4.11176491
5.75490332
3.97058797
3.20980406
3.41568637
11.73725605
14.16470528
14.35686398
13.47647190
9.58431244
7.45686340
7.41764688
6.70784378
6.83529425
8.10980320
5.86862755
5.03529406
4.08039236
4.69411850
3.82352972
3.26862764
3.45098042
11.62941360
15.00980473
14.83921814
13.74902153
10.46862793
7.46666765
7.18823624
6.33137369
7.05294132
8.07058907
5.74902010
4.68627548
3.85490251
3.87647152
3.54117703
3.51960802
3.13529420
11.20196247
15.54314041
15.57058716
13.43725395
11.42549229
6.88235426
7.11176586
5.69215727
7.32156944
8.81568527
6.06862736
4.54313755
3.54902005
3.76274514
3.51372552
3.55686331
2.90196109
11.04117680
14.74313831
15.71568775
12.44705963
11.07451057
6.37058830
7.41372633
5.34705877
7.09803915
9.43137169
6.62745094
4.59215736
3.55294180
3.33333397
3.29803991
3.52549052
2.91568685
11.04509830
14.48823547
15.55294418
11.56470680
10.27450943
6.37058926
7.20196152
5.26274586
7.35294151
9.23921490
7.33921719
4.76078415
3.88823533
2.56470585
3.47843146
3.64901972
2.85490251
10.66078472
14.14706039
15.38431454
11.83529377
10.33137226
6.65686369
6.17647171
5.31764746
7.80588341
10.11764908
8.13921642
4.78039217
3.64705920
2.17451000
3.65490270
4.00784349
3.09999990
10.13725471
14.49999905
14.67255020
12.56862831
11.04313946
6.64705944
5.53529406
5.14705896
7.74509907
12.09019661
9.57646942
4.71764803
3.51764727
2.53529453
3.63333368
4.34705925
3.31372571
9.98235130
15.04313755
13.89411736
13.31176662
11.07646751
6.72941256
5.43333340
5.07058811
7.55294323
13.46470642
9.59215736
4.98627472
3.65294170
3.03725553
3.33921623
4.22745132
3.40784335
10.01176357
15.29804039
13.35098076
13.84902096
10.52353191
6.93137360
5.28627443
5.39215660
7.56274462
13.06862831
8.15882492
5.18823576
3.29019594
3.53333354
2.97843170
3.83137226
3.41372585
10.17646980
14.94705868
12.43529510
13.80391884
9.98627758
6.94509888
5.35490131
5.70196152
7.52941275
11.19607830
6.44313765
5.02156973
3.12352967
4.04117680
3.06274605
3.55686355
3.09607887
10.19607830
14.61960793
11.55098057
13.32549286
9.19019604
7.17058849
5.76470709
5.77254915
7.23725605
8.55490208
5.77058840
4.83725500
3.09803963
3.71764684
3.10980439
3.22941208
3.05882382
9.70588303
14.56470680
11.37843132
13.04313946
8.78431225
7.24901915
6.21176529
5.49607849
6.66666603
6.54901886
5.30196142
4.67058849
2.97451019
3.24117708
3.23921585
3.19019628
3.00588250
9.20980358
14.48235416
11.23529434
12.99215794
8.62156868
6.99411774
6.44509840
5.35686350
6.64509964
6.77843189
5.24509811
4.81176519
3.47647095
2.96666694
3.46470571
3.34117603
3.07450986
8.85686398
14.66078472
10.57059002
13.30392456
8.58431435
6.65686417
6.14902067
5.31176472
7.11176586
7.09215736
5.62745142
4.87843132
3.23137236
2.79019642
3.38235331
3.34902000
3.01568675
8.87254810
14.94901657
10.33529282
14.00392056
8.76862907
6.65882349
6.22549057
5.32352924
7.34313679
7.12353086
6.24117708
4.79215717
3.45490265
2.97451019
3.28823590
3.74901986
3.12745142
8.79019737
15.32353020
10.66274548
15.06666851
9.78431511
6.77058840
6.46470737
5.69215679
7.29803991
7.41176510
6.43529463
4.70784330
3.32156873
3.31176519
3.30784321
3.88235354
3.40588236
8.49215794
15.05490398
11.12156868
15.73333454
10.70392132
6.71960831
6.23529577
6.30588293
7.05686378
7.38039255
6.09804010
4.93529463
2.91568637
3.25098085
3.50784326
3.55882406
3.43725514
8.55686378
13.96862793
12.00588036
15.71568680
10.74510002
6.62941170
6.06274557
6.69607782
6.72745132
6.75098085
6.08235312
5.63921595
3.13725495
3.17647076
4.09607887
3.94117689
3.53529429
8.13529491
12.86666679
12.56666756
14.58235359
10.63333130
7.18627548
6.17843342
6.86862850
6.31176615
5.85882378
6.23137331
5.62745142
3.12156892
3.30196071
4.34117746
4.02941179
3.49019599
7.99411774
12.40392303
13.53333282
13.05490208
10.72745323
7.50980473
6.23921728
6.84509754
6.00196123
5.33529425
6.15686417
5.17647171
3.03333378
3.66862774
4.20000076
3.82352948
3.75098062
8.41372585
11.97058964
13.87451267
12.30784416
10.58431435
7.21372557
5.85882473
6.44117689
5.52156782
5.66666603
5.88627434
4.97254944
3.10588312
3.51372600
3.69803953
3.61176491
3.96666694
9.20196152
11.70196152
13.77451324
11.83137321
10.35490227
7.33921576
5.51372528
6.21372509
5.18431377
5.96078444
5.90000010
4.70980358
3.37647104
3.21960783
3.48039269
3.46274519
3.86078429
9.70784378
11.04313850
13.21960831
11.73137283
10.44509792
7.50588131
5.74117661
5.85098076
5.30392218
6.11176586
6.23725462
4.48823547
3.47647071
3.26470613
3.42549038
3.75098085
3.65294170
9.81568718
11.15293980
12.90392303
11.57843113
10.77450848
7.91960812
6.10196018
5.76666689
5.75097990
6.27255058
6.14705944
4.42549086
3.32941198
3.16470695
3.38627481
3.26666760
3.49803996
9.40588284
10.89215946
12.71372604
10.51568699
10.76470566
7.95294237
6.10392141
6.20588255
5.84117699
6.18039179
5.62941170
4.18823624
3.47647095
3.06078458
3.54117656
3.08235312
3.39803958
8.73137283
10.28235149
13.11765003
9.90784359
10.50588322
7.83921671
5.98235273
6.05294180
5.58039236
6.32941294
5.28823566
4.00980473
3.89411855
3.22745109
3.56274533
3.23725533
3.30980396
8.29804039
9.75294113
13.61176586
9.90000057
10.77451038
7.57843208
6.10000038
5.92745113
5.66274643
6.78431273
5.76470613
4.55882311
3.98235321
3.42156839
3.85294151
3.66862798
2.82745171
7.92353106
9.51764774
13.86666870
9.94509983
10.75097942
7.16862774
6.52156878
6.08235312
5.77254915
7.04509783
5.80392218
5.28235340
4.00000048
3.45098066
4.08039236
3.81372595
2.95686293
7.71764660
9.44706059
13.39999962
9.90784359
10.34117699
7.35882330
6.99019718
6.13137293
5.66862726
6.94509792
5.80980539
5.91960812
4.22352934
3.51372600
4.13529444
3.65098071
3.21176505
7.90000010
9.08039379
12.47647095
10.49019814
9.90980339
7.87254953
6.84117794
6.25294209
5.75490236
7.09019566
5.91568565
6.51372671
4.00392199
3.56078506
3.96666789
3.50784326
3.31568646
8.21372604
8.86470795
11.69019604
10.77254772
9.40392113
7.80784369
6.70588303
6.67451000
5.27451086
6.67843246
6.11372614
6.85098124
3.70196056
3.45686293
3.63529420
3.43137288
3.10784316
8.44313908
8.58823681
10.80588245
11.23725224
9.06274605
7.22745037
6.80980492
7.11960793
4.63725424
6.46470499
6.65686178
6.92941141
3.68431377
3.29803944
3.11960816
3.51764750
2.99804020
8.62744999
8.01568890
9.94117737
11.06274700
8.92941284
6.61764717
6.76666546
7.08235312
4.77254868
6.26078463
6.91568708
6.93725538
3.56274533
3.27450991
3.00784349
3.80980444
3.11960769
8.79019642
8.10784435
9.60588455
10.55686283
8.58235264
6.15098047
6.79803944
6.72549152
4.78627491
6.17451000
6.30980349
6.62353039
3.46470642
3.36666703
3.37843156
3.82745171
3.30196142
9.07451057
8.60784340
9.50392151
10.08039284
8.20000076
6.26470566
6.54902029
7.02745056
5.09999943
6.21568680
6.81176472
5.80784369
3.32549071
3.05686331
4.18627453
3.57451010
3.48235321
9.64509869
8.66666698
9.40980434
9.64509773
8.07450962
6.54706049
6.45294142
6.82549095
5.73725510
6.49411869
7.63137293
4.95686388
3.05294132
2.72549033
4.60588264
3.68235326
3.56470656
9.58627415
8.85882473
9.39411926
9.54313755
7.84313631
6.46862793
6.38235378
6.39019632
6.05686331
6.77254963
8.01568699
4.98039246
3.00000048
2.97451019
4.63725519
3.66666651
3.61568642
9.69215775
9.30392265
9.55686188
9.71372604
7.59215736
6.24509811
6.49215698
6.11372519
6.11176586
7.42156887
8.14705849
5.33921528
2.76470613
2.94509840
4.20000029
3.35098052
3.69607878
9.97254848
9.48235416
9.73725605
9.72941208
7.41176462
6.11568546
6.56862783
6.07843208
6.49215841
8.35490227
8.42941189
5.33921576
2.95098138
2.69411802
3.79411769
2.99215674
3.41568613
9.97255039
9.40196037
9.70392418
9.11960983
7.18431425
5.89411783
6.47843122
6.09803963
6.88823605
9.10196114
8.54510021
5.21176481
3.37451005
2.45882392
3.48431420
2.94313765
3.23333359
10.32549000
9.23137283
9.69411945
8.37058830
6.90784359
6.01764774
6.64313745
6.33137321
6.83137321
8.91568661
7.84706068
4.94313717
3.37254930
2.23529434
3.20980453
2.99019647
3.46862721
10.88431358
8.74705791
9.81568813
8.34901905
6.67254972
6.56078577
7.09215784
6.73333359
6.58039188
7.83333397
6.59411716
4.72941160
3.65686345
2.55882382
3.10000038
2.90784335
3.51764774
11.08039284
8.63529396
9.46666908
8.32745266
6.57254887
6.64509869
7.48627424
6.64313841
6.57254934
6.65882349
5.12352991
4.30588245
3.58431411
2.68039250
2.92941165
2.99803948
3.47843122
10.33529568
8.64901924
9.58039474
8.07647228
6.39215803
6.37647104
7.48039150
6.26274443
6.32549143
5.80784273
5.27843142
4.37058783
3.52156878
2.62745118
2.86470604
3.00392175
3.46862769
9.37450981
8.71764755
10.06274700
7.49607897
6.26078463
6.57843113
7.76078606
6.25294113
5.82549000
5.01176500
5.62352991
4.49411774
3.76470590
2.47450972
3.00980425
3.20196080
3.23137259
8.22353077
8.53137112
10.06666660
7.29215670
6.23725510
6.42745066
7.38431454
6.43529510
5.55882502
4.44117641
5.78627396
4.43725538
3.75490212
2.49215698
2.99215746
3.07843208
3.13725543
7.66078520
8.47451115
9.40784264
7.58431530
6.51764774
5.87058783
7.13333416
6.99607849
5.61176443
4.89411879
5.52745247
4.19804001
3.72156978
2.37450981
3.05098104
2.93921566
2.89803982
8.00980473
8.69804001
9.06078529
7.62156916
6.54705906
5.73921633
7.39608002
7.58039188
6.10196114
6.12745142
5.20588255
4.18627501
3.86274481
2.30196071
3.27254963
2.98627448
3.18235326
8.43921661
9.21176624
8.84705830
7.51176500
6.31176519
5.93921661
7.43333435
7.24705982
6.40000057
6.42745113
5.00000000
4.43137264
3.77450967
2.50784302
3.24117708
3.02353001
3.13529468
8.71176529
10.10196304
8.35490417
7.64705944
6.46470547
6.19803953
7.55098152
6.64117670
5.91960955
5.89803934
4.76470709
4.54901934
3.63921595
2.51568604
3.25490212
3.23137307
3.02549052
8.89411926
10.32353306
7.78235388
8.13725567
6.63725615
5.82353020
6.81372595
6.43921614
5.41960859
5.82156849
4.70392132
4.40392256
3.30588222
2.74117661
3.40784359
2.96470666
3.09411788
9.68431282
9.95294285
7.31176567
8.44117737
6.82353115
5.20784330
5.68039227
6.17254972
5.23333359
6.42549038
4.80392218
4.31960821
3.20784307
2.79607844
3.28431416
3.08431387
3.07843137
10.40980434
10.01372433
7.61372662
8.22352982
6.83725500
4.98235273
5.24313736
5.86274433
4.92549038
5.94313669
5.01372480
4.15490294
3.23137259
2.84509802
3.37450981
3.01568699
3.15686321
11.11960793
9.97255039
7.93137312
8.25098133
6.63921547
5.06078434
5.27647209
5.52156830
5.36862850
5.02156830
4.95686293
4.32156897
3.16078472
3.25098085
3.48039293
2.92941236
3.15294123
11.22940922
9.86470699
7.82548952
8.25294209
6.54313850
5.00000000
5.06862783
4.95294094
6.16470623
4.93529510
4.82941294
4.26274538
3.20392156
3.47843146
3.28039217
2.97451067
2.99803948
11.63333416
10.21176529
7.82156849
8.15490150
6.69215822
5.04901934
4.62352991
4.45294142
6.43725538
5.00588226
4.62156868
3.95882416
3.21176481
3.28235388
3.05294156
2.91176510
2.95294142
11.18431473
10.79215813
7.78039265
8.55098152
6.76666594
5.11960840
4.16666698
4.45098114
6.02941275
5.07843113
4.50980473
3.94901967
3.05098057
3.22549081
3.12156868
2.83921599
2.99411774
10.11568642
11.32353020
7.71764660
8.70784187
6.66862679
4.97647047
4.05882406
4.75686264
5.29803991
5.51176453
4.86666679
3.95294118
3.17843175
3.20392203
3.25882411
2.97647071
2.98235321
9.58235359
11.91764641
6.98823595
8.53137302
6.93529510
5.24313736
4.49803972
4.70784330
4.79215717
5.76666641
4.73921585
4.01960850
3.89019585
3.01764727
3.30392241
2.83137274
2.75686336
9.05686283
12.56078339
6.62745190
8.42745209
7.64117622
5.51176596
4.90392113
4.68039274
4.80980444
5.68431473
4.42549038
4.15490246
3.90980434
2.95098066
3.08823514
2.89803934
2.85686326
8.82156944
13.40196228
7.14901876
8.06666660
7.62352991
5.40588284
5.36274529
4.62941170
5.00000000
5.84509802
4.84705877
4.41372633
3.71960807
3.03137302
2.86078453
3.04117656
2.89411831
8.58039284
13.55686378
8.37647152
7.48823547
7.53921556
5.30784273
5.55490208
4.62941122
4.82156897
5.40196133
5.24509859
4.47254848
3.55294180
2.97058845
2.78431392
3.26274610
2.98039222
7.92745161
13.35882378
9.26274395
7.01764822
8.09215736
5.61960793
5.46470642
4.62156868
5.18823528
5.04706001
5.16274548
4.14902020
3.83333349
3.09215736
2.78235316
3.21568656
3.34117723
7.41960812
12.33921623
9.84313583
6.92548990
8.57647133
6.59215784
5.20784378
4.63529396
4.98823547
5.28235340
5.03137302
3.86666703
3.73921633
2.61960769
2.75098085
2.88823557
3.71764731
7.16862822
10.69607925
10.36078548
6.79804039
8.34117603
7.50588226
5.17451048
4.69019604
4.81960821
5.55882406
5.06470585
3.87450957
3.29803967
2.48627448
2.65294123
2.82549047
3.62549043
6.89607906
10.10196114
10.65490341
6.37843227
7.61176586
7.51960707
5.37843180
4.70588303
5.06470633
6.05294132
5.33137321
4.02745199
3.40196133
2.52352953
2.60000014
3.09215760
3.25686312
6.35882378
10.29215717
10.76862907
6.28235340
6.84706020
7.13921642
6.07451010
5.02353001
5.75294209
6.28627443
5.19019604
4.17058849
3.31568646
2.69411802
2.50784326
3.01764750
3.03921604
5.59019661
10.19215679
10.62549305
6.70980358
6.89215803
6.61960840
6.81764650
5.30196047
6.32352924
5.61568642
4.78039122
3.84705901
3.13921595
2.55490208
2.30588269
2.67451024
2.80392170
5.41960859
9.55686378
9.56470680
7.23333359
6.72941208
6.18823624
7.03529453
5.41176558
6.32156944
5.12352896
4.38431358
3.89803934
2.90196061
2.58823586
2.32745123
2.86078453
2.80392170
5.26274347
9.33529282
9.71372604
7.23333406
6.42156935
5.93725586
6.88627625
5.50196075
5.79215765
4.59803915
4.10392189
3.79411769
2.97058821
2.84313750
2.55294132
3.30000067
3.27254891
4.77254820
8.86274338
9.89019585
7.24313784
5.84705925
5.72353029
6.10392189
5.28235245
5.59019756
4.28431416
3.86862803
3.54509854
3.17647076
2.66666722
2.70196128
3.24509859
3.38823509
4.63725519
8.08235455
9.34117603
7.42549133
5.54313660
5.66274548
5.25490189
4.79215717
5.63921547
4.36666727
3.77058840
3.58431387
3.10392213
2.49607873
2.70196080
2.99607873
3.29019594
