24.17058563
22.76078987
22.20392227
21.32352829
22.52353096
21.10000038
20.99411964
20.22352791
22.16274643
20.04509735
19.78627586
21.78431320
21.05294228
19.52745056
20.64902496
21.68235016
21.77255058
22.70588303
25.20000076
22.67058945
23.02353287
21.40391922
22.16078758
20.76274490
20.03725815
19.52941132
22.64313889
19.64902306
20.55097961
21.99019814
20.26666641
20.60391617
20.61764717
21.35490227
22.10392189
24.28431129
24.86863136
22.33333206
22.28823853
21.62352562
21.49019051
19.93922043
18.12548828
18.89411736
21.73137283
19.14705849
21.01568604
21.24705887
18.90784645
20.80392265
20.70392036
20.17450714
21.72745132
23.66666794
23.86274719
20.92353249
20.74510193
20.80588341
18.96078300
18.33921623
16.16666794
18.49020004
18.95882034
18.04705811
18.81176376
19.91960907
18.19607735
19.66470718
19.95882416
18.59019661
20.96078300
21.52745247
22.99804115
20.14314270
19.52548981
18.84117889
17.21961021
17.70392227
15.91568756
18.86274338
18.51764679
18.08627319
18.12352753
19.63726044
17.12352943
19.48823929
19.53137589
17.50000000
19.80000687
21.11568260
22.26274300
20.75490379
18.85097504
17.70196342
17.93921661
18.54510117
17.08627701
19.90784454
20.13137436
18.91176796
20.24706268
20.15490150
16.09215927
20.38039017
18.70784187
17.15098190
18.54706383
20.42940712
22.72941208
21.39803696
19.17058754
18.13137436
19.52548981
18.72157097
18.59607887
21.07843781
22.21764565
20.31764603
22.44902229
20.64509392
17.20980835
20.45490265
19.35294151
17.63333321
18.51765251
20.47059059
23.94118118
23.58627319
19.87843323
18.88039398
21.46274757
19.67646980
21.65098381
23.74313354
25.50588036
23.05685997
23.61764526
21.29412270
22.02353096
21.61764717
20.19607735
21.81372070
19.33137321
21.93136978
24.52353287
24.96666718
21.00000572
20.91960716
22.44705772
21.13137436
23.99020195
25.42353439
27.21765327
23.73529816
24.84902382
22.00000191
25.54706383
24.61764717
21.74510002
24.00980759
21.33725357
24.14509773
23.81765366
24.47451019
23.41372681
24.40000153
22.37254715
23.27255249
26.01765060
26.54117775
27.41764832
24.00980949
25.91372681
22.78431892
27.74706650
27.63921738
22.26078606
24.21961212
25.33922195
26.65686417
23.77647018
23.93725395
24.62157059
26.24118042
21.67058563
23.64313698
26.56863022
25.54706192
25.13921356
24.31176567
26.92353439
24.63529396
28.41568375
28.15098381
22.14902496
23.98823738
25.52745819
26.07647896
23.26274490
23.62941360
22.89019775
26.52548981
22.03725243
22.91764832
26.33333588
23.81764793
24.18431282
23.65490341
27.02353096
23.63725471
26.07843590
27.60392570
20.93137169
23.75686455
24.86273956
24.60195732
22.53137970
21.92352867
20.67059135
25.59020233
22.53921700
22.03921890
25.56666946
23.21176910
25.79019737
24.32353210
25.91960716
22.26079178
21.19804382
23.62941360
19.53333473
23.19215775
24.62548637
24.58235168
20.82745743
20.75294113
18.90000534
23.74510002
22.25882530
21.06078911
24.36470795
24.19412231
25.20980072
24.19215775
23.64314461
19.64509583
16.02941132
16.34313583
19.25098038
23.35686302
25.02157402
23.38823700
19.87059021
19.79804230
19.16471100
22.29019737
22.07647133
20.93921661
24.07646751
23.98823357
23.27843094
22.95685959
20.02549171
19.68039322
17.43921661
14.60784435
21.24510002
22.67451096
24.44117165
22.40391731
19.04902077
19.60196114
19.05882263
20.81568909
20.05294609
22.66470528
24.07843018
22.34705734
23.04706383
19.89608002
16.38627625
21.15686607
22.96274757
16.08627701
22.66863251
21.15882301
22.89411545
21.78823090
18.25686264
19.61765099
18.00980377
19.01176453
17.51960373
23.85097885
23.51961327
20.70588303
23.75098419
18.38431168
14.72352886
22.22157288
25.92744827
18.19215775
22.83333969
20.15294266
21.80588722
20.71764946
17.74901962
20.76470566
16.40980530
16.59999847
17.16862869
23.30784607
21.64706230
19.13921738
23.16470909
18.33529663
14.40980530
22.91568947
26.14509964
21.09608269
22.21176910
17.80392075
19.60196686
20.41960716
16.03137398
21.72353172
15.54117775
14.19999981
18.24706078
19.30196190
18.13921928
17.99804115
20.37254715
19.28431320
15.50196266
23.75294304
23.60784149
22.79216766
20.17646980
13.94314003
16.86666870
20.44313812
15.15098381
22.41175842
14.94313622
14.23333168
19.16666794
15.28235435
15.46078205
17.46666908
16.85294151
19.20392227
15.44902134
23.64509773
20.95293999
21.76078033
17.70195961
12.42745113
15.32548904
19.44902039
15.00392246
21.74706078
14.61568928
14.37255001
18.90392303
13.61764717
12.85490322
17.59215736
14.66862869
18.45294189
14.33921814
22.78627396
17.68235397
15.88235474
14.58431625
11.91372681
13.79412079
18.11960793
15.08039570
21.69608116
13.76274586
14.35098457
18.49804306
12.61176968
12.07058811
16.63137436
13.22941208
17.21176720
14.73921776
21.20196152
15.58627510
12.87058735
13.66078568
11.85686302
12.00784397
16.40784264
15.49608040
23.08431625
12.63333416
15.62941360
18.40784454
12.48823643
12.11372757
15.84901905
12.36862755
16.02353096
14.97255135
19.60195923
14.56666660
12.32745171
13.67254829
11.14509583
10.47451115
14.27255440
15.25882149
24.55294418
13.19411755
16.27451134
18.85098267
13.07254887
12.25490189
14.63921547
12.44117928
15.28431511
14.10588360
17.75686646
14.00784397
12.32745171
13.78431225
10.64313602
10.30196095
13.83529758
14.36862850
24.24705696
14.56470776
17.09019661
20.03333473
13.67646885
12.19804001
13.45098305
12.84509850
15.25490284
13.15098190
15.78627777
14.26667023
12.50980663
13.89803982
10.50196075
10.37647152
13.86078644
13.57254791
22.86470795
15.38431454
17.53137016
19.87255096
13.10784245
12.31764507
13.00196266
12.95098305
15.06666851
13.59607983
14.48627472
14.67451000
13.30000114
14.38627529
10.66862869
10.56666756
13.93921566
13.35882378
22.20588303
16.13725662
18.10980415
19.81764603
13.59803963
12.89804077
12.49804115
13.03529358
14.73921871
13.87451077
13.89999962
14.42353058
15.02353096
14.63725662
10.61176395
10.79804134
14.06666660
13.73921585
21.58235168
17.21764565
18.64902115
20.35490608
15.18823528
13.79607868
12.62549114
13.74901867
14.05294037
13.30980492
13.04313755
13.17451096
15.75294304
14.47254658
10.58039284
10.71764851
13.23333168
13.11960983
21.35686493
18.15098190
18.87843323
18.17058945
15.34117985
14.64313889
12.82353115
14.80784607
13.49608231
12.95686150
11.66470528
11.20196152
16.39412117
14.16078472
11.00980282
10.30980492
12.45490170
13.63333607
20.84705925
20.69999886
18.39411736
16.44509888
14.74706078
15.40588284
12.66470718
14.32549095
13.51764965
12.92157078
10.88823509
11.79804039
17.03333282
13.06274605
10.80000114
9.85882282
11.76470757
13.93921661
19.24314117
23.91960907
18.41568947
15.40588379
15.47255039
16.41764832
12.64117813
12.78235245
14.84705830
12.33725643
10.40588474
11.18823528
17.21568871
11.18823719
10.77255154
9.97254848
11.72157001
14.33137226
18.65882492
25.59216309
18.06274796
15.53137112
16.26862717
17.31176376
12.65294266
12.27843285
15.64509678
13.32156944
10.33725643
10.32352924
16.73529434
11.20000267
10.62745190
10.45686150
11.97450829
14.43725491
17.16862869
24.94705963
18.39411926
16.36666679
17.65686607
18.48039627
11.95490456
12.18235111
15.49019814
16.85686111
9.69999981
10.25686073
16.87451172
11.35098076
10.33529568
10.21764660
12.03137398
14.83137703
15.95097923
23.87843323
19.73725510
15.60784245
18.98627472
18.01372719
11.28039360
12.08039188
15.13137341
19.39019585
9.59999943
10.25686359
17.85882568
11.31764603
9.95098019
10.47254848
11.94313812
15.18431187
15.02941322
22.85098267
22.66274643
15.18039227
19.21765137
16.98823738
10.88039303
11.84901905
15.04117870
20.80784607
10.14902020
10.08431530
18.49804115
11.84313869
11.33529377
10.01960754
12.00196075
15.61372375
15.29804039
20.55882263
23.19215965
15.60196304
19.10000229
16.16274452
10.95686531
11.65490437
16.00784302
20.41176605
11.81764793
10.10588360
19.72941780
12.41764832
11.49804020
10.76666737
11.95686340
15.37451267
15.07058811
16.03333473
20.63333511
16.08039284
19.07058716
15.74117661
10.73529434
11.67058849
16.93725777
18.73333359
15.26078892
13.00784302
19.96274185
13.32156944
11.37647152
11.25686264
11.45490265
15.48823929
14.37450600
13.18235397
17.60784149
17.13529587
19.48431396
15.02157021
10.79215908
11.73921394
17.82353401
17.37059212
18.11372948
18.70784378
18.56862640
13.74706173
10.46666718
10.45098114
10.99803925
15.04510212
13.41372490
11.77451038
17.30980492
18.00980377
18.74509621
14.25490379
11.21176338
11.75686550
18.83529472
16.49803925
22.24706268
25.62549400
15.92549133
13.04705906
9.73333454
10.14705944
11.08039188
14.13921738
13.05882549
11.97451115
17.02352905
19.04901695
17.17058945
14.01372623
11.15490341
11.80196190
18.91764450
16.25490379
24.08823204
27.22744942
13.71764565
12.62744904
9.65686226
9.90196133
11.40784359
13.68039322
13.81176472
13.28431416
15.99803829
22.34118080
16.00000191
13.79607964
10.89608097
13.06078339
19.23725319
15.47843266
23.67059135
25.45490456
12.16862869
13.12352943
9.71372604
10.63725471
11.61764717
13.81372643
15.12940979
14.61960983
15.39999962
24.31568909
16.36666870
13.66274452
10.33333397
15.99804115
19.92156982
15.10588360
21.89999771
20.71372795
11.38823795
13.10000038
9.79608059
11.37647152
11.32549286
14.91764832
16.38039207
16.70392227
15.25098324
24.38627052
18.07451248
13.15882301
9.75294399
19.23725700
20.55097961
16.85686302
20.41960907
15.17255020
10.96274567
13.80588245
11.63137341
11.82353020
11.40980530
16.31764984
17.52744865
17.89019394
15.28823757
23.54117966
18.93333244
13.39215755
10.36470604
19.48235321
20.35686111
18.12156868
19.44117546
13.16078472
11.93529320
15.00392437
15.27451038
12.52941418
10.87255001
17.62745094
19.72745132
17.36470604
15.86862659
23.34705925
19.11372757
14.77058983
10.63921452
17.76470566
19.50980568
19.50196075
17.71176147
12.54509830
12.29019547
15.97450829
19.14509583
13.95098019
11.23333263
18.26863098
20.02745056
15.18823719
15.16666508
22.65294075
19.21764374
15.54902172
9.90196133
16.86862755
18.54313660
20.44902039
17.32156754
12.38431549
12.00196171
16.81568718
20.50392151
14.35882282
11.85882378
17.09607697
19.41176605
13.43725777
14.45882416
20.78823471
19.34117317
15.82549286
9.77451038
16.53921509
18.43725586
20.12157059
17.21176147
12.29803848
13.50000095
17.83333206
20.63529587
15.06470776
12.06470585
15.39215946
18.44314003
12.10196304
14.96078587
18.76078415
18.82549286
16.67843628
10.05882549
16.10784340
17.72549248
20.06274414
17.87647247
11.69608021
15.52157021
18.58431625
20.62745476
15.88431358
11.92549038
14.23725605
16.44706154
12.40392303
16.78235435
19.22352982
17.42745209
16.22156906
9.71372414
16.13529396
16.52745056
19.47451591
18.30196571
11.46470642
16.41764641
18.64313698
19.51764679
16.06470490
11.62353039
14.05098248
14.60000229
13.45294285
17.81372643
19.69607925
16.06078339
15.70392323
9.89019585
16.70000076
15.95098114
19.50392151
19.26470566
10.96862698
15.25686169
17.20392609
17.44509888
16.70392227
10.48823547
14.17451191
13.30980587
16.04313660
18.52353287
18.17647552
15.47451019
14.85490131
10.44705963
17.19019508
14.95686245
19.12745285
20.37647057
10.56078529
14.02941227
15.57647324
15.17647362
17.26666832
9.49019623
15.22745228
12.64117622
17.62353134
17.38235283
16.60000038
15.47450924
13.85882473
9.42157078
17.77451324
14.17843246
18.79608154
20.71960640
10.74117756
14.72353077
15.42353058
13.52548885
16.25294304
9.58823681
16.31176567
12.77843285
17.59803963
14.82352829
13.19804001
15.55294037
12.86666679
9.08823395
18.04509735
15.08431339
18.17254639
21.01372528
13.02745247
16.28039360
15.06078434
12.03333473
14.54706192
9.86470509
16.20392227
13.00980377
17.42156982
12.94901562
10.79019642
15.14117622
13.68235302
10.18235397
17.35490417
16.14705849
17.16666603
20.25686646
17.54509926
18.15882492
15.26274490
11.87254715
12.91764832
9.72549057
15.73529625
13.09411716
17.11568642
11.41764832
9.74117661
14.27254963
15.05098057
10.46470547
17.23137093
16.46470642
16.48823547
19.62744904
20.52353287
18.88235283
15.62941265
12.72941303
12.00196266
9.84902096
14.26862812
14.03137398
16.99607849
11.07843304
10.02941132
14.02941132
15.93725586
10.96274662
18.23333549
15.90000057
16.17843246
19.84510612
20.50195885
18.65882683
14.96078587
14.17255116
11.09411812
10.08823776
13.34509850
13.76666832
17.16078568
10.90000248
10.12941170
14.12156773
16.20784569
11.38431454
18.49607849
15.85294247
15.83921814
19.37255096
19.71176720
18.64705849
14.99411678
14.91176510
10.93529606
10.32156754
13.18235493
13.25294304
16.31568718
10.15882301
9.83725548
14.53529453
16.63725853
13.09215641
18.73137474
15.69803905
14.96666908
18.39215469
18.89608002
19.03921700
14.59999752
15.70392418
10.44117451
9.70588398
12.78823662
13.05490208
14.80980492
10.10980320
9.85686302
15.94901943
18.09412003
13.98627281
19.91765022
14.98627472
14.15882206
17.02941322
18.16274452
19.12941360
13.49804020
15.80196190
10.52352905
9.50980377
12.38039398
12.03137207
12.36078453
9.45686340
10.26274395
16.15490341
19.85098457
15.02156830
19.10588646
15.48431587
13.70784378
15.08627701
17.46667099
19.32941437
12.40980530
14.90392208
11.30196095
9.38823605
11.35490322
11.90588474
10.76274490
8.84117699
10.73333263
15.01961040
19.94509888
16.54117775
18.87843323
16.17255020
13.23137379
14.74902058
16.96274567
19.97843170
11.13921642
14.49019718
11.34509850
9.24510002
11.42352867
13.10980511
10.88627529
8.83137226
10.93333340
14.08823681
20.00000191
17.09803772
19.18627357
16.57646942
11.64117527
14.59019661
16.69412041
19.45686340
9.88431549
13.69803715
10.80588436
9.36274433
11.18039227
14.09215546
11.71960831
9.10392189
10.57059002
13.11568832
20.45882607
16.31764984
17.89215851
15.89019680
11.93725777
14.20588303
15.30588341
18.36078262
9.37059021
13.20588398
10.90196037
9.74510002
11.43333340
13.63921642
12.73333359
8.70784569
9.94313812
12.46078491
19.43921471
15.00588322
16.46274567
14.62941170
12.53921700
14.56666756
14.71764946
15.46078396
10.66862869
13.03333378
11.16274452
10.30392075
11.77255058
13.01176453
13.08431339
8.79607868
9.54117775
11.49215698
18.82745171
14.76078606
15.71960926
13.68235397
12.02941227
14.83725643
14.74510098
12.59019756
11.10784435
12.37255192
10.74117565
10.19215870
11.72745132
12.86862850
11.87450981
8.30392075
9.40196228
10.36862850
17.08235359
14.01372528
14.43921661
14.32549095
12.00392151
14.53529549
16.19803810
11.44117641
10.65490055
11.25882339
10.37254906
10.51764870
11.92745495
12.18039417
11.34902000
8.43725491
9.81568718
9.99411869
13.98431587
13.14705849
14.36274433
15.08235550
12.04706001
14.50392342
17.08431625
11.71961021
11.21568871
10.84313869
10.69607925
10.80784321
12.13529491
11.52745056
11.21764755
8.43725586
10.64902020
10.64117622
11.03333378
11.80784416
15.07843208
14.56666756
11.25490093
14.89216042
17.40980721
11.78235245
11.90784264
10.88627434
11.30392361
11.57647038
11.32353020
11.44313812
11.54509926
8.08627415
10.85882378
11.00000286
10.10784531
11.57058811
16.98039246
14.08235264
11.11176395
15.19607925
16.92156982
11.65686417
11.52941322
10.60392189
10.76666641
11.71764755
11.33529663
11.49411774
11.55490208
8.09607792
11.83529568
11.04118061
9.95490265
12.28235435
17.94509697
13.21176624
10.67647076
15.90000057
15.85490513
11.48627567
11.16274738
10.60195827
10.69411755
11.50980473
11.30195999
11.75098133
10.88039494
8.22745228
10.97450924
11.43921566
10.64313984
13.65686417
17.80980301
12.15294170
10.55882645
17.09411812
16.44509888
12.33333302
11.09999943
10.76862526
11.09216022
11.54313850
10.57451153
12.28823471
11.02941322
8.29215717
11.25882435
11.93333721
11.45686245
16.24706078
18.02549171
12.92352772
11.62353134
17.68431091
16.55489922
13.97843361
10.74117565
10.58823586
10.25294113
12.53529644
10.64313793
12.36862946
11.44705868
8.61568642
11.72548962
13.16666794
12.65882778
17.53725433
18.07254982
13.33921814
13.25098133
18.14706230
15.60000324
14.56078720
10.48431492
10.55294228
10.92941380
13.41176510
11.11960888
12.37058830
11.66666794
9.49999905
12.09607887
15.15294266
13.26470566
18.23529816
17.20588493
13.54313850
15.22352982
18.00196075
15.80980873
14.17254925
10.73725414
11.07843113
11.56274509
14.30784416
12.46274567
12.81372643
12.75882435
10.80392361
12.30588245
16.59412193
13.47843075
18.28823662
17.09412003
14.00196266
15.92941284
17.50980759
15.68431377
13.93921661
10.48627472
11.07647228
11.33725452
14.65882587
13.33137512
13.31568813
13.83333397
14.68823624
13.84509850
18.47843361
15.72549248
19.27255249
17.47255135
14.04706001
14.68431473
17.21176529
15.66666603
13.57254982
10.87646961
10.94509792
11.46274567
14.46078682
14.32352829
13.94902039
14.90784454
16.74117661
14.49608040
20.52548981
18.92744827
21.50391769
18.29804039
14.03333282
13.56862831
17.19215775
16.12744904
13.32941437
11.34117889
11.23921490
11.58039093
13.60784245
15.54117870
15.55294228
18.07843018
17.56274605
15.26666832
21.79804420
19.90784645
20.91960716
18.61960983
14.12745190
12.53529644
17.82549095
16.31960869
13.10588360
11.88235378
11.41960907
11.43725395
12.66862679
16.55490494
16.57058907
18.65293884
17.54706001
16.41764641
21.58039474
18.90195847
20.47450638
18.78039169
13.58627605
11.91960812
17.31568718
16.44901848
13.10588551
11.87647247
10.92156696
11.59607697
12.14117527
17.98823547
17.45294189
18.87255096
16.20784187
17.75490570
21.29804230
18.77842712
20.61372566
18.82549286
12.80392361
11.09411812
16.34509850
18.55685997
14.04706001
11.74509907
11.52745056
11.35490131
11.32156658
19.31960869
18.01961136
18.64901733
15.58235455
17.66666412
20.81372643
18.99019432
20.84509659
19.91764832
13.55686378
10.32353020
15.91568756
21.00588226
13.91176605
12.12353039
11.61176491
11.47647095
9.71764851
19.04313469
17.83333397
18.41960907
15.32941246
17.70196152
21.11568642
17.95098495
21.54313850
19.93922043
14.58235550
9.67255020
14.30784416
20.36078644
13.26078606
12.39411926
11.82156849
12.08431435
8.32549000
19.65882301
17.69215775
19.50000381
15.24313831
16.96666908
21.57843208
17.48039246
22.10196304
19.66274643
15.39019394
10.53137398
12.97451115
18.33725548
13.04901600
12.40392017
12.12744999
12.62156773
8.86862850
19.07059097
18.27647209
19.36470985
15.05490208
16.56666756
20.97255325
18.67255020
23.40195847
18.97451591
14.56470585
12.06078625
12.26078606
19.50195885
14.06274509
11.91960907
13.10392380
13.40784168
9.00784397
18.62941360
20.25686836
19.14705849
15.12941170
17.11568642
20.78431892
19.17646790
24.40196037
18.71961403
12.73529339
13.75098133
13.39411736
20.04705811
14.49411774
11.71568584
14.28823662
13.78235149
9.10784435
18.11176682
22.33725357
17.77451324
15.62549114
16.88235283
20.62157249
19.77450943
24.19999695
18.38235474
11.76274681
15.80588341
13.70784283
20.10391808
15.59215736
12.10784245
15.43921757
12.69215679
9.55882359
17.46274567
23.42157364
16.98627472
17.15882874
16.76666832
20.75294304
20.04313660
24.11960983
18.35882378
11.67843342
17.62745094
14.03137302
20.25489998
16.15294266
13.18823624
15.81568718
12.00195980
9.83921528
15.89411736
22.46667099
17.62548637
17.98627472
16.38431358
21.34117699
19.41372299
24.31177139
19.56666565
11.63529396
19.00196266
14.29607964
19.22745132
18.26470757
12.90588284
16.56274605
12.83137131
10.03725719
15.58039188
20.14117813
19.10196304
17.88627625
17.35686684
20.78627205
18.85294342
23.63137817
20.53921509
11.54117680
19.70000267
14.17255020
18.79607964
19.06078911
13.05686474
17.76862717
12.95098114
9.78431320
15.78627682
18.45686722
19.67843246
17.90196037
17.97058868
18.57843208
18.15882492
22.79803848
20.79019737
11.16078472
19.76274300
14.94117737
19.18823624
20.26078415
13.68235397
18.09412003
12.97843170
9.71961117
15.43921375
17.10000420
19.72549248
17.37647057
18.45098305
17.76078224
18.15686226
20.97450829
21.58039284
10.64902020
19.23725891
15.89607716
19.51176643
20.49608612
14.88627720
17.09411621
13.03137398
8.93921566
14.94509792
16.36274719
18.81765175
17.01372147
18.38235283
17.33333206
17.91372681
18.51176834
22.54510307
10.94705963
18.47059059
16.90784454
18.53725624
21.39215469
16.35294151
16.45490265
12.71568584
8.97254944
15.51176643
15.45490074
18.34902573
16.21764946
16.89411926
17.64706039
17.37647247
17.29803848
23.15686226
11.67647171
17.93529510
16.68039322
17.95882416
21.70392036
16.94706154
16.30588341
12.33333492
8.88039303
16.99999809
15.41568756
17.60000420
16.04117775
15.25098228
18.74706078
16.18823433
15.52941322
22.53922081
14.81764793
17.88431358
16.40196037
17.33921814
21.25098038
16.79412079
16.04706001
11.32941151
8.34509850
17.99804115
15.53921700
16.82353210
16.10784531
13.96470642
19.56274796
15.48039150
13.47843170
21.41176224
19.02941132
17.69411659
16.51372719
17.18039131
21.42745209
17.62745094
16.16862679
11.04313850
8.71764755
17.98431778
15.93333340
16.10392570
16.06666756
13.78627396
19.25098419
15.30000114
12.69215775
19.73725319
21.53529549
16.85490417
16.90392113
19.34313965
22.10783958
17.63136864
15.98039532
11.27647209
9.10392189
17.69411659
14.62353230
15.43137169
16.24314117
13.65686512
18.44902039
17.00000381
12.48039055
16.56078529
20.67450523
14.87255096
16.83333206
21.18235397
23.05097771
18.41960716
16.14705849
11.45490170
10.07843304
19.11176682
14.10000229
16.01568604
17.11176682
14.75097847
18.28235245
17.59019852
12.31176567
13.57254982
19.94314384
14.35490322
16.45490265
20.99215698
22.92353058
18.31371880
16.24510002
10.58039379
10.39803982
19.52744865
15.37059116
16.18235397
17.49215698
15.75882435
18.54706001
16.50196075
11.97843170
12.13333511
19.51373100
15.72352886
16.01372337
19.99411774
21.88823318
18.60588264
15.59412098
10.34902000
10.09999847
19.77255249
16.85098457
16.85490227
17.57450867
16.22548866
18.74510002
16.05490112
12.04706001
11.95686531
17.14313889
17.32353020
16.23529625
18.51960754
21.91176224
19.32352638
15.16862869
9.99608040
9.61372471
20.47059059
19.21176529
17.35294342
18.20980453
16.36274719
19.08039284
15.11568546
12.17843437
12.40784264
13.90196228
20.89019775
16.04313850
17.72745514
21.76666641
18.96078300
14.66470718
9.69608021
8.60000038
21.35882568
21.14117813
17.69607544
18.64117622
16.46470451
17.50784683
14.35097885
12.84705734
12.73137569
11.46470833
22.20392418
15.85098076
17.39803886
21.70980072
18.37451363
13.91568661
9.29019737
8.36666679
20.94705772
22.35882378
18.62940979
19.16862106
16.79215622
16.70000076
12.64706230
13.03333378
12.08431530
9.37843132
21.15490532
16.14706039
16.77843094
22.81176758
17.84706116
13.88235283
8.33137226
8.81764889
21.71960449
22.35882378
18.88431168
18.76863098
17.18627548
16.89411926
12.03725624
13.03725433
12.04705906
8.68823624
19.74118233
17.23137474
17.72744942
22.91176605
17.83137321
14.05686569
8.15294170
9.38039207
22.18628311
22.03137207
19.03725433
18.20392609
16.49608231
17.37647629
11.29804134
12.74902344
12.39215851
8.66274548
16.86862946
18.24117661
18.57843018
21.70392990
17.15686417
13.34313869
9.32549095
9.71960735
22.27058792
21.19607735
19.24313354
17.94510269
15.76862812
18.06078720
11.16862583
12.50196171
12.21176434
8.86470699
14.41961002
18.10980415
18.44117546
19.15882301
16.77451515
12.89608097
9.55490398
9.38431549
22.15686417
20.94117737
19.01372337
17.98627090
16.38039207
16.56666946
11.20196152
12.42745113
11.69607925
9.52353001
13.41568565
17.36862946
18.00196075
16.87843323
15.99804020
12.10588264
9.58039379
9.76470375
21.81372452
20.42156792
18.66274261
17.48627472
17.16666794
15.02745056
10.61764526
12.43137360
11.39411926
9.29019451
12.17058945
17.09019661
17.68235397
15.72941208
15.67450905
11.57647133
9.43921661
9.86078453
20.61372375
19.19215584
18.61372375
17.44117546
17.63921738
14.53725433
10.20784378
12.60980415
11.71764851
9.75098038
10.51176548
17.03921509
18.38039398
15.94313812
15.73529816
10.99019623
9.59411812
9.46666622
19.79999733
19.18823433
19.04510117
16.98039246
17.67843246
14.75098133
10.26078606
12.82941246
11.66274548
9.91568565
9.93921661
18.10784149
19.10000038
17.13921928
16.04314041
10.21176720
10.03333378
10.05294037
18.36078644
19.41568756
18.65882492
16.02157021
17.05882645
15.46666527
10.27058983
13.43725586
11.16666794
10.35294247
9.68235302
18.86667061
18.89215279
18.36666870
16.81568527
9.82353115
10.38039303
10.70000076
18.26274109
19.86862946
18.51568985
16.61764717
17.02940941
15.19215679
10.65490150
14.56274891
11.30392170
10.47647190
9.99607944
20.02940750
18.65490150
19.54117966
17.39804077
9.65882492
10.48235321
10.20980358
17.73136902
20.84901810
19.54117393
17.15686417
16.52941322
14.93137169
10.85097980
14.76274586
10.55098152
10.69019604
10.10980415
19.49803734
18.29215622
20.69804192
16.83921814
9.86862755
10.94706154
9.44902134
17.93333054
20.74117470
19.84705925
17.79215813
15.95686436
14.76078510
11.24509811
14.38039112
11.20980358
11.09607792
10.30980396
18.95490265
18.46274185
20.78823853
16.12352943
9.93725586
11.41568661
9.62745285
18.30588722
20.61372757
19.91960716
17.85490036
15.23529434
15.19215775
12.32745457
14.09019566
11.76862907
10.55686283
10.76274681
18.62941170
19.97647095
19.95294571
16.47254944
9.93921661
11.65490246
9.99607849
18.35686302
20.70587730
19.20980453
17.26274490
15.88431358
16.05490303
12.56078434
13.78039074
12.27647018
10.13529682
10.53725433
18.05490303
20.68038940
19.50392342
16.17058945
9.92941284
11.58039379
10.21568489
18.07843590
21.34901810
18.53137207
16.50196266
17.50196266
15.87058926
12.23725605
13.87646866
12.30196285
9.90980434
10.66470623
17.49215698
20.21568680
19.47255325
15.84705830
9.66862679
11.33529472
9.74510098
18.77058983
21.54706192
19.28823471
15.93921471
17.86470795
15.34705734
12.03529358
13.83137321
12.61372566
9.58235359
10.78431320
17.50784492
19.97842789
18.63725662
16.60588264
9.71568680
11.29804039
9.30588245
20.07059097
21.78627396
20.02549171
16.33725548
18.15294456
14.35098076
11.66078377
13.55294418
11.66470623
10.21960735
11.01372623
17.52941513
19.05294037
17.58235168
17.23333359
10.24902058
11.31176758
9.17451000
20.34705925
21.59215736
19.33725739
17.35490417
18.27255440
15.25294113
11.58039188
14.06078148
11.53333473
11.02352905
11.13921547
17.42156982
19.07450867
17.16470718
17.61176300
10.44117546
10.84706020
8.73725510
20.34313583
21.56862640
17.97058868
18.07451248
19.46078491
14.89411926
11.39803791
13.81960964
11.85490227
11.96274662
11.08823681
16.81568527
20.01177025
17.29019737
18.05490303
10.11764622
10.34117699
8.40588284
19.40587997
20.98431206
17.21176720
17.39608192
20.61764526
14.31176472
11.25686264
13.55882168
11.79215622
12.40196037
11.09411812
17.11764717
20.52744865
18.15686417
18.46666718
10.43725586
10.45097828
8.30196095
19.08039284
20.99608231
17.41568756
15.83529568
21.20196152
15.22352791
10.99607754
13.47450924
11.36078453
11.86078644
11.65098000
17.42156601
20.85882187
19.52156448
19.11960602
11.14902020
10.89215660
8.59803963
18.12156677
20.27058601
18.17450905
14.52549171
20.49804115
16.45097923
11.43137169
14.12745190
11.81960964
12.21764851
12.30196190
17.10980225
20.35882568
20.41960526
19.10392189
11.64902115
10.54313660
8.13137341
17.14706039
19.24313927
19.68627548
14.43921757
19.60195923
17.26862717
11.53333282
13.91568756
11.69019699
12.76078320
13.69411945
16.54901886
19.83333206
20.75294113
19.28235626
11.80000019
9.71176529
7.99019575
16.61372757
17.61960983
20.07647133
14.50588417
18.65294266
17.17647171
11.07647228
13.48039341
11.37646866
11.84705925
14.25097942
16.56863022
20.28235245
19.82941628
19.38823509
12.31176472
8.71372604
8.25882530
16.59019852
16.23137283
19.34705734
14.54313850
17.93137169
18.04117584
11.31568909
13.14902306
12.19999886
10.97843075
15.40588379
16.83137512
19.08235741
19.31764603
19.28627396
13.11568832
7.82156944
7.51176548
16.31960869
15.70588112
18.75882339
15.27647018
18.11961174
18.02548981
11.67254925
13.11568642
12.24509811
10.53725433
14.55097771
16.76470947
18.81569099
19.37842751
18.51568604
13.59019852
7.89804029
6.93529320
16.19411659
15.43921757
18.18039513
16.84313583
18.22156906
19.06470871
11.76862812
13.27451324
13.12156868
9.21960831
13.82549286
16.15686417
18.37647247
19.21372795
17.40196037
13.81176758
8.95294189
6.59803867
15.92745304
15.39607906
16.80000305
17.61960602
18.46666908
19.28039551
11.25294018
13.02745342
13.68431759
8.47647190
14.44705868
15.85882473
17.75098419
19.35490036
16.60980606
13.42745209
9.39215660
6.19411802
15.24901962
15.41372681
14.98235321
17.62157059
18.78039360
19.03529930
11.20784473
12.82352924
12.82941532
7.70588112
14.97843170
15.58823776
17.19412041
19.05882263
16.16274452
12.60392094
9.52941227
6.33333492
15.30784512
15.00392342
12.61372471
17.28823662
18.46666718
17.95490456
11.73725510
12.70392323
11.36862564
6.90392303
14.94902134
14.66078568
17.34313774
18.79019547
16.49607658
12.53137398
9.60980320
6.70000029
15.71176624
13.73137379
11.64509773
17.26470757
18.12745094
17.42156982
12.40784359
12.44706249
10.61372566
7.33725595
15.28627491
13.95098209
17.26470566
18.68823433
16.52549171
12.91568565
9.73725510
6.61372662
15.44118023
12.33333302
11.23529434
17.13921738
17.57255173
17.95293999
12.69019794
12.14902306
10.18039131
10.50000095
15.96666527
13.94117737
17.59019661
19.01764870
16.40000153
12.76470757
9.88431358
7.14313841
15.03333473
11.71568584
10.91176224
16.53529358
16.78235245
17.82157135
12.99608135
12.03725433
9.58235359
13.27058887
16.14509964
14.16274834
17.73137283
19.02157021
17.56862831
12.43725872
9.92941284
6.84313726
14.89804077
11.73529339
10.84117603
15.67843342
16.84117508
18.27254677
13.81960678
12.02157021
8.91960812
14.76862621
16.14117622
14.76863003
17.90980911
19.58431435
17.77451134
12.23921680
9.59607697
6.21372652
14.65686512
11.94313622
10.28235340
14.62941360
17.53528976
19.04509735
14.93333626
11.55686283
8.34705830
15.18039227
15.96470547
15.70980453
18.20392227
19.42549133
17.40392494
12.15294266
9.49019623
5.37843180
13.95294189
12.71176624
9.76078606
13.81568718
18.78431511
19.18627739
15.78431606
11.05294323
7.52941227
15.40392208
15.53333473
16.18823814
17.67843056
18.90392113
17.13529587
12.23921776
9.88627434
5.26078606
13.86274624
13.77058887
9.83137417
13.32549095
19.17254639
18.27254868
16.90196228
11.30980396
7.61764622
15.59804058
15.22548962
16.15293694
17.40196037
17.86078453
17.44902229
12.28039265
10.03725624
5.18823624
12.81568909
14.21176624
8.64509964
12.98235416
19.15097809
17.33725739
17.29999924
11.85882664
8.20196056
17.59019661
14.52941227
15.38039303
17.18039131
17.58039093
17.07647324
12.47059250
9.97647095
4.38235378
12.99607849
13.40392208
8.56078434
12.98627377
18.52352905
17.05294037
17.40784264
12.43725586
10.12549114
18.04509735
14.61764717
14.79803944
17.50588417
17.19215775
16.53137589
12.50980759
9.65490150
3.89215684
13.31764889
12.50000000
8.92941380
12.19607925
17.70392036
16.24510002
17.85294533
13.04313946
12.65686321
18.51176834
15.90588474
14.33725548
17.80784225
17.99215698
16.29215622
12.61372757
9.31764698
4.02745104
13.59019852
12.51176739
8.69804096
11.78431606
17.71568680
16.49608040
17.56470680
13.49804020
14.69411850
17.92353058
17.07843018
13.91372776
17.28627205
17.70392036
16.28823471
11.86470890
9.11372662
3.69215655
13.77451038
12.66078472
9.00980473
12.08235359
17.51960754
17.01176262
16.36274529
13.84117889
16.95882607
16.84510040
17.94706154
14.09607887
17.05490112
16.60392380
15.40980530
11.51568699
8.63529491
3.48823571
13.79019737
12.73137379
9.15490150
12.01568794
17.45882225
18.00979996
15.64313984
14.80588341
18.24313927
16.51960754
17.96274757
14.36666489
16.24901962
16.34313965
14.81568813
11.39608002
8.49215698
3.27254939
13.55097961
12.55098343
9.40784168
11.46274567
17.79411507
19.08039284
15.22941113
15.94313908
18.64509964
16.40392113
17.60783768
15.07058907
15.94705963
16.36470795
14.70196152
10.89607716
8.00588322
3.73725557
13.72941303
12.70000172
9.66078568
10.84902096
18.64509773
18.47647095
15.63921547
17.02745056
19.24705696
16.69608116
17.04117775
15.38235569
16.07647514
16.09999847
14.38431358
10.07450962
7.67843151
3.95490217
13.68235397
13.89803791
9.37843227
10.09411812
17.94706345
16.92352867
16.36274529
17.79215622
19.80000114
16.85882568
16.05882263
14.93529987
16.05882454
15.80784321
14.00392246
9.99411964
7.46274567
3.55490232
13.45882225
13.97647095
9.57843208
9.88823509
17.39411926
16.04902077
16.59019661
18.61372375
19.49804115
16.70588303
15.77647209
14.79215717
15.95490456
15.79999924
13.31764603
9.82549095
7.23921585
3.60196090
13.76470566
13.28039265
10.13333416
9.70588207
15.84902000
14.56078529
16.14509964
18.76666451
18.70392036
15.71568871
15.05686283
14.94902229
16.00784302
15.50196171
13.36666775
9.69215775
7.23921442
4.01960802
14.25294399
13.00000095
10.41372395
10.00392151
15.22157097
13.91764927
16.31176567
19.05490494
17.55882454
15.59019756
15.14706135
15.01176548
15.59804344
15.21568966
12.99803829
9.68627548
7.20980453
4.02941275
14.72353077
13.43529701
10.96862411
10.09607792
14.43333530
14.14902020
16.23137474
20.31176376
17.35882378
16.08039284
14.83921814
15.28823757
14.97255135
15.75098228
12.38431263
8.68431568
6.94313765
3.96078491
15.26470757
13.33137512
11.49019909
10.21764755
13.21372795
14.18431568
15.49608040
20.34314156
17.28627586
16.49019814
14.12549019
15.39804173
13.94509792
16.56470490
11.55098057
8.02941227
7.03137255
4.64117622
14.96862793
13.14117813
11.38431358
10.30784225
12.15882397
14.08627319
14.77843094
18.96862411
17.20980644
16.20980644
13.65490723
15.14705849
12.93333340
16.60391998
10.86666489
7.96862793
7.12352991
4.52548981
14.11372757
13.10980415
11.52745152
11.21372509
11.56862736
14.23921680
14.55490112
17.39411736
16.03333473
15.78431320
13.27254963
14.80588341
12.53529549
16.52941322
10.55097961
8.06862831
6.73921490
4.37058878
13.97647285
13.81764793
11.40980530
12.67451191
11.53137302
13.87451363
13.51960754
15.52745152
14.90000153
14.84509850
13.63529491
14.66666889
12.53529358
16.09020042
10.52549171
7.90588236
6.10392237
4.64509869
14.10588074
14.21960545
11.50588322
13.22353172
12.59412003
14.12549305
12.82941341
14.67451096
14.02156734
13.93333530
13.61372662
13.71961021
11.97843170
14.92941380
10.52745056
7.99803877
5.47058916
4.62941265
13.73137569
14.21176434
12.26862907
12.73725510
13.89999962
13.98823547
12.32549286
15.05490398
13.51764774
13.36274529
13.01568604
12.02941132
11.57647133
14.44509888
11.08823586
8.09804058
5.00588226
4.67058849
13.43137455
14.46078587
12.11176491
12.73921299
14.20784283
14.37255192
12.48823547
16.09019852
13.55294609
12.82156849
13.12548923
11.68039227
12.01176548
13.90196228
11.79411793
7.96862745
5.24509811
4.59999990
13.04313850
14.29019547
12.34509754
13.53725815
14.22941303
14.34509754
13.49019432
17.96863174
14.57255077
12.48039246
12.00196171
12.43921947
12.49607754
13.39411926
11.95490170
8.46470547
6.01960850
4.92156982
12.67451096
13.62157154
12.84117699
14.40784264
14.81961060
14.50000095
13.84313965
19.21764946
14.46667004
12.25098228
11.80196381
13.30588531
12.64509583
12.89804268
11.45490360
9.12745094
5.77843142
5.10588169
11.81960773
13.32548904
13.06470585
14.79019547
15.35490322
14.32548904
14.42156887
19.39019585
14.48823643
13.40000153
13.51765060
13.86666489
13.23333359
13.73921871
11.36274433
9.46470642
5.23725462
4.50588274
10.98627567
14.50784302
12.73333549
14.26862621
14.78823566
14.31764984
15.34313583
17.94510078
14.36470413
14.32941246
14.91568756
13.69804001
13.55882359
14.79803944
11.71176624
9.58039188
5.51764774
4.60588360
10.84509754
14.73333359
12.35686207
13.67842865
13.79608250
14.50980568
16.44705963
16.23725700
13.74118042
14.99608231
15.02549171
14.15490246
13.27451229
15.31568527
12.30784225
9.93137360
5.69411755
4.34509802
11.37647247
13.80000114
12.71568584
13.44902325
13.98431587
14.50980568
16.46078300
15.78235817
14.08039570
15.57843399
14.65882206
14.57254982
13.41176510
15.09412003
12.19803905
10.56274700
6.00000000
4.71764660
11.20196247
13.36078358
12.79804039
13.20784473
13.90588570
14.27647114
15.94901848
15.85294342
14.86666965
15.01764870
14.30784321
15.55098248
13.18431568
13.83137131
11.27058983
10.69019604
6.17843151
5.01764774
11.38823509
13.88627720
13.22157192
13.13529778
14.13529491
13.80588436
15.83333588
15.87451458
14.63725662
15.07058907
14.10392284
15.12352753
13.25882530
12.51176357
10.66274643
10.56666756
5.91960764
4.86078453
11.48431206
13.94509888
13.40196323
13.18823528
14.32745361
13.38039017
15.30196285
15.78235340
14.28039551
15.48235512
14.15882206
14.23921585
13.43333435
12.35489941
10.72745323
10.76078510
6.39215708
4.51764631
11.28823662
13.68627548
13.18431473
13.38431358
14.53921700
13.55882454
15.11764717
15.40196037
13.77255249
16.34117699
14.31960964
13.41176701
12.54705906
11.70784473
10.32548904
10.39215755
6.33529377
4.71568584
11.35490322
14.53921890
12.77647018
13.50980568
14.84510040
14.02549171
14.69804096
15.53529263
14.34313679
16.80588341
14.00195980
13.39607811
11.72156906
10.14509869
10.40784359
10.03529549
5.54117537
4.89019585
11.63333416
15.48039436
13.02353001
14.26470566
14.80784702
14.46274757
14.00196457
17.03529739
15.69411945
16.46470642
14.00784397
12.43333530
10.96274567
9.32941246
10.99411964
9.29999924
5.33921623
4.67647076
11.79411793
15.28823471
13.65490341
14.17451000
13.94706154
14.33333302
14.42745018
17.99608040
16.62353134
15.96078968
13.69411659
12.09608078
10.87058926
9.80980492
11.07059002
8.92549133
5.37254906
4.47647095
11.95490265
14.69804382
14.13725662
13.27254963
12.85098076
14.21961021
14.47843456
18.31764603
16.56078339
15.62745476
14.53529263
12.75294018
11.02156734
11.01176643
11.23921776
8.83137131
5.02745199
4.34313774
12.01568794
13.80195808
14.20784473
12.98431683
12.24706078
14.71568966
14.70980740
18.43725395
15.80392361
15.04313660
14.53137207
12.34510136
11.00980282
11.92352962
11.70392323
9.34509945
5.18627596
4.34313726
12.18235397
12.45294189
14.18627453
12.78627491
11.80980587
14.90000248
14.55098248
18.50392151
14.89804077
13.67059135
14.00784492
11.40784550
10.87843132
11.69411564
11.64705944
10.08039379
5.62156868
4.53921556
12.78039360
11.81176472
14.58039188
12.30588436
11.27451038
14.42156982
15.10392189
18.06078529
14.50392532
13.32353306
13.18823624
11.48431206
10.82745361
11.11568832
11.60000038
9.80196285
5.64901972
4.38039160
13.52941322
12.04313755
15.07843113
11.69019699
11.06470585
14.19215584
15.54117680
16.53529739
14.06666660
13.14117718
12.05686188
11.70784664
10.50588226
10.95686150
12.12549019
8.77450943
5.51568699
4.32549047
13.52156925
12.83921528
15.13333511
10.85098171
10.93529415
14.40980530
15.65098381
14.68039417
13.78039360
13.02745247
11.75490284
11.55098248
9.64902020
10.29019737
11.99411964
8.19215775
5.40980387
4.21960831
13.34117794
13.45294189
14.22941208
10.67451096
10.96666908
14.33137417
15.73725510
14.62744904
13.15294075
13.17843437
11.46666622
11.15686417
9.42157078
9.67254925
11.29607868
7.87842989
5.22156858
4.24313736
12.37254906
13.61568832
13.82352924
10.65686512
11.05882359
14.07058907
15.50196171
15.77647209
13.07843399
13.05686283
11.60392094
10.83921623
9.72745323
9.01568699
10.97254848
7.75490332
5.23333406
4.38431358
11.00784397
14.44117737
12.77647209
10.85490417
10.60784245
13.71176720
15.13333511
16.09803963
13.27450848
12.99215889
11.68039227
10.50000095
9.26666641
8.74117756
10.77451038
7.48039341
5.42156887
4.50196123
10.24705887
14.87254906
12.56274605
11.71372700
10.31961060
13.40392303
15.20392227
15.06862831
13.74510002
13.28431416
11.54705811
10.33137321
8.65686226
8.37058926
10.62353039
6.59019756
5.42941093
3.88431406
8.92549133
14.90000153
12.35686588
11.78627396
10.73333359
13.17647171
15.55882645
14.28039169
14.36666775
13.56666756
11.10588264
10.22941208
8.51176739
8.62156963
10.85490417
6.54705906
5.09019566
3.94705963
8.37254906
14.50392342
12.14509773
11.01764679
10.94901943
12.71764851
15.72549248
15.22941208
14.17059135
13.92941189
10.26470852
9.70784283
8.06274509
8.85490322
10.67451096
6.54313803
4.77647114
4.06274557
8.24705887
13.67058945
11.88039303
10.41764545
10.70196438
12.41960812
16.32353210
15.45490265
14.36666775
13.50784302
9.11176395
9.65294266
7.06666708
8.68823528
10.28627396
6.69019699
4.68627501
3.72941208
8.34117603
13.06470776
11.65098381
10.50588322
10.41961002
12.74313831
16.85686493
15.55490303
14.39804077
13.02941322
9.02352905
9.21372604
7.16470718
9.16666698
10.12549019
6.61568594
4.48431396
4.14117670
9.10000134
13.76470661
11.61176491
11.28039265
10.83333302
12.15490246
16.56862831
16.00196266
14.30784512
12.97254848
9.47254944
9.14706039
8.16862869
9.94902039
9.98431587
6.15098047
4.02156925
4.46470547
9.61764526
14.53725719
11.21176624
11.80000114
10.83529377
11.62745285
16.05097771
15.79804039
14.03137779
13.05686283
9.47647190
9.21176624
9.20980549
10.71960831
9.87058830
5.77843285
4.03137302
4.50196075
9.74313831
14.71568871
11.78823471
12.51960754
9.94705963
11.50980663
15.69019794
15.53921604
13.70392227
12.87451077
9.74313736
9.50588226
9.79215527
11.20392227
9.87451267
6.02745199
4.54117680
5.25490284
10.02549171
13.89607906
12.97843170
12.66078854
9.23137474
11.51176357
15.24313927
14.79019737
13.32549191
12.23725510
9.87646961
9.23921776
9.41764832
10.86078358
10.05098152
5.91960716
5.34117651
5.77647066
10.19019604
12.60588455
14.66470623
13.19216061
8.93725586
11.43921661
14.72353172
13.39215660
12.77843094
11.29411793
9.39215755
8.48627567
9.66862774
10.34509850
10.88823509
5.86274529
6.32941341
6.22941256
10.22353268
12.55097961
15.83921623
12.70000076
8.84509850
10.88431358
14.17647171
13.21764660
12.33529472
10.75882626
9.64509678
8.58039188
10.11176586
10.71372604
10.64313507
6.68823576
6.88039255
6.36274576
9.46274662
12.87254906
15.88431740
12.28431511
9.29019833
11.08235550
13.52745438
14.13333702
11.86862946
10.83921719
10.36470604
9.08039188
9.68627644
11.57059002
10.51372719
7.60588217
7.01960802
7.11960793
8.61176491
12.36666775
15.25294209
12.52549267
9.52353096
11.07254887
13.47647190
14.30980778
11.66274738
10.90588379
10.59608078
9.61960888
8.66666603
11.69804192
10.03725719
8.20980358
7.36862803
7.21960831
8.06666756
11.84509754
14.22156715
12.53725529
9.55294037
11.04705906
13.21765137
14.28627586
11.74510098
10.70196152
10.67450905
9.81764603
8.24117756
11.65882397
9.44509888
8.84313869
7.75098038
7.10196114
7.50980473
10.84705925
12.95882511
11.51176548
9.95294285
10.86666870
12.99411774
14.37255001
11.87843323
11.17451096
11.15294266
10.20588207
8.76666832
10.99019623
8.84313583
8.56078434
7.65882349
7.12745142
6.98823690
9.90196037
11.46862984
10.22353268
9.55098057
10.64509869
12.71960926
14.68431473
11.89607906
11.92745399
11.12941360
10.81372643
9.21176624
10.46274567
9.04313850
8.18235302
6.90196133
7.05490255
6.72352886
9.63333321
10.66666508
10.30980587
9.58235359
10.01176643
12.44313908
14.06470585
12.10000038
11.96470737
10.68823624
10.83137321
9.87058926
10.22157001
8.21960831
7.59803963
6.01764727
6.17058802
6.31960821
9.55294037
10.76666737
11.01176643
9.10980511
9.36666870
11.89215755
13.35686302
12.33529377
11.67059040
10.93333435
10.03529644
10.49607944
9.49215508
7.63137388
6.42352962
5.56274557
5.18823576
6.00000000
9.51960945
10.71960640
11.07451057
8.99019718
9.55490112
10.88235378
13.89216042
12.24117851
11.42745209
11.19215775
8.95882416
10.26274586
8.74902153
6.84313822
5.95098019
5.54313660
4.97843170
6.30000019
9.08235264
10.05294418
11.82352829
9.08823395
9.56078529
10.66078472
14.30196095
11.86274433
12.04509544
11.49019718
8.41764736
9.44313526
7.77451086
6.35882330
6.22941208
5.47450972
5.03333330
6.03137302
8.99215603
10.05882454
11.89215755
9.33921623
8.82156849
11.23921776
14.02744961
11.91176510
12.27647209
11.07843113
8.29019642
9.08823586
7.33137369
6.27451038
6.87843180
5.94901943
5.13137293
6.28039265
9.69019508
9.80784321
11.24509811
9.28627586
8.17254925
12.06078434
14.13137436
11.89607811
11.67843246
10.29607868
7.88627481
9.70784378
7.18039322
6.49019623
7.39803982
6.67647076
5.69804001
6.26470613
10.37647152
10.10980415
10.90588379
8.99411869
8.60196209
12.50588417
14.03921890
11.41176605
11.07646942
9.91764736
7.61568785
10.18235302
6.87058783
7.30196095
7.11960840
6.61764860
6.00588274
6.15098095
10.49411774
10.29607773
10.62941170
8.66666698
9.07451057
12.70784473
13.79607964
11.18823624
10.85490227
10.20588112
7.52745152
10.06862831
6.17843199
8.21960735
7.48823500
6.50196123
6.05686235
6.09607840
9.94705963
10.04117584
10.35686493
8.31960869
8.94705868
12.39215946
13.26274490
11.97647095
10.21372604
9.73529434
8.17646980
9.29019642
5.34313726
8.77254963
8.26666737
6.27843285
6.05098104
6.06078434
9.38039207
9.82156944
10.77254963
8.43921566
9.37451172
11.28431416
12.84117699
12.56666851
10.15882492
9.59215641
8.98627377
8.58627510
4.83529425
9.35098076
8.08627605
6.36470604
5.82549047
6.60588217
9.82157135
9.27843189
11.15490055
8.99019623
10.15686226
10.47255039
13.43529701
12.17647171
11.16274548
9.64706039
10.24117661
7.61960745
5.02745152
10.09215736
7.82156849
6.14705753
5.67843151
7.15294170
9.58235264
9.13333321
11.26274490
9.08627510
10.99215889
10.78431416
12.94117832
11.70000172
11.89019680
9.75882339
10.64901924
6.65686369
5.44901991
10.06078529
7.45098066
5.14705992
5.58039236
7.16666746
9.02156830
9.33529472
11.61960983
9.36666584
11.42156792
11.48823547
12.31372738
11.36666679
12.22549152
9.78039360
10.30784512
5.96862793
5.83529377
10.33921432
7.04313803
4.11568642
4.94705963
6.67058849
8.67451000
9.67058945
11.40980530
9.63137054
10.68823624
12.09803867
12.45293999
11.03529549
11.61176586
10.04313755
9.68823338
5.46862793
6.44901848
9.78823566
6.59019566
4.14117622
4.67058849
6.86470652
9.18823719
9.80392170
11.21568775
9.16078568
9.80980301
11.96862984
12.20980263
10.24117661
10.46274662
10.33137226
9.66862774
4.36470652
7.05686283
8.36470604
5.67058945
4.31960821
4.41568661
7.40196037
9.62352943
9.58431435
10.86862755
8.14901924
9.72352982
11.57843399
11.29411507
9.77254963
9.30784321
10.15294170
9.51960945
4.44117641
7.64902067
7.46666622
4.66666698
4.50980425
4.40588236
7.03529453
9.42156792
9.25686455
9.48431587
7.04509926
10.22745228
11.15686226
10.54510021
9.77254868
8.52549076
9.54901981
9.04706192
5.37254906
8.68039513
7.21764708
4.05294180
4.48823547
4.83725548
6.56078529
9.11372471
9.13921547
7.80000019
7.29215717
10.07451057
10.97843266
10.56666756
10.03529453
8.60784435
9.30392170
8.66470623
6.34902096
9.48823357
7.06666708
3.62156892
3.93725562
4.87647104
6.53725529
8.73333263
9.10392284
6.67451143
7.66470623
8.76862621
11.43921757
11.44313812
10.89607906
8.96470642
9.53137398
7.96862793
6.87255001
9.18431377
7.32745123
3.46666694
3.97647071
4.63921642
7.25294018
9.17647076
8.55097961
6.87451124
7.36666775
8.39608097
11.38431549
12.41764832
11.10980415
8.92549229
9.29215622
7.25490284
7.76078463
8.85882282
7.23921680
2.76666713
3.42745137
4.37843180
7.43725586
9.15294170
8.77843094
7.03333426
7.83725500
7.96862793
11.33921719
12.21568680
10.20000076
9.11372662
9.19411755
6.68235350
8.69804001
8.74705887
6.35098124
2.12156916
2.73333335
4.43529463
6.94117737
8.30784321
8.76078320
7.02745056
7.83725548
7.36862707
11.40980530
11.66274452
9.41568756
9.63725471
8.84902000
6.20784330
8.44901943
8.65490246
5.11960840
2.31960797
2.62352967
4.55490255
6.36470604
8.48039246
8.60588264
6.83137226
7.65882349
7.12352943
10.89608002
11.59804058
9.39804077
9.48039341
8.24902058
5.85294151
7.23333502
7.78627491
4.13137293
2.70980430
2.57451010
4.13333368
6.30000019
9.09607792
8.18823528
6.90588284
7.79999971
7.20980358
10.77646923
11.29607868
9.58039284
8.92549133
8.00980377
5.89215755
7.25882339
6.99411869
3.92156887
3.03921652
2.95686316
3.58431339
6.14901924
9.01568413
7.80980444
7.40784359
8.17451096
7.13529444
11.34313869
11.42548943
9.74313736
8.79411793
7.92745161
6.23921537
7.95294142
7.10784388
3.59803987
2.39607882
2.96078420
3.31568742
6.08823586
8.79804134
7.93137312
7.76862812
8.07451057
6.90392065
11.57451153
11.67058754
10.20588112
8.90000153
8.25294209
6.77843285
8.01960754
6.93333387
3.60980511
1.91568685
2.84509873
2.99019599
6.48235321
8.20588207
8.00392342
7.74705791
7.28823662
6.81764650
11.85294056
11.91176701
10.72352982
9.01176453
7.97450972
7.52549076
8.06274605
6.24901962
3.23137283
1.94313776
2.58431387
2.86470580
6.88627481
8.00588226
8.23137283
7.88431454
7.56470585
6.87647104
12.37843227
11.83333302
10.87058830
8.58235264
7.60588360
7.38823509
7.56862831
5.04705811
2.66274524
1.81960797
1.90784347
3.12549043
7.60784340
7.99411821
7.80588341
7.90980482
8.41960907
7.32941103
13.00784302
11.45882416
10.80784130
7.96666765
7.53725481
7.15098095
6.91176462
3.88823533
3.13137293
1.96078467
1.24117672
3.15882421
7.71568680
8.52548981
7.87646866
7.70392036
8.81176472
7.81960869
12.72745228
11.48431587
10.35686493
7.73529482
7.57843208
6.77647161
6.87058878
3.25882316
3.76666713
2.81372619
0.84509814
2.57647109
7.64313745
8.74902058
8.10392189
7.66078377
8.44509792
8.07451057
12.20000172
11.98235607
9.82744980
7.85490227
7.80980587
6.32549095
7.10000038
3.45490193
4.35686302
3.70392203
1.12941194
2.75686288
7.91960764
9.09999847
8.66274643
7.81372643
7.91372633
8.54313755
11.98823738
12.07058716
9.53137112
8.03529453
7.65882397
5.92156839
6.93725395
4.13137245
4.92156887
3.62156892
1.19215691
2.97647095
8.20980453
9.70980549
8.95882511
7.60784292
7.39803839
8.80784321
11.64705944
11.29804134
9.66274261
8.22352982
7.37058926
5.82549095
6.42745113
4.90196180
5.14117670
3.03137326
1.10392177
2.78823495
8.08431435
9.96274662
8.72548962
7.36274385
7.20196104
8.73921680
11.31568623
11.13921356
9.35490131
7.58235407
7.34117651
6.17647123
6.00980377
5.61960888
4.77843142
2.72941160
1.28039229
2.88039255
7.52745152
10.35882378
9.00392151
7.53725576
7.37254953
9.01960754
11.07647228
10.58431435
8.17058849
6.35098124
7.15098143
6.63137293
6.07451057
6.36470604
4.26078510
2.63921571
1.17058849
2.47647071
7.42156887
10.15686226
9.20392418
7.35882425
7.21764708
9.21764660
10.94117832
9.68235397
7.23725557
5.76274538
6.91372538
6.70784330
6.37451029
6.85490227
3.95686340
2.52549076
1.16666687
2.86274505
8.00196075
10.23529530
9.27843285
6.86666727
7.57451057
9.01764679
11.08823872
8.30392265
6.57647038
5.52549028
6.43921518
6.46666718
6.02941275
7.17058897
3.84509826
2.59215713
1.15490210
3.24901986
7.97647095
10.30784321
8.99411678
6.93333435
7.86862803
8.96470547
11.25490475
7.64902067
6.56666756
5.34902000
5.73333406
6.70196056
5.48039341
6.73529482
3.05882359
2.93725514
0.88431388
3.25098038
7.45098066
9.74509811
8.89411831
7.38235331
8.35098171
9.07254887
10.70196342
7.63725567
6.19215822
5.09215689
5.50980473
6.90980434
4.94509888
5.83137321
2.65294123
3.30392241
0.73529416
2.98235321
7.40980434
9.00392151
9.23137283
8.52941322
8.10392189
8.88431549
10.71764565
8.29803944
5.92156839
4.83137321
6.04509783
6.60588217
4.46078491
4.83333349
2.84313750
3.42745137
1.15882361
2.51372552
8.30588245
8.70000076
9.32941246
10.28823566
7.60196018
8.76470566
11.29019642
9.00392151
5.91960716
4.98627472
6.61764622
6.50588274
4.84509850
4.10980463
3.80784345
3.56274557
1.82745123
2.55882382
8.92352962
8.71568584
9.38235474
11.11372662
7.95294189
8.52353096
10.67647171
8.73333359
5.36274576
5.19215679
6.50980473
6.89019632
5.84901905
3.90196085
4.29803991
3.82745147
1.97254908
2.90588260
8.38823605
8.95490265
9.80196190
10.89804077
8.19999981
7.75686264
9.70196056
8.40588188
5.11372519
5.08235264
6.00784397
7.14117813
6.20980501
3.75686312
4.61372566
4.00000048
1.63333380
2.38039207
7.01764727
8.87647152
9.75882339
10.15098000
8.43529510
7.21764803
9.03725624
8.55686378
4.59411812
4.93529415
5.89804029
7.40784311
6.06274462
3.16862750
4.64117670
3.72941232
2.03725505
2.31372571
6.07058764
8.81960773
9.19411755
9.27058983
8.67451096
7.02156830
7.91764784
8.16862869
4.23333311
5.81568670
6.04902029
8.17058849
6.37647104
2.90196133
5.00392199
3.64902020
2.70000005
2.50000024
5.42941141
8.91568756
9.17254734
8.72941303
8.84313583
7.07451057
8.37843227
7.82352972
4.71764755
6.61568594
5.92352962
8.02156830
6.41764641
3.12352967
4.67451000
3.68039179
2.30980468
2.40980411
5.27058887
9.27450848
9.53333282
8.76274490
8.82941246
7.61764812
9.57647228
7.43137312
5.85686255
6.77058840
5.83529425
7.51960945
6.24902010
3.44705915
4.51960802
3.26862788
2.37058854
2.01568627
5.32549047
9.38235283
9.64313889
8.94706154
8.68823624
8.32941341
10.28039455
6.82156849
6.84705877
6.37254906
5.77058792
6.65098000
5.53333378
3.57843137
5.24313784
2.84313726
2.26078463
1.25882363
5.38235331
8.98039150
9.61960697
9.20588112
8.87843132
8.92941284
10.32744980
6.94117641
7.61372566
6.36274481
5.74902010
6.25097990
4.55882406
3.55882359
6.10588264
3.77058840
2.61764717
0.94705892
5.44901943
8.24901962
9.22745228
9.15294075
8.65490341
9.33333302
9.92352962
7.49411774
7.77254963
6.48627424
5.84901905
5.67647076
4.17254925
3.66862726
6.20784378
5.16470623
2.27058840
0.67450988
5.83529377
7.68039179
8.50000191
8.72156811
7.53725624
9.50588226
9.99607944
7.24313736
7.30784321
5.94901896
5.71176529
5.14902067
4.11372614
4.13725519
5.58235407
5.64313745
2.13921571
1.09411776
6.91960812
7.47647095
7.42156935
8.43137264
6.81960821
9.01764870
10.77255058
7.23137331
6.72156811
5.50588274
5.11568642
5.21176529
3.91764760
4.01568699
4.68823576
5.24509811
1.70392179
1.04509819
7.28627586
8.20784378
6.93137360
8.09411716
7.20588255
7.81568623
10.98039150
7.30000019
6.30980444
5.47058821
4.81372643
5.56666851
4.03921604
3.78627443
4.45686293
4.95686388
1.64313757
0.95882362
7.41764688
9.78431320
6.99411774
7.73921585
7.25097990
6.67058849
10.42156887
7.33333540
5.81568575
5.78627443
4.86470556
5.79215670
4.32941198
3.72549057
4.97255039
4.56666660
2.10980415
1.09215701
7.57254982
10.81372547
7.35294151
7.48235369
7.53725481
6.23333406
9.35882282
7.24902010
5.53529501
6.20392179
5.05490160
6.06274509
4.44117594
3.69019651
4.79411840
3.69607902
2.26862764
1.28823543
7.89803982
10.83333492
7.45882463
7.51372671
7.92941189
6.33529425
8.08431530
6.77451038
5.11960697
6.66274595
4.99803925
5.68039274
3.79019690
3.95098066
4.57647133
3.37450981
2.63921595
1.13921583
8.32353115
10.60588360
7.13333416
7.39411831
7.89215708
6.63725519
7.05490255
7.20196104
5.05686331
6.67647123
4.77647018
5.21372557
3.05098057
4.33725548
4.22156858
3.95490193
2.59215689
0.75490195
8.45882320
10.33921719
6.84902000
6.96274519
7.60784435
6.86274576
5.80980444
7.68235254
5.67254925
6.15490150
4.83725452
4.99215698
2.67058873
4.60392284
3.25686288
4.21568632
1.50980449
0.64901972
7.97254992
10.32745075
7.10196066
6.90392160
7.22745132
6.87254858
5.51568651
7.89215851
6.11176586
5.90588236
5.43921566
5.50000000
2.16862798
5.07058764
3.35882401
4.03137255
1.11960804
0.85686278
7.30392122
9.27647114
7.08627510
6.87843180
7.09607792
7.00588179
5.43137312
7.33921528
5.42352962
5.58823633
6.78039265
6.14509773
1.59803939
4.73333359
3.46274519
3.60784411
0.99215710
1.01960802
7.38627577
8.03725529
6.84705925
6.95686388
6.68627548
7.44901896
5.32156754
6.91568661
4.97647095
5.75686359
7.58235359
6.31960821
1.36470628
4.12156916
3.49411798
3.20000029
1.08039236
0.61568636
7.74509954
7.06470776
6.75882435
6.92745209
6.17843199
7.77058887
5.19215584
6.37843037
5.06666660
6.00392199
8.60392284
5.60784435
1.45490217
3.80980420
4.21568632
3.23529458
1.54902017
0.40196079
7.17843151
7.03333330
6.27647066
6.63137245
5.90980434
8.17058945
5.02941179
5.84901953
4.75294065
5.95098066
9.00784397
5.00784349
2.57843161
4.79803944
4.72745132
3.30980444
1.60784352
0.52941185
6.54901981
7.27450991
5.99411726
6.60392189
5.82352924
8.22941208
4.68431425
5.10588312
4.50588274
5.74313736
8.56274509
4.39215708
4.76666689
4.91176510
4.69019651
2.83725524
1.08431399
0.34705883
6.65686321
7.27843142
6.21176624
5.91176462
5.47647095
7.99215698
4.43921661
4.42548990
4.26078463
5.78823471
8.45686436
4.20000029
5.23921537
4.64313745
5.06862736
2.27647090
0.43137255
0.27647060
6.52352953
7.24705887
5.79999924
5.46862793
4.92745066
7.96470642
4.80588293
4.51372576
3.84901977
5.80196047
7.46078444
4.70980549
3.39411759
3.39215732
5.14705896
1.91764748
0.45294118
0.52941179
6.30000019
7.27058887
5.03921652
5.25882292
4.63137341
7.94117737
5.48431396
5.11568642
4.33725548
5.63137293
6.45882320
4.40588284
2.23529434
2.71568656
4.39019632
1.61568677
1.20000017
0.42156863
6.27647161
7.44117785
4.73333359
4.30000114
3.97451019
8.02549076
5.83137274
6.17451000
4.61372614
5.60000038
5.08039284
3.53921604
2.38627458
2.51372600
3.36274552
1.56862807
2.02156901
0.51176471
6.36274433
7.21764803
4.77647114
3.89411783
3.82745147
7.58823729
5.60980415
6.49607849
4.74313784
5.84509802
3.98039246
3.00588298
3.08627486
2.54509830
2.36862779
1.72745121
2.29411793
0.65294129
6.38039351
6.01960850
4.16470671
4.15490198
4.19607878
6.92745209
5.36274433
7.02353001
5.08039188
5.81568575
3.41176510
3.68823552
5.16274595
2.67058849
2.25098085
1.99215722
2.26666689
0.56862748
6.47843218
5.20392275
3.52549076
4.40392208
4.63137293
6.67058849
5.82353067
6.94901943
5.38039303
5.62352896
3.08235359
4.60784388
6.54705763
2.61960816
3.25098062
2.24509859
2.80000067
0.29215688
6.32549095
4.37451077
3.20784378
4.00392151
4.44705963
6.28039312
6.60980511
6.83725452
5.83921623
5.23333406
2.61176491
4.81568575
6.77450991
2.35490251
4.23333311
2.26078415
3.21372581
0.13137256
6.29411888
4.64117718
3.33137250
3.82941246
4.11372566
5.41960812
7.22745132
6.46666718
6.04313755
4.78039265
2.20784354
4.87647152
5.74117804
3.09411812
4.47058821
2.12941194
2.86666656
0.12941177
6.78235388
5.60392237
4.32352972
3.82549071
4.05490208
4.69411802
7.59804058
5.60392237
5.42156935
4.39411783
1.92352962
4.74509764
4.50588322
4.33725548
3.61960816
2.28823566
2.64117670
0.10588235
7.07450962
6.12941265
5.32352972
3.51568675
4.06274509
4.22745085
7.50784302
5.38823652
4.81960773
3.80980420
1.88431418
4.48627472
3.55490232
4.54509830
2.32549047
2.69607854
2.42941213
0.14509805
6.60980320
6.25098133
6.59019709
2.92941189
3.70980382
3.93137264
7.89803982
5.55882406
4.14902020
2.92352962
2.37254906
3.93529415
2.61372614
3.55686259
1.03137279
3.55098057
2.58235288
0.12352941
6.94509840
6.42549181
6.90588284
3.08431387
3.81372619
3.74509859
7.96666670
5.13333416
3.72156882
1.75686300
2.51764750
3.16274548
2.81568670
2.53529429
1.38823545
3.39019656
2.95882368
0.12549020
7.20392132
6.62352991
6.68431473
3.40980411
3.60980439
4.06862736
7.40000057
4.85490227
2.83333397
1.15294123
1.63137281
1.76470613
4.01176500
1.94902003
3.18627501
2.65686297
2.27058816
0.12549020
7.01176500
6.68823528
6.15882349
3.49019575
3.79411817
4.22352982
6.03137398
4.32156897
2.02745128
1.45490253
1.17254937
0.95686287
4.96078491
2.13725495
5.02941275
2.12156892
1.66078472
0.12549020
6.67255068
7.05686283
5.83333397
3.67451024
3.67058873
4.01960802
4.46470594
2.76078486
2.25490236
1.90392172
0.64901978
0.82352942
5.39607906
2.90392208
5.10000038
1.22549033
1.01568651
0.12549020
6.41568708
7.16274452
5.39411831
3.98627448
3.28235292
3.58823609
3.68627453
2.30000043
2.68039227
1.87451017
0.56862748
0.95098042
5.26470566
3.58235335
4.11372566
0.97450989
0.38823530
0.12745099
5.73529387
6.51372623
5.03333473
4.07058859
2.77058864
2.71568632
3.08431411
2.46078467
2.62941194
1.60784340
0.93333369
1.05882359
4.31568623
3.35882330
2.12156868
1.14705896
0.54509813
0.12745099
4.81764746
6.06078434
5.14902067
4.19607830
3.02352977
1.95686305
1.94313753
2.54313779
2.81176519
1.71176541
1.32352972
0.87254912
3.80196095
2.88431382
1.11960804
1.37647092
0.45686275
0.12549020
4.12745094
5.70588255
5.59803867
4.33529472
3.09215713
2.15294170
1.25882387
2.24901986
2.50980377
1.77058852
1.62941194
0.87254906
3.02156878
2.57647109
0.89803946
1.53725517
0.51960784
0.12549020
3.38235307
4.62352943
4.76274538
4.30392170
3.13333344
2.09803963
1.55098057
1.95098042
1.65686309
1.79803956
1.71764731
0.96862757
1.88235343
1.93333387
1.06470609
1.52156878
0.65098071
0.11568628
2.85294127
3.68039274
3.31960773
4.02549076
2.70392156
1.60784352
1.74901974
2.01176524
1.33529425
1.63333380
2.03529429
1.06666672
1.47647095
1.06078458
1.40000021
1.41960812
0.69019639
0.11568628
2.52941227
3.22745132
2.32549047
4.25882387
2.25686264
1.11372566
1.38039231
1.89215708
1.63921607
0.76078439
2.23921585
1.44313776
1.77843177
0.80784333
1.22745097
1.51960814
0.55294126
0.13725491
2.86274529
3.33529377
2.22352982
4.18431377
2.51568675
1.49019635
0.89411795
1.54509830
2.07843184
0.42549020
2.16274548
2.02156925
1.73333359
0.72549045
1.12156892
1.77647066
0.38627452
0.13137256
3.11764741
2.81960797
2.27647090
3.71960831
3.09019685
1.86470592
0.97451019
1.19019628
2.07254887
0.80980402
2.07843161
3.01176476
1.55490232
0.43725491
1.12549043
2.62941217
0.36666667
0.10784314
2.61764717
2.64313722
2.20588231
3.73529410
3.18039274
1.69019616
1.32156909
0.68823540
1.52745104
1.02156878
1.76666677
3.85098052
1.56078458
0.36274511
1.22745121
3.37451029
0.42352942
0.13333334
2.41176486
2.73529458
2.21176505
3.65098095
2.94117665
1.71960819
1.42549062
0.39607844
1.19803941
1.39803946
1.23725486
3.80980396
1.52156901
0.36274511
2.05686307
4.40196133
0.43137255
0.18431373
2.54705882
2.46862817
2.35098076
3.39411759
2.82745123
2.18235326
1.25294161
0.96078455
1.15294158
1.05490220
1.65294147
3.72352982
1.26470602
0.19411765
2.55686331
4.33333349
0.50196081
0.17843138
2.70980406
2.64117670
1.89019632
3.17647076
3.01764679
2.25686336
1.13921595
1.33333361
0.90784347
0.98235315
3.14901996
3.55882406
0.75490242
0.13529412
3.06078458
3.78823566
0.71568632
0.16666667
2.65490198
2.78627467
1.58039224
2.88039207
3.20196152
1.82941210
1.15294147
1.66274524
0.73921585
1.21960795
3.86470628
3.93137264
0.68235320
0.17450981
3.55882430
3.28039217
0.71176481
0.15098040
2.48823571
2.58823609
1.56470585
2.96862769
3.01176500
1.22941196
0.99411774
1.84705889
0.61568642
1.28039229
4.76078463
4.83137274
1.15882421
0.68235308
3.80784369
2.66666675
0.68235308
0.13725491
2.11568642
2.22745109
1.90196073
3.22745061
2.81568694
1.31176496
0.93333352
2.53333354
0.76666683
1.47451007
5.18627453
4.99019670
1.68039262
0.93725502
3.65294147
1.70980442
0.67058837
0.12352941
1.98627484
2.08431411
2.20196128
3.03137279
3.06274533
1.83725500
1.19019616
3.75686336
1.88431442
2.25686288
5.56470680
4.27058840
1.94705939
0.77254915
2.94705915
0.97058862
0.40392157
0.11960784
2.31372547
1.91960824
2.06666708
2.66274548
3.14509797
2.06862760
1.54313731
5.66078472
3.95098066
2.72941184
5.27843189
3.09215736
1.67451036
0.73333341
2.41176510
1.11176503
0.15882353
0.12549020
2.40784335
1.63725519
2.09019613
2.64901996
2.77843165
1.92549038
2.00588226
7.85882425
5.65686321
2.76862764
4.18431377
1.74117672
1.09411800
0.64705884
2.45098066
1.69019628
0.24705882
0.12549020
2.11372566
1.49607861
2.49607849
3.08431387
2.94509816
1.34117663
2.14705896
7.80196142
5.66078472
2.67058849
3.42941213
1.04901993
0.75882375
0.57254905
2.59803939
1.83333349
0.28039217
0.12549020
2.09803939
1.67450988
2.39019632
3.52745128
2.88627481
0.96862763
2.28823543
6.46274567
3.99607921
2.48823571
3.06862712
1.30784345
1.21568668
0.67254907
2.30784345
1.86862755
0.44901961
0.12549020
2.18823552
1.74313760
2.39411807
3.91372609
2.53725529
0.92745113
2.67451000
5.19999981
3.02549052
2.63921595
2.36666751
1.60000014
2.00784349
0.69411767
1.83921599
1.60000014
0.30392158
0.12549020
2.42745113
1.72549021
2.16862774
4.76470661
1.92941177
1.22352970
3.16666698
4.84901953
2.84705877
2.39019608
1.18627465
1.48823547
2.57254934
0.96862775
1.62549043
1.57058859
0.15686275
0.12549020
2.38431406
1.87647104
2.00000000
4.96666670
1.76862776
1.55686283
3.22745132
4.42941236
3.88039231
2.35490227
1.57058847
0.89215702
2.24117661
1.83137310
1.62745130
1.56274593
0.26470590
0.12549020
2.44117665
2.15686321
1.86078453
4.16274548
1.72549069
1.99607837
2.82156897
3.67058825
5.50000095
2.10196114
2.18823576
0.91176486
1.97254932
2.95098066
1.41372597
1.36078465
0.37450981
0.12549020
2.79019642
2.50588226
1.33137274
3.64509845
1.44509828
2.04902005
2.68431377
3.03333402
5.80980444
1.51372564
2.15490222
1.30784333
2.01372552
3.49411845
1.23137259
1.44901991
0.44705883
0.12549020
2.72156882
2.81764746
0.85098052
3.33333349
1.52941215
1.57843161
2.94509816
2.37058878
5.42352962
2.02156878
2.04509830
0.98823541
1.72941208
3.46862769
1.32549012
1.57843161
0.65098059
0.12549020
2.68823552
2.96862698
1.12352955
2.89607859
1.62549043
1.12156880
2.97058845
2.33137274
4.40784311
3.30196047
2.24313760
0.97843152
1.13725507
2.84901977
1.55882359
2.09019661
0.92745119
0.12549020
2.43137240
3.34509802
1.74117672
2.39411759
2.11568689
1.45490241
2.85490274
2.98039222
3.12941265
4.00784349
2.64313769
1.04509830
0.77647072
1.58627486
1.19019628
1.93333375
0.61960793
0.12549020
2.31568694
3.43725538
1.93529463
2.55294132
2.67254901
1.80000031
2.54902029
3.61568761
3.07450962
4.34117651
2.48627472
0.91568649
0.80000013
1.09607887
1.35686302
1.64509833
0.41176471
0.12549020
2.17254925
3.40980363
2.02352977
2.55294108
3.07254934
2.37058878
2.53137279
3.50000072
3.76274490
4.73529434
2.23529434
0.46274510
0.90588254
0.72745103
1.63725507
1.48039234
0.18039216
0.12549020
2.21176505
3.55098081
2.18431401
1.96470630
3.22352982
2.67058825
2.53137255
3.25882339
4.72352934
5.28431368
2.23921609
0.55882365
1.25882363
0.76862752
1.91568637
1.40980434
0.30392158
0.12549020
2.55490232
3.54313779
2.34313750
1.67254925
3.01568651
2.48823571
2.52549028
3.24509788
5.74901962
5.96666718
2.23137283
0.44705883
1.51764727
1.22549021
2.45490217
1.46078467
0.68823552
0.12549020
3.18823576
3.62745094
2.53529453
2.05294132
2.68039227
2.35294151
2.43333340
3.17843151
5.44313765
6.27843285
2.09803939
0.70392185
1.41176486
1.32745123
2.68039274
2.16862798
0.60980409
0.12549020
4.03921652
3.98627472
2.53137279
2.72156906
2.48431420
2.19803953
2.02745128
3.33137274
4.56274605
5.51372623
1.75882351
1.02745140
1.79411793
1.85294139
2.65882373
3.23529458
0.42745098
0.12549020
3.95882416
4.15686321
2.81764770
3.08627486
2.28235316
2.30980420
1.56274509
3.27647090
3.59411764
4.26078558
1.85294127
2.43333364
2.09803987
1.82156873
2.37254930
3.28431368
0.24705882
0.12549020
4.49411774
4.34901953
2.92352939
2.94117641
2.33137298
2.15490198
1.28235316
3.08039188
2.53725553
2.62352967
1.93725514
3.41960788
2.38823557
1.41764724
1.72745144
2.89215755
0.56274515
0.12549020
4.99607849
4.00980473
2.96078467
2.81568670
2.28823543
2.07450986
1.25490212
2.80196095
2.11568666
1.77254915
2.14313745
3.64509821
2.44705915
0.98431391
1.26470602
2.54117680
0.74509817
0.12549020
5.31764793
4.08431435
3.45686364
1.86274529
2.20588279
1.59215713
1.24313736
2.36666656
2.03725529
1.72549045
2.70784330
3.72156882
2.50784373
0.73333347
0.90196103
1.97451007
0.53725493
0.12549020
5.31176424
4.52745104
4.22352982
1.18627477
2.61764717
1.18039238
1.43333364
1.99019611
2.14901996
1.83725512
2.75294113
3.38627434
2.52941179
0.62941188
0.78039235
1.71568632
0.25882354
0.12549020
4.69019604
4.54901981
4.34313774
1.49215722
2.83529401
1.11176491
1.61568666
1.85686314
2.76666713
2.45294118
2.88039231
3.00196075
2.51176500
0.53725493
0.83921582
1.95490205
0.16274510
0.12549020
4.02941179
4.56862831
4.22352934
1.82156909
2.37254930
1.01372576
1.23529422
1.51372576
2.95098019
3.38235283
3.77647090
3.31176496
2.45882416
0.47647059
0.81960803
1.89019656
0.19215687
0.12549020
3.89607882
4.71372557
4.56274509
2.25294161
2.11568642
1.05882382
0.87058836
0.94901961
2.67647099
4.03137255
4.16666698
3.19215751
2.10392189
0.48235294
0.93725514
1.69803941
0.23529412
0.12549020
3.93137312
4.97843122
4.45490217
1.91176522
1.55098069
1.12549031
0.82745111
0.59607852
2.39019656
4.64313745
4.00392151
2.91764760
1.70980406
0.54509807
0.88431400
1.45098066
0.12941177
0.12549020
3.70000076
4.96862745
4.24705887
1.72549057
1.00784326
1.24705899
0.89215696
0.35882354
2.58627486
5.15490246
3.96274543
2.56078434
1.40588272
0.45098040
0.66470599
1.30980396
0.17254902
0.12549020
3.68235302
4.36078405
3.90392208
1.44902003
0.50588238
1.37451029
0.68039227
0.11176471
2.39607882
5.36862707
4.37254953
2.55686283
1.21960819
0.39019608
0.65490204
1.41568649
0.20588236
0.12549020
4.00980473
3.90980387
3.81176519
1.54705906
0.29803923
1.21176505
0.44313726
0.13137256
1.97451019
4.95294094
4.45686340
2.64705944
1.23529470
0.46666667
0.54901963
1.72549033
0.19803922
0.12549020
3.62549067
3.61176515
3.85294175
1.95686305
0.35882354
1.15098047
0.46862745
0.30196080
1.65098071
4.56274509
4.59215689
2.85882401
2.01568651
0.56470597
0.49019608
1.79607856
0.14705883
0.12549020
2.82941198
3.10588288
3.65294147
2.00588274
0.65686280
0.93333352
0.43529412
0.31372550
1.25490201
4.58039236
5.32745123
3.19019651
2.32353044
0.48627451
0.39411765
1.49019635
0.11960784
0.12549020
2.51764727
2.82745123
3.37254882
1.68823576
0.79019630
0.40980393
0.27254903
0.20588236
0.99607855
4.18039179
5.50000095
3.33921623
2.30980420
0.50196081
0.20392157
0.92352962
0.13333334
0.12549020
2.39215708
2.73921585
3.31764722
1.47843170
0.66274518
0.22941177
0.19019608
0.18823530
1.07843149
3.32941198
5.03333330
3.54902005
1.95882356
0.65098071
0.27058825
0.42549020
0.16470589
0.12549020
2.11372590
2.75882363
3.56078482
1.57647133
0.51960790
0.15490197
0.16274510
0.34117648
1.01764715
2.18823552
3.75294113
3.83137274
1.90588272
0.53137267
0.29607844
0.22549020
0.37254903
0.12549020
2.20784330
2.56862783
3.09803963
1.62352967
0.40980393
0.15882353
0.16666667
0.25098041
0.93921584
1.50980437
3.36470652
3.87254930
2.37647080
0.42941177
0.39607844
0.28431374
0.52941179
0.12549020
2.07647109
1.92156923
2.75294113
1.64509821
0.32156864
0.20196079
0.16470589
0.17843138
0.59019619
1.02352953
3.13333368
3.72745132
2.67254949
0.49019608
0.43725491
0.25098041
0.43137255
0.12549020
1.66078460
1.51960814
2.25098085
1.59411812
0.07647059
0.21176471
0.14705883
0.13529412
0.24705882
1.25098050
2.68627453
3.27254939
2.40980434
0.36666667
0.59019619
0.22156863
0.24509804
0.12549020
1.35490215
1.38235319
1.89411795
1.59019649
0.14705883
0.19411765
0.12549020
0.13333334
0.15098040
1.30784321
2.49019647
2.94901943
2.22352958
0.34313726
0.78039235
0.10000000
0.20000000
0.12549020
1.26666677
1.35294139
1.75882375
1.77647126
0.38627452
0.26862746
0.10784314
0.13333334
0.14705883
0.95686287
2.72745132
3.00000024
2.57058859
0.63921589
0.77058840
0.18431373
0.14509805
0.12549020
1.13333356
1.49803984
1.50392199
1.79411769
0.25686276
0.32745099
0.12941177
0.13725491
0.12352941
0.71764714
2.34509826
2.82941198
2.77647090
1.08039284
0.53137273
0.50392163
0.10000000
0.12549020
0.90196097
1.47843170
1.44117677
1.58039224
0.14509805
0.30392158
0.14117648
0.10196079
0.14313726
0.43529412
1.64705920
2.35098052
2.52941203
1.66666687
0.29411766
0.42745098
0.13725491
0.12549020
0.80000001
1.55882382
1.10196090
1.70392203
0.20196079
0.25882354
0.13725491
0.10980392
0.12549020
0.48627451
1.69411802
1.85686290
1.85294151
2.22353029
0.14117648
0.14901961
0.12549020
0.12549020
0.94313735
1.22941196
1.03137255
1.62745142
0.28823531
0.19019608
0.13333334
0.12549020
0.12549020
0.43921569
1.30784333
1.25490224
1.39215720
2.05294156
0.30000001
0.19803922
0.12549020
0.12549020
0.89803928
0.94901979
0.94901973
1.42352974
0.43137255
0.22745098
0.12549020
0.14117648
0.12549020
0.15098040
0.67647076
1.23921609
1.87451017
1.39803970
0.65882379
0.16666667
0.12549020
0.15686275
0.83529419
0.90980399
0.76862752
0.79215717
0.61568636
0.35294119
0.12941177
0.14117648
0.12549020
0.13333334
0.42549020
1.04901981
1.97058845
1.19019651
0.65098065
0.17647059
0.12549020
0.15686275
1.00196099
0.70980400
0.63921583
0.44901961
0.67254907
0.38627452
0.14117648
0.14117648
0.12549020
0.13137256
0.28039217
0.85686278
2.01372576
0.72156882
0.49215686
0.23725490
0.12549020
0.12549020
1.07254934
0.76078445
0.82745123
0.50000000
0.43725491
0.28627452
0.15294118
0.14117648
0.12549020
0.10588235
0.11568628
0.80000007
2.38627481
0.65294147
0.50588238
0.20588236
0.12549020
0.12549020
0.95882386
1.00784326
0.91568649
0.66666681
0.40196079
0.15294118
0.17254902
0.12549020
0.12549020
0.22156863
0.16470589
0.37058824
2.23137307
1.07843184
0.52941179
0.13333334
0.12549020
0.12549020
0.86862761
0.75882363
0.70980412
1.04117668
0.68627483
0.10980392
0.18039216
0.10980392
0.12549020
0.13529412
0.12156863
0.28627452
2.27058864
1.74313748
0.80588245
0.13921569
0.12549020
0.15686275
0.77450997
0.51372552
0.58627474
1.46078467
1.04313767
0.14509805
0.12941177
0.11176471
0.11568628
0.10980392
0.15098040
0.31764707
2.03333354
2.23333383
1.06078458
0.13725491
0.12549020
0.12549020
0.85490221
0.64117658
0.42352942
1.56666684
1.18235326
0.16862746
0.12549020
0.13725491
0.12549020
0.22156863
0.16078432
0.33333334
1.82941222
2.18627477
0.88039231
0.13333334
0.12549020
0.12549020
0.36078432
0.59215689
0.36666667
1.45098078
0.97451013
0.15882353
0.18431373
0.11960784
0.13529412
0.22156863
0.20784314
0.23725492
1.83725512
2.16862702
0.52352947
0.12941177
0.12549020
0.12549020
0.35686275
0.66862750
0.48627451
1.15882385
0.55294132
0.17254902
0.27058825
0.12156863
0.12549020
0.17254902
0.19607843
0.39411765
1.73137271
2.32941175
0.42549020
0.15098040
0.12549020
0.15686275
0.79019630
0.90196091
0.55882359
0.88235307
0.39411765
0.29019609
0.28627452
0.13529412
0.10000000
0.05490196
0.18823530
0.91568637
1.55686331
2.28039241
0.63725501
0.19803922
0.12549020
0.15686275
0.78431398
0.80000013
0.47254902
0.67451000
0.45098040
0.41372550
0.21960784
0.12156863
0.12156863
0.23333333
0.16862746
1.08431387
1.37451041
2.14313745
0.63725495
0.27254903
0.12549020
0.12549020
0.64117658
0.53529418
0.40000001
0.71764714
0.60980397
0.60588247
0.15294118
0.26666668
0.17254902
0.76078433
0.31960785
0.87450987
0.90588266
1.87647057
0.43529412
0.34901962
0.12549020
0.12549020
0.62352949
0.48823529
0.42352942
0.88823539
0.80392176
0.83921593
0.12156863
0.56078434
0.22352941
0.86274517
0.42941177
0.81764728
0.59803933
1.20196092
0.35882354
0.39019608
0.12549020
0.12549020
0.59803933
0.30784315
0.29803923
0.97254932
1.26862776
0.94117677
0.10392157
0.59803921
0.56470597
0.55294120
0.24117647
0.63333344
0.52941191
0.36862746
0.39607844
0.41568628
0.12549020
0.12549020
0.55294126
0.33725491
0.29019609
0.84313738
1.19803941
0.54705882
0.15882353
0.47254902
0.89607865
0.27843139
0.17450981
0.63921589
0.37058824
0.16862746
0.36274511
0.28823531
0.12549020
0.12549020
0.57058829
0.52941179
0.18627451
0.83921593
0.96274531
0.30588236
0.21372549
0.30980393
0.70588255
0.13333334
0.09411765
0.51568627
0.21372549
0.09411765
0.41568628
0.18823530
0.12549020
0.12549020
0.32941177
0.58039230
0.17450981
0.81372559
0.87254912
0.33921570
0.22549020
0.17450981
0.21372549
0.16274510
0.19215687
0.50392157
0.14117648
0.14117648
0.49803922
0.21568628
0.12549020
0.12549020
0.19803922
0.45490196
0.27058825
0.56862748
0.87058830
0.45294118
0.17450981
0.12941177
0.10392157
0.14509805
0.52156866
0.44705883
0.13725491
0.12941177
0.43725491
0.30392158
0.12549020
0.12549020
0.23921569
0.39411765
0.22352941
0.32549021
0.62352955
0.47450981
0.12352941
0.14313726
0.14901961
0.12156863
0.77647066
0.29411766
0.11764706
0.12549020
0.25490198
0.21176471
0.12549020
0.12549020
0.18235295
0.42352942
0.15098040
0.28039217
0.52352941
0.35098040
0.10392157
0.14509805
0.09019608
0.13333334
0.66274512
0.30196080
0.10980392
0.14509805
0.18431373
0.20784314
0.12549020
0.12549020
0.27647060
0.31568629
0.20588236
0.33725491
0.76078439
0.15882353
0.11176471
0.12745099
0.09607843
0.11764706
0.35098040
0.17843138
0.11372549
0.14117648
0.26666668
0.33725491
0.12549020
0.12549020
0.33137256
0.23725490
0.20196079
0.43137255
0.95098048
0.15686275
0.14901961
0.12549020
0.12549020
0.12549020
0.16862746
0.12549020
0.12549020
0.12549020
0.23725490
0.25686276
0.11372549
0.12549020
0.36862746
0.16274510
0.27254903
0.40000001
0.99019617
0.21176471
0.12156863
0.10196079
0.13725491
0.12549020
0.14117648
0.14509805
0.12549020
0.12549020
0.14313726
0.21764706
0.09411765
0.12549020
0.48235294
0.34117648
0.23725490
0.30000001
0.64705884
0.27254903
0.13333334
0.21960784
0.10196079
0.12549020
0.12549020
0.15686275
0.13333334
0.12549020
0.13529412
0.26078433
0.17254902
0.12549020
0.65882385
0.53921574
0.18823530
0.28823531
0.33529413
0.25686276
0.14509805
0.12941177
0.13725491
0.12549020
0.13333334
0.16078432
0.11764706
0.12549020
0.14313726
0.30000001
0.20784314
0.12549020
0.78431398
0.50000000
0.22745098
0.42941177
0.48039216
0.24901961
0.14509805
0.13725491
0.25882354
0.12549020
0.12745099
0.17058824
0.11764706
0.12549020
0.13333334
0.20784314
0.14117648
0.12549020
0.66274518
0.42549020
0.20392157
0.67647070
0.69607872
0.27843139
0.13137256
0.23137255
0.25882354
0.12549020
0.13921569
0.28431374
0.12156863
0.12549020
0.17647059
0.12941177
0.14117648
0.12549020
0.37254903
0.38235295
0.15490197
1.09411776
0.85294145
0.35490197
0.15490197
0.12156863
0.18039216
0.12549020
0.19803922
0.45294118
0.15686275
0.12549020
0.19215687
0.12941177
0.15686275
0.12549020
0.12941177
0.28235295
0.15490197
1.54705882
1.05098069
0.43529412
0.22352941
0.14901961
0.15294118
0.12549020
0.28823531
0.58627486
0.18431373
0.12549020
0.11764706
0.11372549
0.10980392
0.12549020
0.16470589
0.17254902
0.16274510
1.70392156
0.99019653
0.52745116
0.27254903
0.13333334
0.10000000
0.11372549
0.36274511
0.34901962
0.28823531
0.13529412
0.12549020
0.13725491
0.10784314
0.11960784
0.15294118
0.14313726
0.12941177
1.80000019
1.37450993
0.34117648
0.33137256
0.06862745
0.16470589
0.15882353
0.72745109
0.14509805
0.40196079
0.13137256
0.12352941
0.11568628
0.12156863
0.12549020
0.19215687
0.24901961
0.20392157
1.63921583
1.64902008
0.34705883
0.28823531
0.14117648
0.10196079
0.19215687
0.96862757
0.14117648
0.34705883
0.12745099
0.12549020
0.12156863
0.14509805
0.13725491
0.20196079
0.21372549
0.28431374
1.52549040
2.00000095
0.49607843
0.21960784
0.31176472
0.22745098
0.25686276
1.20196104
0.26862746
0.17647059
0.12549020
0.12745099
0.15882353
0.15490197
0.14705883
0.20392157
0.20392157
0.26078433
1.64117658
2.30392194
0.53725511
0.16078432
0.48823529
0.27058825
0.60196084
1.36078477
0.24901961
0.12156863
0.12549020
0.12745099
0.15882353
0.15490197
0.14705883
0.31176472
0.18235295
0.16470589
1.57843149
2.59019613
0.67058849
0.10196079
0.64313745
0.18431373
1.28823543
1.62352967
0.16078432
0.10980392
0.12941177
0.12549020
0.12156863
0.14509805
0.13725491
0.40980393
0.10784314
0.20784314
1.46274531
2.92156887
0.83333361
0.19411765
0.68235302
0.31568629
1.87843144
1.97843206
0.11372549
0.11764706
0.13333334
0.12352941
0.11568628
0.12156863
0.12549020
0.37058824
0.31764707
0.36078432
1.61176479
2.86470675
0.81372565
0.37647060
0.59411770
0.28039217
2.00588274
1.91764772
0.15294118
0.13725491
0.13725491
0.12549020
0.13725491
0.10784314
0.11960784
0.38823530
0.33725491
0.51176471
1.69803917
3.06470609
0.93529439
0.67451012
0.57058841
0.29019609
1.49411786
1.61960852
0.11764706
0.12549020
0.12352941
0.11568628
0.11764706
0.12549020
0.13333334
0.40196079
0.23333333
0.42352942
1.85490227
3.37058854
1.09215713
1.20000052
0.93137270
0.23137255
1.19607890
1.03137326
0.13725491
0.12549020
0.12352941
0.13529412
0.12549020
0.12549020
0.13333334
0.50392157
0.17450981
0.53529412
1.76666689
3.61764741
1.42156875
1.31960821
0.83333349
0.27450982
1.30000031
0.63333344
0.10588235
0.12549020
0.12549020
0.10980392
0.14117648
0.12549020
0.14117648
0.51568627
0.18235295
0.66666669
1.61372566
3.56666636
1.39607859
0.87451023
0.69803935
0.63921577
1.21960807
0.42352942
0.11764706
0.12549020
0.12549020
0.14509805
0.14901961
0.12549020
0.14901961
0.39803922
0.18039216
0.52941179
1.57450986
3.36470532
1.44117701
0.51176471
0.91960794
0.70784324
0.53725493
0.22352941
0.15294118
0.12549020
0.12549020
0.25882354
0.14901961
0.12549020
0.15294118
0.25686276
0.19607843
0.33137256
1.48823559
3.13529444
1.66078436
0.45294118
1.00392187
0.59019625
0.14705883
0.11960784
0.10980392
0.12549020
0.12549020
0.24313726
0.14117648
0.12549020
0.17254902
0.37450981
0.22156863
0.30196080
1.40392172
3.07647085
1.51960802
0.53333336
0.99411792
0.81764734
0.24509804
0.14117648
0.11764706
0.12549020
0.12549020
0.14117648
0.12549020
0.12549020
0.18039216
0.58431375
0.29019609
0.39019608
1.46078444
3.22352958
1.30000019
0.59215689
1.23333347
0.95294154
0.21960784
0.12156863
0.21960784
0.12549020
0.12549020
0.09803922
0.11764706
0.12549020
0.16862746
0.57843137
0.26666668
0.46666667
1.72941172
2.95882416
1.57058835
0.67254913
1.37451017
0.80980414
0.39215687
0.13529412
0.39215687
0.12549020
0.12549020
0.11372549
0.12549020
0.13333334
0.13725491
0.32941177
0.22352941
0.32352942
1.72156870
2.40000057
1.46274555
0.82352972
1.54509842
0.76078445
0.40196079
0.17647059
0.31568629
0.12549020
0.12549020
0.13333334
0.14509805
0.12549020
0.18039216
0.34117648
0.19803922
0.25098041
1.87647080
2.12941217
1.57451022
0.97254938
1.25098073
0.48039216
0.19607843
0.18627451
0.18431373
0.12549020
0.12549020
0.12549020
0.15490197
0.13529412
0.19215687
0.32549021
0.16666667
0.25490198
1.95490205
2.83725524
1.90980411
1.41176486
0.72352964
0.19411765
0.15882353
0.14117648
0.12156863
0.14117648
0.12549020
0.12549020
0.12745099
0.12745099
0.14509805
0.31960785
0.11372549
0.22156863
1.85882366
3.77254915
2.23529434
1.92352974
0.57058829
0.11176471
0.13725491
0.12745099
0.11176471
0.15686275
0.12549020
0.14117648
0.11176471
0.12745099
0.14509805
0.31764707
0.10196079
0.11764706
1.77647078
4.46470642
2.62745142
2.57254910
0.68431401
0.20784314
0.13529412
0.13529412
0.16078432
0.15686275
0.12549020
0.12549020
0.11568628
0.13529412
0.16470589
0.22745098
0.13725491
0.11372549
1.85490239
4.71568680
3.27647066
3.34117675
0.76078451
0.38431373
0.31372550
0.13921569
0.21372549
0.12549020
0.12549020
0.14901961
0.18823530
0.12549020
0.16862746
0.36470589
0.20784314
0.14509805
1.93137288
4.28235292
3.90588307
3.59019661
0.78235328
0.59607863
0.30196080
0.12352941
0.25098041
0.10980392
0.12549020
0.27647060
0.24901961
0.13333334
0.12549020
0.35490197
0.41176471
0.15098040
1.47843158
4.12549114
4.37058926
3.54509854
0.85490233
0.51764715
0.10784314
0.30980393
0.12549020
0.17450981
0.11568628
0.66274518
0.14901961
0.12549020
0.12549020
0.16078432
0.55098039
0.17450981
1.21372557
3.81176496
4.59803867
3.33921623
1.12549078
0.66862762
0.32941177
0.30980393
0.12549020
0.14705883
0.17058824
0.79215699
0.12549020
0.12549020
0.12549020
0.10784314
0.44901961
0.17647059
1.08039224
3.40000057
4.63921499
3.44313765
1.47254944
0.44509804
0.43333334
0.24705882
0.12549020
0.10392157
0.38627452
0.61372566
0.14705883
0.12549020
0.12549020
0.15686275
0.21176471
0.21960784
1.04117656
3.10980392
4.57451010
3.43529415
1.55490220
0.35294119
0.40980393
0.14117648
0.15686275
0.19411765
0.99803936
0.30000001
0.15490197
0.12549020
0.12549020
0.12352941
0.11176471
0.42941177
0.93529427
2.95490241
4.56470633
3.12941265
2.23333430
0.46470588
0.37058824
0.12549020
0.15686275
0.57843137
1.34313786
0.20784314
0.14117648
0.12549020
0.12549020
0.10784314
0.11960784
0.64117652
0.91960794
2.82941175
4.30980444
3.18627453
2.75882363
0.57647073
0.36666667
0.14117648
0.12549020
1.33921576
1.26078486
0.15294118
0.14901961
0.12549020
0.12549020
0.13333334
0.11960784
0.54901963
0.85490203
2.70588231
3.89607882
3.30392170
3.35882354
0.67647076
0.45294118
0.14509805
0.12549020
2.34705925
0.94705915
0.10588235
0.13333334
0.12549020
0.12549020
0.13333334
0.13333334
0.33921570
0.66470593
2.64117646
3.68431401
3.04509830
3.57843184
0.53725499
0.57058841
0.11568628
0.12549020
3.09215689
0.43725491
0.13529412
0.14705883
0.12549020
0.12549020
0.12549020
0.12549020
0.12549020
0.71568632
2.41176510
3.43529391
2.22941208
3.63725543
0.43137255
0.70588249
0.10980392
0.16470589
3.16470623
0.17843138
0.12549020
0.12549020
0.12549020
0.12549020
0.12549020
0.12549020
0.12549020
0.55294120
2.53529429
2.85882354
1.90000033
3.81372571
0.46862745
0.79411781
0.12352941
0.09411765
2.09803939
0.15294118
0.12549020
0.12549020
0.12549020
0.12549020
0.12549020
0.12549020
0.12549020
0.50588238
2.49019670
2.20392156
1.62352991
3.95882344
0.84705931
0.72941196
0.22745098
0.16862746
1.04313731
0.12352941
0.12549020
0.12549020
0.12549020
0.12549020
0.12549020
0.12549020
0.12549020
0.40392157
2.01960778
1.76078475
1.74705899
3.99215794
1.29019654
0.52352953
0.25882354
0.18039216
0.66666681
0.11764706
0.12549020
0.12549020
0.12549020
0.12549020
0.12549020
0.12549020
0.12549020
0.17843138
1.56666684
1.28823555
1.94509840
3.64705944
1.62353003
0.48431373
0.50980395
0.46470588
0.60980409
0.13333334
0.12549020
0.12549020
0.12549020
0.12549020
0.12549020
0.12549020
0.12549020
0.12156863
0.93333346
0.69803929
1.69411802
3.41960812
2.18431377
0.64901966
0.73921585
0.69607860
0.46274510
0.14313726
0.12549020
0.12549020
0.12549020
0.12549020
0.12549020
0.12549020
0.12549020
0.17647059
0.21372549
0.28235295
1.08823550
3.34509850
2.50588250
0.94901961
0.66666675
0.46862745
0.25098041
0.13529412
0.12549020
0.12549020
0.12549020
0.12549020
0.12549020
0.12549020
0.12549020
0.10196079
0.12156863
0.14117648
0.62549025
2.89803934
2.31568646
1.26862752
0.74117672
0.34509805
0.17843138
0.11764706
0.12549020
0.12549020
0.12549020
0.12549020
0.12549020
0.12549020
0.12549020
0.12549020
0.12549020
0.12549020
0.27843139
2.24901986
2.45490170
1.48431396
0.31372550
0.12549020
0.12549020
0.12549020
0.12549020
0.12549020
0.12549020
0.12549020
0.12549020
0.12549020
0.12549020
0.12549020
0.12549020
0.12549020
0.20392157
1.57450998
2.33333302
1.19411790
0.18823530
0.12549020
0.12549020
0.12549020
0.12549020
0.12549020
0.12549020
0.12549020
0.12549020
0.12549020
0.12549020
0.12549020
0.12549020
0.12549020
0.12549020
0.59215689
1.82156873
0.73333341
0.13529412
0.12549020
0.12549020
0.12549020
0.12549020
0.12549020
0.12549020
0.12549020
0.12549020
0.12549020
0.12549020
0.12549020
0.12549020
0.12549020
0.08627451
0.05098039
0.94901991
0.32352942
0.16666667
0.12549020
0.12549020
0.12549020
0.12549020
0.12549020
0.12549020
0.12549020
0.12549020
0.12549020
0.12549020
0.12549020
0.12549020
0.12549020
0.12549020
0.11568628
0.22549020
0.11960784
0.12352941
0.12549020
0.12549020
0.12549020
0.12549020
0.12549020
0.12549020
0.12549020
0.12549020
0.12549020
0.12549020
0.12549020
0.12549020
0.12549020
0.13333334
0.16666667
0.07843138
0.11960784
0.12549020
0.12549020
0.12549020
0.12549020
0.12549020
0.12549020
0.12549020
0.12549020
0.12549020
0.12549020
0.12549020
0.12549020
0.12549020
0.12549020
0.12549020
0.10392157
0.18235295
0.12745099
0.14313726
0.12549020
0.12549020
0.12549020
0.12549020
0.12549020
0.12549020
0.12549020
0.12549020
0.12549020
0.12549020
0.12549020
0.12549020
0.12549020
0.12549020
0.13137256
0.15098040
0.13529412
0.11568628
0.12549020
0.12549020
0.12549020
0.12549020
0.12549020
0.12549020
0.12549020
