31.78823662
31.81961060
30.56078339
28.08628464
25.57058716
26.00784683
23.69216347
23.71764946
24.50000381
24.00392342
24.60980606
24.64902687
26.02941132
26.92156792
29.44314003
30.63529587
31.95098114
31.26078796
31.86078453
30.04706001
29.76078606
27.69803619
25.31372643
26.32157135
24.50196266
25.29607391
23.96667099
23.62352943
24.49019814
25.10588646
25.52745628
26.96666908
29.77843666
30.34313965
31.34509850
30.43137360
31.71176529
30.33921242
30.10392189
28.58235359
25.88430977
25.72353554
26.40000534
26.65098572
23.90000153
24.03921509
24.85882759
25.35882568
24.98039246
26.54901695
29.64313889
29.53529358
31.90196228
31.29019928
31.33725739
30.36667061
30.30000114
28.45685959
26.86275101
25.21960640
27.98236084
25.78627968
23.71765137
25.33137894
25.52157211
24.69215584
24.56274414
26.43136978
29.44510078
29.45686531
31.96862793
31.91176605
31.39804077
31.56863022
30.60784149
28.43725777
27.91176414
26.24118423
27.37450790
25.19215965
23.28627586
28.07058907
26.83921051
24.82156563
25.33725739
27.12548828
29.51961517
29.41176605
31.66863060
31.93529510
31.32353020
31.66274834
31.47647285
30.04117775
29.09020042
29.18430901
28.46862602
25.98039246
25.45490456
30.10784531
28.32352829
26.75294685
26.49020386
28.98627853
30.42941284
30.24509811
31.65490341
31.89804077
31.11961365
31.89411926
31.86274719
31.09804153
30.28235817
31.68039322
29.08823776
25.52548981
28.12941360
31.19215775
30.47451782
28.33333969
28.62352943
31.19608116
31.57059288
31.12745285
31.95686340
31.93333435
30.41372871
31.78039551
31.93725586
31.62745285
31.36667061
31.71176529
29.78627396
25.71764946
30.82549477
30.55294418
30.60392189
28.59608078
30.77058983
31.81764793
31.52941513
31.30588341
31.31176376
31.81176567
30.21961021
31.89608002
31.79019928
31.06863022
31.29411697
31.26862717
31.31960869
30.35686493
31.47451210
26.83530235
27.97843361
28.94314194
31.92156982
31.64706039
31.58627701
31.19804192
31.67451286
31.75490379
28.96667290
31.80196381
30.92941666
31.07451630
31.02941513
30.47254944
30.99020004
30.19412231
30.27647209
21.96274948
22.33529663
26.12549210
29.53725433
30.68039513
31.06274796
30.55294609
31.86666870
31.10588264
27.30588341
29.89215660
30.28627396
29.52745056
30.12941360
27.08235359
26.25098419
28.67255020
26.62549400
19.40588188
19.36274719
23.68824005
24.87451172
27.73332977
28.58431053
29.57647705
31.42353249
29.85881615
26.58039284
28.24510193
26.00784302
25.49803925
27.96863174
21.31764984
19.75686455
23.05294609
21.39019394
17.56666756
16.96274567
20.63725471
19.28431702
24.05686569
25.47058868
28.91373253
31.06275177
29.13529015
26.09019852
27.31568718
24.14901924
21.29019547
23.84706497
20.00980949
17.67058563
18.85294151
18.67646980
17.29019547
16.10000229
20.00196075
17.78235435
22.13529205
23.18431664
26.40588379
30.00980759
28.91372490
26.50000381
26.87843323
22.42745590
18.96274567
21.08235359
20.10784149
17.18235397
17.35489845
18.52156830
17.60588264
17.33921623
19.75098419
17.90196037
21.10392189
22.50981140
25.29411507
29.02745438
28.85882378
27.17450905
26.86274719
22.04314232
17.36078453
19.13529587
19.67451096
16.43333435
17.05685997
19.09019470
17.99804115
19.79019356
19.53529358
17.81764793
19.88039207
23.73137665
25.47254944
26.85686493
27.62745857
28.09019470
26.16862869
22.60195923
17.35686493
18.08235359
20.23725700
15.03137302
16.93137169
19.09215927
18.59803772
20.00784302
19.22156525
17.43921471
19.41372490
26.57058716
27.14902115
25.28627777
26.29020500
29.20195961
25.60588646
22.02548790
17.58823776
18.01764679
20.45686340
14.84705925
16.90980148
19.22745132
19.77647018
18.62940979
18.06666946
17.25489998
19.92353058
26.87451363
26.59412384
24.55491066
24.38039017
29.55882454
25.49019623
21.06078339
17.15882492
18.04901886
21.11372757
15.18627548
17.03333473
19.74117661
20.58235168
18.50195694
17.69804001
17.79019547
21.43922234
25.82157135
25.05490112
23.40196419
23.23726082
30.30588341
23.88431358
20.90784073
17.00195694
19.24510002
25.20000267
15.42549038
17.00784302
19.85882187
20.12941170
19.68823814
19.55686569
18.71176338
24.27451324
23.27843094
23.66470909
22.90000153
22.62157249
30.03137207
23.50980759
20.33725357
17.42352676
20.75686646
27.48627853
15.04117680
16.05098152
18.71372604
19.09803772
20.20588303
23.67058945
19.24510002
24.64509964
21.05883026
23.14510155
22.19804382
22.40392303
28.70000076
24.08235550
20.67254639
17.66666603
21.18235397
27.85293961
15.05686378
15.72548962
17.72157097
18.48431587
21.00979805
26.88235474
19.83529282
24.50588608
20.33333206
22.92940903
22.05686188
22.58431625
27.76078606
25.34118271
21.38431549
18.06862640
19.93921280
26.40000153
15.35882378
14.95490551
17.09608078
17.15686226
21.16275024
28.60980415
20.76470566
23.48627281
21.13137436
23.41373062
21.55685997
23.13137054
25.81372833
27.22940826
21.82941628
18.40588188
19.98824120
25.11176491
15.84313679
15.17451096
18.04509926
17.10980606
20.08235168
28.02745438
21.54902077
22.31372452
21.17059326
23.48627472
21.71175957
24.27254868
23.84117889
28.79804039
22.18039703
19.21568871
19.51764488
24.10980797
17.05294228
17.21568871
17.92548943
17.78823471
19.46666336
26.51764488
22.21372604
21.69019508
20.81372261
23.60784531
23.09803963
24.30196190
22.34509850
30.59019852
23.57647324
20.78431129
19.45882225
22.50392151
19.72549057
20.49608231
17.87647057
18.30784416
20.35293961
24.33921623
22.20195770
22.17255020
20.45098114
24.90980530
24.19215965
24.24901772
21.47647095
29.98627472
25.10980415
24.84706306
19.74117470
19.91372490
24.39411545
26.63725662
19.16862869
18.11568642
20.07255173
19.58039474
21.09607697
21.85686684
21.19019318
26.60196114
28.73921776
25.00587845
21.95097923
29.21568871
26.55883408
27.95294571
20.44313622
18.12156677
30.67254829
31.83725548
21.17842865
17.76078224
19.10000229
15.47451115
19.46078682
20.77255440
21.00784111
26.96470642
31.90000153
25.66471100
21.86666870
28.40000153
28.01764679
29.59412193
20.40980721
17.67646790
30.68039322
31.92353058
22.17842865
18.21372604
17.30000305
14.55490398
18.73725510
20.56667137
21.07450867
27.97451210
31.60000420
25.94706154
22.37451363
25.70000458
30.36666870
30.84706116
19.87058640
17.03725815
28.87647438
31.53529739
21.98235512
18.02548981
16.61764908
14.93921661
18.17255020
21.16274643
21.91765404
28.99215889
30.92549324
25.81961441
22.52744484
23.78627777
30.50980568
30.01961136
19.18039131
15.89804077
26.63333702
30.58823776
20.36274719
18.03921700
16.87451553
15.29019833
18.39019394
21.24117661
22.84706116
27.86862946
28.80980873
24.57058716
22.87843132
22.45490074
29.85294533
28.41373253
19.14313889
16.20196152
21.49019623
23.55489922
19.88823128
18.19215965
16.06666946
15.45882416
18.41960907
21.84706116
23.40196037
26.95882416
25.49608040
23.08235359
23.34314156
21.59412003
28.86274719
26.96078110
19.01372910
16.71764755
19.44705772
19.62941360
19.10391998
17.89411736
15.11960983
15.56078529
19.33333397
23.07451248
23.09608078
27.36863327
25.03137589
22.79804230
23.45294571
20.85294151
26.62548828
26.53333473
18.10783958
17.26667023
17.74117851
17.97451019
17.65490150
16.77451134
15.03333378
16.02353287
20.88431549
24.82353210
21.71960449
26.78627777
23.53333664
22.39608383
23.12157059
21.64313507
22.78431511
25.77843666
17.23137283
17.04509735
17.90784264
18.24902153
16.68431473
15.65882683
15.58039570
16.09412003
23.64510155
25.26078415
21.50784302
25.27647209
22.11960411
22.90587997
22.35686684
21.69019890
20.08039093
26.05686569
16.32353020
17.08823586
17.47647095
18.43725586
16.41765022
15.27647209
16.08431244
15.96470833
23.42941284
26.04510117
20.05490303
23.68039513
20.91568565
23.14117432
22.28431702
21.15294456
19.28039360
25.10980797
16.18627548
17.70392227
17.34510040
19.32940865
17.05686188
15.79215622
16.78235435
16.11765099
23.57646751
26.67647552
19.50588036
22.51765251
20.58823395
23.79019547
23.65882874
20.99411774
19.48039246
22.96078491
16.83137321
18.28823662
18.49608231
20.69019699
18.27255058
16.94706154
18.07843399
16.16666603
25.53333473
25.51372910
20.03725243
21.32157135
21.19411659
23.19215775
23.60784721
21.41960716
20.19215775
23.46078682
17.33725739
18.43137360
19.56274605
20.66666603
21.53333092
19.71764755
18.44118118
16.33137321
25.49411774
23.49608040
20.46666718
21.58823586
20.99411583
23.83725548
24.11569023
21.47843170
19.75490189
22.95293999
17.90980148
17.84117508
19.03136826
19.63725471
24.36666870
22.60392380
18.06666946
16.64705658
25.73921585
22.47254372
20.45686150
21.53529358
20.92549133
24.34314346
23.15490723
20.74117851
18.26862907
22.09215927
19.06666946
18.30000114
17.82941055
19.20195770
24.00784492
23.26470566
17.11568642
17.95294380
26.30980492
21.97059250
21.34313965
21.94313812
21.45685959
25.28431320
22.67843628
21.65882301
17.69608116
20.16862869
19.78235435
17.72157097
17.58431244
19.45293999
22.07843018
22.19411469
17.18039131
20.09608078
26.05882835
21.36666870
21.40195465
22.18235207
22.05686188
25.38235474
22.74901962
22.12352753
17.96470642
19.33725357
19.69607735
17.19411850
18.17451096
19.83529854
19.65686798
18.26666260
17.48431396
21.88039589
24.83529091
20.78431511
21.88824272
23.24510002
22.05490112
25.16470909
21.75490570
22.83922195
19.03333473
18.21176720
18.20195770
17.25882530
18.42549515
19.65686226
17.93921661
16.70000458
17.13529396
21.59215546
24.08823395
19.94706345
22.03725433
23.10000038
22.52745056
24.95686150
21.28038788
22.56862831
20.61765099
18.92353439
18.54901886
16.99412155
18.02941322
19.40980530
17.04706192
16.26078415
18.11568642
20.92941284
22.69608307
19.85882378
21.35882187
22.10980225
23.39608002
24.04509544
21.92156982
22.41568756
20.40392113
19.65686417
18.89411736
17.04705811
17.91176605
18.87843513
16.40000153
17.08627701
18.85490036
20.43725204
20.71373367
19.65686417
20.64901543
22.04901695
22.66077805
23.77843285
22.84117699
21.59216118
19.21568871
19.60000420
19.36274719
17.00980377
17.28627586
18.17646980
16.24705887
17.00392532
18.56274414
20.83529663
20.00392723
20.45686150
20.64706039
22.35293961
22.30196381
23.25294304
23.88431549
21.45293999
19.01960945
19.25294304
21.27451134
16.75882530
17.18627739
17.70000267
16.02745056
17.50196266
18.60391998
20.71764755
20.44117737
21.46470642
20.49607849
23.04509544
22.91176605
23.72353363
24.31961250
21.22941208
19.08823776
19.18235397
22.40784454
16.16666603
17.47451019
16.97451019
15.59215736
17.89215660
18.40000153
20.57451248
20.87255287
20.31372452
19.82156754
22.87451172
23.16471291
24.00588036
25.48823738
21.51764870
18.96471024
18.86470795
23.60392380
16.26470566
17.76470757
16.63137054
15.54509926
17.80000496
18.62941170
20.59999847
21.04117393
20.45489883
19.69608116
23.15293884
22.35294342
23.86078453
26.36274529
22.33529663
18.36078835
18.61960983
24.82353210
17.30392265
18.94705963
17.16275024
15.97254944
17.87647247
18.71176529
19.90196037
21.30392456
20.49411964
20.52352905
23.15882874
22.43921852
23.76274681
26.12745285
23.86274719
19.51372719
19.56666946
24.51960754
17.69804001
20.73725510
18.04705811
16.83333397
18.03921509
18.47843361
19.46078491
20.48039246
19.70784378
20.75098610
23.00980568
22.56079102
23.71763992
27.38431549
24.29412079
20.07058907
19.77450943
24.42745209
19.34902000
20.75686646
19.12941170
16.90000153
18.75489998
18.79608154
19.97254944
20.98235703
18.96666527
20.97450638
23.24510002
22.62744904
23.00392532
27.68235397
25.13921547
20.52745056
20.25882530
23.46078491
21.54314613
19.79412270
19.40784264
17.17646980
19.09019661
19.65098190
20.24510193
21.75294304
18.79804039
21.08039665
23.66862488
23.11568832
22.18039322
28.67255020
25.32941628
20.81372452
21.03725433
22.99411964
23.08432007
18.70980453
19.03137398
17.74509811
19.11765099
19.81764221
19.87255096
21.74706268
18.91960526
20.69019508
24.44117928
22.84510040
21.32941437
28.72941399
25.00784683
21.04117584
23.01372337
21.55686378
23.28235435
18.38823891
18.91372681
17.01764679
19.20784187
19.81372643
19.46274757
21.08431435
20.26078224
20.02941132
24.28823662
21.82941628
21.32941055
29.05686951
24.15097618
21.73725700
24.21569061
20.82157135
22.97843361
18.33921623
18.90784264
15.87254906
18.72156906
20.35490036
19.13529396
20.40196228
20.67058754
19.21176720
23.76666832
21.90391541
21.33725739
29.09019852
24.07255173
22.31176949
23.94117737
20.35882187
22.74313927
18.50392151
19.08431435
16.33333015
18.75098228
20.46666336
18.69411850
19.50784492
20.56470680
18.23529434
23.62157249
21.94509888
21.80784416
28.86862946
23.68823814
22.09999847
23.92744827
20.59411621
23.53921318
19.44117355
18.89019585
16.54313850
18.79608154
20.67646599
18.75686455
19.09607887
20.30391693
17.81372643
23.28235626
20.80195808
21.37450981
28.48431206
24.23137856
20.68039322
22.65098381
19.86078453
23.02352905
21.03529739
18.53333282
16.52157211
19.54902267
21.17450905
19.38235283
19.61176109
18.72745323
18.41373062
24.15098190
20.96666908
21.56862640
28.06667709
23.71764755
20.91960907
21.58431625
20.35882568
23.29803276
23.23725510
18.18039322
16.40784454
19.71961021
20.65882492
19.18431282
18.60588646
17.41176224
18.80588531
24.42156792
21.30392456
20.80196381
27.54902077
23.64117813
21.13921165
20.74509621
21.15490532
23.70392227
25.11568642
18.61765099
16.05490303
20.93137360
19.97843552
18.57646751
17.65686607
17.62744904
18.98823547
23.13137627
21.50391960
20.27450943
28.21960831
23.83529663
20.62352753
20.57451248
21.20784378
22.86470604
25.57451248
18.80980492
15.90784359
21.56274414
20.22941399
18.25686455
17.06862640
18.31176567
19.44705963
22.03333664
21.83529854
20.93725777
28.60392380
24.59215927
20.73529243
20.20392227
21.43725967
21.40392113
25.10000420
19.60391808
15.56666946
20.90196037
19.79803848
18.01372719
16.97058868
18.43137360
18.82353210
21.55882263
22.74314308
21.17647362
28.45490646
24.80980301
21.26862717
19.85490036
22.50196266
20.83725739
24.82941437
20.48431778
16.04902267
20.70784569
20.13137245
18.24509811
17.56470871
19.77843475
17.72156906
21.24510193
24.87059402
21.24510193
28.77058983
25.07843018
20.91764832
18.95882607
22.08039093
19.77843475
24.99412155
20.01569176
17.47843170
20.80588341
21.01176834
19.10000038
18.15686607
20.14705849
15.85686207
20.09608269
25.55294228
21.92744637
29.28431511
25.68235779
22.24509811
19.16470337
21.84901810
18.52549362
24.98235703
20.48039246
17.49999809
20.55293846
21.60980606
19.73137093
17.65882683
19.29607773
15.19608116
18.55294037
25.94706345
22.59019852
29.32353020
25.71372414
22.31568527
19.08235359
21.88823509
18.58627510
24.29215622
20.57058716
17.12745476
20.23725510
21.69803810
19.83921432
17.52353287
18.96274567
14.97450829
17.97450829
25.56862831
23.19607925
29.21372795
26.15882492
21.84510422
18.33137321
22.18823624
18.60980606
23.30392075
20.68235588
15.99019623
20.26862717
21.72940826
20.26274681
18.55490112
18.51176834
15.27058983
18.12352943
24.35686302
23.95882225
28.96274757
26.44314003
21.46274567
19.68431473
22.34705544
19.68235207
21.42353249
20.74901962
15.65882587
20.57843208
21.70195961
22.03726006
20.28039169
17.41372681
15.81960869
17.76470757
24.21372414
25.80588531
28.90000343
26.69412422
21.48235321
20.74314117
23.10980415
20.07843018
20.02156258
20.96078300
15.63725758
20.42940712
21.10588264
22.56078529
20.86862946
16.46666718
15.98235226
17.45882416
23.87058640
26.99608231
28.22745514
27.56470680
22.13921738
20.75882912
23.72157097
21.01568604
19.92940903
20.95097733
15.36666870
19.61372566
20.40000153
22.73333359
20.49215889
14.99019718
15.48039246
17.11764717
24.66862869
30.08627701
27.98235321
27.86470604
22.08039665
19.93136978
22.80784225
22.75686646
19.44313431
20.00196266
16.14901924
18.83333588
19.96862793
23.38039398
20.65686035
14.70980644
15.18823814
16.47843170
25.26275063
31.44902039
28.36862946
28.88235092
22.59019089
20.03137207
22.32156372
22.88627625
18.88627434
19.12549019
17.93333435
19.53921318
20.61372375
23.38432121
20.51764488
16.10196114
15.28627777
16.09803963
25.00980377
31.97254944
27.10392570
28.87058830
22.48823547
20.27843285
22.91569328
23.44314003
18.49607849
18.55098343
19.56666565
20.21568680
21.43529510
23.84118271
20.25686073
17.58039474
16.01372337
16.01176453
25.48823929
31.93137360
25.30392647
30.28823662
22.63725853
20.40784645
23.56470871
24.12549210
18.10784149
18.75686073
20.92549515
20.43137169
22.92549133
23.92745399
21.55098343
20.08627701
15.79607773
15.67451286
24.89999771
31.94902039
24.55686760
30.18235779
23.47843552
19.78431511
23.92353058
24.79804039
19.15882301
18.73529625
20.89608192
20.79607773
23.79999924
22.79804230
22.06078911
21.74510193
14.81568813
16.24117851
23.86078644
31.94313812
24.33137321
30.44117546
24.55098343
19.80980301
24.96470833
23.99607849
19.18431282
18.72941208
21.54510117
20.83921432
25.66471100
20.93529701
21.82156754
22.01568985
14.26470852
16.63725662
22.70588493
31.40392303
24.53921890
30.97058868
24.57254791
20.55294609
25.20000267
22.87059021
18.76274872
18.94314003
21.31176567
21.46078491
26.97843742
19.49803734
21.23137283
21.64902115
14.81960869
16.55882645
22.72353172
30.77647209
25.00000000
31.09608078
25.00587845
20.94313622
25.30392647
23.46666718
19.15686035
19.75882721
21.38431740
25.35686302
27.94118118
18.65686035
21.10000420
20.82352829
15.97058868
16.50588226
21.24117661
29.28039551
26.13137817
30.84313965
26.77255058
21.35098076
25.79019547
22.74313545
19.58235359
18.59019279
21.39412117
29.83921814
28.27647400
18.19412041
19.87647247
20.15882874
16.54313660
15.76666546
19.47059059
28.38039398
26.37059021
30.60980606
27.99999809
22.01568604
27.51177406
22.24705505
19.28627968
18.37254906
21.92549133
31.93333435
28.30196571
17.93725586
18.52157021
18.91960716
16.48823547
15.56078529
18.44509697
27.23726273
26.68431473
30.15686417
30.08431625
23.87843132
28.72157097
22.50392151
19.21372604
18.94705582
21.86274529
31.96274567
27.74117851
17.99019814
16.85882568
16.94117737
18.05490494
16.13725471
16.80784607
26.72941780
27.04117584
28.74510384
31.92549133
26.48627472
30.15882492
21.66471100
19.18038750
19.10980225
22.81568909
31.60784340
27.81960869
16.92745018
15.47843361
15.07451057
19.39607620
16.22941399
16.18823433
26.40000153
26.07647705
26.44117546
31.68235397
26.72745514
28.81960869
19.99019623
17.72353172
18.32352829
23.83725739
31.91176605
27.69607735
16.75490379
13.77647114
14.61764622
19.15293884
16.70196342
15.60980701
26.41568565
24.64314270
25.74118233
31.52157021
27.61960602
27.77843285
20.27255058
15.24706078
18.65686417
23.93725395
31.90980530
26.89607620
17.11176491
12.94901848
13.52941227
19.23137093
17.26274490
15.26078510
25.85098267
23.75098419
26.51568985
31.92549133
29.22156906
27.41568375
20.42941475
13.99607944
20.12549019
22.62941170
31.85490227
26.42745209
16.82549095
11.74706078
12.25686359
19.21568680
16.85098076
15.06470585
23.89411926
23.10980225
26.60784149
31.67058945
30.05098343
29.64902306
20.36862755
13.75098228
21.35098457
20.87647247
31.40784454
25.16274643
15.50392342
11.03921700
11.02353096
18.67451477
15.65882397
15.58039379
23.41568375
23.02744675
26.48824120
31.87647247
30.63529778
30.46078491
19.92941475
13.17647171
21.12744904
20.34117508
30.59412003
24.72353363
14.63333416
10.40588284
10.13333321
18.05098343
15.86470699
16.34705925
22.45490456
23.20588493
26.24510574
31.82353020
30.20784187
30.69019508
19.20000076
11.76862717
19.81960678
20.30000496
27.29019547
25.09020233
14.08039474
9.60588551
9.34313774
17.67451286
16.15098381
16.45882416
20.76274490
23.66274643
27.07451630
31.39411926
31.16274261
31.32941628
18.44510078
9.68431473
19.15490532
19.80392075
24.35294342
25.16275215
14.43529510
8.93137264
8.75294209
17.50980759
16.41960907
14.90196228
19.51960754
23.78235817
26.04706573
31.08039474
31.93333435
31.77058983
16.48039246
7.69607830
19.38039207
18.74117851
23.66274643
25.96666908
14.49019718
8.91568565
8.23921585
17.47843361
16.53921890
14.36470604
18.35294151
24.34314728
25.53725815
31.18823624
31.89411926
31.18823624
15.55097866
7.19019699
19.22745132
18.65294266
23.07254982
27.30980873
14.12745285
8.92353058
7.78627491
17.07451057
16.43725777
14.91764832
16.63725662
24.04902840
25.26078606
30.31176567
31.95294189
30.76862907
15.91764832
6.95294237
17.73921394
20.35686493
24.81372452
26.71961403
14.14509964
8.35686302
7.30784369
16.22941399
16.01176453
14.90980625
16.22549248
23.22941399
24.25490570
29.02745438
31.91176605
30.08431435
15.58823586
6.53921652
16.69215584
21.25293541
25.86862946
24.20000076
14.15686321
8.07647133
7.13921642
16.04902077
15.87059021
15.04314041
16.53333282
23.78628159
23.46470642
26.41568947
31.88039398
29.92353630
14.84902000
6.53137398
15.34117794
22.22157288
26.11372757
23.21372414
13.51372623
7.83137274
7.03725529
15.85294342
15.74509811
14.46862602
16.79215813
24.40196228
23.59019852
23.93725777
31.18235397
29.15098000
14.61176395
6.57451010
14.44313717
21.85098076
25.09019661
22.42353058
12.98039341
7.17647028
6.74313784
14.70196247
15.07843399
13.88235283
15.53529644
23.97647285
23.69216156
21.96471024
29.60392380
25.64314079
14.49803829
6.39607811
15.16470718
21.76274300
24.96078491
22.60588264
12.95882320
6.88627386
6.14313698
14.87647057
14.69019794
13.88431358
14.79215908
23.07843399
23.64510155
20.62549019
27.71176910
23.08823776
13.70784187
6.23725510
14.49803925
22.77451324
24.53530121
21.39608192
12.71764755
6.91176510
5.80000067
14.95686436
14.67843246
13.53921700
14.35294342
23.78823471
24.22941780
19.81764412
25.99607658
22.38234901
13.59411907
6.09215689
13.31764698
21.81764603
24.70392609
19.21764374
12.52941322
6.38431358
5.93725538
14.86078358
13.99999905
13.27254868
14.46470928
24.87647247
22.86470604
18.81176567
24.26077843
21.88823318
13.47451019
5.84509754
12.39411831
20.40000153
24.55098724
17.47843361
12.60784435
6.39019728
5.82941198
13.96274471
12.71372700
13.24313736
14.82745075
24.60392952
21.86274719
18.32941437
23.15882111
21.28823662
13.30392075
5.50980473
12.71960735
18.68039131
23.19019890
17.02156830
13.56862736
6.57058811
5.49607849
13.11568737
11.88627338
13.56470680
14.70392132
25.18430901
21.71372604
17.99019623
22.37254715
21.58039284
12.63529301
5.29019690
12.74901962
17.49215889
21.75882149
17.22941589
14.84705830
6.50588322
5.64509916
12.25490189
11.97254848
13.65098190
14.42157078
25.21372604
21.90392303
18.12941170
22.99215698
23.40588188
11.40196133
5.23137283
13.20196152
16.79019928
20.32156944
17.26862717
15.39215660
6.60784388
5.94313717
12.21176624
12.08627605
13.34313774
14.30392170
24.54509735
21.27451324
18.68038940
22.86666870
25.41372871
11.25294018
5.18627548
13.95294285
16.06666946
18.47843170
17.15882492
15.58823395
6.40392208
6.15882301
12.33529377
11.91568851
13.38627625
14.17255020
25.30784607
21.75882339
19.08627319
22.48039246
24.64902306
11.33333492
5.58823586
14.31764698
15.11568451
15.90000153
17.22352982
15.33725452
6.18431377
6.54902077
12.88039398
12.65882492
13.65490437
13.93137264
26.04313660
21.92745209
18.84705734
21.32941246
22.60000229
11.31960869
5.49019718
14.26862717
14.73529339
14.27058601
17.28039360
15.47058678
5.82941294
7.03137255
14.09804058
12.57058907
13.39607906
14.64313889
25.70000267
21.17255020
17.70588112
20.35686493
22.65098190
12.06078625
5.36666679
14.46470642
14.48039341
14.68235302
17.59803963
16.14706230
6.01960850
8.09803963
15.69411850
12.66862679
13.10392284
14.80392361
24.23529625
19.52548790
17.72549057
20.00980377
22.98039627
13.09019661
5.66274643
14.61764717
13.95882416
15.37058830
17.72156906
16.41764832
6.12941217
9.53725529
16.38627434
12.58431625
13.30392075
14.40588665
23.14706039
17.71176529
18.34902000
19.89215851
23.62940979
13.38039207
5.85490274
14.96078491
12.84117699
14.99411583
17.61960983
17.09019661
6.68235302
11.52353001
16.20784378
12.48039341
14.53137302
14.34509563
23.55882454
16.38627625
18.40784645
18.81568527
24.82156754
13.98823643
5.72941256
15.36078358
12.12352943
14.68235302
17.78039169
17.88431549
7.67843246
13.87254906
16.34902382
12.93137360
15.70588398
14.68627357
24.29215431
16.00392342
18.06862640
19.20980453
26.10392570
14.29019928
5.71568680
16.28235245
12.60392284
13.73725796
17.57255173
17.38431358
9.30000114
17.16863060
15.92156887
13.38235378
16.09804153
15.45490170
25.74510002
16.21764946
18.46862602
20.70392227
27.35490799
14.55098152
5.59803963
16.43137550
13.39608002
14.14902210
16.80784416
16.64117622
11.77647209
19.36274529
15.93725395
13.30000210
16.46470642
16.41960716
26.28235245
17.04313660
18.74313736
22.29804230
27.25294495
14.86470795
5.59411812
16.75686455
14.00784302
14.97059059
15.71176529
15.84117889
13.98431683
21.65686417
16.16666794
12.63921833
16.78235626
16.88627434
26.30588150
17.90980721
18.71961021
22.74902344
27.63921738
14.36666679
5.25882435
15.56862926
14.11960888
15.56078625
16.03921890
15.44902229
15.31568909
23.70392227
16.20588303
13.04901886
16.70980644
16.87450981
28.39803696
18.78823280
20.29215622
23.72157097
27.81960487
13.89608002
5.35686302
15.89803886
14.53921604
15.84313965
16.38431740
15.44902134
14.36078644
25.15490341
17.11764908
13.15882492
16.82941437
15.83529568
30.61960983
20.20980453
21.06666565
24.45882797
28.50196457
13.29803848
5.83921623
17.17450905
14.60784340
16.33137703
16.29216003
15.29019642
13.70196152
25.64509964
18.08039665
12.17058945
16.75686455
15.11960983
30.44706154
22.37059021
21.48627472
25.89804268
28.01960945
12.91960907
8.00000095
17.18627739
14.46274662
17.50784492
15.70980549
14.11372471
13.36078644
26.18431473
18.33921814
11.89803982
16.34117699
15.12353134
29.69215775
22.99607468
21.12941170
27.80392265
27.29804230
12.07059097
10.32353020
18.48823929
15.12549210
18.08627129
17.16666794
14.23725605
13.42548943
26.51568794
19.05098152
12.07451057
14.94902134
14.24705982
29.10980606
22.47646904
20.84313202
28.62352943
27.44117737
11.92353058
11.37451077
19.79607773
16.15882492
18.74902344
19.58431625
14.54509735
12.74705791
25.49019814
20.38235664
11.48039246
14.16470623
13.82941341
29.25098228
22.74510002
21.60195732
28.78235435
26.57843399
12.19019794
12.81568623
19.40000343
16.54313850
20.40588760
21.39411926
15.43529415
13.66078568
24.65686417
21.16470718
11.43529320
13.52941322
13.73529434
28.95490265
22.52941322
22.51176643
29.22941208
25.27451324
13.13529587
14.88235378
17.46862602
17.10980415
22.69608116
23.29216194
16.16862869
16.21176529
23.38627625
20.86470604
11.48235512
13.12352753
13.53137302
28.61765099
22.74902344
23.51568222
29.75294113
25.27647400
14.43137455
18.32156944
16.60392189
17.37843323
24.37647438
24.94313812
16.07647133
17.94313431
21.74509430
20.08039474
10.61764622
12.60196304
13.86078644
28.33137512
21.19019699
23.69216156
29.55490112
24.06470871
15.18431473
21.54706192
16.34510040
17.50784492
24.69804192
25.87451363
15.25882339
19.23725510
21.36274529
19.86274910
10.22352982
12.26862812
14.25294209
28.12157440
18.97451019
23.89019585
29.03529739
24.51960754
17.76666641
26.50196457
15.22157001
18.00392532
26.10000420
26.98039246
15.07254982
20.20392036
21.13725662
20.66666603
10.39607811
11.85686302
14.40392399
28.22157669
18.18627167
24.10588646
27.34510040
25.13921547
20.09803963
29.43333435
13.43529510
17.82745361
26.66471100
27.76862907
15.25490284
20.14313889
20.99607849
22.51960945
10.50196075
11.56274605
13.93137074
29.29019547
19.55097771
25.40588570
25.69412422
24.70588493
21.49216080
28.52157211
12.67451000
17.12941360
26.61960793
27.25293922
15.24117756
19.32744598
20.56274986
23.24510002
11.83333206
11.56274605
12.90588093
30.43529510
20.88039398
25.15098190
25.08627701
24.08235741
21.62745094
27.28627205
12.75686169
16.91372490
26.09804344
26.52941704
15.55098248
18.93333244
20.97059059
23.55490112
12.16078472
11.49215889
13.15882492
30.24902344
21.72941589
24.29999924
23.76471519
24.28431511
21.46862793
26.91372490
13.24510002
16.66666603
25.24901962
26.13725281
15.72549248
18.29215813
22.39411926
24.09412193
11.21960831
11.31764412
13.41176510
30.23333359
23.00196075
23.79607964
21.91568375
24.71372223
21.91960907
27.54706001
13.99411869
16.48823547
24.89412117
24.99999809
16.55490303
18.25882339
24.01764679
23.08823776
9.87450886
10.68235302
13.37451172
30.66862869
23.76862717
21.76078415
20.53333664
24.73333549
22.54902267
27.86666679
15.23529625
16.40000153
25.05294228
24.03333473
16.72353172
17.74510002
25.71961021
22.34313583
9.18039227
9.98823738
13.40784359
31.19215775
24.67843628
19.71960640
19.35882378
25.08235550
23.87843323
27.66666412
14.77647209
16.67646790
24.91568565
21.95686722
17.22156715
16.87647057
27.20000076
21.17843437
8.93529510
9.70000172
13.34117603
31.21568871
24.86274338
19.08431816
18.72941589
24.91568756
25.52549171
28.11569023
13.71568489
16.00196075
22.53137207
17.60588264
17.89215469
15.81568623
28.16666603
19.90784454
8.73137283
9.68431473
13.06078625
31.06863022
24.06078720
19.98039627
18.68823624
24.98627472
26.47647095
28.93138123
13.05098152
16.29019547
21.28235245
15.49215889
17.80195808
15.55882454
27.20587921
18.85490417
8.73529434
9.42745018
13.77843189
31.13137054
24.52941322
21.77647400
19.38823700
25.90980721
25.80980682
29.53726006
12.33725452
16.74705887
19.66862488
14.71372604
17.45294189
14.86666775
27.02941513
18.45686722
8.80784321
9.44117641
14.18235397
31.29412079
25.69020081
23.42941666
20.44509888
27.79412079
24.94902039
29.73333740
11.41176605
16.19019699
18.82549095
14.11764812
17.92941475
14.46078491
25.84706116
17.97843361
9.50588226
9.79804134
15.09019470
31.79215813
26.45294571
24.30000496
21.41372681
28.93137360
23.67058945
29.75294495
11.69999886
15.49803925
18.40000534
13.94117737
18.46862793
14.78431416
25.03921890
18.35097885
9.86274624
10.00588417
15.23725414
31.54706192
27.51568413
24.86666870
21.42745399
28.94705963
22.93137360
29.67843437
12.49999714
15.57647133
18.31372833
14.00588131
18.54706383
16.15098190
24.19411469
19.14706230
10.82941437
10.42941189
15.92549229
31.59019661
29.20392418
26.50196457
21.40784645
28.43333435
22.69804382
28.59608078
13.83333683
16.00784492
18.56470871
14.29215431
19.19019890
17.71568298
23.27647209
19.51176643
11.69804192
10.60392094
15.88235378
31.26274490
29.39019775
28.42549515
21.11764908
26.67647362
22.66862869
26.01372910
16.15294456
16.60391998
18.85098076
15.09608173
20.43137550
17.89019775
23.42745399
18.85686111
12.00784588
10.70784473
15.61372375
31.72941208
29.63921928
30.22549057
21.10980415
24.06666756
23.10392380
23.66078758
17.76863098
17.76470757
18.54510307
16.57647133
21.91176414
18.50000191
24.26471138
18.55489731
11.28234959
10.94313812
15.50588512
31.67843246
29.28627777
29.88235474
22.64510345
22.40000916
22.84902000
22.59608078
18.56862640
18.24313736
17.70588493
17.06274414
21.74902534
18.80784607
24.92940903
18.57058716
10.67843342
10.28627491
14.96666622
30.54117775
28.05294037
30.20392990
24.13137245
20.91960907
22.57843590
21.37450981
19.75098228
18.23921585
17.14706039
17.69019508
19.97451210
19.96078682
24.87451363
18.56078911
10.21960926
9.21764660
13.85882664
29.49216080
26.82745552
29.75686264
25.27647209
20.11372757
22.45882797
20.32745171
21.00587654
19.44902420
17.06078339
18.43333244
17.81961060
21.87254333
25.18431282
17.96274567
9.39215851
9.04509926
13.28039074
29.50000000
26.38431740
29.60392570
25.88431740
19.78823853
22.91176414
20.35097885
21.84902382
20.74902153
17.05686188
18.82156944
15.79804039
22.33725739
25.37647057
17.61176491
8.90000057
8.97646999
13.15686417
30.15882492
24.89804268
29.04901886
27.05097961
20.88431358
24.49411964
20.69215965
22.41961288
21.15098190
16.79019737
18.20000076
13.79607964
22.40196228
24.98628044
17.38431358
8.82156944
8.75098228
12.69803905
29.03921509
25.17254639
29.71568871
28.58627892
22.88039589
25.57843208
20.93333244
23.23529434
21.42745209
16.90784645
17.73137283
12.27255058
22.02353287
24.32548714
16.11176872
8.71372700
8.37255001
12.85490322
27.60196495
23.72744942
29.74118042
29.04706192
24.61373138
27.42941475
21.36666679
23.34509850
21.44902039
17.16274643
17.02548981
11.48431492
19.64902306
23.48235703
16.28431702
8.46470737
8.32745075
12.37059021
25.47843552
22.54705811
29.27450943
29.03921700
25.88235474
28.45882607
23.82744980
22.96470451
20.57646942
17.50980377
16.43137360
10.80000114
18.00588608
22.92549706
17.28039360
8.04313755
7.82156944
11.70980358
22.97255135
22.67450714
28.40588570
28.42941666
26.51372910
28.49803925
25.97843742
23.81764793
19.72940826
18.04901886
16.83921432
10.71176720
16.04117584
22.03921509
16.52157021
8.29804039
7.71176529
11.43137455
22.61764717
22.75098038
27.96471024
28.80196953
25.96667480
28.07451248
29.27255249
24.27254868
19.53529739
18.66078186
16.67059135
12.12549210
14.12156963
21.48627281
14.94314003
8.42745209
8.30000114
11.78235435
22.09804153
23.74117851
27.85686111
29.74705887
26.05883026
27.12941360
31.38235474
24.12745667
19.40392303
18.88235474
15.95686436
14.60000229
14.42941284
20.70000076
14.08823586
8.77254868
9.46666622
12.35098171
20.55882454
23.99412155
27.01961136
28.17254829
25.82156944
26.25882721
31.88823700
23.76275063
19.38431740
18.63333511
15.09411621
17.28823471
14.51372814
20.12549019
13.39411926
8.99804020
11.39215755
12.45882607
18.94314003
23.78431892
26.66078568
26.07647324
24.65098572
24.97058868
31.97843170
23.44901657
19.32744980
18.69804001
14.80000114
18.53921318
14.78039455
18.35098267
13.64705944
10.22548962
12.12353039
11.92156982
18.60784721
23.20000839
27.46470642
26.78039551
25.34902000
23.72157097
31.94509888
21.85097885
19.23921585
18.98627663
15.22941017
18.98039246
14.97058964
17.82353210
14.87647343
10.93529415
11.67843342
11.90000057
17.99019814
23.54314041
27.58235741
26.95294189
27.25294495
23.60195923
31.98235321
21.23921394
19.27255058
18.52352905
15.84509850
19.18039322
14.67451000
17.60980415
16.18039513
11.37450886
11.40196228
11.99607754
17.09607697
25.13136864
27.26078606
27.19020081
28.03333473
24.00784302
31.92941284
22.02745056
19.64509773
18.43921661
16.07254982
19.66666603
15.21568871
17.47647095
17.32352829
12.21372795
10.61960793
11.90000057
16.18627357
26.02941704
26.70000458
28.61177063
27.93921661
23.52352905
31.95882416
22.36863327
20.65098000
18.45294380
16.24705887
20.30000114
16.01176453
17.05490494
18.62548828
12.63921452
10.68039417
11.80392265
16.23725700
26.81568909
26.92941284
28.12941551
27.19607735
24.00196075
31.92353058
22.85294151
21.25882339
18.46862984
17.45098114
20.01568794
16.64313698
16.58823586
18.52941322
11.64902020
11.21764946
11.54902077
16.06666756
27.49411774
26.34314346
27.87843132
26.50196075
23.32352829
31.54117775
22.69607544
20.45294380
18.77450943
18.77647018
19.06470680
17.53137016
16.08431625
16.48431587
11.06862831
12.02941132
11.11568642
16.00196075
28.20980644
26.65490723
28.19803619
26.19216347
22.89608002
31.30784225
22.16274643
19.49215698
18.30980301
19.26274490
18.09607887
17.60980415
15.52156925
14.72352982
11.64117622
14.11568737
11.06274700
15.37843323
28.21764755
27.17058945
28.97058868
25.71764565
22.68039513
30.64314079
21.52745056
19.14509773
18.15294075
19.16666794
15.81372738
16.39803886
14.75490189
13.89019680
12.59215641
14.19804001
10.79019642
14.85490322
28.36275101
27.66862488
28.02353096
25.13922310
23.11961174
29.88039398
21.06469917
19.13725662
19.02745056
18.86274529
13.30588341
14.61372662
14.77451229
12.96863079
13.82353020
12.82353020
11.15490341
14.28039169
28.59215736
26.77059555
27.11960983
24.61960983
23.99412155
27.36078644
20.48823357
18.18627739
19.04314041
17.94902039
11.32745075
13.21176720
14.66078663
12.53921604
15.17451000
12.39411926
11.10784340
14.07058907
27.75098419
25.62353134
26.58627319
25.34509659
24.52940941
25.13529587
19.71764755
17.53921509
19.20195961
17.42156601
10.12352943
13.73725414
15.24902153
12.86274529
15.48235321
12.53137493
10.57255173
14.25490379
26.57058907
25.68039513
26.09215736
25.55294037
25.08824158
24.75490189
19.22549057
16.54117393
19.15882301
17.81372643
9.51960850
13.76470566
15.51960945
13.98823738
15.55490112
12.88235474
10.32744980
15.62941360
25.23333549
25.79804802
26.05490112
25.07843208
25.91372490
25.02549171
19.52941895
15.20588398
19.69019699
17.82353020
9.42353058
13.23725510
15.23137474
14.44117641
13.76274681
12.91764641
10.60196209
16.43529510
24.22940826
25.09411621
25.35293961
24.45097923
25.88431549
26.88823318
19.73921967
14.32156944
20.90392113
16.77843094
9.12549114
12.64509964
15.70588493
14.41176796
11.62353134
11.53333473
12.09215736
16.78824043
23.20392418
24.53725433
24.74705887
24.38039780
25.37647438
28.24706459
19.33529282
13.28431225
22.01568413
15.69804287
8.95490360
12.48235416
16.34902000
13.90784359
11.20000076
10.00588226
12.78431416
17.78235245
22.76274490
24.13137245
23.85490608
24.26078796
24.45882416
28.99020386
19.90980339
12.74314022
22.39804077
15.17255020
8.94313908
13.04313946
17.13529587
13.56274414
11.50392151
9.83529472
12.89607906
18.62353325
22.75294304
24.14901924
22.42745590
23.59216309
24.67451477
29.58235168
19.04510117
13.16862774
22.26862717
14.85098267
9.05686378
14.67647076
17.71372795
13.85294247
10.91960716
9.81372643
13.39411736
19.73137665
21.35490417
24.42941093
22.76863098
23.44902039
24.49804497
29.92745399
18.22353172
14.14705849
22.08627510
14.64902020
9.20980549
15.68823433
17.90588188
14.78823662
10.39607906
9.29803848
13.22549152
19.63334084
20.67646980
24.21568871
23.40392685
23.36274529
23.55294228
28.94314003
17.76078796
14.38823700
21.58039284
14.36274624
9.41176510
15.13333225
18.37254906
15.93529510
9.88039303
9.19411755
12.47451115
19.65882874
20.00980568
23.79608536
23.49608612
22.59412003
21.59804153
28.04314232
17.20980453
14.83725548
21.37843323
13.08823586
9.45882511
14.07058907
18.39215469
18.05882263
9.59215546
9.42548943
11.34117699
19.25686836
18.78235626
23.50784874
23.16078949
21.52744675
19.91568756
28.33922195
17.00392342
15.90000057
22.15294266
11.62745190
9.50000095
13.40196133
18.20980453
19.72352982
9.69019890
9.91372585
10.19803905
19.36274910
18.91176605
24.16078758
22.53724861
20.38039398
19.39803886
27.52549744
17.25293922
16.08235359
22.57255173
11.17058563
10.15293980
13.13137245
16.68823624
19.42941475
10.06078720
9.31764793
9.88823605
19.05882645
19.37059212
24.37059021
22.98627472
19.42353249
19.09803963
26.84314346
17.19215775
15.78627586
21.95098114
11.09215832
11.12941170
13.06666565
16.16666794
19.17058754
10.64117718
8.55686188
10.00392246
18.56666946
19.14117813
24.02941322
23.11568642
18.19804001
18.83529663
27.70000458
16.65098190
15.76274490
20.88235283
11.81568718
11.94313717
13.42745113
15.48627377
19.74117661
11.18823528
8.16470623
10.04117393
18.48627281
19.15098381
23.66470528
22.46078110
16.88235474
18.26078033
27.28235626
16.06274605
15.91568756
21.70588303
12.52941322
12.05294037
13.89607716
14.98627663
20.27058983
11.54117393
7.90196133
10.92156696
18.34902000
19.31176567
23.72548676
21.46274948
15.86666775
18.38627434
26.36470985
15.55490017
16.00980377
22.00000191
12.92549229
12.79804039
13.61568642
15.09803963
19.86078644
11.43725395
8.21960831
11.64510059
17.90980339
19.89215851
24.06078148
20.66862869
15.23921490
18.58235550
26.06471252
14.99411964
16.17843056
21.06863022
13.52549362
13.41960812
13.74705887
14.74117565
20.10784340
10.82941246
8.36078548
11.43529701
17.10980415
20.80196381
24.25686264
19.67647171
15.20588207
18.82352829
25.85882187
14.78235531
15.24313831
20.54705429
15.69607925
13.23137474
13.80784512
14.59019470
21.50784302
9.97450924
8.84313774
10.76274586
16.36666870
22.23137474
24.86470413
20.29019547
14.88627625
19.05294418
25.23725891
14.75098324
15.35882568
20.75490189
17.17451286
11.93921661
12.86863041
15.15490437
22.17451477
8.91764832
9.02353096
9.74117565
15.86078644
22.92156601
24.58823586
20.51372910
14.51960659
19.85097885
24.82941818
14.50980568
14.99215698
21.24902153
17.64118004
10.93529510
13.01764679
16.07843018
21.08039093
8.15490246
8.97451019
8.73333549
15.45490170
23.54706764
24.55097771
18.95097923
13.86078644
20.22549438
24.32353210
14.45882225
14.40000057
20.73137665
17.48823929
9.87843037
12.88039303
17.62549210
19.13922119
7.97450972
8.71960735
8.62352943
15.71176529
23.85294151
23.66470718
18.22744942
12.95490360
19.82157516
23.78430939
13.66862679
13.50588512
19.83333206
17.01568985
9.37843037
12.91176414
19.38039207
17.37450981
8.07843208
8.69803905
8.71176338
16.93137169
24.49608231
22.88823318
17.67450905
12.81176567
19.13921738
23.38039398
13.22156906
13.54117775
19.40784264
17.33529472
9.21960831
13.36666775
19.90784454
15.98235512
8.03333378
8.14509869
8.77450943
17.43137360
24.61764908
22.29608154
16.58627319
12.83921432
18.91372490
22.27842903
12.12156868
13.67451096
19.04117584
18.13333130
8.92549133
13.48627758
19.94509697
15.47058964
8.09803867
7.06470680
8.90392399
17.74509811
24.09019470
21.94901848
15.33333683
12.29019833
19.11960793
21.00588226
11.67450905
13.19215679
19.67058563
19.17843246
8.24313736
13.55098152
19.84902191
14.42745209
8.19215870
6.54705906
8.93725681
18.12549210
23.84706116
21.84902191
15.57059097
12.24901772
19.28431320
19.88823891
11.83725548
13.11176491
20.94313240
19.48823738
7.70784426
13.69412041
19.51176262
13.35098076
7.89019775
6.74313736
8.66274548
18.60392189
23.70196152
22.22941399
16.74902153
12.72941208
18.73333549
18.63137436
11.65686035
13.61372566
21.42548752
19.17843246
7.68431377
13.79215908
18.70000267
13.30980492
7.73137283
6.64509869
8.21176529
18.97254944
22.71176720
20.68823814
17.22353172
13.07059097
17.76274681
17.90588188
11.53137207
13.58823586
21.09215546
18.87255096
8.17255020
13.86470604
18.30196190
13.10000134
8.87059021
6.45098066
7.92352962
18.62352753
21.51176643
20.17255402
17.53921700
12.35686398
17.43137360
18.02941132
11.58823395
13.52156830
20.87843132
18.46862984
8.97254944
13.69019794
18.42157173
12.85097885
10.54706001
6.72157001
7.87058973
17.78235626
20.96862793
20.02548981
17.78235245
11.73137379
17.95882607
18.40980148
11.84313679
13.39411831
20.58823395
17.88627625
9.99803925
14.01372623
18.52941513
12.92941475
10.86862946
6.76666737
7.66862822
17.88431358
20.09019661
19.27647209
16.55686188
12.08235264
17.85882568
18.38431549
12.21764755
13.58039284
20.17647171
17.49215508
10.71960926
14.48431683
18.80980682
12.96862793
10.59019852
6.56078529
7.07254934
17.35293961
18.43921280
18.28235626
16.16470909
12.88627529
15.67647076
18.67255211
12.38039589
13.50588322
19.42941093
16.84313583
11.34902000
14.91568756
18.61372757
12.80196190
10.93725491
6.52745104
7.02745199
16.76863098
17.86078262
16.39607811
16.27255058
13.66470623
14.13137150
17.62352943
12.38823700
12.30196190
19.70000076
15.77451038
11.62745190
15.55098343
19.48823547
13.05294228
11.73921776
6.92745113
7.05882406
15.98627567
17.12549210
15.49608040
16.19411659
13.35882473
14.34313583
15.80980301
12.47647095
12.76078415
18.41176796
14.05097961
11.99215889
16.50784111
19.62549210
13.80195999
11.88431454
7.13137436
7.60588217
15.79019547
16.23333740
15.61176682
15.78039360
13.80588150
15.46078587
15.44902039
13.05686378
13.60588455
16.12353134
13.54509926
12.17451000
18.19803810
19.09411621
14.71764755
11.23921490
7.21960735
8.24509811
15.95490170
15.00196171
15.71176624
15.34117889
13.21960831
14.24705982
14.94117641
13.54705906
13.13921547
14.39804077
13.40588474
12.76470757
18.11372948
19.46274567
15.52745056
10.48627377
7.30980396
8.93333435
15.10588074
13.70588017
15.17843246
15.69019604
12.50980568
12.90196037
14.79411793
13.24509811
12.48235416
13.39999866
13.26274586
14.14313507
16.80980492
19.10783958
15.80980587
10.01960754
6.95098066
10.50980473
14.69608212
12.66470718
14.71764851
15.51372528
11.91764736
13.24313736
14.75294209
12.60588360
12.52745342
12.29803944
12.70196247
15.15882301
15.89803982
18.76666260
15.46470737
10.51960945
6.82941246
11.49215698
15.38039303
12.28627396
14.71176529
14.27451134
11.86274719
14.82941055
14.97451115
12.11568737
13.06862736
11.40784359
12.76078415
16.12549019
13.87255001
18.24901581
15.05882645
10.91372681
6.96078539
11.10000038
14.91960907
12.34117889
14.37647152
13.19215870
11.41764832
15.46470737
15.54705906
11.81960869
13.62157059
10.85098171
12.96078491
17.21176720
12.21176434
18.05490303
14.90588188
11.36666584
7.10392189
9.98235130
13.83725739
13.13529491
14.54313755
12.59411716
11.76274395
15.16078663
15.50784779
11.97254944
13.55294132
10.78823757
13.26666832
17.32941246
12.50980377
17.91568756
15.03725433
11.37450981
7.38627481
9.03333378
13.20392227
13.50980473
14.81176662
12.10980511
12.32941246
15.03333473
15.38431740
12.00000191
13.26666546
10.69804192
12.55098057
17.09803963
12.51372623
17.55882072
14.48431206
11.39411926
7.63333368
8.15098000
13.01568699
13.31568623
15.09019566
11.92353153
12.47647095
14.67255020
15.65098381
12.20196056
13.05294132
10.20392132
12.58235550
16.30196381
12.25098038
15.77647114
13.32548904
11.25098133
8.04705906
7.74313879
12.78627491
14.51764774
15.67843246
11.93137169
12.59803867
14.26078415
15.59607887
11.66862869
13.11764717
10.15882492
12.23921490
14.81764698
11.72548962
14.33333588
12.83529377
10.66863060
8.62352943
8.19019699
12.26274490
15.11568546
15.72745323
11.78823376
12.44117641
14.32156849
15.35490036
11.44314003
13.65294266
11.01764870
12.34901905
14.21764851
11.19804001
13.81372452
13.10000038
10.30392361
8.72549057
8.24313831
11.57647133
15.29608059
15.71568775
11.38823509
11.98039436
14.06470680
14.29607773
11.90980339
14.09804058
13.04901981
12.48039246
13.27647018
10.72941208
13.47254944
13.18823528
10.32353020
8.39215755
8.04117680
11.50784302
15.03529644
16.52156830
10.60196114
12.16863155
13.82353210
13.84901810
12.45097923
13.76274681
13.56666851
13.03921795
11.84705925
11.29607773
13.18039322
13.01176643
10.48235607
8.41176605
7.97647095
10.86862755
14.61568546
16.74117661
10.20392132
12.04509735
12.65882397
13.69608021
12.59215736
12.99019718
13.34313774
13.33529472
11.60392189
11.83333683
12.80980492
13.22157001
10.56862736
8.32745266
8.47058868
10.19412041
14.70980549
16.38627625
10.00784302
11.05098248
11.41568756
12.95097923
12.40196133
12.38431454
13.53921700
13.77255058
12.48823452
12.15294075
12.80000305
12.94117832
10.31372452
8.77647114
8.25294209
9.88823700
14.04117870
16.43137169
10.48235130
10.39019585
10.58627415
11.94902134
12.38823700
11.95686340
13.24902058
16.01568604
14.18431664
14.13725662
13.40000057
12.63725567
10.16078568
9.25294304
8.18235397
9.64705944
13.09411812
15.92549133
10.59019566
10.57647133
10.13137436
11.12745190
12.81568813
12.51568794
13.40588284
17.91960907
16.25686073
16.87255096
13.47646999
13.00784588
10.22156811
9.80784225
8.45490170
9.69215775
12.92156887
15.25490379
10.51372337
10.69215775
10.06862640
11.20196056
12.77058983
12.82549191
13.67450905
18.11568642
17.74706078
17.33529282
12.86274529
13.25294209
10.45294189
9.50392151
7.88627529
10.06078434
12.30195999
14.35098267
10.35686111
10.66470528
9.95490170
11.06274414
11.88235474
12.88235378
13.25882530
18.79608154
18.72745323
16.48039436
12.74313831
12.98431206
11.17058945
9.09607887
7.59411907
10.35097980
12.10980415
14.54706001
10.56862736
10.39215660
10.98627377
10.75882530
11.44705868
12.92353153
12.58431530
19.06666946
18.74706078
15.55490208
12.77255058
13.08039284
12.01960754
8.60588169
7.69019699
10.24901962
11.89411831
13.85294247
11.00392151
10.58823490
11.93137455
10.79804134
11.51568794
11.95882511
12.64705944
17.95294380
18.29411888
14.99412060
13.03725529
12.82156849
12.53529358
8.55686283
7.59803963
10.38431549
11.46078491
12.75098133
10.95490170
10.44313431
12.73333549
10.96078491
12.01372528
11.04706001
13.03333378
16.74313736
17.98627663
14.75490189
13.97058773
12.30196095
13.15882587
8.12353039
7.26274538
11.06666851
11.26078606
11.57058907
10.55686188
10.52156830
13.16078568
12.27254963
11.96470547
10.83333111
12.73529434
16.03529549
17.34117889
15.01176453
14.85097980
12.04509926
13.16666889
7.82352924
7.36470652
11.10784626
10.74117756
11.03529358
10.35686302
10.62157059
13.66863060
14.00784492
12.51372814
10.76666641
12.27058983
14.98431301
16.44509888
15.64117813
15.54705906
11.76078415
13.27058887
8.10980320
7.77058840
10.94117928
11.41176510
10.91176891
10.29804039
10.27450943
13.13921547
14.67647171
12.66666985
10.71960831
11.89803982
14.99608231
16.09215736
17.14901924
16.30392456
11.35098267
13.26274586
7.80392218
7.72156906
11.62353230
12.44509888
10.81176662
10.39215851
10.04901981
12.61764622
15.07647133
13.11960793
10.68431377
11.27058887
14.90588379
15.46666718
18.14117622
15.95686150
11.06666946
13.33333683
7.67843151
8.15490246
11.99804020
12.90392113
11.01764393
10.64117908
9.95686245
12.07843304
14.37843323
12.83529568
10.34313774
11.19804001
14.06470585
14.25882435
17.46862793
14.53921604
10.70392132
14.25294018
7.49019670
9.32745075
12.54117489
12.60196209
11.09804249
11.10980511
9.98039246
11.98627472
13.54705906
11.72941208
10.03137398
11.65098190
13.92157078
13.63137531
17.03529358
13.03529453
10.41176319
14.49019718
8.05686283
10.00000095
13.01568699
12.16274643
10.79019737
11.73137379
10.40588379
11.48823738
12.58627605
10.34706211
9.86666870
12.64705944
13.63137436
13.35294151
17.28235245
12.91960812
10.29215813
15.03137302
8.66274643
10.60000038
12.49411678
11.56078529
10.66862965
11.78235531
10.69215679
11.33921719
12.28039169
9.33333302
9.71960831
14.02549171
13.31960869
13.54509735
17.27647400
13.52156925
10.71960831
14.51176453
9.26078320
11.48039341
11.80980587
11.26274490
10.55882454
11.46078682
10.50980282
11.76666641
12.93529415
8.47843266
9.19215870
13.98627472
13.18235207
15.06862736
17.71961021
13.70980453
11.04313755
13.89411831
9.18627262
12.01764870
11.56666756
11.00588322
10.65882492
11.00000095
10.70784569
12.31568432
13.32549381
7.85490227
8.95882511
12.96274471
13.19608116
17.06666756
16.96078682
13.34509945
11.27843189
13.79215717
9.56470871
12.18235302
11.85490322
10.92353058
10.96470642
10.36666870
11.22744942
12.04509735
12.70588303
7.44705963
8.70000076
11.79019737
12.95686340
18.60588074
15.58431625
12.85294342
12.05686378
14.06666851
9.43333340
11.45686150
12.05097961
11.10588360
11.28039360
9.95686436
11.27451038
11.38431358
11.65882587
7.14509869
8.21568775
10.71764851
12.24117851
18.01764488
14.58627510
12.63921642
13.32353020
13.74901867
8.95490170
10.81764889
11.38823509
11.08431435
11.72549057
9.75686359
11.15686226
11.51764774
10.98235321
7.46274614
8.43137169
10.54509830
11.55294228
17.17842865
14.19608212
13.19215679
14.52549171
13.72156811
8.54901886
9.95686340
10.68039322
10.55294323
11.86862850
9.67451000
10.96078491
11.83333588
10.96078587
7.51960897
9.26666832
10.77254963
11.67843056
15.75490570
13.97058964
14.26470661
15.48039246
13.91568947
8.44705677
9.01960754
10.65098000
10.30195904
11.07254982
9.61372662
10.65882397
12.36666584
10.78823662
7.21764803
9.48039246
11.38823605
12.55098248
14.89411736
14.30392647
14.96862698
15.82941532
13.76470852
8.19019508
8.54117775
9.93529510
10.51568508
10.30000114
9.50588417
10.56862831
13.49215889
10.45097923
6.86274529
8.43529510
11.98823738
13.35097980
14.05686569
14.91764927
15.91960716
15.39019489
13.44902229
7.58627558
8.09803963
9.29215908
10.89999962
9.78235245
9.94117737
10.83333397
13.54705906
10.07647133
6.49019718
7.64313793
13.25686455
13.62941170
13.14313602
14.85882568
16.39215660
15.07647228
14.51372814
7.45686340
7.51960945
9.36470509
10.96666718
9.98431492
10.81764698
11.49019814
13.25490379
9.80196381
6.54902029
7.11372566
14.39804268
13.68823719
13.03529549
14.09215927
16.10392189
15.63333511
15.36078358
7.25882339
6.75294113
9.50784397
10.94902134
10.45098114
11.32353115
11.51568699
12.91568756
9.49019814
6.14117718
6.44705868
14.63333321
15.33921623
13.41176701
13.28823662
15.15490341
15.88431454
14.81568718
6.86078453
6.40196323
9.64509773
10.91176510
10.19215679
11.63921738
11.57843399
12.66274548
9.03725529
6.10392094
6.42941284
14.52549267
15.61764908
13.10588646
12.79804039
13.77451515
15.96863079
14.01568794
6.66078424
6.24509907
10.08823395
10.80980492
9.70392323
12.11764717
12.90588379
12.21176434
8.61568546
6.14117765
6.32549095
14.18627548
15.54117584
12.84117794
12.83921623
12.64706039
16.49608231
13.02941418
6.12941265
5.86862755
10.62745285
10.77647209
9.68039227
12.77451134
14.34902096
11.94706059
8.25882339
6.05490160
6.09803963
13.68235493
15.41764736
13.17647076
13.02745056
11.48039246
15.86274719
12.80980492
5.61372519
5.65294123
10.78039074
10.94902039
9.74509811
13.74509811
15.35882378
12.06078625
8.70196247
5.90196133
5.84509897
13.12548923
14.45882797
13.29215717
13.02352810
10.55098057
15.28823471
12.53137589
5.35098124
5.34705973
11.35294247
10.52549171
9.55686378
14.15098000
16.39607620
12.23529530
9.89411831
6.12156868
5.75686216
12.92352962
14.04706097
13.00980473
13.37647247
10.76274681
15.36470795
12.30980587
5.22353029
5.35294104
11.85686302
9.75686455
9.95490170
14.97058773
17.10392380
12.06078529
10.87255096
6.10980558
5.81960869
12.28627396
13.33529472
12.08039188
14.36274624
11.80195999
15.53725624
11.83333397
5.51176500
5.35686302
11.98431301
9.98235321
10.87843132
15.32549000
15.31372833
11.84509754
11.36274433
6.05686378
5.79411793
10.66274452
12.57059002
11.41372585
14.87843132
12.34509945
16.26078606
12.09804153
6.09019613
5.34117746
12.39215660
10.73333359
11.57450962
15.10392284
13.78627586
11.61176300
11.90196037
6.48627520
5.92745161
8.67254925
11.75882435
11.43921566
13.87451077
13.03529549
17.05686378
11.79607677
6.54902077
5.27843142
13.29411983
11.06274700
11.50980568
14.90588284
13.09019756
11.50000000
12.62941265
7.18039322
6.10980463
7.47254896
10.72157001
11.79019833
12.77647018
14.61568737
16.21176720
11.70588112
6.70000076
4.98039198
14.09804058
11.35098171
10.87647343
13.78627491
13.28823662
11.90000057
11.75294113
7.87058878
6.10392189
7.50980425
10.70588112
12.35294342
12.68431187
16.00000000
15.01176548
10.73921680
6.65882349
4.94705963
14.43922043
11.53921700
9.78823757
12.09804153
14.00000095
13.20392132
10.52745247
7.70392179
5.74313784
7.23725557
11.68627453
12.47646999
13.08431625
16.54117775
14.92549229
10.42156982
6.73529482
5.38627434
14.09803772
12.52157021
8.85294151
10.52156925
14.19215775
13.42745018
10.13333607
7.07058811
5.52745056
6.80784512
13.09019661
12.39608002
13.00980759
16.24706078
16.11568832
10.88431549
6.40196085
5.96862793
13.55097866
13.56078434
8.36862850
9.39215755
13.94510078
13.07843494
9.49411964
6.48039246
5.37254906
7.78235292
15.06862831
12.95097923
12.84509945
16.16078758
16.78431702
10.90392113
5.99411726
6.86470604
13.71176624
14.16862679
8.13725567
8.94509792
13.41764927
12.50784492
9.04313850
6.46274567
5.39607811
9.85686302
16.71568871
13.76666832
12.67451096
16.92941284
17.10000420
10.94509888
5.52745152
7.53725624
13.95490360
13.23137283
7.52941275
9.07843304
12.81960869
11.27058887
8.66666698
6.60196209
5.44509792
11.15490341
16.30588150
14.11960793
12.26274776
17.55686378
16.96078491
10.85098267
5.23137283
7.58235312
12.76470757
12.46274281
7.08823633
9.44901943
11.66078568
9.79215622
8.22157001
6.50195980
5.56862736
12.44117832
15.18627739
13.29019547
11.57450867
17.43921852
17.27450943
10.23921680
5.61176538
7.16666842
10.96274567
12.30196190
6.98627329
8.78627586
10.30392265
9.11372566
8.29803848
6.56666613
6.12745047
13.19411945
14.42745209
11.68039322
11.15882397
16.21960831
17.85882378
10.12744999
6.33921623
6.75294113
10.11960793
12.40000153
6.86470747
7.61764669
9.61372662
8.58431339
8.88039303
6.93921566
6.84705925
13.73333359
13.02548981
10.78823471
11.21764755
15.74509621
17.10784149
10.58235455
6.75882387
6.60588264
9.60392189
12.29019642
6.68235397
7.23725557
9.19019604
8.56078529
8.98235321
7.01568604
8.35098076
14.18039513
11.60392284
10.43725491
11.26666641
16.06863022
16.87647057
10.94901943
6.83725548
6.74117661
8.72353077
11.59412098
6.68039322
6.64313745
8.56470490
8.81568718
8.25294113
6.70392132
10.87255001
14.31960869
11.63333416
10.44902134
12.04117584
16.57843399
16.77647018
10.93921566
6.77843285
6.85294199
8.69019604
10.84902000
6.78431368
6.72353029
8.01176357
8.77451229
7.47058868
5.98235321
12.53137398
14.38039207
14.20784569
11.34313679
12.91764736
16.82156944
16.07843208
10.58431435
7.12548971
6.98235369
9.03921604
10.43725395
6.40000105
6.65098190
7.63725615
8.56862736
6.74509811
5.86274433
12.92352962
15.20980549
16.21176720
11.28235245
13.15882492
17.06078529
15.24901962
10.79999924
7.49019575
7.77647161
9.21372604
10.18039227
6.35098124
6.50196123
7.29019642
8.74117661
6.48431396
6.03921509
11.80980301
16.77255058
17.26078606
10.60980415
13.77843189
15.47450924
14.40980625
11.22940922
7.96470737
9.01764870
9.48039246
10.01568508
6.54313755
6.58431530
7.25294256
8.99019623
6.59803963
5.84117699
10.31764793
18.25882339
15.62352943
9.58235168
14.12941360
14.28039169
14.30392361
10.90980434
8.47451019
10.12156963
9.67254925
10.22941113
6.34902000
6.45294142
7.64509821
8.74117565
6.77843237
5.83529377
9.40196228
19.00980568
12.39019585
8.89019775
13.87058830
14.42157173
13.81176567
10.39607906
8.59019661
10.74705887
9.71764851
10.65686226
6.43529367
6.53725481
8.01960850
8.23333359
7.09411716
6.05686331
9.58627605
18.94117546
9.73333359
8.67058849
12.85098076
14.50392342
13.31176376
10.18235302
8.61372566
10.69019604
9.97647190
12.03921604
7.04313850
7.09215689
8.15882397
8.58039188
7.53921604
6.43529367
10.06666851
16.20195961
7.99215698
8.97647095
12.53725624
14.51764870
12.85882378
10.22548866
8.75490093
10.30196095
10.55686378
13.13333321
8.04117680
8.46470642
8.12353039
9.61764717
8.14902020
7.28627491
10.52745152
12.67843437
8.03921700
9.44705868
13.71961021
14.31960869
12.77255154
10.06078434
8.88823414
9.81568623
10.54705811
13.59411812
8.44705963
9.32941151
7.98627424
10.00784492
8.19803810
7.76274586
10.56274605
10.15686226
8.60000134
9.88627529
14.22941208
15.60588264
12.33529282
10.63921547
9.07843018
9.25490379
10.17843151
14.22157001
8.39803886
10.08235264
7.74313736
9.89804077
9.03529549
8.00784302
10.70196152
9.08039284
10.10392189
10.59608078
14.56274605
17.45686531
12.00196171
11.45882130
9.50784588
8.52548981
10.09804058
14.03529644
7.81372547
10.78627586
7.65490150
10.70196056
9.97058964
8.80000019
10.30000019
8.44117641
11.00000000
11.03921795
14.87451077
18.03529358
11.79019642
11.33921623
9.59411812
8.39411831
10.43137264
13.35294437
7.46666718
11.36666775
7.45490265
12.41568661
11.45686245
11.31568623
10.17058849
9.07843304
11.25098133
11.02157021
14.77843189
18.60588455
11.74509811
11.02941132
9.40784359
8.80000114
11.04902267
12.34509850
7.59607887
11.05294132
7.69803905
14.18039322
13.16470718
13.50588417
9.97451019
9.46078587
11.74117661
11.17254925
14.57647228
18.65490341
11.40588284
11.02352905
9.52941322
8.71764565
10.03921604
11.58627510
8.47058868
10.90784454
8.71372509
15.39019775
14.24901772
14.55882359
9.81960869
10.04901981
11.69803810
11.37058926
15.80392265
18.61568832
10.49804020
10.63333607
9.59804058
8.34902000
8.68039227
11.28235245
9.34313774
11.08627701
10.21568584
14.64117813
14.10784435
15.61764622
9.85293961
11.50588417
10.39607811
11.15098000
18.28823662
18.03725815
9.61960697
10.12549114
9.53333473
8.48627472
8.17255020
10.82156754
9.29411793
11.30196095
11.41764832
13.16274738
13.02156830
15.86470699
10.25294018
12.75294304
8.93921566
11.35490227
18.88823700
17.40196228
9.30980396
10.23921680
9.41372490
8.08823490
8.05294228
10.17058849
9.29019833
11.91568756
12.62941170
11.43333244
11.78235435
15.22157097
11.51961040
13.20392418
8.88431454
12.27646923
18.66078377
16.49019623
9.00980377
10.97058964
8.67058849
7.09019661
8.00980377
8.94313812
8.53333473
11.85098076
12.74706173
11.08039284
11.72549057
14.10784435
12.36470509
12.56274700
8.62745190
13.44117546
18.37843323
16.63725281
9.29608059
11.64705944
8.19411945
6.29607868
8.11372566
7.76470613
8.18627453
11.95098019
12.72745419
10.77059174
14.09804153
13.94705963
12.19019890
11.19215775
7.98039198
14.95294094
18.43333435
16.39608002
9.83137321
11.24313831
8.03725529
6.25098085
8.33921719
7.26274586
8.45686340
12.10196209
12.66862774
10.15490055
15.95490456
13.85294151
11.91960907
9.46078491
7.54509783
15.22549248
18.74313545
15.46666622
9.82549095
10.73921871
7.62941265
6.25490236
8.31176567
7.11372566
8.26274586
12.85294247
14.30392170
10.39215660
16.67451096
12.72941208
11.28235435
8.10392189
7.12549019
15.75294209
19.17451286
14.17255116
9.50784302
10.55686474
7.00980377
6.10784292
8.27058887
7.26862860
8.14313793
13.63725662
16.92941284
13.67255116
17.07059097
11.81372643
10.20196152
7.29215670
7.62157011
15.60392284
20.63921738
13.50980759
9.47843361
10.00980568
6.48431349
6.11960840
8.27058792
7.23333359
7.62549114
13.49215794
18.08039665
18.98431206
16.90196037
11.44705772
9.46862793
7.30392313
8.16078472
15.15490532
21.69411850
12.98431396
9.56470680
9.69019794
5.90196228
5.96862793
8.09411812
7.04705954
7.28431416
11.85294151
18.42353249
21.63137627
15.36862755
11.15882111
8.69019699
7.59411764
9.05686283
14.27450848
21.63333321
11.82353020
9.48431587
9.51372623
5.60196114
5.85882378
7.45490265
6.55098152
6.99607897
10.71568489
17.50000191
20.67647171
13.37647247
10.76862621
7.79607868
8.63137341
9.53725433
14.21960831
20.48431206
11.43529606
9.20980358
9.10784435
5.17254877
5.54901981
7.24901867
6.54509783
8.02156925
10.59804153
16.29411888
18.08823395
11.54706001
10.37254715
6.92352962
9.60196209
9.51372719
13.45294094
18.62941170
11.34313869
9.33333397
8.52941227
4.94117737
4.90000057
6.97255135
6.90980482
8.24117756
10.20000076
15.00980568
16.09215736
10.18039322
10.27058792
6.63333321
9.95882320
9.55098152
13.57254982
17.07451248
10.87255096
9.38823318
8.06666660
4.87451124
4.74902010
6.63137150
7.40588379
7.81764746
9.79804039
12.67647266
13.80784321
9.48039150
10.31764793
7.06274605
10.62745094
9.37254810
13.83529377
15.85097885
10.43333149
9.97647095
7.86862803
4.71960783
4.48235321
6.80588341
8.00784397
7.70000029
10.01372623
11.17058849
12.55490303
10.15098190
9.58235359
7.71764708
10.51764679
8.65294170
14.25294113
14.87647152
10.27254868
10.30392075
7.53333378
4.71176529
4.71372604
6.73529339
8.29411793
7.88431311
9.96862888
10.00392246
12.23137379
10.13921738
8.38823605
8.37254906
8.92940998
7.95686340
14.13725758
14.32157135
10.43333435
10.59215832
7.09019566
4.95098066
4.96274567
6.37254906
7.71372557
8.01960945
9.75098038
9.07843113
12.72352886
10.16274643
7.78627396
8.75490284
7.18627357
7.64901924
13.36666679
14.13137341
10.46666718
10.25686359
6.73725510
4.99411726
5.05882359
6.52745199
7.38627481
8.36470604
9.67058945
8.65098190
12.31764889
10.46470928
7.75490189
8.66078472
6.50000000
7.63921642
12.72941208
13.68627453
10.46274281
10.01176453
6.19607925
4.78627586
4.79019642
7.03137445
7.29019594
8.78235435
9.42745209
8.59411907
11.80588150
10.81176758
7.85882378
8.92549133
7.07647085
7.89019585
13.50980377
12.92156792
10.42156887
9.87647247
6.02156925
4.77451038
4.33137274
7.11372614
7.10392284
9.02745152
9.09215736
8.36470604
11.89411831
10.55294323
7.73921680
9.10980701
7.34901953
7.94705868
14.14117813
11.99411964
10.61176682
9.96862984
5.92353010
4.94509792
4.11176491
7.31568623
7.08235407
9.17647076
8.90980434
8.29215717
11.66470528
10.31764793
7.71764755
8.77843285
7.60784149
8.68431377
14.80392170
11.54902077
10.89019966
9.82353020
5.82941246
4.90000010
4.48235273
8.25490284
6.87058878
9.22941303
8.89607811
8.71568775
10.98431587
11.10588264
7.88039207
8.37647152
8.04313850
9.75294209
14.26470757
11.30784321
10.73137188
9.04510021
5.82941246
4.81176567
4.96470690
9.01764774
6.75686169
9.13137245
8.95686054
8.81372738
10.57843018
10.81372547
8.10588264
8.27058983
7.92941141
10.27451038
13.27058887
10.89019585
10.53529358
8.21372509
5.67254925
4.83333397
4.85882330
9.30588150
7.56470537
8.95490265
9.01568604
8.59215641
9.92156982
10.27058792
8.59607792
8.33725643
8.42353058
10.82156849
11.84313774
10.85882378
10.69411755
7.93529510
5.62941122
4.91960859
4.42353010
10.09804058
9.24510002
8.92352867
9.16274452
8.70588112
9.62941456
9.91960907
9.13529301
8.46078491
9.39607906
10.81960773
10.49215794
10.91372490
11.24902058
7.62941265
5.95882320
4.86078453
4.60000086
10.85490227
10.39215946
8.33333397
9.21568584
8.98431492
10.01372433
9.89215755
9.18039036
8.48431492
9.78823662
10.77058887
9.40784359
10.91568756
11.38039303
7.02745199
6.24509811
4.99019623
4.52353001
10.83921719
11.20000267
8.38235474
9.33333492
8.92156887
10.53529739
10.06274509
9.01568604
8.53137493
9.66470528
10.60392284
8.74902058
10.62744999
11.16078472
6.50784397
6.20784378
4.88039303
4.62352943
10.99803925
11.63921642
8.19215775
9.30196190
8.74117851
10.87058926
10.31176472
8.66862869
8.54313850
9.83137321
10.72745037
9.01960850
10.28235340
10.94705868
6.37843132
5.89411736
4.83333349
4.79803896
11.30980492
11.99608231
7.59019709
9.12353134
8.75294018
10.78235435
10.39999771
8.30588341
8.19607925
9.88627625
10.72353077
8.76274586
10.38235283
10.58431435
6.35882568
5.94313765
4.88431406
4.79607916
10.74902153
12.31960678
7.74117565
9.13529587
8.68039227
10.55686474
10.34509754
8.16862679
7.90392208
9.57254791
10.32548904
8.00196075
10.68431282
10.52156925
6.21960878
6.29411745
5.30196190
4.65098095
9.43529415
12.22548866
8.32353020
9.33921719
8.57647133
10.72549152
9.96862793
8.39804077
7.89411688
9.67647362
9.51961040
7.78235388
10.54705906
10.53529549
5.88431358
6.18823576
5.02549124
4.76470613
7.92156887
11.54706192
8.65882397
9.49411774
8.65098000
11.19215965
9.43921566
8.74510002
7.61372566
9.69215775
8.48431301
7.75098038
10.06666756
9.75882244
5.54117727
5.74705935
5.06470537
4.98039246
7.04705906
9.64509869
8.43725681
9.45686340
8.71764755
11.39019680
9.42549229
8.31960773
7.74902010
9.39215851
7.83529520
7.42941189
9.97058964
9.14901924
5.70980358
6.01568699
5.03333330
5.03921556
6.78823519
8.86274433
8.50784397
9.50784492
8.98235226
11.29019642
9.30980492
7.63137245
7.50784349
9.45882511
7.45490360
7.42549086
9.88823605
8.66862774
5.89019632
6.23137236
4.94509840
5.03529453
7.06862783
8.53529453
8.67647171
9.40196133
9.27646828
11.42156982
8.56470680
7.08039284
7.56274462
9.52549267
7.32941151
7.45098114
9.81764793
8.22157001
6.13725567
6.23529434
4.76274586
4.91960812
7.87647200
8.27646923
8.82352924
8.87450981
9.48234940
11.08431435
7.91372728
6.94705772
7.98823452
9.97058773
7.03333378
7.41176558
9.84705830
7.84509754
6.54901934
6.11176538
4.61568689
4.81764793
8.41568756
7.92745161
8.84706020
8.46274567
9.40784454
10.18235397
7.48431396
6.54901981
8.30980396
9.92941093
6.28039360
7.25490236
9.94117737
8.19804001
7.02549076
6.14901972
4.79019690
4.78823471
8.28627491
7.85294294
8.76666832
8.62745190
8.94117546
9.48039341
7.13725519
6.19804001
8.38039303
9.58039188
5.68431520
6.94901943
10.07254887
8.56666660
7.27451086
6.16862726
4.61960840
4.70000029
7.77843237
7.74705839
8.53333378
8.73137283
8.33725548
8.66274548
7.03333235
6.00588131
8.33725643
9.57450962
5.63725519
6.32941151
10.21176529
8.77647018
7.36274529
6.15490341
4.31176424
4.70196152
7.34509850
7.61764717
8.22549057
8.42352867
7.98823547
7.62549067
6.90196085
5.51764774
8.23725510
9.20196056
5.71372604
5.68823576
10.37843418
9.61764812
7.44313765
6.21568727
4.75686264
4.91372538
7.26274681
7.02157021
7.84117746
7.89411688
7.38823557
7.24509764
6.64313793
5.38627529
7.60980463
8.55882359
5.65294313
5.81960821
10.14117813
9.70588303
7.45098162
6.06470680
5.13725424
4.75882387
6.93333483
6.34117699
7.62156916
7.28235388
6.74313784
6.90196085
6.72745085
5.70392132
6.71176481
7.87058926
5.53137350
5.90196037
9.77255058
9.41764736
7.67450905
6.03529358
5.31176424
4.56666660
6.67058802
6.17058802
7.14117622
7.05098152
6.17058849
6.54705954
6.81960821
6.09999990
5.90392160
7.78039265
4.83725595
5.91568661
9.40980434
9.36078644
7.88235331
5.96862745
5.12156868
4.78627586
6.60000086
6.19411707
6.52745104
7.25294113
6.33137226
6.65490246
6.91372681
6.55098152
5.74313736
7.11568642
4.51960850
5.52745104
9.42941189
9.49019623
8.03921604
6.08039284
5.20392179
4.96470737
6.58627415
6.19019651
6.04509783
7.13725662
6.29411840
7.02745199
6.82353020
6.98823643
5.76666641
6.49019623
4.45686340
5.30980444
9.16666794
9.17255020
8.26078510
6.10980415
5.53921604
4.70000029
6.50588226
6.21176624
5.91960716
6.61372614
5.98235178
7.08627653
6.58235264
6.97254992
5.64902020
5.87254810
4.62352991
5.33725595
8.87059021
9.07843113
8.34117699
6.33333302
5.71568584
4.64509869
6.36862755
5.84117794
6.06862640
6.31176567
6.27058840
7.00196266
6.60392094
6.36078548
4.80588245
4.99607944
5.31176424
5.25490236
9.00392151
9.48823643
8.36274433
6.81176329
5.75686264
4.88627529
6.26274586
5.40000010
6.23137188
6.32156849
6.67843246
7.05098200
6.87254906
5.74902058
4.92549038
5.41176558
5.56470680
5.41568661
8.95686245
9.58039188
8.36274624
6.87255001
5.58431292
4.95686340
6.17843103
5.22352982
6.28235340
6.26470661
6.56470585
7.12549067
6.79803991
5.10588455
4.93137312
5.65294170
5.37058926
5.21568680
8.68039227
9.85490322
8.39607811
6.91764784
5.76470709
4.75686312
6.06274605
5.48235321
5.98039293
6.41176367
6.01960897
7.37451124
7.19019604
5.20588255
4.68431377
5.64117670
4.80392122
5.02156925
8.39215755
9.43137264
8.43137455
6.96274471
5.70784426
4.90392160
5.83529472
5.69019747
5.82941151
6.42941284
6.03725529
7.89019632
7.70196104
5.28235149
4.35294199
5.38823605
4.26862764
5.25882435
8.32157135
9.08039093
8.77058887
7.07254934
5.32352972
4.97647047
5.56862736
5.51764774
5.84117699
6.40588331
6.23137331
8.25490093
7.86666679
5.04902029
4.22156906
5.57647133
4.25294113
5.54509878
8.38039207
8.79019547
8.63333321
7.00392199
5.23921585
5.28039265
5.32549047
5.29803848
5.67647076
6.52156925
6.39215899
8.26078510
7.23333216
4.55490255
4.25686264
5.81568670
4.22156954
5.84901953
8.15686417
8.44509792
8.21568680
6.71568680
5.26666641
5.26862860
5.24902010
5.33333254
5.35882378
6.70588303
6.51960707
8.20980358
6.55882454
4.14902020
4.24902010
5.48823595
4.70980358
6.19411850
7.80784512
8.32941151
8.02353001
6.56862736
5.15294170
4.84901953
5.39803886
5.36078453
5.23725557
6.61960840
6.56274462
8.02941322
6.36862755
3.97647095
4.25686264
5.08627415
5.35686255
6.22353077
7.76470661
8.31176567
7.72548914
6.49607849
5.30196142
4.76862764
5.57843161
5.20392179
5.35294151
6.36470652
6.71960878
7.70588303
6.10000134
3.90196085
4.37843180
4.72745132
4.82745075
6.19019604
7.89803934
8.22548962
7.45882225
6.32745218
5.42941236
4.84117746
5.75294113
4.89803934
5.51372433
6.10784388
6.74902105
7.19019604
5.80392075
4.03137207
4.36862850
5.07451010
4.90784311
6.19215775
8.10196114
7.99804115
6.89411640
6.01764774
5.48039246
4.81960773
5.38431406
4.86274529
5.66274548
6.21568584
6.64509916
6.48039198
5.37254858
4.06666613
4.41764736
5.10196209
4.51960802
6.01372576
7.96274567
7.38235378
6.32941341
5.87843180
5.16470623
4.95882416
5.35490179
5.13921595
5.75098038
6.41764641
6.56078672
6.15490198
5.02941179
4.13725519
4.30980444
4.93921471
4.43725491
5.74705935
7.55098152
6.93921709
5.72156954
5.76862717
5.08823586
4.99607897
5.43921661
5.60980463
6.10196018
6.38823700
6.65098095
5.68627453
4.78627443
4.13921547
4.01764774
4.71764803
4.24705982
5.60000086
7.40784407
6.62353039
5.52353001
5.56078434
5.27450991
5.15294170
5.54901981
5.95098114
6.02549124
6.43333483
6.67058945
5.48823643
4.69215775
4.04313755
3.80000019
4.66470623
4.29215670
5.64313793
7.14705944
6.27843094
5.55686378
5.27058840
5.30196095
5.17254877
5.48823547
5.97254944
5.93529415
6.43921614
6.42156792
5.55098057
4.47254944
3.85882378
3.72745132
4.80588293
4.97254944
5.72352886
6.62745142
6.05097961
5.40588236
5.22549057
5.21176481
5.17451000
5.29607821
5.80588341
5.52352953
6.22549009
6.28235340
5.18039179
4.28431416
3.63529420
3.66078448
5.05882359
5.42353058
5.58235312
6.33333492
5.90588236
5.18431377
5.21764708
4.96470690
5.32549047
5.39019680
5.58039284
5.50588274
6.22745132
6.47254992
5.00784254
4.59607840
3.47647071
3.55098104
5.30588245
5.45098066
5.33333397
6.13333368
5.64117575
5.13529491
5.01960850
4.64705896
5.18823528
5.61764765
5.49215651
5.81960821
6.16274548
6.52352953
5.21372604
4.68235207
3.63137269
3.85490227
5.07843208
5.14509869
4.97451067
5.99215698
5.74117708
5.05294132
5.00000095
4.76862764
5.14117718
5.72353029
5.34117699
5.47451019
6.27255106
6.33921623
5.85490227
4.92156792
3.43333364
3.64313769
4.79803896
4.72548962
4.68039227
5.57058859
5.59019661
5.03921652
4.94313669
4.86862707
5.24509764
6.02352953
5.70196009
5.39019680
5.78431320
5.95882463
6.15490103
4.78235292
3.39215708
3.58039284
4.57451105
4.51176548
4.62941170
5.88039303
5.33725500
5.00392151
4.88235378
4.90000057
5.14705849
5.74901962
5.47647047
5.19411755
5.70980453
5.77647018
6.19411802
4.73725557
3.48627448
3.68823576
4.28627491
4.56666708
4.71960831
6.26078415
5.41372538
4.60000038
4.82353020
4.81372595
5.08039236
5.48235321
5.17843246
5.34117603
5.72745037
5.70392227
6.12941170
4.73333454
3.50392199
3.69803977
4.18235254
4.59215689
4.61372566
6.16666698
5.39215708
4.54705858
4.84117699
4.56274605
5.12941217
5.70196056
5.29411793
5.30980301
5.46078396
5.36274529
6.04902029
4.58627462
3.53333330
3.50392175
4.16274548
4.66862822
4.63529444
5.88235378
5.31568670
4.81960869
4.91960764
4.92549086
5.05098104
5.71960735
5.25686264
5.41372585
5.55686283
5.02156973
6.06274509
4.58431339
3.74901938
3.41568685
4.05686283
4.69411755
4.96666622
5.62156868
5.38627529
4.50392199
4.71568632
4.80392265
5.17058945
5.56862736
5.33921576
5.10392141
5.59607840
4.93529463
5.86274576
4.56470633
3.99411774
3.45294142
4.26862812
4.58627510
5.21568680
5.64901924
5.22156954
4.04509783
4.34117699
4.88039207
5.59607840
5.56078434
5.35686302
5.08823633
5.50588226
4.89411783
5.65098095
4.27058887
3.74901986
3.52745128
4.52745199
4.57254934
5.23333406
5.52549028
5.17843199
3.80980444
4.55490208
4.92745161
5.61372614
5.58823586
5.66470623
5.06470585
5.47254848
4.96078491
5.48627472
4.13725519
3.75294137
3.71960831
4.67058897
4.74902010
4.93333435
5.51764727
4.88627529
4.01764679
4.58823538
5.00980377
5.52549028
5.82549047
5.58627510
5.38627529
4.96470690
4.70000124
4.95882368
4.06862783
3.89803910
4.01764679
4.67255020
4.91764688
4.54901934
5.49411774
4.72745132
4.15882397
4.47843170
4.53137350
5.30784369
5.82352877
5.30588293
5.38235378
4.83725500
4.66666746
4.68235350
4.12941170
3.89999986
3.88431430
4.49411774
5.06274462
4.29215717
5.75686264
4.63333368
4.07254934
4.39019585
4.42941189
5.23921490
6.26862764
5.37450838
5.20196104
4.96470642
4.73137283
4.90980482
4.20784283
3.64901948
3.59215665
4.44509792
5.16470671
4.20392132
5.82156992
4.49215746
4.24313736
4.16078424
4.14509773
5.24313736
5.95098019
5.55294037
5.30000019
4.87058830
4.69019651
4.92745161
4.18627501
3.46470618
3.82941127
4.57647085
5.16862869
4.39607859
5.63725519
4.48431396
4.45686340
4.13137293
3.94705868
4.99411869
5.61176538
5.66470480
5.30784225
4.84117699
4.69411802
4.67843246
4.22745180
3.42745090
4.07843161
4.65098047
5.21568775
4.74902010
5.50980520
4.48627520
4.24509811
3.78823519
4.51372576
4.84313869
5.70588112
5.80392170
5.25882339
4.83529425
4.52352953
4.61176443
4.39607859
3.33529353
3.87254906
4.60588264
5.37450933
5.02941227
5.18039274
4.36470556
4.23333311
4.03333378
4.49215746
5.07451010
5.55882359
5.43725634
5.38039255
4.98235321
4.72941256
4.61764765
4.39411831
3.37451005
4.10588264
4.40784311
5.22156811
4.83529425
5.10980415
4.22549057
4.34901953
4.01960850
4.56862783
4.99804068
5.58823442
5.44509888
5.36666632
5.14117670
5.06862783
4.96078491
4.42548990
3.49411821
3.73725462
4.53137398
5.01372528
4.68235302
4.93137312
4.38627481
4.08823538
4.04509830
4.34705877
5.13333416
5.68431473
5.31764746
5.46666718
5.38235331
5.38627386
4.93137264
4.30196142
3.54117656
3.49803996
4.24509811
4.80196095
4.61764765
4.96666670
4.57450962
4.30000019
4.16666651
4.29803944
5.23137283
5.53921509
5.48039246
5.56078482
5.38627386
5.29607964
4.74705935
4.05882359
3.51372576
3.38823533
3.96274567
4.56470633
4.60196161
4.98431396
4.44509840
4.19607830
4.36078501
4.48431396
5.35686255
5.50784302
5.68039179
5.39607859
5.07451010
5.20588255
4.73137188
3.84313798
3.40588307
3.42353010
3.84705925
4.42548990
4.54705906
4.82352924
4.31372643
3.99411798
4.47451019
4.65098095
5.19215775
5.52352905
5.66862726
5.08235264
4.88039303
4.98039246
4.55882359
3.63529468
3.38235307
3.70784330
3.91568613
4.46274614
4.73137236
4.86274529
4.58039188
3.91764712
4.44705963
4.75490141
5.07058716
5.35882378
5.47647047
4.86862659
4.94313717
4.57451010
4.24509859
3.55490184
3.61568689
3.93529415
4.08823538
4.57843161
4.84901953
4.94313860
4.66470623
3.89215708
4.35098076
4.78627443
5.19215822
5.45490265
5.02941179
4.84705925
5.03725481
4.60784340
4.10196114
3.63529468
3.96274495
3.91960764
3.90980411
4.62941217
4.74117708
4.80784369
4.30980444
4.41372538
4.30196142
4.72156906
5.03333330
5.54706049
5.30588436
5.12156868
4.96078444
4.57058811
4.36666679
3.69019651
4.14902020
3.66274548
3.96274543
4.59803867
4.31960869
4.96078396
4.33921576
4.43137217
4.16666698
4.74705887
4.79607821
5.60980511
5.47843218
5.01372528
4.85098124
4.55686283
4.45490217
3.73529434
4.02745152
3.73529434
3.97254896
4.64901972
4.24117708
4.85294056
4.24509811
4.01764727
4.38039303
4.84509850
5.17254972
5.40196133
5.33137321
5.32156944
4.86274576
4.92745161
4.53529453
3.69215679
3.92549062
4.11960888
4.08431387
4.49411821
4.31176519
4.70000076
4.19411898
3.79019618
4.40980387
4.80980492
5.48039246
5.41372681
5.10000038
5.27058792
5.14313745
4.77058887
4.51568651
3.86666679
3.94901967
4.19215679
4.23333406
4.58039188
4.39019537
4.33137226
4.01764727
3.90392184
4.26078510
4.37647057
5.59607935
5.67647028
5.09215641
4.92745113
5.40195990
4.68823576
4.49411774
3.95294261
4.02156878
4.18235350
4.35294151
4.67647076
4.43137264
4.55294085
4.05686331
4.06274509
4.21568680
4.33529377
5.49215746
5.46470547
5.07058859
4.89019585
5.32941198
4.88627529
4.49411774
4.00784302
4.12156868
4.31176519
4.42353010
4.53921604
4.51568699
4.59607792
4.15098000
4.11372566
4.30588245
4.56274462
5.26862717
5.19019651
4.87843227
5.00000095
5.08431292
4.76470661
4.58039188
4.11764765
4.22156858
4.31176519
4.35686350
4.42352867
4.44705868
4.53921604
4.00196123
4.16470671
4.36274576
4.38823557
5.31568670
5.37254953
4.77058840
5.20784330
4.98823595
4.84509850
4.64901972
3.92941189
4.29607868
4.40000105
4.17058802
4.23137283
4.14313698
4.10588217
4.06274557
4.20784330
4.38627434
4.26274538
5.65490150
5.43137121
4.83529377
5.39999914
4.90980339
4.77254868
4.62156963
4.01372623
4.47450924
4.36274481
4.19019651
4.37058830
3.92156887
4.15686226
4.12745142
4.15098095
4.19411802
4.41568661
5.55098009
5.26862669
4.83725548
5.26078415
4.73529577
4.84509850
4.74117708
4.08823586
4.55490255
4.36274481
4.31176424
4.22745085
4.02156878
4.49019575
4.03725576
4.20784378
4.11568642
4.69411755
4.96078396
5.58235407
4.79411840
5.09411907
4.70588350
4.79607868
4.97058868
4.31960773
4.28039265
4.08823586
4.12156868
4.26078463
3.98431396
4.34509802
4.10588217
4.34313774
4.29607821
4.93921661
4.84313774
5.68823528
4.87451029
4.73137283
4.75294209
4.59999990
5.00196123
4.61960793
3.95882344
4.05490255
4.08823538
4.42941236
4.04509878
4.35686350
4.20980358
4.36470556
4.10196114
4.95686197
5.01176500
5.35686350
5.12352943
4.74902058
4.83529377
4.75098085
4.95294142
4.63333321
3.96666670
4.27254963
4.47254992
4.41568613
3.96470594
4.53333330
4.14117622
4.19019651
4.02941179
4.76470566
5.11764717
5.49411774
5.17058802
5.06470537
5.07450962
4.87647152
4.62156963
4.46274519
4.07647133
4.48039150
4.79215574
4.19607830
3.97254896
4.53725529
3.97647071
4.14313841
4.26470566
4.53333378
5.45882368
5.76862717
4.98431349
5.05686331
5.25882435
4.98235321
4.93725491
4.44313669
4.17843199
4.57843256
4.75490189
4.12941217
4.26274538
4.52745199
3.83921576
4.21568680
4.27843189
4.60000086
5.76274633
5.50196075
4.82352972
5.05882406
5.16078424
5.55882406
4.94117594
4.54901934
4.27647066
4.34117603
4.73725510
4.26078463
4.29607821
4.47254992
3.73333430
4.30196047
4.61176395
4.86274624
5.63137436
5.52352953
4.97647190
5.01176453
5.06078529
6.04117632
4.93137217
5.06274605
4.42156887
4.23333311
4.62156916
4.36078405
4.34509754
4.56862831
3.96862745
4.12549067
4.25882435
5.08039284
5.49019623
5.87058926
5.28823471
4.94705915
5.17254925
6.11960793
4.99019670
5.15882444
4.42353010
3.90196180
4.43333435
4.33333397
4.15686321
4.35882378
4.15490198
4.08235264
4.37254953
4.81176472
5.50000095
6.12156820
5.46666622
5.08235407
5.30392170
5.96470547
4.99411869
5.35686255
4.39019585
3.76274514
4.20980501
4.39803982
4.21568632
4.27058887
4.28235292
4.20588255
4.40980387
4.71568632
5.50784302
6.04509735
5.31176472
4.94902039
5.23529482
5.97254896
5.42353058
5.64117622
4.54509783
3.86666727
3.95686340
4.31568623
4.25490189
4.58039236
4.36862755
4.13137245
4.26862764
4.57450962
5.37254953
5.84117699
5.37843180
5.20588255
5.07058811
6.01960707
6.05098200
5.82745171
4.82156897
3.86274576
3.90000010
4.10392237
4.01960802
4.72156906
4.42745113
3.81568694
4.17254925
4.65098000
5.13137341
5.73137331
5.26666641
5.56078386
5.12745190
5.88431358
6.12548923
5.77843332
4.90196037
3.84509802
4.18431425
4.09999990
4.00196123
4.63725567
4.38039255
3.93333364
4.32941246
4.94117689
5.19999981
5.65882349
4.96862793
5.30980444
5.29019594
5.83137274
6.20980358
5.71568584
4.92549038
3.96470571
4.31764698
4.14901972
4.18823576
4.55490208
4.27254963
4.42156935
4.43137264
4.88235283
5.25882339
5.60196066
5.22941208
5.29607916
5.32745075
5.71764851
6.74509764
5.81176615
5.08039284
4.11176538
4.12941170
4.07254887
4.23137283
4.17450953
4.24117661
4.65294170
4.34313679
4.79607868
5.11960840
5.81372643
5.46666622
5.42156887
5.14901972
5.95490170
7.27255011
5.87647104
5.07255077
4.00588226
4.04705906
4.07647085
4.18823481
4.04901981
4.07254934
4.55098057
4.49215794
4.86470652
5.36274481
5.68627453
5.37450933
5.02745152
4.98431444
6.06274509
7.31764793
6.34509850
5.04705906
4.05294228
3.76470637
4.00392199
4.32353020
4.11176491
4.26274538
4.18627501
4.59607840
5.00588226
5.39411736
5.57843065
5.20980406
4.88039160
5.13333368
5.90392113
7.35294151
6.61764765
5.12745237
4.00588322
3.60392165
4.08823586
4.34705925
4.30392170
4.39607811
3.77843094
4.49215746
4.85882425
5.06078482
5.58039284
5.12745094
5.21372604
5.24313688
5.56274605
7.32549000
6.56862783
5.12745237
4.24117661
4.20392179
4.04313707
4.22549057
4.02156925
4.34313726
3.74313760
4.60784340
4.60000086
4.83529425
5.53725529
5.21960831
5.45294142
5.30980444
5.42745113
7.21372652
6.43725681
5.05490208
4.11176491
4.15490198
4.03725481
4.05294085
3.97647119
4.12156868
3.96078515
4.54509878
4.86078453
5.10392237
5.44117737
5.33725452
5.28039265
5.46862793
5.53921604
7.04509878
6.26274538
5.21176481
4.21764755
4.15098095
3.97450995
3.94117665
4.05490160
3.85294104
4.04509830
4.28431368
4.81372643
5.28823566
5.55882311
5.27843189
5.06666660
5.52941132
5.69019604
6.77843237
6.22352982
5.42745209
4.16666746
4.13725519
3.82156897
4.00784302
3.85098076
3.81960821
4.04509830
4.49215698
5.03725481
5.20980310
5.86666727
5.13725567
5.16862774
5.72549057
5.79215622
6.46078634
6.33921623
5.44117785
4.31568623
4.00000048
4.03333378
4.20784378
4.13529396
4.02549028
4.08039188
4.85686255
4.93725491
5.17058849
5.79803896
5.16862774
5.22549057
5.61176443
5.88431501
6.45490313
6.37647200
5.46666718
4.39019680
4.01960802
4.16862726
4.04901934
4.41960812
4.08235264
4.55686331
5.04509878
4.77058887
5.80392218
5.39411783
5.24901962
5.37843180
5.51960802
5.80392170
6.69019699
6.38235331
5.78431416
4.41176462
3.89019632
3.97254896
4.13725471
4.48039198
4.19607925
4.92548943
4.87058878
5.09411716
5.71960783
5.43529463
5.41764736
5.19019747
5.55097961
5.77058792
6.89411831
6.32156849
6.19999981
4.56666708
3.95882344
3.87647080
4.35098076
4.60980368
4.15686274
4.84313774
4.97451019
5.16862726
5.47254992
5.73529434
5.15882397
5.36078501
5.65686226
5.33921480
6.70000076
6.15490150
6.26078510
4.74705982
4.07647085
4.14901972
4.37254906
4.57843161
4.05882406
4.78039169
5.07646942
5.00980377
5.54901934
5.68431425
5.16666698
5.33529377
5.46862650
5.16274548
6.13333416
5.85686302
6.19607925
4.71568680
4.15490198
4.22352934
4.58823633
4.59411812
4.01372623
4.77843189
5.08039331
4.81568623
5.73333311
5.72156954
5.09411764
5.16666746
5.48823595
5.45490265
5.60392189
5.47647095
6.39804125
4.58039284
4.32941198
4.06274509
4.91960812
4.44705868
3.94117665
4.49019670
4.99215746
5.11176491
5.36274481
5.85490370
5.40980339
5.42745113
5.69803953
5.58235312
5.35686255
5.17843246
6.48823547
4.55098009
4.45098162
4.15294123
4.77451038
4.38823557
4.12156916
4.32549047
4.73921585
4.95490170
5.13333368
5.77254868
5.40784311
5.37647152
5.36862755
5.62745094
5.24313736
5.00980425
6.20196056
4.64509964
4.39215708
4.14313745
4.64117622
4.93529463
4.49607897
4.22549105
4.77450943
5.08431435
5.50196171
5.64902067
5.36666775
5.14313793
5.30588198
5.31764746
5.19803905
4.90980482
5.84117603
4.93333387
4.24509859
4.07058859
4.72352934
5.13725519
4.59803915
4.19803953
4.76470613
5.26470661
5.68627453
5.70784283
5.66666842
4.99215698
5.55686235
5.21372557
5.24117565
4.82156897
5.55490303
4.93921566
4.08627510
4.20980358
4.57254839
5.09411812
4.59411812
4.25490189
4.64509773
5.36274576
5.47647190
5.77647018
5.73529387
4.91764736
5.85882473
5.26078415
5.07647038
4.77647018
5.40588284
4.95098066
4.05882359
4.22156906
4.52352905
5.41176462
4.58235312
4.45882368
4.41372585
5.26274538
5.59215689
5.82549000
5.56862783
5.07254887
5.74509907
5.23137283
4.84705877
4.82745171
5.38627434
4.82353020
4.05294132
4.19215679
4.36862755
5.93725586
4.38627529
4.38627434
4.78039265
5.15294170
5.90588379
5.90980434
5.57843161
5.63921595
5.58235312
5.38627481
4.71372557
4.85294104
5.26666737
4.60980368
4.05686283
4.30980349
4.57843113
6.10392237
4.34117699
4.30392170
4.94313765
5.24902010
5.90980434
5.95882416
5.66666794
5.68823433
5.40000057
5.43333387
4.62549067
4.79019642
5.11176491
4.54117680
4.27450991
4.32156944
4.95098066
5.81372547
4.26078463
4.34313726
4.82745123
5.34705925
5.70784283
5.90196133
5.56666708
5.19215679
5.08431435
4.93529367
4.63137436
4.78235292
4.95686340
4.60196161
4.50196171
4.12745094
4.81568670
5.39607906
4.07647085
4.29215813
5.04705858
5.24509859
5.73921585
5.80588341
5.36470604
5.17254972
5.05882454
4.55294228
4.70588255
4.82549047
4.82353020
4.63333368
4.49215746
3.95294118
4.65098095
5.11176634
4.26862764
4.37058973
4.94313717
5.10784292
5.89215660
5.96666574
5.32156849
5.33137226
5.09804010
4.53137255
4.92156792
4.90196037
4.88039255
4.51568699
4.34705877
4.38431501
4.50980377
4.64901972
4.10392189
4.39215708
4.98823547
5.18627548
5.61568642
6.36470747
5.22941113
5.23725605
5.09019661
4.74509811
4.84313679
4.98627472
4.71764803
4.55294132
4.06078482
4.20784378
4.62745094
4.72941065
3.95882344
4.55098057
4.90588236
5.16666698
5.53529453
6.09411860
5.33529425
5.17058897
5.04313803
4.57843065
4.48431349
4.89411879
4.65098000
4.47843170
4.03137255
4.45098066
4.58823586
4.51568604
4.17451000
4.70980501
4.86274529
5.20980406
5.85686302
5.47058868
5.42156839
5.28431416
5.02549124
4.52352953
4.35098028
4.32352972
4.34509850
4.32745075
4.21764708
4.62549067
4.45882368
4.44705915
4.25294209
4.43529367
4.83529425
5.30588198
6.21568680
5.76274538
5.35490131
5.36862707
4.95098114
4.54705811
4.48235226
4.13725471
4.16274500
4.27058840
4.17254925
4.68039179
4.56862831
4.38039255
4.47450972
4.51764727
4.76274586
5.31176424
6.11372566
6.14117622
5.58431387
5.16078472
4.78823519
4.44117641
4.39215708
4.41568708
4.27450991
4.38431358
4.09019613
4.74902058
4.88823605
4.39607906
4.32548952
4.40392160
4.78431416
5.32156944
5.91960859
5.83921528
5.83137274
5.08431387
4.79019642
4.42156839
4.28627491
4.52156830
4.23725510
4.42941141
4.23333311
4.58431387
4.97647142
4.56862831
4.48235321
4.54705906
4.96078491
5.42353010
5.82549047
5.74901915
5.81960821
5.33725548
4.99803925
4.29019642
4.44117641
4.67254925
4.21568680
4.26274490
4.46470594
4.47058868
4.81764746
4.46666622
4.49215698
4.50196123
5.06078434
5.53921556
5.70196104
6.01568794
5.37843084
5.54313803
5.15098143
4.45098019
4.60588312
4.46470594
4.23333359
4.30196095
4.54901934
4.55882406
4.56862783
4.80588198
4.55686378
4.58431339
5.08039236
5.69803953
5.69019747
6.11568546
5.11372614
5.16862726
5.14117670
4.40588284
4.34313822
4.37647057
4.27843142
4.42353010
4.27647114
4.47058868
4.91960812
4.88431406
4.67058897
4.60196114
5.15686321
5.29803896
5.82941198
6.17451000
5.38823462
5.20588255
5.01960850
4.45294142
4.42549086
4.41372585
4.27843142
4.51176453
4.03921652
4.69607878
5.41568756
4.79019594
4.70588303
4.50196123
5.05294228
5.29019642
5.85490179
6.20392227
5.46078491
5.43529510
4.79803991
4.54509830
4.60588360
4.48627424
4.24509859
4.57451057
4.30196142
4.94117594
5.81372643
4.89803934
4.68431377
4.74509907
5.01372576
5.44509888
5.72745085
6.26862717
5.48235321
5.15490246
4.91372585
4.65882349
4.47843122
4.46470642
4.25882387
4.59803963
4.56666660
4.84902048
5.71568584
5.19215727
4.65294123
4.85294104
4.91960764
5.51176453
6.01568604
6.20392179
5.53921700
4.82549095
4.96470499
4.80980444
4.36274529
4.56274557
4.31372595
4.55686235
4.70588303
4.72549009
5.56078434
5.02941227
4.53333426
4.66274548
4.87451029
5.39607954
6.45294094
6.00784349
5.19607830
5.00196171
4.83725452
4.81960821
4.58039331
4.54313898
4.30784321
4.63137293
4.94705868
4.72352982
5.53137302
4.73137283
4.44705963
4.73333263
4.96862698
5.23921633
6.44705868
5.88235331
5.24313641
5.40392113
5.11960840
4.65882397
4.80392218
4.34313822
4.25686264
4.78431559
4.96666765
4.73137283
5.13333368
4.80784321
4.46078396
4.77647018
4.77058887
5.47647047
6.52745056
6.00196075
5.70980358
5.33333445
5.06666756
4.64705896
4.69215727
4.63529348
4.19607925
4.65294218
4.89607859
4.75882387
5.28039217
4.59803963
4.60392237
4.77254963
4.75882387
5.65294218
6.33921719
5.96666622
5.78235197
5.20980406
5.08039188
4.76862812
4.75098133
4.82353020
4.13529444
4.60980415
5.04509830
4.66666698
5.20980406
4.39607954
4.40980387
4.90980434
4.76078510
5.73921633
6.13921642
5.72941208
5.88235426
5.35098124
5.19215679
4.98823500
4.68627453
4.74705887
4.18235350
4.46666670
4.79607916
4.80392170
5.09215736
4.46862745
4.59999943
4.86470604
4.69215727
5.11176586
5.77058840
5.89607859
5.83137178
5.19411850
4.99215698
5.09019661
4.75882387
4.67647076
4.55294180
4.50980473
4.48039246
4.57647085
5.23921633
4.59215689
4.88235331
4.65882444
4.62156868
5.23333311
5.83529472
6.23921585
5.62353039
4.99803925
4.90196133
4.97058773
4.95882416
4.49411774
4.61764717
4.71764708
4.61372566
4.64313745
5.38235331
4.47646999
4.86666775
4.59411812
4.75686264
5.24117613
5.87058926
6.34117699
5.47254992
5.12352943
4.99999952
4.81176472
4.83921623
4.33137274
4.62352991
4.72352934
4.76666689
4.93529463
5.02941179
4.55882311
4.86666727
4.74313736
4.94705915
5.34117651
5.68823576
6.29215670
5.51176453
5.21372604
4.90196085
4.68823528
4.66666794
4.45882416
4.28039265
4.70000029
4.69607925
4.77254963
4.57058811
4.18823624
4.93333340
4.84117699
4.94117689
5.42352915
5.72941113
6.04901981
5.64705992
5.27843237
4.92941332
4.59607887
4.76078463
4.46078348
4.62352991
4.82549191
4.68431473
4.82353020
4.51764774
4.57843161
4.81960773
4.82549047
4.82745218
5.36470652
5.77647018
